0.324561
0.244131
0.198198
0.184154
0.172906
0.174815
0.192453
0.211221
0.220404
0.233096
0.241004
0.244251
0.248485
0.251618
0.251032
0.252157
0.258126
0.263382
0.263589
0.264477
0.265416
0.264781
0.266266
0.269718
0.270695
0.274483
0.274466
0.274645
0.274395
0.274747
0.275998
0.27812
0.279715
0.279487
0.282345
0.28039
0.283225
0.283183
0.285948
0.285302
0.288136
0.290184
0.289751
0.290361
0.290751
0.289921
0.29169
0.292362
0.294023
0.294149
0.29643
0.295224
0.29601
0.297277
0.296637
0.298383
0.298969
0.299677
0.300409
0.301162
0.30229
0.30167
0.301672
0.303197
0.304593
0.303766
0.304577
0.305301
0.306709
0.306214
0.306411
0.305508
0.305056
0.305658
0.305936
0.306777
0.30813
0.307449
0.307987
0.307215
0.307941
0.308858
0.310305
0.311038
0.31252
0.313083
0.313623
0.313809
0.313753
0.314093
0.314494
0.315266
0.316393
0.316731
0.317625
0.318956
0.318894
0.319803
0.32066
0.321181
0.320539
0.320996
0.321111
0.320619
0.321698
0.321832
0.321322
0.322597
0.322482
0.323017
0.323013
0.322817
0.32285
0.323515
0.323597
0.32348
0.323488
0.323993
0.324501
0.324832
0.32382
0.323426
0.323367
0.323789
0.323546
0.323328
0.324247
0.324077
0.324067
0.324432
0.325096
0.325013
0.325323
0.325172
0.325085
0.325483
0.32551
0.325506
0.325219
0.325846
0.326061
0.325852
0.326616
0.326501
0.326969
0.326597
0.326203
0.326097
0.326205
0.3269
0.327101
0.327196
0.327153
0.327304
0.326829
0.326661
0.326767
0.326601
0.326727
0.326997
0.326923
0.327394
0.327345
0.327209
0.327412
0.327388
0.327738
0.328078
0.328025
0.328115
0.328198
0.328389
0.328556
0.327993
0.32765
0.327783
0.328372
0.327979
0.327951
0.328764
0.328734
0.328451
0.328193
0.328016
0.328145
0.32842
0.328144
0.327968
0.327901
0.328052
0.328155
0.328227
0.328931
0.328686
0.328325
0.328446
0.328231
0.32823
0.32856
0.328557
0.329632
0.329816
0.330318
0.330311
0.330141
0.330726
0.330897
0.330953
0.331191
0.331493
0.331058
0.330935
0.33088
0.330869
0.330614
0.330908
0.331245
0.330976
0.330877
0.330801
0.330962
0.330504
0.329944
0.330085
0.330223
0.330215
0.329853
0.329953
0.329886
0.329553
0.329568
0.329523
0.329638
0.329675
0.329589
0.329725
0.329322
0.329001
0.329294
0.329603
0.329854
0.330139
0.330154
0.329934
0.330062
0.330209
0.330374
0.330748
0.330494
0.329974
0.330365
0.330359
0.330313
0.3304
0.330411
0.330254
0.330378
0.330206
0.329743
0.329463
0.328822
0.328566
0.328674
0.328583
0.328598
0.328402
0.328418
0.328539
0.328468
0.328682
0.328402
0.328579
0.328612
0.32875
0.329028
0.329096
0.329386
0.329144
0.328938
0.328428
0.328548
0.328714
0.328914
0.329046
0.329178
0.32949
0.329701
0.32963
0.329941
0.330033
0.329701
0.329763
0.329793
0.330211
0.330512
0.33057
0.330723
0.330729
0.330848
0.331014
0.330991
0.330729
0.330705
0.330587
0.330441
0.330639
0.330817
0.330858
0.331128
0.330997
0.331159
0.331242
0.331203
0.33121
0.33114
0.331102
0.330944
0.331013
0.331094
0.331028
0.331214
0.331089
0.331008
0.331117
0.331255
0.331378
0.331182
0.331187
0.331323
0.331301
0.33145
0.331528
0.33152
0.331711
0.331674
0.331763
0.331853
0.331731
0.331651
0.3316
0.331368
0.331206
0.331406
0.331425
0.331224
0.331436
0.33129
0.33135
0.331356
0.331198
0.331055
0.331225
0.331123
0.331048
0.331001
0.331114
0.33112
0.331168
0.331135
0.33114
0.331159
0.331164
0.331223
0.331426
0.331171
0.331073
0.330936
0.331202
0.331026
0.331148
0.331218
0.331084
0.330962
0.331197
0.331127
0.331359
0.331427
0.331356
0.331588
0.331518
0.331798
0.331739
0.331283
0.331214
0.331256
0.331422
0.331426
0.331456
0.331497
0.331588
0.331702
0.331705
0.331745
0.331714
0.331911
0.331769
0.33193
0.331766
0.331781
0.331618
0.331872
0.332042
0.332034
0.331742
0.332005
0.331926
0.331777
0.331559
0.331388
0.331324
0.331352
0.331345
0.331338
0.331251
0.331336
0.331386
0.331242
0.33136
0.331217
0.331221
0.331045
0.330937
0.330908
0.330801
0.330772
0.33097
0.331121
0.331304
0.331665
0.331713
0.331706
0.331809
0.331835
0.331697
0.331799
0.331791
0.331718
0.33169
0.33178
0.331924
0.331797
0.332017
0.33203
0.331937
0.332036
0.332146
0.332213
0.332269
0.332027
0.332061
0.332106
0.332267
0.332258
0.332176
0.332074
0.332108
0.332153
0.332176
0.332282
0.332264
0.332422
0.332497
0.332201
0.331874
0.331949
0.331707
0.331793
0.331612
0.331452
0.331242
0.331146
0.331231
0.331427
0.33119
0.331225
0.33147
0.331453
0.331546
0.331472
0.331455
0.331519
0.331304
0.331259
0.331213
0.331306
0.331251
0.331423
0.331368
0.331333
0.33125
0.33139
0.331636
0.331581
0.331546
0.331386
0.331371
0.331375
0.331533
0.331527
0.331607
0.331744
0.331899
0.331818
0.331877
0.332079
0.332166
0.332272
0.332311
0.33237
0.332437
0.33242
0.332394
0.332294
0.332277
0.332362
0.332235
0.332292
0.332515
0.332581
0.332784
0.332684
0.33295
0.333033
0.333152
0.33307
0.333089
0.333098
0.332945
0.333108
0.333181
0.333127
0.333145
0.332859
0.332664
0.33271
0.332684
0.332712
0.332713
0.332688
0.332715
0.332567
0.332586
0.332666
0.332579
0.332475
0.332591
0.332548
0.332584
0.332594
0.332509
0.332537
0.332408
0.332384
0.332317
0.33237
0.332415
0.332451
0.332452
0.332369
0.332413
0.332364
0.332383
0.332461
0.332454
0.33254
0.332457
0.33245
0.33235
0.332352
0.332211
0.332246
0.332249
0.332276
0.33222
0.332139
0.332108
0.332168
0.332252
0.332254
0.33219
0.332176
0.332268
0.332188
0.332255
0.332322
0.332397
0.332244
0.332262
0.332296
0.332217
0.332219
0.332349
0.332327
0.332224
0.332298
0.332348
0.332382
0.332367
0.332425
0.332395
0.332428
0.332382
0.332518
0.332653
0.33271
0.33279
0.332759
0.332996
0.333059
0.33306
0.332935
0.332834
0.332874
0.33296
0.332891
0.332814
0.332792
0.332785
0.332586
0.332618
0.332642
0.332681
0.332659
0.332577
0.332517
0.332519
0.332429
0.332385
0.332455
0.332562
0.332502
0.332579
0.332595
0.332762
0.332943
0.332973
0.332929
0.333019
0.33308
0.333192
0.333289
0.333133
0.332992
0.332971
0.332875
0.33295
0.332832
0.332554
0.332291
0.332285
0.332411
0.332288
0.332289
0.332203
0.332125
0.332286
0.332288
0.332419
0.332428
0.332415
0.332373
0.332432
0.332375
0.332341
0.332421
0.332358
0.332417
0.332311
0.332226
0.332235
0.332137
0.332196
0.332155
0.332312
0.3322
0.332244
0.332246
0.332226
0.332207
0.332117
0.332161
0.332156
0.332234
0.332131
0.332252
0.332385
0.332491
0.332638
0.332633
0.332543
0.332627
0.332546
0.332554
0.332465
0.332315
0.332385
0.33229
0.332353
0.332396
0.332349
0.332303
0.332372
0.332285
0.332395
0.33241
0.332602
0.332521
0.332448
0.33247
0.332383
0.332419
0.332299
0.332327
0.332262
0.332377
0.332518
0.33256
0.3326
0.332508
0.332656
0.33259
0.332558
0.332678
0.332738
0.332686
0.332667
0.332767
0.332801
0.332703
0.332796
0.332751
0.332765
0.332857
0.332786
0.332767
0.332781
0.332801
0.332815
0.332614
0.332551
0.332539
0.332559
0.332541
0.332503
0.332472
0.332352
0.332314
0.332181
0.332157
0.332274
0.332345
0.332353
0.332411
0.332495
0.332598
0.33258
0.332663
0.332651
0.332583
0.332615
0.332528
0.332529
0.332593
0.332481
0.332545
0.332446
0.332603
0.332511
0.332555
0.332625
0.33257
0.33254
0.332504
0.332499
0.332425
0.332365
0.332286
0.332238
0.332331
0.332351
0.332383
0.332305
0.332178
0.332149
0.332254
0.332268
0.332221
0.332246
0.332242
0.332303
0.332287
0.332475
0.332428
0.332411
0.332406
0.332426
0.332481
0.332542
0.332602
0.332693
0.332682
0.332671
0.3326
0.332565
0.332649
0.332745
0.332835
0.332747
0.332812
0.332908
0.332796
0.33285
0.332815
0.332716
0.332816
0.332817
0.332788
0.33276
0.332696
0.332615
0.33261
0.332617
0.332606
0.33263
0.332561
0.332643
0.332633
0.332668
0.332686
0.332745
0.332728
0.332861
0.332983
0.332977
0.332955
0.332967
0.332927
0.33299
0.332922
0.332889
0.33298
0.333032
0.333044
0.333004
0.332954
0.332903
0.332859
0.332797
0.332753
0.332652
0.332771
0.332788
0.332733
0.332655
0.332595
0.332523
0.332557
0.332536
0.332548
0.332688
0.332694
0.3328
0.332751
0.332597
0.332653
0.33261
0.332561
0.332539
0.332524
0.33253
0.332581
0.332455
0.332434
0.332545
0.33248
0.332492
0.33252
0.332603
0.332691
0.332828
0.332915
0.332878
0.332791
0.332873
0.332911
0.332944
0.332961
0.332854
0.332919
0.332908
0.332941
0.332872
0.332808
0.332819
0.332889
0.332863
0.332821
0.332763
0.332764
0.332855
0.332813
0.332845
0.332835
0.332883
0.333005
0.333111
0.333122
0.333133
0.333149
0.333207
0.333134
0.333207
0.333281
0.333255
0.333318
0.333433
0.333375
0.333469
0.333474
0.333469
0.333437
0.333422
0.333375
0.333359
0.333416
0.333354
0.333437
0.3334
0.33339
0.333359
0.333323
0.333277
0.333297
0.33341
0.333349
0.333313
0.333185
0.33316
0.333185
0.333221
0.33314
0.333298
0.333293
0.333262
0.333333
0.333288
0.333217
0.333172
0.333152
0.333273
0.333323
0.333384
0.333409
0.333374
0.333308
0.333348
0.333363
0.333393
0.333383
0.333363
0.333413
0.333433
0.333463
0.333363
0.333388
0.333447
0.333467
0.333531
0.333482
0.333407
0.333304
0.333225
0.333279
0.333191
0.333235
0.333176
0.333196
0.333279
0.333368
0.333416
0.333495
0.333436
0.333499
0.333528
0.333552
0.333547
0.333576
0.33362
0.33359
0.333566
0.333536
0.333551
0.333507
0.333483
0.333473
0.33354
0.333651
0.333573
0.333578
0.333559
0.333539
0.33352
0.333453
0.333429
0.333433
0.333429
0.333495
0.333528
0.333552
0.33358
0.333551
0.333456
0.333542
0.333513
0.333546
0.333574
0.333682
0.333682
0.333658
0.333653
0.333667
0.333826
0.333872
0.334049
0.334095
0.334225
0.334196
0.334209
0.334078
0.334003
0.334007
0.333965
0.333932
0.333954
0.333944
0.333944
0.334017
0.33403
0.334136
0.33419
0.334203
0.334166
0.334151
0.334008
0.333929
0.333915
0.333791
0.333923
0.334023
0.333945
0.333999
0.334048
0.334102
0.334169
0.33421
0.33419
0.334181
0.334243
0.334251
0.334237
0.334263
0.334226
0.334217
0.334261
0.334265
0.334255
0.334313
0.334374
0.334329
0.334355
0.334269
0.334223
0.334231
0.334293
0.334221
0.334166
0.33417
0.334187
0.334173
0.334123
0.334087
0.334047
0.334055
0.333961
0.334031
0.334035
0.33407
0.334126
0.334108
0.334103
0.334138
0.334194
0.334224
0.334183
0.334205
0.334195
0.33412
0.334072
0.334136
0.334131
0.334109
0.334112
0.334134
0.334237
0.334327
0.334391
0.334382
0.334428
0.33438
0.334396
0.334387
0.334364
0.334424
0.334371
0.334383
0.334481
0.334523
0.334573
0.334585
0.334588
0.334608
0.33465
0.334641
0.334695
0.334677
0.334599
0.334534
0.334541
0.3346
0.334578
0.334577
0.334533
0.334527
0.334501
0.334559
0.334528
0.334476
0.334484
0.334479
0.334469
0.334452
0.334497
0.334479
0.334499
0.334478
0.334573
0.334547
0.3346
0.334566
0.334489
0.334451
0.334416
0.334444
0.334452
0.334438
0.334462
0.334482
0.334552
0.334489
0.334405
0.334491
0.334469
0.334539
0.334612
0.334635
0.334663
0.334765
0.33478
0.334709
0.334716
0.334744
0.334665
0.334696
0.334691
0.334637
0.33475
0.334692
0.334707
0.334653
0.334713
0.334744
0.334747
0.334806
0.334789
0.334832
0.334774
0.334773
0.334889
0.334875
0.33483
0.334784
0.334755
0.334774
0.334753
0.334772
0.334823
0.334785
0.334728
0.334747
0.334814
0.334737
0.334728
0.334691
0.334714
0.334773
0.334763
0.334726
0.334677
0.33474
0.334747
0.334726
0.334749
0.334803
0.334754
0.334797
0.334776
0.334834
0.334872
0.334875
0.334866
0.33477
0.334749
0.33472
0.334825
0.33482
0.334865
0.334813
0.334851
0.334842
0.334919
0.334898
0.33494
0.334942
0.335019
0.335017
0.335012
0.335084
0.335102
0.335132
0.33508
0.335075
0.335093
0.335088
0.335156
0.335135
0.335091
0.33504
0.335073
0.335095
0.335128
0.335165
0.335129
0.335132
0.335222
0.335312
0.335261
0.335187
0.335227
0.335245
0.335289
0.335265
0.335279
0.335243
0.335173
0.335138
0.335185
0.335173
0.335202
0.3352
0.335237
0.335175
0.335196
0.335221
0.335208
0.335226
0.335202
0.335298
0.335319
0.335325
0.335237
0.33525
0.335181
0.335153
0.335107
0.335113
0.335093
0.335107
0.335169
0.33513
0.335151
0.335164
0.33511
0.335131
0.335107
0.335106
0.335145
0.335188
0.335202
0.335178
0.335206
0.335271
0.335255
0.335217
0.33516
0.335126
0.335172
0.335178
0.335221
0.335231
0.33527
0.335283
0.335296
0.335265
0.33525
0.335252
0.335309
0.3353
0.335324
0.335359
0.335376
0.335363
0.335311
0.335233
0.335235
0.335176
0.335131
0.335024
0.33498
0.335076
0.335086
0.335124
0.335137
0.335129
0.335138
0.335205
0.335229
0.335267
0.33528
0.335304
0.335303
0.335337
0.335397
0.335431
0.335393
0.335317
0.335347
0.335403
0.335434
0.33539
0.335392
0.335401
0.335388
0.335376
0.335328
0.335327
0.335244
0.335302
0.335333
0.335341
0.335298
0.335405
0.335376
0.335364
0.335355
0.335315
0.335254
0.335235
0.335258
0.335281
0.335277
0.335265
0.335313
0.335315
0.335264
0.335235
0.335185
0.335163
0.335207
0.33522
0.335302
0.335273
0.335282
0.335235
0.335262
0.335211
0.335255
0.335271
0.335249
0.335219
0.33517
0.335172
0.33514
0.335114
0.335172
0.335208
0.335231
0.335281
0.335348
0.335343
0.33539
0.33534
0.33528
0.335265
0.335295
0.335297
0.335353
0.335345
0.335292
0.335329
0.335351
0.335373
0.335437
0.335466
0.335505
0.335514
0.335438
0.335467
0.335472
0.335494
0.335523
0.335532
0.3355
0.335458
0.335473
0.335451
0.33546
0.335495
0.335443
0.335482
0.335518
0.335456
0.335495
0.335557
0.335492
0.335564
0.335573
0.335625
0.335593
0.335562
0.335556
0.335615
0.335677
0.335692
0.33576
0.335762
0.335707
0.335696
0.335645
0.335627
0.335598
0.335603
0.335542
0.335601
0.335596
0.335588
0.335543
0.335512
0.335543
0.335545
0.335553
0.335522
0.335534
0.335588
0.335617
0.335608
0.335597
0.335596
0.335555
0.335586
0.335519
0.335547
0.335523
0.33555
0.335555
0.335554
0.335565
0.335583
0.335595
0.335577
0.335566
0.335555
0.335524
0.335571
0.335612
0.335643
0.335603
0.335517
0.335463
0.33541
0.335392
0.335439
0.335435
0.335404
0.335429
0.33544
0.335506
0.335562
0.335548
0.335534
0.335484
0.335419
0.335472
0.335451
0.33545
0.335429
0.335485
0.335471
0.335451
0.335491
0.33554
0.335555
0.335502
0.335514
0.335506
0.335546
0.335567
0.335597
0.335595
0.335645
0.335643
0.335632
0.335688
0.335639
0.335584
0.335547
0.335562
0.335513
0.335534
0.335514
0.335553
0.335601
0.335644
0.33563
0.335628
0.335649
0.335638
0.335674
0.335716
0.335789
0.335784
0.335724
0.335691
0.335686
0.335631
0.335614
0.335597
0.33553
0.335535
0.335534
0.335517
0.33554
0.335508
0.335525
0.335514
0.335513
0.335487
0.335519
0.335545
0.335572
0.335549
0.33552
0.335527
0.335551
0.335556
0.335548
0.335584
0.335595
0.33556
0.335629
0.335664
0.33569
0.335694
0.335678
0.335655
0.335678
0.335683
0.335706
0.335713
0.335754
0.335774
0.335797
0.335835
0.335818
0.335792
0.335778
0.33578
0.335763
0.335716
0.335705
0.335758
0.335742
0.335746
0.335732
0.335764
0.3357
0.335683
0.335676
0.335755
0.33579
0.335789
0.335817
0.335837
0.335829
0.33578
0.335805
0.335831
0.335847
0.335879
0.335898
0.335873
0.335874
0.335918
0.335905
0.335915
0.335928
0.335989
0.336041
0.336069
0.336124
0.336167
0.336111
0.33616
0.336194
0.336162
0.33616
0.336185
0.336175
0.336185
0.336227
0.336237
0.336224
0.336214
0.336327
0.336325
0.336347
0.336359
0.33639
0.336397
0.336454
0.336452
0.336485
0.336536
0.336495
0.336461
0.3365
0.336527
0.336546
0.336532
0.336536
0.336499
0.33653
0.336458
0.336456
0.336501
0.336526
0.336558
0.336643
0.336612
0.336685
0.336709
0.336664
0.336679
0.336692
0.336687
0.336751
0.336763
0.336744
0.336728
0.336766
0.336735
0.336736
0.336737
0.336715
0.336742
0.33674
0.336733
0.336747
0.336779
0.336789
0.336755
0.336736
0.336726
0.336726
0.33673
0.336708
0.336725
0.336681
0.336662
0.336617
0.336609
0.336579
0.336586
0.336586
0.33657
0.336648
0.336618
0.33665
0.336645
0.336651
0.336714
0.336721
0.336747
0.336723
0.336741
0.336753
0.33668
0.336613
0.336629
0.336675
0.336704
0.336662
0.336621
0.336675
0.336603
0.336601
0.336638
0.336678
0.336687
0.336699
0.336667
0.336688
0.336685
0.336588
0.336612
0.336559
0.336557
0.336561
0.336574
0.336575
0.336567
0.336568
0.336496
0.33653
0.336551
0.336549
0.336594
0.336583
0.336568
0.336563
0.33652
0.336529
0.336552
0.336531
0.336488
0.336464
0.336487
0.336497
0.336486
0.336451
0.336428
0.336366
0.33637
0.336415
0.336427
0.336444
0.336448
0.336446
0.336466
0.336519
0.336539
0.336494
0.336511
0.336496
0.336439
0.336342
0.336283
0.336292
0.336296
0.336237
0.336298
0.336305
0.336322
0.336377
0.336348
0.336292
0.336318
0.336292
0.336244
0.336248
0.336247
0.33628
0.336302
0.33629
0.33628
0.336206
0.336215
0.336189
0.336171
0.336175
0.336219
0.336188
0.336151
0.336137
0.336127
0.336128
0.336127
0.336131
0.336132
0.336088
0.336097
0.33618
0.336235
0.336255
0.336243
0.336225
0.336186
0.336174
0.336199
0.33616
0.336183
0.336189
0.336142
0.336106
0.336104
0.336121
0.336104
0.336118
0.336132
0.336139
0.336111
0.336101
0.336097
0.336106
0.336121
0.336095
0.336088
0.336115
0.33618
0.336108
0.336122
0.336136
0.336163
0.33617
0.336147
0.336119
0.336141
0.336153
0.336125
0.336178
0.33619
0.336223
0.336289
0.33629
0.336284
0.336201
0.336181
0.33618
0.336165
0.336119
0.336089
0.335994
0.336013
0.335988
0.335992
0.336011
0.336062
0.336084
0.336057
0.336047
0.336038
0.336091
0.336043
0.336114
0.336123
0.336117
0.336143
0.336147
0.336166
0.336249
0.336227
0.336216
0.336288
0.33631
0.336342
0.336382
0.336359
0.336376
0.336366
0.336362
0.336329
0.336345
0.336389
0.336411
0.336381
0.336405
0.336446
0.33646
0.336431
0.336423
0.336378
0.336367
0.336309
0.336283
0.33633
0.336323
0.336271
0.336196
0.336169
0.336181
0.336151
0.336178
0.336166
0.336116
0.336127
0.336113
0.336112
0.336135
0.336111
0.336117
0.336154
0.336137
0.336133
0.33614
0.336111
0.336094
0.336077
0.336108
0.336105
0.336073
0.336117
0.336193
0.336174
0.336192
0.336171
0.3362
0.336233
0.336262
0.336275
0.336306
0.336325
0.336251
0.336237
0.336258
0.336261
0.336294
0.336328
0.336324
0.336302
0.336251
0.336279
0.336261
0.336232
0.33628
0.336202
0.336185
0.336191
0.336259
0.336217
0.336209
0.336205
0.336183
0.336194
0.336222
0.336225
0.336255
0.336239
0.336235
0.336242
0.33623
0.336248
0.336239
0.336277
0.336285
0.336294
0.336282
0.336274
0.336253
0.336276
0.336201
0.336258
0.336242
0.336201
0.336143
0.336123
0.336129
0.336152
0.336162
0.33617
0.336217
0.336138
0.336117
0.336094
0.336095
0.336028
0.335968
0.335965
0.335975
0.335938
0.3359
0.335902
0.3359
0.335861
0.33584
0.335856
0.33584
0.335851
0.33584
0.335875
0.335893
0.335909
0.335917
0.335874
0.335849
0.335829
0.335837
0.335816
0.335808
0.33579
0.33582
0.335799
0.335793
0.33584
0.335848
0.335809
0.33585
0.335859
0.335924
0.335916
0.335948
0.335937
0.335902
0.335877
0.335907
0.335877
0.3359
0.335906
0.335897
0.33592
0.335883
0.335849
0.335841
0.335832
0.335805
0.33582
0.33584
0.335839
0.335814
0.33581
0.335774
0.335789
0.335764
0.335798
0.335797
0.335777
0.335776
0.335789
0.335741
0.335716
0.335696
0.33569
0.335677
0.335713
0.335698
0.335704
0.335668
0.335667
0.335691
0.335693
0.335664
0.335644
0.335648
0.335623
0.335653
0.335663
0.335676
0.335696
0.335704
0.33574
0.335732
0.335724
0.335741
0.335731
0.335716
0.335703
0.335712
0.335729
0.335737
0.33575
0.335741
0.335696
0.335702
0.335726
0.335711
0.335713
0.335704
0.335669
0.33569
0.335703
0.335688
0.33569
0.335718
0.335731
0.335714
0.335724
0.335739
0.335791
0.335806
0.335869
0.335877
0.335887
0.335891
0.335885
0.335877
0.335871
0.335863
0.335907
0.335885
0.335888
0.335882
0.335824
0.335835
0.335888
0.335901
0.335909
0.335926
0.335899
0.335903
0.335893
0.335882
0.335918
0.335889
0.33587
0.33588
0.335854
0.335839
0.335786
0.335758
0.335795
0.335808
0.335793
0.335792
0.335741
0.335735
0.335655
0.335618
0.335639
0.335685
0.335678
0.335686
0.335671
0.335693
0.335694
0.335657
0.335624
0.335634
0.335615
0.335569
0.335541
0.335561
0.335569
0.33555
0.335573
0.335583
0.335598
0.335651
0.335621
0.335638
0.335657
0.33564
0.335668
0.335669
0.335706
0.335703
0.335722
0.33575
0.335769
0.33577
0.335782
0.335788
0.335813
0.335785
0.335722
0.335677
0.335663
0.335655
0.335687
0.335706
0.335676
0.335688
0.335683
0.33571
0.335698
0.335668
0.335634
0.335635
0.335617
0.335635
0.335628
0.335616
0.335584
0.335552
0.335538
0.335546
0.335543
0.335531
0.335499
0.335509
0.335506
0.335525
0.33553
0.33551
0.335482
0.335475
0.33545
0.335471
0.335428
0.335445
0.335433
0.335432
0.335437
0.335467
0.335438
0.335417
0.335377
0.335411
0.335395
0.335381
0.335369
0.335366
0.335365
0.335344
0.335352
0.335302
0.33529
0.335248
0.335234
0.335177
0.335161
0.335135
0.335129
0.335163
0.335182
0.335146
0.335227
0.335233
0.335198
0.335227
0.335252
0.335159
0.335171
0.335125
0.335169
0.335196
0.335165
0.335192
0.335159
0.335137
0.335132
0.335127
0.335169
0.335147
0.335131
0.33513
0.335155
0.335186
0.335204
0.335214
0.335194
0.335172
0.335152
0.335117
0.335123
0.335113
0.335112
0.335108
0.335105
0.335108
0.335095
0.335085
0.335085
0.335103
0.335119
0.335127
0.335145
0.335169
0.335165
0.335177
0.335155
0.335137
0.335149
0.335158
0.335162
0.335195
0.335207
0.335195
0.335205
0.335215
0.335168
0.33519
0.335202
0.335201
0.335175
0.335193
0.33519
0.335189
0.335189
0.335202
0.335183
0.335203
0.335181
0.335187
0.335184
0.335164
0.335151
0.335175
0.335193
0.335195
0.335156
0.335143
0.335142
0.335139
0.335114
0.335115
0.335114
0.335063
0.335034
0.335002
0.334966
0.334971
0.334987
0.334976
0.334976
0.335004
0.335005
0.33498
0.335012
0.33502
0.335015
0.335024
0.335018
0.335015
0.334985
0.334931
0.334953
0.334975
0.335017
0.33505
0.335018
0.33504
0.335052
0.335084
0.335077
0.335097
0.335102
0.335081
0.335068
0.335042
0.335021
0.33508
0.335081
0.335086
0.335073
0.335069
0.335093
0.335069
0.335011
0.334998
0.335012
0.335007
0.334986
0.334983
0.334972
0.334959
0.334969
0.334931
0.334973
0.33502
0.335088
0.335091
0.335107
0.335132
0.335101
0.335099
0.335098
0.335101
0.3351
0.3351
0.335121
0.3351
0.335083
0.33505
0.335052
0.335067
0.335054
0.335092
0.335123
0.335137
0.335126
0.335129
0.335122
0.335104
0.335121
0.335137
0.33517
0.335149
0.335128
0.335125
0.335119
0.33514
0.335107
0.335088
0.335088
0.335071
0.335068
0.33507
0.335077
0.335062
0.335072
0.335065
0.33507
0.335075
0.335079
0.335058
0.335075
0.335085
0.335096
0.335097
0.335083
0.335084
0.335091
0.335084
0.335092
0.335099
0.335078
0.335086
0.335113
0.335128
0.335113
0.335101
0.335114
0.335089
0.335049
0.335023
0.335032
0.335051
0.335046
0.33502
0.335005
0.334995
0.334992
0.335001
0.334985
0.334994
0.334978
0.334957
0.334931
0.334952
0.334912
0.334876
0.334875
0.334869
0.33488
0.334895
0.334869
0.334894
0.334877
0.334863
0.334852
0.334863
0.334869
0.334894
0.33487
0.334818
0.334855
0.334801
0.334842
0.334769
0.334751
0.33474
0.334744
0.334749
0.334747
0.334682
0.334708
0.334735
0.334758
0.334771
0.334803
0.334762
0.334707
0.334708
0.334741
0.334742
0.334779
0.334745
0.334733
0.334736
0.334728
0.334743
0.334729
0.334738
0.334739
0.334768
0.334794
0.334793
0.334812
0.33481
0.334796
0.334797
0.334773
0.334809
0.334803
0.334826
0.334873
0.334884
0.334864
0.334856
0.334844
0.334834
0.334847
0.334858
0.334844
0.334816
0.334789
0.334807
0.334824
0.334843
0.334861
0.334877
0.334842
0.334872
0.334856
0.334856
0.334832
0.334811
0.334823
0.334813
0.334799
0.334825
0.334811
0.334807
0.334826
0.334813
0.334853
0.334829
0.334819
0.334811
0.334828
0.334838
0.334862
0.334871
0.334856
0.334827
0.334841
0.33489
0.334909
0.334914
0.334943
0.334994
0.335003
0.335049
0.33502
0.335033
0.334979
0.335013
0.334991
0.334983
0.334967
0.334976
0.334981
0.335026
0.335048
0.335034
0.335054
0.335057
0.335049
0.335029
0.335006
0.33503
0.335084
0.335085
0.335152
0.335162
0.335137
0.335197
0.335198
0.335203
0.335189
0.335183
0.335206
0.335196
0.335184
0.335155
0.335142
0.335106
0.335131
0.3351
0.335092
0.335125
0.335121
0.335128
0.335116
0.33516
0.33512
0.335115
0.335107
0.335133
0.335112
0.335113
0.335118
0.335117
0.335081
0.33509
0.33508
0.33509
0.335106
0.335068
0.335075
0.335056
0.335068
0.335095
0.335107
0.335116
0.335163
0.335151
0.335149
0.335167
0.335129
0.335112
0.335139
0.335133
0.335181
0.335183
0.335215
0.335185
0.335205
0.335175
0.335192
0.335214
0.335227
0.335207
0.335217
0.335264
0.335274
0.335286
0.335265
0.335279
0.335278
0.335275
0.335329
0.335343
0.335357
0.335351
0.33533
0.335335
0.335318
0.335311
0.335327
0.335361
0.335364
0.335345
0.335339
0.335329
0.335348
0.335335
0.335372
0.33542
0.335436
0.335455
0.335492
0.335538
0.335548
0.335547
0.335552
0.335535
0.335505
0.335455
0.335473
0.335479
0.335518
0.335528
0.335551
0.335539
0.335567
0.335534
0.335528
0.335511
0.335521
0.335516
0.335504
0.335522
0.335539
0.335558
0.335544
0.335524
0.335485
0.33547
0.335473
0.33549
0.33552
0.335542
0.335559
0.335562
0.335588
0.335592
0.335613
0.335639
0.335652
0.33563
0.335638
0.33564
0.335598
0.335557
0.335545
0.335541
0.335535
0.33555
0.33556
0.33554
0.335546
0.335538
0.335562
0.335554
0.335573
0.335576
0.335559
0.335544
0.335547
0.33555
0.335566
0.335576
0.335547
0.335532
0.335516
0.335522
0.335521
0.335536
0.335512
0.335485
0.335497
0.335496
0.335453
0.335447
0.335464
0.335482
0.335473
0.335497
0.335529
0.335555
0.335558
0.335576
0.335568
0.335622
0.335661
0.335664
0.335649
0.335636
0.335588
0.335613
0.3356
0.335619
0.335609
0.335659
0.335663
0.335645
0.335648
0.335659
0.335674
0.335678
0.335744
0.335769
0.335737
0.335754
0.335758
0.335742
0.335748
0.335736
0.335699
0.335707
0.33572
0.335738
0.335739
0.335742
0.335739
0.335749
0.335737
0.335712
0.335711
0.33567
0.335652
0.335634
0.335659
0.335674
0.335696
0.335698
0.33573
0.33574
0.335713
0.335738
0.335751
0.335766
0.335785
0.335764
0.33577
0.335747
0.335732
0.335727
0.335734
0.335726
0.335725
0.335772
0.335772
0.335769
0.33576
0.335725
0.335734
0.335735
0.335729
0.335757
0.335792
0.335831
0.335876
0.335911
0.335875
0.335852
0.335866
0.335852
0.335888
0.335863
0.335858
0.335869
0.335854
0.335829
0.335818
0.335843
0.335835
0.335828
0.33581
0.335805
0.335857
0.335851
0.335826
0.335853
0.335835
0.33582
0.335847
0.335824
0.335818
0.335824
0.335824
0.335834
0.335817
0.33583
0.335831
0.335823
0.335826
0.335811
0.335799
0.335827
0.335832
0.335815
0.335822
0.335764
0.335802
0.335821
0.335817
0.335789
0.335805
0.335822
0.335821
0.335817
0.33581
0.335809
0.335796
0.335802
0.335836
0.335864
0.335875
0.335851
0.33585
0.335898
0.335939
0.335945
0.335932
0.335887
0.335885
0.335852
0.33586
0.335852
0.33584
0.335914
0.335855
0.335857
0.335863
0.335856
0.335852
0.335874
0.33587
0.335854
0.335823
0.335802
0.335778
0.335792
0.335786
0.335769
0.335739
0.33577
0.335769
0.335798
0.335803
0.33578
0.335766
0.335768
0.335769
0.335793
0.335802
0.335801
0.335799
0.33579
0.335796
0.335781
0.335774
0.335783
0.335766
0.33575
0.335734
0.335725
0.335741
0.335773
0.33579
0.335809
0.33582
0.335832
0.335833
0.335842
0.335851
0.335845
0.335858
0.33588
0.335887
0.335862
0.335828
0.335824
0.335808
0.335834
0.335817
0.335806
0.335811
0.335857
0.335852
0.335839
0.33582
0.33585
0.335862
0.335873
0.335836
0.335845
0.335808
0.335816
0.335835
0.335855
0.335835
0.33583
0.335817
0.335796
0.335786
0.335741
0.335706
0.335733
0.335724
0.335757
0.335764
0.335741
0.33573
0.335699
0.335701
0.335647
0.335636
0.33564
0.335651
0.335648
0.335623
0.335629
0.335639
0.335635
0.335633
0.335659
0.335651
0.335627
0.335628
0.335638
0.335657
0.335679
0.335675
0.335674
0.335687
0.335685
0.335652
0.335666
0.335641
0.335633
0.335647
0.335656
0.33566
0.335637
0.335642
0.335662
0.335654
0.335679
0.335631
0.335651
0.335659
0.335668
0.33568
0.335687
0.335694
0.335671
0.335636
0.335616
0.335625
0.33561
0.335598
0.335624
0.335643
0.335624
0.335615
0.335578
0.335569
0.335556
0.335563
0.335569
0.335557
0.335532
0.335509
0.335516
0.335528
0.335523
0.335532
0.335525
0.335535
0.335519
0.335515
0.335544
0.33559
0.335614
0.335618
0.33561
0.335617
0.335607
0.335603
0.335581
0.335603
0.335615
0.335601
0.335602
0.3356
0.335574
0.335576
0.33562
0.335611
0.335609
0.335586
0.335568
0.335567
0.335572
0.335603
0.335596
0.335561
0.335614
0.335613
0.335587
0.335596
0.33559
0.335545
0.335551
0.335561
0.335539
0.335541
0.33551
0.335505
0.335479
0.335464
0.335465
0.33545
0.335426
0.335449
0.335478
0.335507
0.335512
0.335504
0.335489
0.335503
0.335516
0.335528
0.335524
0.335515
0.335544
0.335583
0.335565
0.335572
0.335552
0.335508
0.335515
0.335538
0.335536
0.335494
0.335501
0.335504
0.335496
0.3355
0.335524
0.335535
0.335549
0.335534
0.335544
0.335556
0.33554
0.33553
0.335571
0.335575
0.335544
0.335541
0.335542
0.33553
0.335563
0.335618
0.335634
0.335632
0.335619
0.335612
0.335621
0.335583
0.335588
0.335578
0.335588
0.335615
0.335662
0.335674
0.335689
0.335666
0.335664
0.335638
0.335639
0.335663
0.335656
0.33568
0.335683
0.335688
0.335696
0.335702
0.335716
0.335722
0.335744
0.33572
0.335704
0.335715
0.335733
0.335729
0.335739
0.335723
0.335695
0.335683
0.335661
0.335669
0.335663
0.335657
0.335632
0.335638
0.335612
0.335596
0.335585
0.335595
0.335628
0.335681
0.335684
0.335671
0.335675
0.335664
0.335649
0.335638
0.335643
0.335634
0.335616
0.335623
0.335644
0.335664
0.335668
0.335695
0.335671
0.335676
0.335648
0.335652
0.335643
0.33567
0.335688
0.335699
0.335691
0.335699
0.335697
0.335682
0.335694
0.335681
0.335697
0.335698
0.335655
0.335692
0.335679
0.335692
0.335689
0.335695
0.335706
0.335756
0.335758
0.335746
0.335746
0.335735
0.335716
0.335693
0.335683
0.335702
0.33571
0.335703
0.335729
0.335753
0.335755
0.335759
0.335734
0.335751
0.335708
0.335687
0.335662
0.335675
0.335659
0.335643
0.335638
0.335656
0.335646
0.335702
0.33568
0.335651
0.335642
0.335654
0.335663
0.335655
0.335619
0.335619
0.335661
0.335641
0.335652
0.335658
0.335667
0.335667
0.335673
0.33569
0.335724
0.335683
0.3357
0.335698
0.335673
0.335655
0.335638
0.335633
0.335633
0.335633
0.335685
0.335695
0.335709
0.335744
0.335724
0.335753
0.335751
0.335737
0.335724
0.335723
0.33574
0.335725
0.335728
0.335723
0.335719
0.335745
0.335763
0.335761
0.335737
0.335711
0.33569
0.335676
0.335665
0.335688
0.335709
0.335698
0.335681
0.335692
0.3357
0.335679
0.33564
0.335619
0.335577
0.335573
0.335555
0.335512
0.33552
0.335497
0.335508
0.335508
0.335487
0.335454
0.335474
0.33546
0.335481
0.335504
0.335499
0.335488
0.335483
0.335508
0.335496
0.335498
0.335471
0.335476
0.335457
0.335428
0.335442
0.335434
0.335442
0.33542
0.335435
0.335438
0.335462
0.335484
0.335479
0.335493
0.3355
0.335501
0.335478
0.33546
0.335458
0.335473
0.335505
0.335507
0.335514
0.33553
0.335525
0.335504
0.335523
0.335552
0.335583
0.335617
0.335593
0.335613
0.335601
0.335617
0.335608
0.335628
0.335621
0.335635
0.335643
0.335609
0.335607
0.335611
0.335588
0.335608
0.335617
0.335592
0.335593
0.335567
0.335563
0.335568
0.335556
0.335511
0.335505
0.335533
0.335519
0.335529
0.335525
0.335516
0.335544
0.335544
0.335531
0.335523
0.335523
0.335488
0.335491
0.335491
0.335483
0.335479
0.335466
0.335442
0.335427
0.335441
0.335457
0.335459
0.335449
0.335455
0.33546
0.335457
0.335471
0.335489
0.335448
0.335447
0.335454
0.335443
0.335461
0.33545
0.335427
0.3354
0.335397
0.335435
0.335434
0.335449
0.335452
0.335492
0.335476
0.335485
0.335466
0.335444
0.335434
0.335474
0.335483
0.335452
0.33544
0.335453
0.33545
0.335483
0.335508
0.335513
0.335508
0.335494
0.335479
0.335478
0.335487
0.335509
0.335462
0.33549
0.335509
0.335507
0.335502
0.335512
0.335541
0.335563
0.335568
0.335559
0.335547
0.335569
0.33557
0.335561
0.335559
0.335541
0.335531
0.335519
0.335539
0.335533
0.335503
0.335498
0.335482
0.335475
0.335484
0.335479
0.335484
0.335475
0.335444
0.335443
0.335444
0.335446
0.335429
0.33543
0.335454
0.335447
0.335447
0.335431
0.335429
0.335426
0.335435
0.335444
0.335449
0.335447
0.335456
0.33544
0.335433
0.335441
0.335436
0.335437
0.335455
0.335441
0.335429
0.335443
0.335441
0.335437
0.335442
0.335431
0.335438
0.33544
0.335459
0.335465
0.335484
0.335467
0.335439
0.335453
0.335434
0.335428
0.335436
0.335452
0.335454
0.33543
0.335425
0.33544
0.3354
0.335382
0.335353
0.335351
0.335335
0.33534
0.335355
0.335373
0.335374
0.335361
0.335372
0.335383
0.335368
0.335345
0.335356
0.335362
0.335375
0.33537
0.335366
0.335372
0.335352
0.335324
0.335358
0.335356
0.33534
0.335325
0.33531
0.335318
0.335326
0.335336
0.335348
0.335347
0.335365
0.335383
0.335384
0.335375
0.335383
0.335382
0.33539
0.335396
0.335414
0.335402
0.335398
0.335395
0.33539
0.335387
0.335412
0.33542
0.335422
0.335416
0.335433
0.335447
0.335464
0.335456
0.335475
0.335506
0.335489
0.335509
0.335504
0.335524
0.335531
0.335514
0.33551
0.335553
0.33557
0.335542
0.335534
0.335542
0.335529
0.335568
0.335563
0.335586
0.335614
0.335621
0.335634
0.335625
0.335635
0.335636
0.335635
0.335618
0.335629
0.335633
0.335638
0.335644
0.335649
0.335637
0.335619
0.335609
0.335634
0.335643
0.335659
0.335646
0.335661
0.33567
0.335664
0.335658
0.335667
0.335676
0.33567
0.335672
0.335655
0.335677
0.33567
0.335657
0.335652
0.335637
0.335662
0.335688
0.33567
0.335653
0.335651
0.335663
0.335649
0.335686
0.335673
0.33569
0.3357
0.3357
0.335734
0.335739
0.335784
0.335783
0.335779
0.335774
0.335789
0.335779
0.335763
0.335765
0.335787
0.335789
0.335813
0.335826
0.33584
0.33585
0.33585
0.335844
0.335841
0.33585
0.335832
0.335783
0.335785
0.335776
0.335778
0.335771
0.335788
0.335783
0.33578
0.335796
0.335797
0.335805
0.335805
0.335783
0.335815
0.335833
0.33585
0.335864
0.335885
0.335886
0.33588
0.335871
0.335902
0.335907
0.335911
0.33588
0.335881
0.335888
0.335869
0.335867
0.335893
0.335905
0.335914
0.335944
0.335917
0.335914
0.335883
0.335882
0.335861
0.335883
0.335874
0.335855
0.335842
0.335851
0.335832
0.335837
0.335813
0.335807
0.335842
0.335874
0.335888
0.3359
0.335902
0.335935
0.33595
0.335937
0.335941
0.335939
0.335931
0.335913
0.335893
0.335875
0.335885
0.335882
0.335854
0.335868
0.335855
0.335841
0.335848
0.335857
0.335861
0.33584
0.335809
0.335786
0.3358
0.335828
0.335849
0.335833
0.335831
0.335816
0.335833
0.335831
0.335845
0.335838
0.33583
0.335828
0.335821
0.335814
0.335783
0.335788
0.335777
0.33577
0.335778
0.335802
0.33583
0.335827
0.335827
0.335834
0.335831
0.335823
0.335843
0.335852
0.335857
0.335859
0.335872
0.335873
0.335904
0.335908
0.335915
0.335897
0.335899
0.33588
0.335869
0.335846
0.335852
0.335872
0.335882
0.335855
0.335826
0.335836
0.335798
0.335795
0.33579
0.335771
0.335789
0.335775
0.33576
0.335762
0.335761
0.335781
0.335763
0.335763
0.335795
0.335802
0.335798
0.335806
0.335803
0.335824
0.335838
0.335846
0.335838
0.335845
0.335844
0.335831
0.335854
0.335832
0.335816
0.335804
0.335813
0.335806
0.335809
0.335805
0.335819
0.335837
0.335815
0.335805
0.335827
0.335844
0.335858
0.335864
0.335839
0.335838
0.335842
0.335824
0.335833
0.335828
0.335825
0.335796
0.335827
0.335821
0.335813
0.335814
0.33582
0.335837
0.335827
0.33581
0.335837
0.335829
0.335846
0.335845
0.335829
0.335826
0.335812
0.33581
0.335821
0.335812
0.335834
0.335831
0.335816
0.335822
0.335829
0.335848
0.335847
0.335866
0.335853
0.335833
0.335859
0.335853
0.335852
0.335843
0.335836
0.335852
0.33584
0.33583
0.335852
0.335848
0.335865
0.335851
0.335868
0.335891
0.335905
0.335893
0.335889
0.335911
0.335923
0.335952
0.335955
0.335946
0.335934
0.335921
0.335933
0.335947
0.335937
0.335945
0.335928
0.335917
0.335928
0.33594
0.335938
0.335938
0.335941
0.335929
0.335921
0.335921
0.335915
0.335911
0.335898
0.335896
0.335888
0.335871
0.33585
0.335855
0.335858
0.335876
0.335839
0.335848
0.335865
0.335874
0.335855
0.335857
0.335865
0.335872
0.335862
0.335903
0.335927
0.335936
0.335919
0.335924
0.335894
0.33593
0.335929
0.335909
0.335902
0.335912
0.335915
0.335914
0.335917
0.335896
0.335861
0.335881
0.335879
0.335883
0.335884
0.335882
0.335887
0.335895
0.335889
0.33592
0.335933
0.335957
0.335947
0.335936
0.335933
0.335938
0.335928
0.335917
0.335918
0.335954
0.33595
0.335914
0.335921
0.335929
0.33591
0.335894
0.335897
0.335898
0.335904
0.335903
0.33592
0.335925
0.335936
0.335955
0.335961
0.335969
0.335985
0.336001
0.336002
0.335989
0.335981
0.335945
0.335939
0.335936
0.335952
0.335926
0.335923
0.335924
0.335924
0.335925
0.335911
0.335899
0.335909
0.335906
0.335896
0.335889
0.335883
0.335872
0.335871
0.335845
0.335844
0.335835
0.33585
0.335844
0.335838
0.335829
0.335816
0.33582
0.33582
0.335819
0.33582
0.335837
0.335854
0.335834
0.335828
0.335829
0.335822
0.335817
0.335805
0.335813
0.335816
0.335823
0.335826
0.335827
0.335837
0.335844
0.335833
0.335825
0.335795
0.335811
0.335808
0.335816
0.335835
0.335831
0.335836
0.335826
0.335796
0.335807
0.335804
0.33581
0.335809
0.33582
0.335817
0.335809
0.335789
0.335814
0.335814
0.335809
0.335819
0.335847
0.335861
0.335844
0.335845
0.335853
0.335848
0.335853
0.335855
0.335875
0.335884
0.335909
0.335912
0.335908
0.335909
0.335906
0.335914
0.335901
0.335911
0.335934
0.335945
0.335921
0.335886
0.335878
0.335879
0.335884
0.33588
0.33587
0.335857
0.335845
0.335836
0.335829
0.33582
0.335811
0.335802
0.335786
0.335778
0.335786
0.335778
0.335785
0.335777
0.33576
0.335756
0.335737
0.335738
0.335745
0.335738
0.335726
0.335707
0.335723
0.335755
0.335753
0.335735
0.335729
0.335709
0.335734
0.335736
0.335717
0.335718
0.335702
0.335685
0.335678
0.335663
0.335656
0.335646
0.335644
0.335659
0.335628
0.335651
0.335641
0.335633
0.335632
0.335635
0.335641
0.335621
0.335635
0.335626
0.335633
0.335601
0.335569
0.335574
0.335586
0.335577
0.335564
0.335563
0.335576
0.335583
0.335599
0.335611
0.335608
0.335633
0.335623
0.335625
0.335612
0.335632
0.335619
0.335618
0.335617
0.335636
0.335624
0.33564
0.335646
0.335674
0.335685
0.335697
0.335688
0.335695
0.335667
0.335661
0.335672
0.335668
0.335665
0.335679
0.335679
0.335696
0.335695
0.335681
0.335699
0.335682
0.335678
0.335673
0.335678
0.335698
0.335714
0.335711
0.3357
0.335712
0.335713
0.335699
0.335686
0.335692
0.335702
0.335681
0.335695
0.335724
0.335735
0.335757
0.335741
0.33574
0.335746
0.335734
0.335741
0.335745
0.335755
0.33575
0.335747
0.335737
0.335744
0.335728
0.335724
0.335716
0.335719
0.335726
0.33574
0.335715
0.335712
0.335695
0.335676
0.335657
0.335652
0.335653
0.335671
0.335679
0.335684
0.335655
0.335634
0.335627
0.335633
0.335607
0.335602
0.33556
0.335527
0.335515
0.335522
0.335496
0.335466
0.335456
0.335471
0.335459
0.335479
0.335462
0.33544
0.33545
0.335464
0.335475
0.335468
0.335481
0.335508
0.335498
0.335501
0.335519
0.335519
0.335511
0.335494
0.335481
0.335485
0.335467
0.335476
0.335472
0.335455
0.335424
0.33539
0.335383
0.335378
0.335355
0.335345
0.335327
0.335309
0.335315
0.335311
0.335298
0.335315
0.335334
0.335326
0.33531
0.335322
0.335338
0.335339
0.335336
0.335322
0.335315
0.335322
0.33532
0.335329
0.335322
0.335319
0.335314
0.335326
0.335328
0.335331
0.335332
0.335352
0.335344
0.33533
0.335344
0.335349
0.335337
0.335322
0.33532
0.335323
0.335318
0.335327
0.335318
0.335306
0.335306
0.335313
0.335311
0.335319
0.335306
0.33531
0.335302
0.33532
0.335324
0.33532
0.335335
0.335331
0.335344
0.335352
0.335352
0.335363
0.335352
0.335349
0.335336
0.335342
0.335334
0.335331
0.335324
0.335334
0.33535
0.335333
0.335336
0.335326
0.33532
0.335332
0.335317
0.335305
0.335301
0.335294
0.335311
0.335309
0.335315
0.335323
0.335321
0.335332
0.335326
0.335302
0.335317
0.33532
0.335331
0.335328
0.335322
0.335319
0.335299
0.335297
0.335313
0.335314
0.335309
0.335303
0.3353
0.335274
0.335287
0.335302
0.335296
0.33531
0.335332
0.335328
0.335362
0.335388
0.335407
0.335441
0.33544
0.335427
0.33543
0.33542
0.335425
0.335444
0.335468
0.335479
0.335452
0.335451
0.335447
0.335468
0.335511
0.335528
0.335527
0.335518
0.335502
0.335508
0.335516
0.335516
0.335535
0.335549
0.335523
0.335531
0.335523
0.335504
0.335526
0.335522
0.335501
0.335509
0.335512
0.335515
0.335504
0.335508
0.33549
0.335499
0.3355
0.335494
0.33551
0.33553
0.335524
0.33555
0.335544
0.335528
0.335523
0.335511
0.335512
0.335504
0.33552
0.335522
0.335536
0.335546
0.335569
0.33557
0.335575
0.335592
0.335602
0.335592
0.335578
0.335573
0.335584
0.335564
0.335572
0.335564
0.335579
0.335603
0.33561
0.335601
0.33561
0.335623
0.335635
0.335647
0.33564
0.335682
0.335694
0.335696
0.335696
0.335691
0.33569
0.335686
0.335667
0.335661
0.335657
0.335656
0.33566
0.335657
0.335639
0.335631
0.335624
0.33563
0.335623
0.335619
0.33563
0.335621
0.335626
0.335615
0.335612
0.335603
0.335586
0.335586
0.335588
0.335586
0.335588
0.335562
0.33554
0.335551
0.335547
0.335537
0.33552
0.335508
0.335496
0.33549
0.335481
0.335482
0.335476
0.335466
0.335459
0.335459
0.335479
0.335471
0.335472
0.335473
0.335481
0.335467
0.33547
0.335454
0.335473
0.335484
0.3355
0.335494
0.335489
0.335474
0.335483
0.335487
0.335476
0.33548
0.335515
0.335503
0.33548
0.335475
0.335467
0.335467
0.335477
0.335487
0.33546
0.335464
0.335497
0.335494
0.33552
0.33551
0.335521
0.335526
0.335518
0.335538
0.335527
0.335535
0.335532
0.335544
0.335547
0.335553
0.335565
0.335543
0.335514
0.335524
0.335507
0.335491
0.335499
0.335499
0.335526
0.335507
0.335495
0.335503
0.335504
0.335505
0.335493
0.33548
0.335477
0.335477
0.335475
0.335483
0.335507
0.335536
0.335534
0.335533
0.335524
0.335513
0.335508
0.33551
0.335514
0.335499
0.33548
0.335469
0.335465
0.335467
0.335504
0.335511
0.335515
0.335529
0.335527
0.335502
0.335497
0.335509
0.335509
0.335516
0.335518
0.335518
0.335516
0.335528
0.335564
0.335581
0.335582
0.335565
0.335564
0.335555
0.335547
0.335545
0.335567
0.335605
0.335609
0.335612
0.335618
0.335634
0.335622
0.335604
0.335608
0.335605
0.335606
0.335617
0.335601
0.335612
0.335609
0.335595
0.335589
0.335592
0.335586
0.335589
0.335586
0.335587
0.335595
0.335587
0.335578
0.335581
0.335578
0.335573
0.335588
0.335606
0.33562
0.335615
0.335646
0.335639
0.335608
0.335604
0.335583
0.335582
0.33558
0.335583
0.335563
0.335576
0.335581
0.335589
0.33559
0.335619
0.335609
0.335596
0.335588
0.33556
0.335542
0.335527
0.335558
0.335555
0.335566
0.335559
0.335545
0.335535
0.335534
0.335535
0.335552
0.33554
0.335518
0.335519
0.335527
0.335518
0.335546
0.33554
0.335545
0.335533
0.335522
0.335522
0.335528
0.335515
0.33551
0.335492
0.335492
0.335473
0.335474
0.33546
0.33547
0.33545
0.335464
0.335476
0.335455
0.335456
0.33545
0.335445
0.335433
0.335463
0.335472
0.335461
0.33545
0.335468
0.335465
0.33546
0.335447
0.335441
0.335438
0.335434
0.335449
0.335432
0.335451
0.335443
0.33543
0.335427
0.335437
0.33543
0.335451
0.335469
0.33549
0.335491
0.335511
0.335512
0.335505
0.335507
0.335504
0.335508
0.335482
0.335475
0.335476
0.335467
0.335479
0.335471
0.335483
0.33549
0.335485
0.335477
0.335479
0.335457
0.33544
0.335443
0.335451
0.335463
0.33546
0.33546
0.335475
0.335467
0.335479
0.335467
0.335495
0.335514
0.335513
0.335517
0.335497
0.335502
0.335504
0.335501
0.335517
0.335502
0.335504
0.335508
0.335496
0.335505
0.335508
0.335511
0.33552
0.335515
0.335509
0.335487
0.33549
0.335484
0.33549
0.335522
0.335532
0.335543
0.335539
0.335544
0.335549
0.335527
0.335537
0.335555
0.335549
0.335526
0.335552
0.335531
0.335534
0.335555
0.335532
0.335531
0.335521
0.335536
0.335522
0.335545
0.335528
0.33553
0.335516
0.335523
0.335526
0.33553
0.335524
0.335532
0.33553
0.335542
0.335544
0.335543
0.335546
0.335565
0.335568
0.335566
0.335585
0.335596
0.335597
0.335614
0.335599
0.335595
0.335601
0.335599
0.335592
0.335619
0.335613
0.335603
0.335593
0.335588
0.33558
0.335569
0.335575
0.335567
0.335571
0.335554
0.335531
0.335533
0.335535
0.335518
0.335507
0.335498
0.335501
0.3355
0.3355
0.335515
0.335521
0.33552
0.33551
0.3355
0.335492
0.335494
0.33552
0.335507
0.335498
0.3355
0.33549
0.335476
0.335457
0.335469
0.335477
0.335468
0.335485
0.335502
0.335497
0.3355
0.33551
0.335499
0.33548
0.335452
0.335449
0.335448
0.33546
0.335481
0.335509
0.335503
0.335509
0.335524
0.33552
0.335503
0.335501
0.335496
0.335489
0.335496
0.335497
0.335513
0.335513
0.335499
0.335486
0.335492
0.33551
0.335536
0.335538
0.335543
0.335516
0.335538
0.335528
0.335528
0.335534
0.335529
0.335507
0.335498
0.335507
0.335509
0.335502
0.335505
0.33549
0.335489
0.335486
0.335483
0.335483
0.335476
0.335458
0.335453
0.335456
0.33545
0.33545
0.335449
0.335444
0.335462
0.335497
0.335504
0.335488
0.335491
0.335482
0.335473
0.335478
0.335473
0.335469
0.335474
0.335458
0.335475
0.335458
0.335471
0.335477
0.335464
0.335474
0.335459
0.335452
0.335472
0.335469
0.335473
0.335449
0.335451
0.335435
0.335422
0.335429
0.335436
0.335442
0.335452
0.335453
0.33547
0.335478
0.33547
0.335481
0.335481
0.335473
0.335465
0.33546
0.335456
0.335444
0.335435
0.335441
0.335467
0.335461
0.335476
0.335483
0.335483
0.335489
0.335485
0.33549
0.33548
0.335457
0.335455
0.335453
0.335468
0.335465
0.33549
0.335495
0.335487
0.335483
0.335466
0.335464
0.335434
0.335426
0.335413
0.335408
0.335396
0.33538
0.33537
0.335379
0.335371
0.335368
0.335365
0.335369
0.335351
0.335334
0.335339
0.335339
0.335325
0.335322
0.335337
0.335327
0.335327
0.335309
0.335305
0.335313
0.335322
0.33531
0.3353
0.335324
0.335325
0.33533
0.335321
0.335315
0.33533
0.335345
0.335339
0.335331
0.335317
0.335306
0.335332
0.335333
0.335328
0.335327
0.335345
0.335342
0.335322
0.335325
0.335309
0.335322
0.335307
0.335316
0.335299
0.335294
0.335288
0.335299
0.335298
0.335296
0.3353
0.335298
0.335284
0.335274
0.335275
0.335276
0.335264
0.335255
0.335247
0.335233
0.335228
0.335219
0.335223
0.335258
0.33527
0.335256
0.335254
0.335248
0.335247
0.335253
0.335244
0.335239
0.335246
0.335263
0.335241
0.335261
0.335284
0.335272
0.33528
0.335285
0.33529
0.335273
0.335265
0.33526
0.335253
0.33525
0.335257
0.335243
0.335238
0.335237
0.335213
0.335233
0.335231
0.335249
0.335253
0.335237
0.33523
0.335257
0.335262
0.335293
0.335307
0.335328
0.335345
0.335364
0.335362
0.335367
0.335378
0.335366
0.335357
0.335373
0.335371
0.335381
0.33539
0.335391
0.335389
0.335407
0.335405
0.335404
0.335403
0.335404
0.33541
0.335419
0.335418
0.335419
0.335433
0.335438
0.33547
0.33547
0.335474
0.335478
0.335491
0.3355
0.335503
0.33549
0.335471
0.335478
0.33546
0.335476
0.335466
0.335472
0.335482
0.335474
0.335486
0.335499
0.335519
0.335547
0.335534
0.335539
0.335527
0.335518
0.335511
0.335488
0.335503
0.335504
0.335511
0.335511
0.335497
0.335513
0.335502
0.335511
0.335513
0.335512
0.335511
0.335514
0.335508
0.335517
0.335515
0.335509
0.335498
0.335489
0.335507
0.335504
0.335507
0.335523
0.335533
0.335542
0.335534
0.335532
0.335511
0.335508
0.335501
0.335492
0.335457
0.335475
0.335468
0.335479
0.33549
0.335505
0.335487
0.335487
0.335504
0.335505
0.335514
0.335519
0.335523
0.335497
0.335483
0.33547
0.335469
0.335476
0.335476
0.335468
0.335464
0.335462
0.335451
0.335444
0.335445
0.335433
0.335449
0.335445
0.335443
0.335436
0.335427
0.33544
0.335442
0.335432
0.335424
0.335422
0.335422
0.335397
0.335388
0.3354
0.335415
0.335431
0.335429
0.335414
0.33541
0.335406
0.33542
0.335425
0.335427
0.335428
0.335436
0.335423
0.335422
0.335422
0.335421
0.335414
0.335417
0.335402
0.335407
0.335411
0.33542
0.335408
0.335396
0.335383
0.335389
0.335405
0.335392
0.335369
0.335333
0.335346
0.335333
0.335318
0.335313
0.335302
0.335256
0.335222
0.335211
0.335204
0.335214
0.335218
0.335222
0.33523
0.335236
0.335236
0.335242
0.335248
0.335268
0.335275
0.335259
0.335246
0.33524
0.335228
0.335226
0.335221
0.335207
0.335217
0.335204
0.335173
0.335166
0.335159
0.335183
0.335182
0.335185
0.335174
0.335166
0.335172
0.335172
0.335156
0.335145
0.335162
0.335157
0.335149
0.335155
0.335157
0.335166
0.335156
0.335151
0.335138
0.335135
0.335144
0.335143
0.335142
0.335141
0.335149
0.335145
0.335148
0.335143
0.335149
0.335144
0.335137
0.335135
0.33515
0.335154
0.335152
0.335129
0.335124
0.335112
0.335103
0.335096
0.335084
0.335077
0.335078
0.335079
0.335067
0.335066
0.33507
0.335081
0.335072
0.335076
0.335076
0.335085
0.335074
0.335088
0.335071
0.335063
0.335055
0.335037
0.335027
0.335032
0.335044
0.335047
0.335047
0.335055
0.335046
0.335054
0.335041
0.335048
0.335042
0.335055
0.335052
0.335051
0.335052
0.335072
0.335062
0.335078
0.335095
0.335082
0.335103
0.335114
0.335093
0.3351
0.335098
0.335101
0.335106
0.335113
0.335108
0.335118
0.335113
0.335107
0.33511
0.335108
0.33511
0.335109
0.335097
0.335078
0.335077
0.335083
0.335096
0.335096
0.335073
0.335085
0.335068
0.335055
0.335048
0.335061
0.335063
0.335063
0.335075
0.335067
0.335049
0.335037
0.335007
0.334992
0.334978
0.335004
0.335028
0.335031
0.335027
0.335048
0.335057
0.335051
0.33505
0.335037
0.335029
0.33503
0.335041
0.335034
0.335019
0.335024
0.335035
0.335041
0.335048
0.33507
0.335074
0.335073
0.335081
0.335065
0.33507
0.335078
0.335067
0.335075
0.335094
0.335091
0.335108
0.335111
0.335114
0.335125
0.335126
0.335129
0.335126
0.335101
0.335105
0.3351
0.335102
0.335119
0.335124
0.335132
0.335119
0.33511
0.335093
0.33509
0.335079
0.335079
0.335079
0.335083
0.335066
0.335062
0.335068
0.335073
0.335065
0.335054
0.335052
0.335048
0.335064
0.335053
0.33504
0.335035
0.335027
0.335019
0.335034
0.335022
0.335027
0.335032
0.335026
0.335038
0.33505
0.335077
0.335085
0.335086
0.33509
0.335098
0.335089
0.335099
0.335074
0.335075
0.335069
0.335071
0.335082
0.335089
0.335074
0.33507
0.335069
0.335076
0.335047
0.335048
0.335044
0.335039
0.33506
0.335069
0.335068
0.33508
0.33507
0.33506
0.335052
0.335039
0.335034
0.335041
0.33504
0.335052
0.335066
0.335052
0.335051
0.335051
0.335061
0.335051
0.335054
0.335037
0.335042
0.335043
0.335051
0.335033
0.335015
0.335008
0.334994
0.334999
0.335019
0.335024
0.335024
0.335029
0.335028
0.335026
0.335026
0.335019
0.335007
0.335
0.335019
0.335021
0.335009
0.335015
0.335038
0.335057
0.335045
0.335047
0.335056
0.335038
0.335029
0.335006
0.335019
0.335027
0.335031
0.335024
0.335041
0.335049
0.335045
0.33504
0.335027
0.335025
0.335018
0.335022
0.335011
0.335025
0.335034
0.335037
0.335021
0.335033
0.335046
0.335036
0.335044
0.335041
0.335039
0.33502
0.335008
0.335016
0.335015
0.335018
0.335018
0.335016
0.335035
0.335043
0.335035
0.335038
0.335034
0.335044
0.335047
0.335057
0.335047
0.335042
0.335044
0.335044
0.335063
0.335079
0.33508
0.335077
0.335087
0.335108
0.335103
0.335108
0.335094
0.335093
0.33511
0.335092
0.335075
0.335079
0.33508
0.335058
0.335036
0.335038
0.335039
0.335033
0.335025
0.335023
0.33502
0.33501
0.335008
0.33499
0.334981
0.334984
0.334977
0.334971
0.334991
0.334989
0.334999
0.334983
0.334973
0.334995
0.334998
0.335003
0.335
0.334992
0.334996
0.335013
0.33503
0.335024
0.335031
0.335018
0.335017
0.335016
0.335021
0.335022
0.335032
0.335045
0.335022
0.335035
0.335024
0.335029
0.335013
0.335001
0.335015
0.335018
0.335023
0.335026
0.33503
0.335023
0.335018
0.33502
0.335015
0.335008
0.334997
0.335003
0.334988
0.33498
0.33498
0.334978
0.33498
0.334982
0.334984
0.334991
0.334993
0.334993
0.334981
0.334974
0.334975
0.334965
0.334959
0.334958
0.33496
0.334963
0.334948
0.334959
0.334959
0.334954
0.334955
0.334949
0.33496
0.334964
0.334981
0.334998
0.334996
0.335006
0.334997
0.334993
0.33499
0.334981
0.334963
0.334967
0.334986
0.334994
0.334974
0.334985
0.334955
0.334956
0.334948
0.334943
0.334933
0.334932
0.334938
0.334933
0.334923
0.334909
0.334901
0.334893
0.334902
0.334897
0.334904
0.334894
0.334899
0.334893
0.334908
0.334904
0.334883
0.334888
0.334883
0.334888
0.33491
0.334897
0.334901
0.334902
0.33489
0.334894
0.334889
0.334879
0.334896
0.334873
0.334855
0.33486
0.334861
0.334872
0.334868
0.334863
0.334859
0.334854
0.334843
0.334846
0.334841
0.334847
0.334829
0.334832
0.334823
0.334827
0.334843
0.334835
0.334845
0.334866
0.334873
0.334879
0.334896
0.334891
0.334887
0.334891
0.334895
0.334891
0.334878
0.334884
0.334881
0.334898
0.33489
0.334898
0.334888
0.334875
0.334876
0.33487
0.334861
0.334873
0.334869
0.334869
0.334865
0.334866
0.334875
0.334884
0.334877
0.334866
0.334865
0.334872
0.334864
0.334853
0.334846
0.334849
0.334841
0.334851
0.334847
0.334841
0.334848
0.334841
0.334822
0.334814
0.334817
0.33482
0.334824
0.334829
0.334823
0.334816
0.334827
0.334818
0.334817
0.33483
0.334846
0.334853
0.334854
0.334843
0.334853
0.334835
0.33483
0.334832
0.334831
0.334843
0.334833
0.334831
0.33484
0.334855
0.33486
0.334863
0.334863
0.334855
0.33485
0.33487
0.334873
0.334859
0.334859
0.334865
0.334878
0.334884
0.334886
0.3349
0.334902
0.334902
0.334912
0.334922
0.334914
0.334908
0.33491
0.334905
0.334913
0.334915
0.33491
0.334905
0.334911
0.334916
0.334917
0.334913
0.334909
0.334893
0.334905
0.334899
0.334909
0.334907
0.334904
0.334897
0.334901
0.334888
0.334869
0.334874
0.334872
0.33488
0.334897
0.33489
0.334883
0.334884
0.334892
0.334888
0.334897
0.334916
0.33491
0.334913
0.334923
0.334918
0.334913
0.334901
0.3349
0.334908
0.334907
0.334906
0.334902
0.334897
0.334898
0.334897
0.334902
0.334908
0.334912
0.334903
0.3349
0.3349
0.334917
0.334898
0.334911
0.334903
0.334886
0.33488
0.334886
0.334881
0.334879
0.334883
0.33488
0.334881
0.33488
0.334874
0.334858
0.334847
0.334851
0.334852
0.334861
0.334863
0.334875
0.334885
0.334868
0.334878
0.334872
0.334891
0.334891
0.334889
0.3349
0.334903
0.3349
0.334898
0.334897
0.334892
0.334868
0.334866
0.334864
0.334845
0.334841
0.334835
0.334815
0.334828
0.334822
0.334819
0.334823
0.334816
0.334796
0.334805
0.334828
0.334825
0.334831
0.334837
0.334831
0.334831
0.334847
0.334847
0.334842
0.334847
0.334843
0.334842
0.334854
0.334852
0.334844
0.334851
0.334862
0.334876
0.334868
0.33486
0.334854
0.334858
0.334864
0.334862
0.334869
0.334863
0.334857
0.334853
0.334854
0.334847
0.334856
0.334856
0.33486
0.334868
0.334858
0.334854
0.334842
0.334841
0.334822
0.334807
0.334813
0.334824
0.33483
0.334843
0.334839
0.334836
0.334841
0.334849
0.334863
0.334854
0.334843
0.33485
0.334855
0.334854
0.334852
0.334854
0.334845
0.334849
0.334862
0.334878
0.334897
0.334904
0.334903
0.334911
0.334898
0.334911
0.334903
0.334887
0.334898
0.334883
0.334884
0.334896
0.3349
0.334898
0.334887
0.334892
0.334878
0.33487
0.334875
0.33487
0.334876
0.334878
0.334894
0.334893
0.334899
0.334908
0.33492
0.334924
0.334925
0.334929
0.334937
0.334946
0.334959
0.334956
0.33497
0.334981
0.334973
0.334971
0.334976
0.334989
0.334973
0.334985
0.335004
0.335001
0.334999
0.33501
0.335014
0.335009
0.335011
0.335004
0.335001
0.334993
0.334983
0.334957
0.334941
0.334931
0.334917
0.334914
0.334875
0.334872
0.334862
0.334853
0.334858
0.334858
0.334869
0.33487
0.334876
0.334884
0.334888
0.334886
0.334885
0.334883
0.334877
0.334867
0.3349
0.334907
0.334917
0.334931
0.334933
0.334934
0.334921
0.33493
0.334919
0.334921
0.334925
0.334931
0.334931
0.334938
0.334932
0.334935
0.334933
0.334951
0.334956
0.334963
0.334958
0.334947
0.334945
0.334948
0.334956
0.334959
0.334953
0.334955
0.334938
0.334929
0.334916
0.334911
0.334891
0.334882
0.33488
0.334852
0.334852
0.334845
0.33485
0.334847
0.334856
0.334858
0.334869
0.334858
0.334851
0.33486
0.334866
0.33488
0.334873
0.334857
0.334861
0.334862
0.33487
0.334881
0.334894
0.3349
0.334878
0.334867
0.334867
0.334866
0.334871
0.334865
0.334861
0.334858
0.334853
0.334882
0.334894
0.334901
0.334895
0.334884
0.3349
0.3349
0.334889
0.334898
0.334888
0.334892
0.33489
0.33488
0.334874
0.334865
0.334879
0.334867
0.334878
0.334876
0.334871
0.334878
0.334904
0.33491
0.334928
0.334938
0.334953
0.334958
0.33496
0.334968
0.334969
0.334962
0.334951
0.334948
0.334953
0.334938
0.334939
0.334924
0.334919
0.334927
0.334925
0.334915
0.334917
0.334927
0.334938
0.334939
0.334941
0.334943
0.334938
0.334954
0.334951
0.334964
0.334963
0.334965
0.334976
0.334983
0.334982
0.334987
0.33497
0.334975
0.334954
0.334947
0.334937
0.334928
0.334903
0.334908
0.334905
0.334893
0.334879
0.334874
0.334878
0.334875
0.334874
0.334868
0.334875
0.334877
0.334865
0.334862
0.334876
0.334876
0.334862
0.334857
0.334863
0.334885
0.334896
0.334894
0.334894
0.334894
0.334906
0.334911
0.334907
0.33489
0.334883
0.334893
0.334894
0.334909
0.33491
0.334929
0.334926
0.334926
0.334928
0.334931
0.33493
0.334943
0.334935
0.334925
0.334932
0.334936
0.334937
0.334955
0.334967
0.334975
0.334982
0.334972
0.334958
0.334962
0.334957
0.334944
0.33493
0.334926
0.334919
0.334904
0.334909
0.334897
0.334884
0.334886
0.334897
0.334909
0.334917
0.334903
0.334898
0.334916
0.334915
0.334927
0.334936
0.334936
0.334935
0.334942
0.33494
0.334942
0.334941
0.334939
0.334941
0.334938
0.334947
0.33494
0.334939
0.334937
0.334927
0.33492
0.334929
0.334909
0.334896
0.33488
0.334886
0.334866
0.334854
0.334857
0.334844
0.334828
0.334825
0.334813
0.334819
0.334825
0.334812
0.334822
0.334815
0.334829
0.334841
0.334833
0.334845
0.334863
0.334864
0.334872
0.334873
0.334875
0.334874
0.334867
0.33487
0.334872
0.334888
0.33489
0.334892
0.334893
0.334889
0.334871
0.334875
0.334872
0.33485
0.334845
0.334852
0.334866
0.334877
0.334869
0.334857
0.33485
0.33485
0.334858
0.33487
0.334871
0.334875
0.334886
0.334891
0.334882
0.334877
0.33487
0.334881
0.334884
0.33489
0.33488
0.334879
0.33488
0.334862
0.334877
0.334867
0.33485
0.33485
0.334856
0.334869
0.334869
0.334875
0.334883
0.334899
0.334911
0.334917
0.334911
0.334895
0.334907
0.334905
0.334918
0.334936
0.334939
0.334948
0.334941
0.33496
0.334964
0.334973
0.334976
0.334969
0.334951
0.334952
0.334941
0.334952
0.334955
0.334953
0.334967
0.334969
0.334964
0.334959
0.334969
0.334978
0.334975
0.33497
0.334971
0.334967
0.334946
0.334949
0.334944
0.334952
0.334942
0.334941
0.334959
0.334955
0.334964
0.334966
0.334967
0.334964
0.33495
0.334945
0.33492
0.334916
0.334922
0.334924
0.334923
0.334929
0.334926
0.334926
0.334914
0.334914
0.33493
0.334924
0.334921
0.334917
0.334914
0.334921
0.334922
0.334922
0.334936
0.334915
0.334912
0.334899
0.334892
0.334893
0.334897
0.334901
0.334909
0.334917
0.334916
0.334919
0.334915
0.334896
0.334903
0.334908
0.334918
0.334922
0.334929
0.334942
0.334932
0.334947
0.334945
0.334932
0.33493
0.334952
0.334957
0.334968
0.334961
0.334965
0.334964
0.334974
0.334992
0.335003
0.335014
0.33502
0.335022
0.335023
0.335035
0.335041
0.335049
0.335054
0.33505
0.335039
0.335039
0.335048
0.335051
0.335046
0.335057
0.335066
0.33506
0.335046
0.335047
0.335039
0.335033
0.335034
0.335035
0.335039
0.335065
0.335071
0.335058
0.335073
0.335078
0.335088
0.335103
0.33512
0.335115
0.335121
0.33511
0.335101
0.335098
0.335098
0.33508
0.335085
0.335064
0.335052
0.33506
0.33505
0.33506
0.335063
0.335067
0.335053
0.335044
0.335051
0.335049
0.335059
0.335073
0.335059
0.335066
0.335063
0.335076
0.335082
0.335071
0.335055
0.335046
0.335044
0.335048
0.335041
0.335036
0.335043
0.335048
0.335037
0.335038
0.335036
0.335057
0.335063
0.335056
0.33504
0.335037
0.335042
0.335055
0.335049
0.335049
0.335061
0.335072
0.335066
0.335069
0.335066
0.335067
0.335082
0.335072
0.335084
0.335093
0.335101
0.335103
0.335107
0.335114
0.335115
0.335124
0.335129
0.33515
0.335145
0.335156
0.335165
0.335184
0.33518
0.335173
0.335181
0.335207
0.335218
0.335207
0.335221
0.335218
0.335209
0.335203
0.335213
0.335214
0.335201
0.335187
0.335206
0.335198
0.3352
0.33519
0.335183
0.335178
0.335186
0.335192
0.335181
0.335188
0.335185
0.335184
0.335182
0.335182
0.335169
0.335174
0.335172
0.335163
0.335156
0.335155
0.335156
0.335152
0.335167
0.335167
0.335191
0.335191
0.335182
0.335205
0.335188
0.335191
0.335194
0.33517
0.33517
0.335154
0.335138
0.335137
0.335132
0.335142
0.335139
0.335147
0.335146
0.335161
0.335152
0.335159
0.335169
0.335174
0.335186
0.335168
0.335169
0.335164
0.335161
0.335165
0.335157
0.335157
0.335153
0.335157
0.33514
0.335127
0.335119
0.335117
0.335116
0.335117
0.335104
0.335103
0.335094
0.335097
0.335092
0.335076
0.33508
0.335086
0.335087
0.335083
0.335077
0.335088
0.335092
0.335075
0.335059
0.335078
0.335081
0.335083
0.33508
0.335082
0.33509
0.335089
0.335087
0.335085
0.335084
0.335085
0.335095
0.335085
0.33509
0.335089
0.335089
0.33508
0.335083
0.33507
0.335084
0.335086
0.335081
0.335082
0.335069
0.335071
0.335069
0.335082
0.335074
0.335076
0.335082
0.335076
0.335075
0.335056
0.335051
0.335045
0.335057
0.335056
0.335067
0.33507
0.335073
0.335072
0.335077
0.335081
0.335063
0.335073
0.335066
0.335062
0.335059
0.335074
0.33505
0.335049
0.335051
0.335051
0.335056
0.335067
0.335054
0.335065
0.335058
0.335077
0.335064
0.335065
0.335061
0.335059
0.335055
0.335066
0.335069
0.335083
0.335075
0.335063
0.335056
0.335054
0.335057
0.335048
0.335047
0.335043
0.335051
0.335066
0.335074
0.33507
0.335063
0.335062
0.33507
0.335063
0.335053
0.335057
0.335064
0.335057
0.335061
0.335055
0.335054
0.335042
0.335042
0.335045
0.335058
0.335071
0.335075
0.335083
0.335097
0.335101
0.335097
0.335108
0.33511
0.335114
0.335111
0.335101
0.335111
0.33511
0.335108
0.335112
0.33512
0.335122
0.335123
0.335133
0.335138
0.335137
0.335128
0.335121
0.335127
0.335136
0.335134
0.335121
0.335109
0.335114
0.335113
0.335103
0.335096
0.335103
0.3351
0.335097
0.335104
0.33511
0.335128
0.335132
0.335147
0.335136
0.33513
0.335128
0.335123
0.335111
0.33512
0.335111
0.3351
0.335098
0.335091
0.335083
0.335084
0.335075
0.335075
0.335061
0.335061
0.335062
0.335074
0.335082
0.335078
0.335081
0.335069
0.33506
0.335069
0.335067
0.335061
0.335065
0.335064
0.335063
0.335055
0.335062
0.335075
0.335084
0.335089
0.33509
0.3351
0.335099
0.335103
0.335112
0.3351
0.335103
0.335103
0.335114
0.335115
0.335124
0.335121
0.335124
0.335121
0.335113
0.335112
0.335114
0.335103
0.335119
0.335113
0.335124
0.335114
0.335115
0.335107
0.3351
0.33509
0.335107
0.335106
0.335114
0.335113
0.335109
0.335105
0.335106
0.335084
0.335089
0.335092
0.335089
0.335091
0.335098
0.335102
0.335113
0.335114
0.33511
0.335107
0.33512
0.335111
0.335109
0.335097
0.335098
0.335104
0.335113
0.335111
0.335106
0.335108
0.335104
0.33511
0.335107
0.335099
0.335102
0.3351
0.335094
0.335103
0.335104
0.335108
0.335105
0.335101
0.335099
0.335102
0.335095
0.335094
0.335106
0.335106
0.335114
0.335125
0.335117
0.335121
0.335103
0.33511
0.335108
0.335102
0.335108
0.335113
0.335114
0.33511
0.335116
0.335117
0.335126
0.335136
0.335139
0.335145
0.335145
0.335129
0.335127
0.335114
0.335094
0.335107
0.335107
0.335105
0.335098
0.335099
0.335111
0.335096
0.335092
0.335108
0.335103
0.33511
0.335109
0.3351
0.335106
0.335108
0.335118
0.33511
0.3351
0.335118
0.335116
0.335122
0.335131
0.335133
0.335138
0.335149
0.335164
0.335167
0.335176
0.335182
0.335202
0.335205
0.335208
0.335217
0.335224
0.335235
0.335243
0.335251
0.33525
0.335249
0.335243
0.335245
0.335256
0.335264
0.335265
0.335272
0.335264
0.335271
0.335262
0.335261
0.335277
0.335274
0.335275
0.335279
0.33529
0.335282
0.335282
0.33528
0.335281
0.335271
0.335256
0.335261
0.33525
0.335246
0.335247
0.335256
0.335268
0.335268
0.335289
0.335286
0.335284
0.335286
0.335299
0.335301
0.335295
0.335283
0.335272
0.335271
0.335284
0.335288
0.335274
0.335265
0.335266
0.335277
0.33527
0.335271
0.335277
0.33526
0.335272
0.33527
0.33527
0.335272
0.335273
0.335278
0.335274
0.33527
0.335281
0.335281
0.335278
0.335278
0.335268
0.335262
0.335275
0.335288
0.335303
0.335313
0.335321
0.335328
0.335314
0.335308
0.335329
0.33532
0.335305
0.335309
0.335308
0.335307
0.335312
0.335312
0.335299
0.335294
0.335305
0.335301
0.335303
0.335315
0.335312
0.335319
0.335322
0.335327
0.335331
0.335328
0.335318
0.335312
0.335321
0.335325
0.335339
0.335354
0.335353
0.335352
0.335352
0.335338
0.33533
0.335342
0.335345
0.335337
0.335321
0.335341
0.335326
0.335332
0.335346
0.335343
0.33534
0.335346
0.335341
0.335343
0.335335
0.335329
0.335329
0.335334
0.335331
0.335335
0.335346
0.33535
0.335356
0.335351
0.335336
0.335335
0.335338
0.335335
0.335342
0.335333
0.335345
0.335343
0.335339
0.335336
0.335336
0.33534
0.33536
0.335369
0.335381
0.335389
0.335381
0.335374
0.335361
0.335362
0.33535
0.335359
0.335364
0.335365
0.335369
0.335366
0.335369
0.335369
0.335366
0.335354
0.335351
0.335346
0.335354
0.335367
0.335357
0.335353
0.335366
0.335358
0.335358
0.335354
0.335346
0.335332
0.335336
0.335346
0.335339
0.335326
0.335321
0.335338
0.335334
0.335355
0.335339
0.335345
0.335337
0.335337
0.335333
0.335348
0.335336
0.335333
0.335341
0.335331
0.335321
0.335316
0.335323
0.335301
0.335314
0.335315
0.335318
0.335328
0.335333
0.335341
0.335349
0.335348
0.335359
0.335368
0.33538
0.33539
0.335389
0.335396
0.3354
0.335399
0.33541
0.335402
0.335404
0.335409
0.335419
0.335423
0.335429
0.335425
0.335421
0.335427
0.335431
0.335427
0.335437
0.335433
0.335447
0.335451
0.335445
0.335453
0.33545
0.33546
0.335459
0.335468
0.335474
0.335458
0.335461
0.335465
0.335464
0.335452
0.335451
0.335454
0.335462
0.335472
0.335463
0.33546
0.335465
0.335473
0.335477
0.335474
0.335464
0.335475
0.335457
0.335455
0.33545
0.335455
0.335445
0.335443
0.335456
0.335453
0.335464
0.335479
0.33548
0.335481
0.335484
0.335485
0.335494
0.335496
0.335487
0.335492
0.335489
0.33548
0.335479
0.335468
0.335467
0.335466
0.335462
0.335464
0.335455
0.335463
0.335454
0.335449
0.335455
0.335452
0.335452
0.335452
0.335445
0.335444
0.335449
0.335447
0.335459
0.335471
0.335477
0.335475
0.33546
0.335457
0.335462
0.335464
0.335475
0.335462
0.335459
0.335453
0.335466
0.335465
0.335455
0.335452
0.335441
0.335442
0.335442
0.335442
0.335436
0.335429
0.335434
0.335436
0.335429
0.335434
0.335432
0.335432
0.33544
0.33543
0.335426
0.33543
0.335426
0.335427
0.33542
0.33542
0.335417
0.335415
0.335423
0.335404
0.335406
0.335385
0.335381
0.33537
0.335344
0.335339
0.335348
0.335349
0.335358
0.33535
0.335341
0.335338
0.33535
0.335331
0.335328
0.335335
0.33532
0.335313
0.335304
0.335295
0.335292
0.335304
0.335301
0.335306
0.335302
0.335296
0.335292
0.335289
0.335292
0.335297
0.335293
0.335285
0.335273
0.335267
0.335253
0.335243
0.335222
0.335217
0.335208
0.335201
0.335196
0.335214
0.335221
0.335206
0.335205
0.335196
0.335186
0.335197
0.335192
0.335182
0.335198
0.33522
0.335229
0.335238
0.335228
0.33524
0.335243
0.335237
0.335227
0.335229
0.335214
0.335226
0.335228
0.335232
0.33522
0.335223
0.33522
0.335217
0.335212
0.335213
0.335206
0.335204
0.335212
0.335205
0.3352
0.33521
0.335197
0.335197
0.335194
0.3352
0.335213
0.335204
0.335209
0.335216
0.335221
0.335236
0.335237
0.335249
0.335255
0.335265
0.335268
0.335279
0.335286
0.335292
0.33529
0.335282
0.335272
0.335268
0.335267
0.33527
0.335258
0.335266
0.33527
0.335259
0.335275
0.335257
0.335247
0.335238
0.335227
0.335212
0.335225
0.335233
0.335231
0.335219
0.335216
0.3352
0.335196
0.335185
0.335184
0.335181
0.335185
0.335182
0.335177
0.335163
0.335172
0.335174
0.335177
0.335181
0.335193
0.335203
0.33521
0.33521
0.335205
0.335201
0.335184
0.335202
0.33519
0.335194
0.335183
0.335181
0.335191
0.335206
0.335208
0.335198
0.335193
0.335205
0.335212
0.335209
0.335199
0.335191
0.335182
0.335185
0.335171
0.33516
0.335154
0.33514
0.335137
0.335136
0.335141
0.335145
0.335155
0.335162
0.335164
0.33515
0.33514
0.335132
0.335128
0.335116
0.335105
0.335103
0.335095
0.335105
0.335101
0.335089
0.335077
0.335079
0.335079
0.335071
0.335079
0.335073
0.335079
0.335074
0.335091
0.33508
0.335085
0.335078
0.335086
0.335083
0.335094
0.335108
0.33511
0.335113
0.335113
0.33511
0.335112
0.3351
0.335099
0.335093
0.335094
0.335094
0.335095
0.335094
0.335091
0.335096
0.335098
0.335092
0.33509
0.335088
0.335085
0.335094
0.335095
0.3351
0.335101
0.335106
0.335102
0.335107
0.335108
0.335108
0.335106
0.335097
0.335089
0.33509
0.3351
0.3351
0.335088
0.335087
0.335088
0.335081
0.335088
0.335091
0.33511
0.335094
0.335091
0.335096
0.335096
0.335112
0.335112
0.335112
0.335106
0.335093
0.335085
0.335093
0.335091
0.335088
0.335098
0.335098
0.335122
0.335122
0.335107
0.335102
0.33511
0.33512
0.335126
0.335118
0.335119
0.335122
0.335123
0.33512
0.335115
0.335116
0.335115
0.335123
0.335138
0.335151
0.335155
0.33516
0.335165
0.335165
0.335158
0.33516
0.335161
0.335153
0.335159
0.335162
0.335164
0.335175
0.335184
0.335187
0.335191
0.335186
0.33519
0.335172
0.335163
0.335161
0.33516
0.335158
0.335161
0.335165
0.335166
0.335173
0.335187
0.335188
0.335197
0.335194
0.335191
0.33519
0.335184
0.335199
0.335196
0.335195
0.335199
0.3352
0.335204
0.335218
0.335212
0.335211
0.33521
0.335202
0.335209
0.335215
0.335213
0.335225
0.335229
0.335229
0.335222
0.335209
0.335198
0.335182
0.335184
0.335186
0.335181
0.335178
0.335169
0.335171
0.335161
0.335154
0.335156
0.33516
0.335153
0.335151
0.335144
0.335146
0.33513
0.335143
0.335142
0.335136
0.335128
0.335126
0.335122
0.33511
0.335111
0.335115
0.335108
0.335111
0.335103
0.335104
0.335107
0.335112
0.335122
0.335123
0.33513
0.335124
0.33512
0.335112
0.335116
0.335127
0.335129
0.335145
0.335152
0.335152
0.335161
0.335149
0.335144
0.335151
0.33514
0.335127
0.335123
0.335131
0.335138
0.335137
0.335125
0.33512
0.335128
0.335128
0.335116
0.335121
0.335116
0.335117
0.335123
0.335119
0.335107
0.335115
0.335113
0.335107
0.335101
0.335103
0.335104
0.335104
0.335108
0.335105
0.335104
0.335095
0.335094
0.335096
0.335092
0.335105
0.335111
0.335111
0.335108
0.335106
0.33511
0.335104
0.335105
0.335108
0.3351
0.335108
0.335107
0.335118
0.335116
0.335108
0.335098
0.335107
0.335106
0.335102
0.335113
0.335118
0.335112
0.335121
0.335105
0.335098
0.335096
0.335103
0.335104
0.335114
0.335111
0.335101
0.335104
0.335109
0.335106
0.335109
0.335111
0.335106
0.335114
0.335122
0.335114
0.335124
0.335133
0.335128
0.335115
0.335121
0.335102
0.335104
0.335116
0.335124
0.335116
0.335125
0.335134
0.335132
0.335124
0.335127
0.335126
0.335124
0.335121
0.335116
0.335129
0.335125
0.335131
0.335118
0.335127
0.335128
0.335123
0.33513
0.335125
0.335118
0.335117
0.335129
0.335123
0.335118
0.335129
0.335114
0.335107
0.335111
0.335108
0.335112
0.33511
0.335116
0.335117
0.335111
0.335101
0.335104
0.335105
0.335099
0.335111
0.335099
0.335108
0.335113
0.335107
0.335111
0.335093
0.335092
0.335097
0.335101
0.335102
0.335079
0.335068
0.33507
0.335069
0.335078
0.335081
0.33508
0.335072
0.335077
0.335083
0.335074
0.335072
0.335078
0.335077
0.335068
0.335063
0.335063
0.335066
0.335072
0.335079
0.335074
0.33509
0.335094
0.335085
0.335082
0.335073
0.335069
0.335075
0.335082
0.335093
0.335099
0.3351
0.335098
0.335094
0.335085
0.335079
0.335074
0.335078
0.335094
0.335097
0.335088
0.335096
0.335097
0.335109
0.335102
0.335111
0.335115
0.335123
0.33513
0.335127
0.335134
0.335131
0.335135
0.33513
0.335137
0.335132
0.335143
0.335139
0.335127
0.335126
0.335119
0.335125
0.335123
0.335128
0.335131
0.335138
0.335134
0.335132
0.335127
0.335129
0.335138
0.335132
0.335121
0.335111
0.335112
0.33511
0.335099
0.335092
0.335103
0.33511
0.335104
0.335099
0.33511
0.335113
0.335124
0.335116
0.335111
0.335114
0.335101
0.335102
0.335107
0.335119
0.335126
0.335134
0.335136
0.335125
0.335129
0.335132
0.335129
0.335137
0.335153
0.335161
0.33517
0.335177
0.33518
0.335175
0.335182
0.335195
0.335198
0.335198
0.335209
0.335215
0.335218
0.33522
0.335217
0.335227
0.335219
0.335215
0.335212
0.33521
0.335219
0.335222
0.335225
0.335214
0.335203
0.3352
0.335201
0.335207
0.335207
0.335205
0.3352
0.335211
0.335221
0.33522
0.33523
0.335217
0.335225
0.335219
0.33523
0.335231
0.335225
0.33521
0.335196
0.335209
0.335207
0.335213
0.335204
0.335207
0.335203
0.335196
0.335192
0.335189
0.335195
0.335196
0.3352
0.335191
0.335197
0.335211
0.335214
0.335222
0.335215
0.335212
0.335202
0.335209
0.335212
0.335211
0.335218
0.335216
0.335207
0.335206
0.335198
0.335198
0.335194
0.335188
0.335186
0.335189
0.335171
0.335144
0.335162
0.335159
0.335156
0.335151
0.33516
0.335155
0.335165
0.335153
0.335143
0.335141
0.335133
0.335136
0.335126
0.335119
0.335131
0.335127
0.335125
0.335114
0.335127
0.335121
0.335124
0.335127
0.33512
0.335116
0.335136
0.335137
0.335144
0.335144
0.335133
0.335128
0.335126
0.335118
0.335124
0.335131
0.335137
0.335134
0.335126
0.335119
0.335126
0.335135
0.335133
0.335136
0.33514
0.335126
0.335129
0.335127
0.335132
0.33513
0.335128
0.335127
0.335137
0.335144
0.335146
0.335166
0.335175
0.335176
0.335176
0.335183
0.335176
0.33518
0.335185
0.335173
0.335174
0.335178
0.335185
0.33518
0.335176
0.335166
0.335167
0.335176
0.33517
0.335168
0.335153
0.335148
0.335137
0.335144
0.335134
0.335134
0.335138
0.33514
0.335151
0.33515
0.335162
0.335164
0.335165
0.335155
0.335143
0.335132
0.33513
0.335133
0.335115
0.335118
0.335124
0.335133
0.33513
0.335115
0.335115
0.335114
0.335117
0.335113
0.33512
0.335125
0.335124
0.335128
0.335142
0.335153
0.335155
0.335154
0.335155
0.33516
0.33517
0.335162
0.335171
0.335177
0.335172
0.335181
0.335187
0.335195
0.335192
0.335191
0.335204
0.335199
0.335209
0.335214
0.335211
0.33522
0.335236
0.335245
0.335242
0.335229
0.335238
0.33523
0.33523
0.335229
0.335232
0.335229
0.335229
0.335226
0.335217
0.335207
0.335208
0.335211
0.3352
0.335195
0.335208
0.335219
0.335207
0.335212
0.335211
0.335213
0.33522
0.335219
0.335219
0.335205
0.335211
0.335214
0.335222
0.335215
0.335216
0.335222
0.335224
0.335211
0.335212
0.335211
0.33521
0.335214
0.335199
0.335207
0.335205
0.33521
0.335204
0.335198
0.335211
0.335205
0.335216
0.335217
0.33521
0.335201
0.3352
0.335213
0.33521
0.335221
0.335224
0.335214
0.335219
0.335216
0.335214
0.335227
0.335236
0.335234
0.335238
0.335243
0.335243
0.335242
0.335236
0.335242
0.335238
0.335231
0.335234
0.335222
0.335229
0.335229
0.335227
0.335211
0.335214
0.33521
0.335202
0.335202
0.335194
0.335195
0.335197
0.335196
0.335193
0.3352
0.335195
0.335205
0.335197
0.335206
0.335212
0.335213
0.335206
0.335194
0.335189
0.335182
0.335177
0.335182
0.335174
0.33518
0.335187
0.335191
0.335198
0.335192
0.335177
0.335168
0.335169
0.33518
0.335181
0.33518
0.335174
0.33517
0.335169
0.335156
0.335152
0.33516
0.335152
0.335156
0.335157
0.335156
0.335154
0.335172
0.335174
0.335181
0.335186
0.335202
0.335201
0.335194
0.335182
0.33518
0.335193
0.335185
0.335174
0.335167
0.335168
0.335159
0.335155
0.335155
0.335163
0.335146
0.335143
0.335152
0.335145
0.335142
0.335143
0.335143
0.335143
0.335141
0.335146
0.335151
0.335154
0.335145
0.335142
0.335142
0.33515
0.335169
0.335169
0.335185
0.335188
0.335207
0.33521
0.335212
0.335212
0.335218
0.335212
0.335204
0.335199
0.335202
0.335209
0.335213
0.335216
0.335219
0.33524
0.335233
0.335231
0.335216
0.335208
0.335216
0.335213
0.335209
0.335206
0.335209
0.335211
0.335201
0.335199
0.335208
0.335218
0.335206
0.335209
0.335206
0.335211
0.335203
0.335198
0.335197
0.335189
0.335195
0.335203
0.335194
0.335187
0.335185
0.33518
0.335181
0.335178
0.335164
0.335154
0.335159
0.335154
0.335161
0.335161
0.335162
0.33516
0.335155
0.33515
0.335149
0.335146
0.335146
0.335153
0.335144
0.335144
0.335147
0.335154
0.335147
0.335125
0.335121
0.33513
0.335125
0.335121
0.335111
0.335111
0.335109
0.335103
0.335112
0.335116
0.335117
0.335118
0.335113
0.335113
0.335112
0.33511
0.335099
0.335103
0.335102
0.335105
0.335099
0.335101
0.335104
0.335108
0.335107
0.335116
0.335118
0.335119
0.335119
0.335113
0.3351
0.3351
0.335095
0.335095
0.33509
0.335088
0.3351
0.335109
0.335106
0.335098
0.335102
0.335116
0.335126
0.335122
0.335126
0.335114
0.33511
0.335103
0.335097
0.335099
0.335093
0.335078
0.335067
0.335066
0.335058
0.335056
0.335052
0.335048
0.335041
0.335057
0.335071
0.335069
0.335066
0.335083
0.335075
0.33508
0.335071
0.335071
0.335073
0.335069
0.33506
0.335047
0.335047
0.335039
0.335027
0.335041
0.335028
0.335043
0.335035
0.335032
0.335033
0.335034
0.335029
0.335029
0.335024
0.335029
0.335018
0.335029
0.335034
0.335026
0.335021
0.335022
0.335025
0.335017
0.335001
0.335012
0.334994
0.334993
0.335007
0.335021
0.335031
0.335031
0.335025
0.335026
0.335026
0.335017
0.33502
0.33503
0.335035
0.335037
0.33503
0.335038
0.33504
0.335039
0.335044
0.33504
0.335043
0.335051
0.335047
0.335043
0.335035
0.335031
0.335037
0.335038
0.335036
0.33503
0.33503
0.335031
0.335026
0.335032
0.335028
0.335029
0.335026
0.335021
0.335024
0.33503
0.33503
0.335031
0.335023
0.335023
0.335018
0.335023
0.335016
0.335015
0.335011
0.335014
0.335012
0.335017
0.335014
0.335019
0.335021
0.335032
0.335041
0.335046
0.335047
0.335047
0.335048
0.335044
0.335031
0.335026
0.335037
0.335057
0.335074
0.335072
0.335061
0.335057
0.335039
0.335035
0.335032
0.33501
0.335001
0.334993
0.334983
0.334976
0.334981
0.334975
0.33498
0.334979
0.334986
0.334987
0.334998
0.334998
0.335001
0.334998
0.335009
0.335
0.335004
0.335013
0.33502
0.335015
0.335022
0.335025
0.335046
0.335042
0.335048
0.335052
0.335056
0.335055
0.335059
0.335069
0.335072
0.33507
0.335082
0.335076
0.335081
0.33507
0.335063
0.33506
0.335062
0.335052
0.335049
0.335048
0.335053
0.335058
0.335068
0.335058
0.335051
0.335051
0.335054
0.335056
0.335063
0.335069
0.335068
0.335065
0.335059
0.335066
0.335061
0.335052
0.335047
0.33505
0.335055
0.335044
0.335045
0.33504
0.335048
0.33505
0.335046
0.33505
0.335045
0.335046
0.335059
0.33507
0.335073
0.335069
0.335071
0.33507
0.33507
0.335076
0.335074
0.33507
0.33507
0.33506
0.335066
0.335063
0.33506
0.335054
0.335049
0.335043
0.335046
0.335044
0.335042
0.335044
0.335045
0.335053
0.335055
0.335051
0.335048
0.335056
0.335047
0.335037
0.335035
0.335038
0.335034
0.335022
0.335009
0.335
0.334998
0.335002
0.334999
0.335012
0.335017
0.335017
0.335029
0.335019
0.335021
0.33502
0.335026
0.335021
0.335018
0.335023
0.335012
0.335015
0.335023
0.335032
0.335025
0.335018
0.335013
0.335019
0.33501
0.335016
0.335015
0.335021
0.335023
0.335034
0.335041
0.335046
0.335041
0.335046
0.335049
0.335044
0.335043
0.335046
0.335049
0.335054
0.335063
0.33506
0.335054
0.335048
0.33504
0.335054
0.335056
0.33506
0.335058
0.33506
0.335065
0.335068
0.33507
0.335063
0.335061
0.335067
0.335076
0.335067
0.335065
0.33507
0.335083
0.335077
0.335071
0.335079
0.335084
0.335081
0.33509
0.335085
0.335081
0.335085
0.335085
0.335085
0.335084
0.335085
0.335088
0.335088
0.335093
0.335076
0.335084
0.335089
0.335083
0.335087
0.33508
0.33507
0.335075
0.335074
0.335078
0.335085
0.335091
0.33509
0.335094
0.335091
0.335096
0.335094
0.335098
0.335087
0.335073
0.33508
0.335094
0.335086
0.335097
0.335074
0.335078
0.335084
0.335083
0.33508
0.335079
0.335083
0.335084
0.335085
0.335079
0.335076
0.335086
0.335095
0.335082
0.335097
0.335088
0.335088
0.335086
0.335079
0.335071
0.335076
0.335084
0.33508
0.335079
0.335081
0.33508
0.335082
0.335081
0.335079
0.335079
0.335071
0.33507
0.335073
0.335082
0.33508
0.335092
0.335086
0.335082
0.335075
0.335067
0.335069
0.335065
0.335066
0.335059
0.335065
0.335062
0.335063
0.335065
0.33507
0.335071
0.335085
0.335081
0.335079
0.335087
0.335091
0.335084
0.335078
0.335078
0.335083
0.335096
0.3351
0.335092
0.335077
0.335067
0.335057
0.335053
0.335053
0.335057
0.335054
0.335058
0.335058
0.335057
0.335075
0.335079
0.335073
0.335065
0.33506
0.335068
0.335073
0.335073
0.335082
0.335077
0.335078
0.335086
0.335091
0.335085
0.335074
0.335078
0.335081
0.335073
0.335072
0.335078
0.335073
0.335074
0.33507
0.335063
0.335057
0.335059
0.335061
0.335067
0.335063
0.335059
0.335056
0.335057
0.335046
0.335033
0.335026
0.335012
0.33501
0.335019
0.335011
0.335007
0.334998
0.334995
0.334989
0.33499
0.335006
0.335002
0.335011
0.335007
0.335017
0.335016
0.33502
0.335021
0.335026
0.335017
0.335016
0.335024
0.335032
0.335045
0.335047
0.335051
0.33505
0.335051
0.335055
0.335049
0.335057
0.335063
0.335065
0.335068
0.335069
0.335075
0.335068
0.335074
0.335076
0.335075
0.335086
0.335089
0.335088
0.335088
0.335089
0.335085
0.335088
0.335082
0.335091
0.335102
0.335106
0.335114
0.335108
0.335111
0.335105
0.335112
0.335112
0.335124
0.33513
0.335129
0.335143
0.335148
0.335145
0.335153
0.335154
0.335155
0.335161
0.335156
0.335156
0.335169
0.335177
0.335176
0.335178
0.335181
0.335182
0.335193
0.335185
0.335187
0.335191
0.33519
0.335191
0.335194
0.335178
0.335178
0.335168
0.335167
0.335158
0.335164
0.335173
0.335178
0.335186
0.335196
0.335194
0.335197
0.335197
0.335197
0.335188
0.335192
0.335188
0.335179
0.335173
0.335174
0.335175
0.335181
0.335176
0.335184
0.335187
0.33519
0.335183
0.33518
0.335188
0.335188
0.335188
0.335179
0.335178
0.335175
0.335176
0.33518
0.33518
0.335173
0.335175
0.335176
0.335173
0.335169
0.335166
0.335163
0.335178
0.335166
0.335189
0.335192
0.33519
0.335186
0.335184
0.335187
0.335189
0.335188
0.335195
0.335186
0.335184
0.335185
0.335186
0.335189
0.335187
0.335183
0.33519
0.335194
0.335209
0.335213
0.335203
0.335197
0.335204
0.335205
0.335201
0.335205
0.335194
0.335194
0.335195
0.335197
0.335197
0.335205
0.335209
0.335218
0.335209
0.335203
0.335209
0.335215
0.335212
0.335197
0.335173
0.335162
0.335149
0.335143
0.335127
0.335125
0.335121
0.335118
0.335114
0.335124
0.335125
0.33512
0.335115
0.335121
0.335119
0.335105
0.335099
0.335095
0.335098
0.335094
0.335098
0.335105
0.335112
0.335101
0.335097
0.335103
0.335107
0.335106
0.335107
0.335105
0.335115
0.335124
0.33513
0.335137
0.335131
0.335132
0.335133
0.335148
0.335157
0.335157
0.335159
0.335159
0.335162
0.335168
0.335178
0.335183
0.335187
0.335189
0.335198
0.335196
0.335194
0.335199
0.335196
0.335206
0.335205
0.335212
0.335209
0.335203
0.335205
0.335204
0.3352
0.335193
0.335192
0.335197
0.33519
0.335193
0.335194
0.335192
0.335184
0.335193
0.335196
0.335187
0.335181
0.335189
0.335183
0.335196
0.335193
0.335203
0.335208
0.335205
0.335201
0.335212
0.33522
0.335217
0.33522
0.33521
0.335203
0.3352
0.335202
0.335212
0.33522
0.33521
0.33522
0.335214
0.335223
0.335216
0.335214
0.335213
0.335214
0.335219
0.335212
0.335211
0.335225
0.335227
0.335221
0.335201
0.335197
0.335198
0.335201
0.33521
0.335198
0.335198
0.335197
0.335197
0.335195
0.335204
0.335188
0.335179
0.335175
0.335176
0.335171
0.335168
0.335177
0.335176
0.335174
0.335163
0.33517
0.33517
0.33518
0.335182
0.335171
0.33517
0.335169
0.33517
0.335165
0.335165
0.335176
0.335183
0.335189
0.335173
0.335178
0.335183
0.335175
0.335181
0.335175
0.335168
0.335151
0.335161
0.335151
0.335149
0.335143
0.335149
0.335153
0.335146
0.335144
0.335136
0.335136
0.335125
0.335127
0.335123
0.335111
0.335106
0.335106
0.335102
0.335108
0.33511
0.335114
0.335108
0.335111
0.335103
0.335104
0.335096
0.335099
0.335097
0.335101
0.335101
0.335099
0.3351
0.335096
0.335095
0.335097
0.335103
0.33511
0.3351
0.335098
0.335093
0.335093
0.335085
0.335074
0.335077
0.335077
0.335078
0.335072
0.335065
0.335073
0.335082
0.335087
0.335086
0.335095
0.335103
0.33511
0.335116
0.335121
0.335128
0.335135
0.335135
0.335126
0.335127
0.33511
0.335111
0.335109
0.33512
0.335125
0.335128
0.335135
0.335133
0.335143
0.33516
0.335165
0.335169
0.335169
0.335171
0.335168
0.335157
0.335146
0.335137
0.335138
0.335151
0.335145
0.335146
0.335151
0.335151
0.33514
0.335144
0.335144
0.335145
0.335146
0.335149
0.335152
0.335138
0.335141
0.335137
0.335139
0.33513
0.335133
0.335134
0.335129
0.335145
0.335149
0.335148
0.335161
0.335166
0.335166
0.335173
0.335175
0.33518
0.335183
0.335193
0.335214
0.335212
0.335211
0.335206
0.335204
0.335202
0.33521
0.335211
0.335198
0.3352
0.335201
0.335212
0.335213
0.335216
0.335219
0.335222
0.335218
0.335214
0.335213
0.33522
0.33522
0.335227
0.335225
0.335236
0.335237
0.335237
0.335235
0.335239
0.335221
0.335223
0.335227
0.335225
0.335227
0.335236
0.335239
0.335243
0.335238
0.33524
0.335249
0.335254
0.335237
0.335241
0.335246
0.335251
0.335245
0.335242
0.335235
0.335233
0.335233
0.335238
0.335238
0.335249
0.335252
0.335245
0.335243
0.335245
0.335248
0.335248
0.335251
0.335253
0.335244
0.335248
0.335257
0.33526
0.335256
0.335245
0.335243
0.335243
0.335237
0.335241
0.335239
0.335247
0.33525
0.335246
0.335251
0.335246
0.335252
0.335244
0.335254
0.335253
0.335252
0.335238
0.335236
0.335252
0.335239
0.335234
0.335229
0.335231
0.33523
0.335228
0.335218
0.335208
0.335211
0.335204
0.335203
0.335201
0.335199
0.335197
0.3352
0.335208
0.335218
0.335222
0.335222
0.33522
0.335224
0.335223
0.335215
0.335213
0.335214
0.335211
0.335209
0.335215
0.335214
0.335215
0.33522
0.335223
0.335223
0.335235
0.335242
0.335239
0.335232
0.335229
0.335229
0.335223
0.335219
0.335222
0.335211
0.335216
0.335206
0.335208
0.335202
0.335201
0.335193
0.335209
0.335213
0.335212
0.335209
0.335215
0.335213
0.335223
0.335229
0.335234
0.335234
0.335231
0.335233
0.335227
0.335226
0.335234
0.335241
0.335244
0.335244
0.335254
0.335264
0.335262
0.335265
0.335266
0.335271
0.335266
0.335256
0.335255
0.335242
0.335245
0.335249
0.335255
0.335247
0.33525
0.335243
0.335245
0.335244
0.335241
0.33524
0.33524
0.335246
0.335242
0.335246
0.335236
0.33524
0.335234
0.335229
0.335235
0.335234
0.335234
0.33523
0.335228
0.335234
0.335236
0.33524
0.335234
0.33523
0.335238
0.335235
0.335231
0.335233
0.335236
0.335241
0.335222
0.335223
0.335225
0.335226
0.335232
0.33522
0.335219
0.335233
0.335224
0.335226
0.33522
0.335221
0.335218
0.335223
0.335227
0.335234
0.335243
0.335251
0.335267
0.335262
0.335261
0.335257
0.335261
0.335253
0.335242
0.335248
0.335246
0.335249
0.335252
0.335257
0.335254
0.335253
0.335256
0.335249
0.335249
0.335252
0.335253
0.335257
0.335258
0.335262
0.335256
0.335263
0.335267
0.335276
0.335265
0.335268
0.335274
0.335273
0.335272
0.335269
0.335267
0.335267
0.335263
0.335269
0.335274
0.335266
0.335271
0.335272
0.335273
0.335265
0.335266
0.335269
0.335269
0.335275
0.335268
0.335272
0.335275
0.335278
0.335274
0.335271
0.335268
0.335268
0.335262
0.335262
0.335277
0.335267
0.335263
0.335264
0.335268
0.335265
0.335258
0.335256
0.335252
0.335251
0.335261
0.335253
0.335251
0.335245
0.335242
0.335244
0.335247
0.335249
0.335255
0.335248
0.335252
0.33525
0.335248
0.335244
0.335241
0.335246
0.335241
0.335245
0.335244
0.335244
0.335233
0.335225
0.335232
0.335239
0.335237
0.335239
0.335238
0.335235
0.335229
0.335201
0.335197
0.3352
0.33519
0.335188
0.335196
0.335201
0.335201
0.3352
0.335202
0.335194
0.335204
0.335209
0.335207
0.335213
0.335219
0.335229
0.335234
0.335233
0.335234
0.335233
0.335239
0.335239
0.335232
0.335218
0.335216
0.335213
0.335216
0.335212
0.335227
0.335228
0.335229
0.335227
0.335229
0.335228
0.335223
0.335239
0.335234
0.335234
0.335239
0.335232
0.335235
0.335245
0.335239
0.335238
0.335244
0.335247
0.335237
0.335236
0.33524
0.335238
0.335234
0.335223
0.335216
0.335224
0.335227
0.335223
0.335228
0.33522
0.335217
0.335215
0.335215
0.335221
0.335212
0.335212
0.335208
0.335202
0.335201
0.335209
0.335201
0.335206
0.335201
0.335199
0.335195
0.335194
0.335194
0.335201
0.335198
0.335196
0.335201
0.335204
0.335201
0.335201
0.335189
0.335181
0.33519
0.335189
0.335196
0.335191
0.335187
0.335184
0.335178
0.335165
0.335166
0.335163
0.33516
0.335161
0.33516
0.335167
0.335162
0.335167
0.335165
0.335161
0.335161
0.335157
0.335156
0.335166
0.335164
0.33517
0.335164
0.335162
0.335163
0.335165
0.33516
0.33515
0.335154
0.335166
0.335167
0.33517
0.335168
0.335176
0.335189
0.335188
0.335184
0.335183
0.335176
0.33518
0.335193
0.335191
0.335194
0.335207
0.335207
0.335213
0.335208
0.335198
0.335215
0.335213
0.33522
0.335225
0.335213
0.335215
0.335213
0.335223
0.335223
0.335223
0.335214
0.335217
0.335217
0.335219
0.335213
0.335208
0.335209
0.335212
0.335207
0.335195
0.335197
0.335201
0.335197
0.335193
0.335191
0.335188
0.335175
0.335175
0.335182
0.335184
0.335186
0.335168
0.335163
0.335163
0.33516
0.335155
0.335147
0.335138
0.335151
0.335158
0.335167
0.33516
0.335158
0.335156
0.335165
0.335166
0.335159
0.335164
0.335167
0.335168
0.335171
0.335173
0.335176
0.335184
0.335176
0.335175
0.335177
0.335172
0.335159
0.335156
0.335154
0.33515
0.335147
0.335147
0.335148
0.335146
0.335141
0.335137
0.33513
0.335129
0.335131
0.335123
0.335121
0.335125
0.335129
0.335139
0.335144
0.335143
0.335147
0.335135
0.33513
0.335118
0.335114
0.335107
0.335098
0.335097
0.335094
0.335091
0.335094
0.335087
0.335089
0.335092
0.335091
0.33509
0.335081
0.335091
0.335085
0.335096
0.335089
0.335083
0.335078
0.335077
0.335085
0.335084
0.33508
0.335088
0.335083
0.335079
0.335077
0.335077
0.335075
0.335066
0.335058
0.335049
0.335054
0.335056
0.335052
0.33506
0.335062
0.33508
0.335083
0.335072
0.335067
0.335065
0.335061
0.335056
0.335062
0.335061
0.335059
0.335055
0.335057
0.33505
0.335048
0.335049
0.335053
0.335051
0.335048
0.33505
0.335046
0.335044
0.335048
0.335045
0.33504
0.335047
0.335035
0.335041
0.335047
0.335045
0.335048
0.335045
0.335051
0.335047
0.335044
0.335049
0.335057
0.335054
0.335042
0.335034
0.335038
0.335037
0.33504
0.335043
0.335049
0.335035
0.335033
0.335028
0.335033
0.33503
0.335031
0.335028
0.335036
0.33503
0.335039
0.335035
0.335034
0.335026
0.335022
0.33501
0.335021
0.335024
0.335032
0.335035
0.335032
0.335026
0.335029
0.335037
0.335039
0.335034
0.335038
0.335025
0.335026
0.335025
0.335025
0.335035
0.335036
0.335041
0.335045
0.335037
0.335032
0.335032
0.335022
0.335029
0.335037
0.335037
0.335032
0.335024
0.335015
0.335017
0.335021
0.335031
0.335034
0.335042
0.335046
0.335056
0.335051
0.335058
0.335054
0.335045
0.335043
0.335047
0.335045
0.335046
0.335051
0.335059
0.335057
0.33506
0.335054
0.335055
0.335069
0.335076
0.335081
0.335076
0.335072
0.335069
0.335068
0.335066
0.335069
0.335077
0.335072
0.335066
0.335061
0.335071
0.335059
0.335052
0.335053
0.33506
0.335066
0.335069
0.335073
0.335077
0.33508
0.335081
0.335067
0.335075
0.335069
0.335074
0.335081
0.335083
0.335092
0.335092
0.335089
0.335083
0.33507
0.335067
0.335068
0.335068
0.335061
0.335062
0.335059
0.33506
0.335043
0.33504
0.335037
0.335033
0.335029
0.335036
0.335042
0.335051
0.335052
0.335048
0.33504
0.335032
0.335023
0.335024
0.33503
0.335029
0.335013
0.33501
0.335007
0.335011
0.335012
0.335012
0.335007
0.335006
0.335001
0.335006
0.335005
0.335
0.334995
0.334985
0.334989
0.334998
0.335
0.335002
0.335001
0.335013
0.335014
0.335009
0.335016
0.335013
0.335012
0.335009
0.335005
0.334993
0.334996
0.335005
0.335003
0.335004
0.334991
0.334994
0.334995
0.334993
0.335001
0.335003
0.334999
0.334999
0.335003
0.335002
0.335016
0.335018
0.335016
0.335013
0.335017
0.335012
0.335006
0.335002
0.334998
0.334993
0.334996
0.335002
0.335009
0.335007
0.335005
0.335016
0.33503
0.335032
0.33503
0.335035
0.335038
0.335029
0.335033
0.335027
0.335038
0.335041
0.335039
0.335048
0.335045
0.335051
0.335061
0.335065
0.335054
0.335042
0.335048
0.335047
0.335046
0.335054
0.335063
0.335062
0.335061
0.33506
0.33506
0.335065
0.335065
0.335076
0.335069
0.335066
0.335057
0.335047
0.335034
0.335037
0.335031
0.335021
0.335025
0.335028
0.335029
0.335035
0.335033
0.335036
0.335038
0.335046
0.335053
0.335051
0.335051
0.335056
0.335059
0.335058
0.33506
0.335063
0.335063
0.335054
0.335052
0.33505
0.33505
0.335054
0.335051
0.335044
0.335037
0.335038
0.335043
0.335056
0.335045
0.335049
0.335052
0.335044
0.335044
0.335056
0.335056
0.335046
0.335036
0.335037
0.335044
0.335039
0.335048
0.335055
0.33505
0.335044
0.335043
0.335039
0.335038
