3.179681211055445794e-09	2.161800810000659866e-17	3.536386642519977088e-16	1.000000000000000000e+00
6.359362422110891589e-09	-1.648417770244704386e-16	3.160978210172921927e-16	1.000000000000000000e+00
9.539043633166336970e-09	5.791154706227649186e-16	3.756192358094589188e-16	1.000000000000000000e+00
1.271872484422178318e-08	-1.913168103876333097e-16	3.159654476497662940e-16	1.000000000000000000e+00
1.589840605527722939e-08	6.964489136693598575e-17	3.178922409626929290e-16	1.000000000000000000e+00
1.907808726633267394e-08	-6.436000917380530852e-16	3.669200166456831158e-16	1.000000000000000000e+00
2.225776847738811849e-08	1.627181629837970187e-15	6.609670563879257299e-16	1.000000000000000000e+00
2.543744968844356636e-08	4.360644680525876579e-18	3.159774579580599961e-16	1.000000000000000000e+00
2.861713089949901091e-08	-1.301497062864488826e-16	3.170070724422497931e-16	1.000000000000000000e+00
3.179681211055445877e-08	-3.540153794757666520e-16	3.158705248149450619e-16	1.000000000000000000e+00
3.497649332160990332e-08	8.867751718497061282e-17	3.158831187401438712e-16	1.000000000000000000e+00
3.815617453266534788e-08	7.927923693575697018e-16	4.085366515628747973e-16	1.000000000000000000e+00
4.133585574372079243e-08	-3.718619691828407629e-16	4.021535445355025172e-16	1.000000000000000000e+00
4.451553695477623699e-08	1.945167814351442899e-16	3.158791229545819620e-16	1.000000000000000000e+00
4.769521816583168816e-08	3.042769688846533201e-16	3.159363189728381034e-16	1.000000000000000000e+00
5.087489937688713271e-08	7.236767934513835504e-16	3.958829667372229717e-16	1.000000000000000000e+00
5.405458058794257726e-08	-3.234642499926279058e-16	3.160926301342726010e-16	1.000000000000000000e+00
5.723426179899802182e-08	9.911309402559312509e-17	4.230579625737795351e-16	1.000000000000000000e+00
6.041394301005346637e-08	3.980112074538976989e-16	3.158882775939455004e-16	1.000000000000000000e+00
6.359362422110891754e-08	2.017966194723242969e-16	3.176336519757673461e-16	1.000000000000000000e+00
