3.192848020434227285e-09	-5.428086362337438327e-14	1.544870100449387443e-13	1.000000000000000000e+00
6.385696040868453743e-09	-2.470963890325732493e-14	6.671613314155774538e-14	1.000000000000000000e+00
9.578544061302680614e-09	-3.543472804862197298e-14	1.561172766136854236e-13	1.000000000000000000e+00
1.277139208173690749e-08	-2.809661978175114600e-13	4.590471032247717868e-13	1.000000000000000000e+00
1.596424010217113601e-08	8.716743374032871579e-14	6.779728608188024837e-13	1.000000000000000000e+00
1.915708812260536123e-08	9.110020066158586264e-15	1.562002168512134732e-13	1.000000000000000000e+00
2.234993614303958975e-08	3.779795167859172875e-12	1.145767503642608214e-12	1.000000000000000000e+00
2.554278416347381828e-08	7.849524884334839690e-16	2.542384540148760311e-15	1.000000000000000000e+00
2.873563218390804350e-08	3.043121592259484932e-16	2.068133923783972518e-15	1.000000000000000000e+00
3.192848020434226541e-08	-2.443523251751595772e-13	2.533205996462771612e-13	1.000000000000000000e+00
3.512132822477649062e-08	-7.624273001666326558e-18	2.466399457163181048e-16	1.000000000000000000e+00
3.831417624521072246e-08	-5.642952122591996318e-18	9.390500400402698574e-17	1.000000000000000000e+00
4.150702426564494767e-08	2.637071542422685202e-17	6.106076844947362407e-17	1.000000000000000000e+00
4.469987228607917289e-08	-7.267144542919691268e-17	5.948785364083917644e-17	1.000000000000000000e+00
4.789272030651340473e-08	-9.398551406769396820e-18	5.926369860500103028e-17	1.000000000000000000e+00
5.108556832694762994e-08	5.904055333168604916e-17	7.739362208153120521e-17	1.000000000000000000e+00
5.427841634738185516e-08	3.469082570848120717e-17	6.867548755185112489e-17	1.000000000000000000e+00
5.747126436781608038e-08	-1.678809724599061392e-17	6.563663126252254589e-17	1.000000000000000000e+00
6.066411238825031221e-08	-6.328517359268209943e-17	5.664984736712119638e-17	1.000000000000000000e+00
6.385696040868454405e-08	1.372783874973782983e-16	6.560213208492597618e-17	1.000000000000000000e+00
