0.82801
0.828331
0.821429
0.827586
0.824772
0.819712
0.820592
0.818916
0.821867
0.819103
0.799079
0.787462
0.776117
0.766638
0.758817
0.750532
0.747074
0.742903
0.738507
0.733463
0.723203
0.714805
0.705144
0.698392
0.68926
0.681763
0.676984
0.670658
0.664626
0.660148
0.651148
0.64326
0.635511
0.628932
0.621712
0.615985
0.611225
0.605182
0.600326
0.595171
0.587391
0.580658
0.574775
0.568423
0.561463
0.55575
0.549367
0.544914
0.539529
0.535105
0.529038
0.523535
0.517569
0.512423
0.507343
0.502345
0.498378
0.494148
0.490584
0.486404
0.482261
0.478188
0.473983
0.469939
0.466017
0.462252
0.458086
0.453913
0.450945
0.447408
0.443712
0.440094
0.436795
0.433093
0.430543
0.42708
0.423822
0.421288
0.418801
0.415609
0.412689
0.409718
0.407137
0.404111
0.401986
0.399818
0.397145
0.395256
0.393156
0.390992
0.388749
0.387356
0.385714
0.383795
0.382207
0.380718
0.378736
0.376826
0.375414
0.37413
0.372474
0.371212
0.370165
0.368978
0.367776
0.366718
0.36522
0.364103
0.362769
0.361037
0.360054
0.358732
0.35784
0.356368
0.355303
0.354292
0.353205
0.352551
0.351773
0.350608
0.349688
0.348705
0.348032
0.34715
0.346031
0.345262
0.344782
0.344281
0.343451
0.342405
0.341715
0.340468
0.339726
0.338849
0.338021
0.337185
0.33639
0.335696
0.335024
0.334663
0.334262
0.333763
0.333407
0.333051
0.3327
0.332103
0.331503
0.330878
0.330245
0.329381
0.328704
0.328069
0.327603
0.327072
0.32651
0.326402
0.32614
0.3256
0.324925
0.324464
0.323752
0.323205
0.322487
0.32201
0.321692
0.321332
0.320984
0.320472
0.319943
0.319587
0.319125
0.318651
0.318047
0.317439
0.317137
0.316549
0.316004
0.315523
0.314778
0.314057
0.31356
0.313078
0.312601
0.312405
0.311925
0.311464
0.311092
0.310656
0.310309
0.309995
0.309742
0.309444
0.309083
0.308579
0.308194
0.307915
0.307525
0.307238
0.30683
0.306582
0.305848
0.305384
0.30486
0.304359
0.303896
0.30339
0.303253
0.302752
0.302078
0.301561
0.301265
0.300998
0.300773
0.300282
0.299925
0.299601
0.29906
0.298876
0.298673
0.298147
0.297841
0.29743
0.297171
0.297002
0.296712
0.296521
0.296441
0.296016
0.295872
0.295528
0.295437
0.295124
0.294789
0.294421
0.293959
0.293632
0.293255
0.292968
0.292684
0.29251
0.292223
0.291889
0.291675
0.291353
0.291079
0.290691
0.29036
0.290213
0.290021
0.289773
0.289323
0.289214
0.289084
0.288891
0.288665
0.288471
0.288048
0.287914
0.287728
0.287393
0.287078
0.28688
0.286757
0.286735
0.286484
0.286159
0.285948
0.285733
0.285653
0.285326
0.285066
0.284847
0.284605
0.284478
0.284183
0.284087
0.284108
0.283991
0.2838
0.283449
0.283332
0.283145
0.282969
0.282803
0.282552
0.282292
0.282242
0.282144
0.281975
0.281885
0.281821
0.281799
0.281612
0.281533
0.281277
0.281226
0.281188
0.280908
0.280759
0.280473
0.280352
0.280129
0.279946
0.279867
0.279718
0.279464
0.279419
0.279272
0.27917
0.27906
0.278898
0.278833
0.278748
0.278609
0.278474
0.27824
0.278136
0.278033
0.277846
0.277671
0.277462
0.277248
0.277046
0.276816
0.276707
0.276661
0.276551
0.276466
0.276261
0.276115
0.275908
0.275787
0.275592
0.275487
0.275325
0.27511
0.275003
0.274912
0.274766
0.274674
0.274592
0.274403
0.274221
0.274169
0.274056
0.27385
0.273584
0.273375
0.273205
0.273083
0.272874
0.272774
0.272625
0.272523
0.272437
0.27222
0.272036
0.271784
0.271513
0.271315
0.271279
0.271058
0.27103
0.270927
0.270636
0.270434
0.270336
0.270131
0.269894
0.269836
0.269718
0.269673
0.269589
0.269436
0.26934
0.269233
0.269211
0.269135
0.268919
0.268774
0.268657
0.268492
0.268351
0.268132
0.267935
0.267879
0.267756
0.267656
0.26744
0.267321
0.267109
0.266881
0.266717
0.266554
0.266375
0.266323
0.266239
0.266046
0.265849
0.265688
0.265628
0.265555
0.265393
0.26528
0.265253
0.265076
0.264991
0.264811
0.264594
0.264483
0.2643
0.264047
0.263958
0.263755
0.263555
0.263452
0.263349
0.263261
0.263155
0.263077
0.26291
0.262844
0.262714
0.262555
0.262325
0.262261
0.262159
0.262039
0.261878
0.261758
0.261587
0.261464
0.261371
0.261178
0.261038
0.260933
0.260769
0.260642
0.260498
0.260436
0.260211
0.260071
0.259924
0.259743
0.259568
0.259481
0.259414
0.259236
0.25912
0.25892
0.258873
0.258785
0.258554
0.258444
0.258232
0.258069
0.257901
0.257798
0.257786
0.257572
0.257477
0.25742
0.257355
0.257218
0.257112
0.256978
0.256932
0.256798
0.256723
0.256639
0.256492
0.25635
0.256229
0.256024
0.255938
0.255798
0.255786
0.255642
0.255519
0.255394
0.255202
0.255081
0.254927
0.254773
0.254643
0.254509
0.254365
0.254358
0.254361
0.254266
0.254121
0.253997
0.253981
0.253911
0.253878
0.253692
0.253626
0.253453
0.253335
0.253422
0.253324
0.253193
0.253132
0.253004
0.252991
0.252888
0.252829
0.252741
0.252647
0.252616
0.252566
0.252543
0.252401
0.252321
0.252182
0.252067
0.251989
0.251925
0.251884
0.251814
0.25182
0.251714
0.251608
0.251552
0.251461
0.251448
0.251365
0.251325
0.251339
0.251261
0.251212
0.251174
0.251175
0.25117
0.251106
0.250982
0.250932
0.250878
0.250767
0.250745
0.25078
0.250755
0.250635
0.250566
0.250404
0.250322
0.250258
0.250177
0.250089
0.250033
0.249999
0.249962
0.249884
0.24988
0.249791
0.249721
0.249694
0.249642
0.249603
0.249585
0.249589
0.249506
0.249476
0.249449
0.249414
0.249351
0.249349
0.249337
0.249345
0.249378
0.249348
0.249346
0.249341
0.24935
0.249316
0.249315
0.249253
0.249304
0.249302
0.249298
0.249176
0.249233
0.249172
0.249194
0.249164
0.249111
0.24914
0.249145
0.249033
0.248963
0.248864
0.248922
0.248912
0.248885
0.2488
0.248781
0.24875
0.248661
0.248539
0.248528
0.248489
0.248506
0.248466
0.248389
0.248304
0.248275
0.248219
0.24813
0.248087
0.248117
0.248026
0.248
0.247998
0.24801
0.247935
0.247892
0.247804
0.247756
0.247712
0.247711
0.247653
0.247572
0.247539
0.247576
0.247508
0.247426
0.247385
0.247362
0.247362
0.247283
0.247273
0.24724
0.247232
0.247253
0.247243
0.247186
0.247225
0.247239
0.247205
0.247203
0.247163
0.24708
0.247038
0.247011
0.246998
0.246896
0.246865
0.246805
0.246773
0.246794
0.246724
0.246667
0.246672
0.246657
0.246591
0.246556
0.246494
0.24646
0.246467
0.246422
0.246402
0.246369
0.246322
0.246248
0.246221
0.246194
0.246119
0.246073
0.245982
0.245889
0.245864
0.245814
0.245768
0.245707
0.245715
0.245704
0.245683
0.245622
0.245586
0.245499
0.245528
0.245491
0.245454
0.245384
0.245316
0.245293
0.245212
0.245202
0.245143
0.245161
0.245079
0.245045
0.245024
0.244965
0.244918
0.244905
0.24483
0.244845
0.244772
0.244737
0.244666
0.244572
0.244584
0.244494
0.244494
0.244445
0.244421
0.244377
0.244331
0.244336
0.244336
0.2443
0.244245
0.244208
0.244203
0.244152
0.244113
0.244088
0.244084
0.244012
0.24393
0.243849
0.243849
0.243865
0.243745
0.24374
0.243719
0.243698
0.243718
0.243725
0.243713
0.243677
0.243657
0.243585
0.243568
0.243557
0.243515
0.243505
0.24343
0.243415
0.243445
0.243397
0.243413
0.243393
0.243295
0.243253
0.243197
0.243159
0.243143
0.243064
0.243024
0.243002
0.242969
0.242949
0.242899
0.242857
0.242813
0.242817
0.242826
0.242775
0.242732
0.242717
0.242737
0.242686
0.242661
0.242607
0.242609
0.242584
0.242565
0.242504
0.242543
0.242493
0.24244
0.242419
0.242398
0.242361
0.242392
0.242374
0.242381
0.242339
0.242373
0.242367
0.242336
0.242265
0.242251
0.24222
0.24223
0.242203
0.242143
0.24215
0.242104
0.24209
0.242024
0.241967
0.241913
0.241875
0.241869
0.241868
0.241856
0.241866
0.241821
0.241837
0.241805
0.241796
0.241759
0.241802
0.241768
0.24173
0.241703
0.241688
0.241666
0.241633
0.241575
0.241523
0.241543
0.241496
0.241473
0.241468
0.24143
0.241376
0.241309
0.241242
0.241181
0.241156
0.241179
0.241166
0.241133
0.241068
0.24102
0.240989
0.240923
0.240876
0.24084
0.240785
0.240765
0.240713
0.240665
0.240635
0.240588
0.240589
0.24051
0.240471
0.240431
0.240406
0.240377
0.24035
0.240337
0.240277
0.240271
0.240232
0.240186
0.240107
0.240046
0.240037
0.239968
0.239978
0.239964
0.23989
0.239883
0.239817
0.239804
0.239776
0.239721
0.239697
0.239681
0.239681
0.239612
0.239622
0.239607
0.239557
0.239548
0.239531
0.239499
0.239459
0.239453
0.239413
0.239331
0.239226
0.239181
0.239149
0.239086
0.239035
0.238996
0.238922
0.238895
0.238927
0.238864
0.238845
0.238791
0.238755
0.238725
0.238678
0.238622
0.238593
0.238563
0.238494
0.238459
0.238431
0.238431
0.238422
0.238342
0.238298
0.238264
0.238245
0.23819
0.238169
0.238194
0.238159
0.238163
0.238126
0.238075
0.238045
0.238004
0.237948
0.237904
0.2379
0.237883
0.237852
0.237776
0.237726
0.237659
0.237621
0.237587
0.23754
0.237509
0.23747
0.237416
0.237366
0.23728
0.23727
0.237257
0.237238
0.2372
0.237163
0.237074
0.237046
0.236977
0.236935
0.236872
0.23683
0.236819
0.236767
0.236677
0.236667
0.23666
0.236659
0.236612
0.236559
0.236558
0.236495
0.236448
0.236414
0.23634
0.236316
0.236299
0.236279
0.236256
0.236229
0.236207
0.236178
0.236183
0.236111
0.2361
0.23606
0.236033
0.236044
0.236026
0.235957
0.235901
0.235881
0.235844
0.23579
0.235746
0.235684
0.235672
0.235628
0.235565
0.235548
0.235526
0.235517
0.235509
0.235446
0.23543
0.235367
0.235356
0.235331
0.235315
0.235267
0.235212
0.235156
0.235116
0.235098
0.235069
0.235047
0.235008
0.235011
0.234954
0.234904
0.234839
0.234785
0.234775
0.23474
0.234721
0.234653
0.234572
0.234569
0.234571
0.234545
0.234516
0.234486
0.234476
0.234477
0.234459
0.23441
0.234412
0.234364
0.234336
0.234317
0.234288
0.234293
0.234262
0.234192
0.234168
0.234133
0.234103
0.234105
0.234076
0.234058
0.234035
0.233993
0.234018
0.234003
0.233983
0.233955
0.233948
0.23392
0.233927
0.2339
0.233863
0.233868
0.233873
0.233815
0.233804
0.233776
0.233775
0.233777
0.233771
0.233762
0.233762
0.233768
0.233762
0.233751
0.233747
0.233767
0.233798
0.233809
0.23378
0.233746
0.233709
0.23372
0.233737
0.233726
0.233734
0.233778
0.233779
0.233777
0.233757
0.233792
0.233812
0.233841
0.233836
0.233814
0.233794
0.23379
0.233785
0.233779
0.233744
0.233715
0.233705
0.233696
0.233675
0.233642
0.233629
0.233601
0.233578
0.233591
0.233597
0.233606
0.23358
0.233562
0.233552
0.233502
0.233454
0.233457
0.233408
0.233393
0.23337
0.23335
0.233349
0.233339
0.233335
0.233295
0.233281
0.233236
0.233216
0.2332
0.233149
0.233148
0.233089
0.233083
0.233055
0.23302
0.233027
0.232999
0.232994
0.232975
0.232928
0.232909
0.232899
0.232903
0.232911
0.232887
0.232848
0.232823
0.232811
0.232791
0.23278
0.232764
0.232717
0.232729
0.232734
0.232715
0.232685
0.232657
0.232626
0.232616
0.232613
0.23262
0.232607
0.232601
0.23258
0.232576
0.232526
0.232535
0.232519
0.232544
0.2325
0.232519
0.2325
0.232521
0.232467
0.232436
0.232404
0.232384
0.232356
0.232327
0.232317
0.232309
0.232295
0.232238
0.232215
0.232207
0.232198
0.232152
0.232131
0.2321
0.232057
0.232021
0.231998
0.231984
0.231959
0.231972
0.231968
0.231941
0.231951
0.231961
0.231925
0.231921
0.231944
0.231877
0.23186
0.231832
0.231792
0.231771
0.231756
0.231741
0.231735
0.231756
0.23175
0.231733
0.231684
0.231659
0.231656
0.231641
0.23161
0.231571
0.231553
0.231549
0.231522
0.231519
0.231498
0.231439
0.231397
0.231403
0.231361
0.231354
0.231346
0.231355
0.231325
0.231305
0.231288
0.23131
0.231262
0.231247
0.231213
0.2312
0.23118
0.231179
0.231145
0.231119
0.23111
0.231107
0.231083
0.231042
0.231026
0.23101
0.23103
0.23101
0.230995
0.23097
0.23098
0.230924
0.230907
0.230886
0.230853
0.230827
0.230802
0.230796
0.230758
0.23076
0.230751
0.230737
0.230769
0.230758
0.230764
0.230711
0.230707
0.230682
0.23068
0.230667
0.230671
0.230637
0.230631
0.230645
0.230626
0.230613
0.230609
0.230605
0.230605
0.230582
0.230585
0.230601
0.230584
0.230576
0.23055
0.230528
0.230522
0.230526
0.23055
0.230559
0.230587
0.230579
0.230571
0.230582
0.230593
0.230587
0.230618
0.230605
0.23062
0.230642
0.23063
0.23059
0.230611
0.230599
0.230609
0.23059
0.230582
0.230583
0.230567
0.230575
0.230612
0.230596
0.230569
0.230541
0.230561
0.230545
0.230542
0.230543
0.230521
0.230531
0.230518
0.230498
0.230498
0.230497
0.230499
0.230479
0.230505
0.230477
0.230449
0.230419
0.230392
0.230401
0.230381
0.230378
0.230341
0.230321
0.230303
0.23026
0.230248
0.230235
0.23018
0.230177
0.230153
0.230177
0.230181
0.230174
0.230138
0.230119
0.230123
0.230097
0.230056
0.230026
0.229995
0.22999
0.230002
0.229972
0.229941
0.22994
0.229913
0.229865
0.229876
0.229838
0.22983
0.229809
0.229802
0.229796
0.22975
0.229736
0.229713
0.229678
0.229686
0.229679
0.229699
0.22969
0.229647
0.229642
0.229592
0.229576
0.229535
0.229499
0.229451
0.229439
0.229444
0.229412
0.229395
0.229373
0.229353
0.229353
0.22935
0.22934
0.22932
0.229316
0.229294
0.229269
0.229242
0.229225
0.229221
0.229232
0.229206
0.229186
0.229174
0.22919
0.229175
0.229164
0.229209
0.229192
0.229181
0.229195
0.229196
0.22919
0.229193
0.229177
0.229178
0.229157
0.229163
0.229165
0.229143
0.229122
0.229094
0.229072
0.229072
0.229066
0.229042
0.229036
0.229015
0.229021
0.22903
0.229005
0.228999
0.22901
0.229002
0.228999
0.229
0.228987
0.228985
0.228977
0.228951
0.228966
0.228944
0.228914
0.228909
0.228907
0.228916
0.228914
0.228896
0.228866
0.228851
0.228831
0.228801
0.228783
0.228772
0.228763
0.228764
0.228773
0.228747
0.228759
0.228733
0.228728
0.228746
0.228736
0.228743
0.228747
0.228739
0.228728
0.228714
0.228723
0.228709
0.228687
0.228655
0.228634
0.228632
0.228622
0.22863
0.228604
0.228621
0.2286
0.228625
0.228612
0.228579
0.228596
0.22858
0.228572
0.228566
0.228544
0.228539
0.228518
0.228487
0.228452
0.22846
0.228471
0.228446
0.228453
0.228412
0.228405
0.22839
0.228393
0.228397
0.228414
0.228384
0.228352
0.228334
0.228321
0.2283
0.228284
0.228278
0.228252
0.228239
0.228234
0.228239
0.228247
0.228231
0.228233
0.228223
0.228205
0.228185
0.228165
0.228152
0.228147
0.228171
0.228159
0.228149
0.228147
0.228128
0.228123
0.228105
0.228082
0.228042
0.228024
0.228007
0.227995
0.227963
0.227926
0.227953
0.22796
0.227961
0.227945
0.227913
0.22791
0.227902
0.227899
0.227889
0.227866
0.227845
0.227836
0.227818
0.227811
0.227769
0.227767
0.227726
0.227743
0.227763
0.227753
0.227744
0.227706
0.227716
0.227693
0.227658
0.227658
0.227633
0.227645
0.22762
0.227594
0.227581
0.227561
0.227551
0.227525
0.227507
0.22751
0.2275
0.227482
0.227454
0.227431
0.227398
0.227393
0.227373
0.227373
0.227365
0.227341
0.227327
0.227323
0.227305
0.227301
0.227303
0.227279
0.227259
0.227229
0.227201
0.227199
0.227178
0.227181
0.227169
0.227185
0.227158
0.227136
0.227142
0.227122
0.227103
0.227102
0.227073
0.227072
0.227045
0.227025
0.227045
0.227035
0.227033
0.227015
0.227014
0.227014
0.227
0.226992
0.226989
0.226993
0.226988
0.226996
0.226964
0.226995
0.226978
0.226981
0.226953
0.226949
0.226937
0.226972
0.226934
0.226942
0.226918
0.226906
0.226905
0.226914
0.226927
0.226943
0.226941
0.22694
0.226943
0.226934
0.226919
0.2269
0.226901
0.226903
0.226909
0.226913
0.226889
0.226882
0.226883
0.226873
0.226867
0.226845
0.226836
0.226834
0.226815
0.22682
0.226835
0.226822
0.226823
0.226819
0.226807
0.226833
0.226855
0.226872
0.226862
0.226845
0.22684
0.226833
0.22686
0.22685
0.226837
0.226849
0.226861
0.226861
0.226877
0.226867
0.226877
0.226885
0.226876
0.226856
0.226837
0.226831
0.226841
0.226865
0.226883
0.226921
0.226926
0.226931
0.226913
0.226895
0.226862
0.226858
0.22687
0.226861
0.226869
0.226862
0.226867
0.226877
0.22688
0.226858
0.226848
0.226859
0.226867
0.226873
0.226873
0.226879
0.226841
0.226822
0.22681
0.226818
0.226831
0.226816
0.226807
0.226779
0.226757
0.226736
0.226726
0.226722
0.226737
0.226733
0.226724
0.226721
0.226727
0.226715
0.226708
0.226712
0.22672
0.226731
0.226722
0.226713
0.226712
0.226722
0.2267
0.226695
0.226682
0.226666
0.226644
0.226626
0.22662
0.226615
0.226622
0.226625
0.226615
0.226588
0.226577
0.226572
0.226551
0.226543
0.226555
0.226547
0.226541
0.226556
0.226539
0.226526
0.226489
0.226498
0.226468
0.226461
0.226454
0.226441
0.226448
0.226459
0.226444
0.226407
0.22638
0.22638
0.226369
0.226386
0.226372
0.226364
0.226336
0.226341
0.226341
0.226328
0.226325
0.226321
0.226313
0.226323
0.226308
0.226307
0.226288
0.226283
0.226271
0.226264
0.226281
0.226298
0.226288
0.226308
0.226267
0.226251
0.226239
0.22624
0.226212
0.226207
0.226202
0.226204
0.226189
0.226184
0.226175
0.226165
0.226162
0.226151
0.226181
0.22619
0.226182
0.226177
0.226166
0.226166
0.226144
0.226131
0.226103
0.226095
0.226105
0.226108
0.226103
0.226108
0.226095
0.226073
0.226052
0.226033
0.226016
0.226008
0.225962
0.225966
0.225968
0.225942
0.225941
0.22594
0.225955
0.22594
0.225937
0.225933
0.225917
0.225907
0.225892
0.225871
0.225859
0.225866
0.225849
0.225862
0.225845
0.225853
0.22586
0.225842
0.225833
0.225816
0.225823
0.225799
0.225802
0.225793
0.225786
0.225768
0.225778
0.225776
0.225762
0.225744
0.225749
0.225723
0.225697
0.225688
0.225703
0.225694
0.225687
0.225722
0.225714
0.225708
0.225724
0.225734
0.225738
0.225722
0.225711
0.225701
0.225699
0.225692
0.225661
0.225637
0.225647
0.225644
0.225642
0.225644
0.225632
0.225603
0.225597
0.225596
0.225593
0.225609
0.225625
0.22562
0.225631
0.225604
0.225623
0.225634
0.225629
0.225627
0.22565
0.225648
0.225635
0.225622
0.225638
0.225652
0.225628
0.225618
0.225612
0.225617
0.22562
0.225631
0.225626
0.225609
0.225609
0.225613
0.225619
0.225597
0.225602
0.225595
0.225597
0.225578
0.225585
0.225587
0.225608
0.225617
0.225618
0.225613
0.22561
0.225602
0.225603
0.225622
0.22562
0.225631
0.225647
0.225663
0.225653
0.225669
0.225656
0.225659
0.225661
0.225642
0.225637
0.225649
0.225657
0.22566
0.225695
0.225704
0.225718
0.225716
0.225717
0.225751
0.225752
0.225757
0.225768
0.225766
0.225777
0.225772
0.225763
0.22576
0.225773
0.225774
0.225774
0.225756
0.22575
0.225754
0.225739
0.225751
0.225763
0.225753
0.225769
0.22578
0.225769
0.225771
0.225791
0.225797
0.225792
0.22579
0.225803
0.225797
0.225786
0.225797
0.225792
0.225797
0.225791
0.225786
0.225806
0.225787
0.225774
0.225762
0.225771
0.22577
0.225771
0.225785
0.225774
0.225765
0.225757
0.225748
0.225758
0.225774
0.225782
0.225776
0.225782
0.225787
0.225766
0.225776
0.225761
0.225757
0.225768
0.225759
0.225765
0.225766
0.225751
0.225757
0.225749
0.225766
0.225772
0.225765
0.225774
0.225769
0.225782
0.225784
0.22577
0.225766
0.225749
0.225743
0.225753
0.225746
0.225741
0.225714
0.225691
0.225681
0.225666
0.225655
0.225652
0.225648
0.225639
0.225643
0.225659
0.225657
0.225648
0.225646
0.225632
0.225602
0.225577
0.225572
0.225557
0.225578
0.225587
0.225576
0.22558
0.225553
0.225541
0.225505
0.225471
0.225467
0.225456
0.225436
0.225411
0.225389
0.225378
0.225391
0.225396
0.225395
0.225386
0.225367
0.225372
0.225364
0.225363
0.22536
0.225362
0.225361
0.225357
0.225366
0.22534
0.225341
0.22534
0.225339
0.225331
0.225319
0.225306
0.225307
0.225307
0.225315
0.225319
0.225299
0.225276
0.22526
0.225233
0.225225
0.22522
0.225219
0.225218
0.225228
0.225212
0.225206
0.225197
0.225183
0.225183
0.225174
0.225169
0.225186
0.225167
0.225157
0.225156
0.225157
0.22518
0.225176
0.225175
0.225176
0.225187
0.225194
0.225185
0.225178
0.225171
0.225162
0.22517
0.225181
0.225176
0.225163
0.225178
0.225175
0.225183
0.225199
0.225193
0.225175
0.225169
0.225154
0.225143
0.225147
0.225145
0.22514
0.225158
0.225152
0.22514
0.225137
0.225138
0.225119
0.225117
0.225116
0.225111
0.225112
0.225116
0.225119
0.225112
0.225122
0.225127
0.225112
0.225124
0.225114
0.225098
0.225099
0.225108
0.225099
0.225093
0.225092
0.225084
0.225089
0.225081
0.225081
0.225087
0.225072
0.225088
0.225094
0.225099
0.225099
0.225081
0.225062
0.225054
0.225052
0.22506
0.225055
0.225061
0.225058
0.225044
0.225028
0.225019
0.225026
0.225021
0.225004
0.225017
0.225009
0.225001
0.224979
0.224978
0.224986
0.22499
0.224979
0.22498
0.224971
0.224979
0.224968
0.22496
0.224955
0.224955
0.224968
0.224961
0.224959
0.224935
0.224918
0.224926
0.224924
0.224922
0.224914
0.22489
0.224859
0.224868
0.224875
0.224869
0.224869
0.224876
0.224849
0.224832
0.224836
0.224839
0.224846
0.224861
0.224852
0.224848
0.224868
0.224849
0.224844
0.224855
0.224868
0.22488
0.224883
0.224887
0.224878
0.224901
0.224906
0.224917
0.224914
0.224903
0.224907
0.224905
0.224926
0.224934
0.224937
0.224929
0.224913
0.224918
0.224919
0.224933
0.224964
0.224978
0.224978
0.224994
0.224997
0.225028
0.225029
0.225039
0.225056
0.225055
0.225065
0.225058
0.225088
0.2251
0.225109
0.225111
0.225134
0.225143
0.22514
0.225134
0.22514
0.225137
0.225158
0.225155
0.225144
0.225144
0.22516
0.225164
0.225163
0.225168
0.225165
0.225168
0.225175
0.225183
0.225189
0.225188
0.225191
0.225194
0.225194
0.225197
0.225185
0.225189
0.225193
0.225195
0.225201
0.225208
0.225213
0.225215
0.225225
0.225203
0.225194
0.225179
0.225174
0.225151
0.225147
0.225142
0.225143
0.225135
0.22513
0.225128
0.225118
0.225127
0.22512
0.225133
0.225143
0.225155
0.225155
0.225168
0.225161
0.225163
0.225158
0.225171
0.225176
0.225184
0.225193
0.22518
0.225185
0.225188
0.22519
0.22518
0.225175
0.22516
0.225162
0.225142
0.225137
0.225128
0.225138
0.225132
0.225128
0.225128
0.225129
0.225137
0.225137
0.225142
0.225142
0.225149
0.225131
0.225131
0.225119
0.225122
0.225128
0.225118
0.225094
0.22508
0.225074
0.225077
0.225069
0.225066
0.225047
0.22505
0.225051
0.225036
0.225029
0.225017
0.225016
0.225008
0.225002
0.224986
0.224982
0.224983
0.22497
0.224964
0.224985
0.22497
0.224952
0.224929
0.224922
0.224926
0.224923
0.224918
0.22492
0.224922
0.224924
0.224922
0.224936
0.224948
0.224944
0.224937
0.224922
0.224915
0.224908
0.224918
0.224924
0.224925
0.22491
0.224904
0.224913
0.224917
0.22492
0.22492
0.224943
0.224951
0.224943
0.224941
0.224955
0.224946
0.224936
0.224919
0.224901
0.224897
0.224892
0.224896
0.22489
0.224884
0.224898
0.224895
0.2249
0.224901
0.224901
0.224923
0.224923
0.22491
0.224899
0.224919
0.224921
0.224917
0.224909
0.2249
0.224919
0.224914
0.22491
0.224907
0.224905
0.224919
0.22493
0.224934
0.22494
0.224928
0.224927
0.22492
0.224924
0.224908
0.224878
0.224882
0.224876
0.224879
0.224895
0.224899
0.224891
0.224902
0.224906
0.224917
0.224915
0.22494
0.224946
0.224947
0.224954
0.224964
0.224961
0.224961
0.224972
0.224963
0.224974
0.224969
0.224969
0.224978
0.224957
0.224952
0.224949
0.224952
0.224956
0.224965
0.22496
0.224947
0.224942
0.224913
0.224902
0.224881
0.224872
0.224853
0.224856
0.224844
0.224834
0.224836
0.224841
0.224826
0.224811
0.224809
0.2248
0.224813
0.224821
0.224818
0.224797
0.224798
0.224787
0.224792
0.22479
0.22477
0.224755
0.224747
0.224745
0.224731
0.224744
0.22474
0.224745
0.224746
0.224746
0.224741
0.224728
0.224725
0.224734
0.224711
0.224693
0.224684
0.224687
0.224693
0.224691
0.224703
0.224703
0.224713
0.224723
0.224699
0.224695
0.22469
0.224684
0.224687
0.224679
0.224696
0.2247
0.224705
0.224708
0.224709
0.2247
0.224706
0.224693
0.224689
0.224687
0.224675
0.224676
0.22467
0.224673
0.22468
0.224691
0.224693
0.224708
0.224695
0.224698
0.224696
0.22469
0.224678
0.224685
0.224706
0.224704
0.224715
0.224703
0.224694
0.224701
0.224727
0.224713
0.22472
0.224714
0.224717
0.224703
0.224693
0.224694
0.224703
0.224699
0.224688
0.224683
0.22467
0.224682
0.224687
0.224688
0.224701
0.224691
0.224692
0.224696
0.224707
0.224696
0.224702
0.224705
0.224697
0.224688
0.224692
0.224687
0.224696
0.224702
0.224713
0.224705
0.224701
0.224716
0.224722
0.224745
0.22476
0.224773
0.22477
0.224769
0.224767
0.224772
0.224776
0.224771
0.224767
0.224771
0.224775
0.224767
0.22476
0.224757
0.224768
0.224774
0.224756
0.224753
0.224749
0.224746
0.224743
0.224729
0.224731
0.22472
0.224719
0.22471
0.224705
0.224697
0.224694
0.224699
0.224703
0.224706
0.224715
0.224732
0.224731
0.22474
0.22475
0.224765
0.224774
0.224788
0.224785
0.224796
0.224804
0.224814
0.224824
0.22482
0.224824
0.224837
0.22483
0.224823
0.224824
0.224844
0.224842
0.224869
0.22487
0.22488
0.224878
0.224886
0.224887
0.224888
0.22488
0.224887
0.224897
0.224901
0.224907
0.224904
0.224913
0.22492
0.224926
0.224936
0.224937
0.224938
0.224949
0.224948
0.224945
0.224951
0.224944
0.224951
0.224964
0.224971
0.224981
0.224984
0.224985
0.224992
0.224995
0.225004
0.225004
0.224984
0.224981
0.224978
0.224977
0.224958
0.224949
0.224956
0.224967
0.224972
0.224971
0.224976
0.224985
0.224998
0.224987
0.224987
0.224986
0.224971
0.22497
0.224969
0.224973
0.224979
0.225
0.224995
0.224982
0.22498
0.224992
0.22499
0.224989
0.225007
0.225005
0.224995
0.225014
0.225
0.224996
0.225001
0.225007
0.224998
0.224986
0.224999
0.224986
0.224975
0.224977
0.224973
0.224985
0.224994
0.224995
0.225003
0.22499
0.224989
0.224989
0.224977
0.224968
0.224965
0.224968
0.224966
0.22497
0.224965
0.224965
0.224967
0.224963
0.224958
0.224967
0.224963
0.224959
0.224943
0.224934
0.224929
0.224934
0.224929
0.224929
0.224918
0.224925
0.224909
0.224899
0.224903
0.224886
0.22488
0.224875
0.224864
0.224861
0.224855
0.224844
0.224832
0.224828
0.224816
0.224804
0.224798
0.224786
0.224785
0.224776
0.224771
0.22478
0.224771
0.224762
0.224762
0.224758
0.224761
0.224758
0.224752
0.224751
0.224739
0.224729
0.22472
0.224712
0.2247
0.224679
0.224663
0.224643
0.224631
0.224627
0.224622
0.22462
0.224604
0.224599
0.224597
0.224596
0.22459
0.22457
0.224565
0.224559
0.224542
0.224531
0.224533
0.224539
0.224544
0.224537
0.224541
0.224536
0.224528
0.224515
0.224517
0.224502
0.224491
0.224485
0.224481
0.224483
0.224477
0.224466
0.224466
0.224449
0.224445
0.224435
0.224442
0.224414
0.224402
0.224393
0.224392
0.224388
0.224391
0.224374
0.224374
0.224364
0.224357
0.224351
0.224341
0.224337
0.224337
0.22432
0.224315
0.224318
0.224317
0.224321
0.224312
0.224323
0.224316
0.224312
0.224306
0.224292
0.224296
0.224289
0.224283
0.22426
0.224249
0.224235
0.224227
0.224224
0.224228
0.224224
0.224216
0.224209
0.224203
0.224202
0.224208
0.224207
0.22419
0.224187
0.224179
0.224183
0.224171
0.22417
0.224165
0.224161
0.224159
0.224164
0.224168
0.224156
0.224154
0.224155
0.224164
0.224171
0.224167
0.224151
0.224163
0.224151
0.224147
0.224134
0.224124
0.224116
0.224127
0.224124
0.224126
0.224116
0.224106
0.224098
0.224093
0.224098
0.224098
0.224091
0.224077
0.224065
0.224063
0.224062
0.224058
0.224068
0.224062
0.224063
0.22406
0.224053
0.224066
0.224065
0.224068
0.224084
0.224089
0.224081
0.22408
0.224076
0.224073
0.224084
0.224094
0.224095
0.224101
0.224106
0.224104
0.224098
0.224094
0.224103
0.224095
0.224099
0.224092
0.224096
0.224097
0.22412
0.224137
0.224122
0.22412
0.224114
0.22412
0.224114
0.224103
0.224104
0.224107
0.224112
0.22412
0.22412
0.224117
0.224117
0.224118
0.224119
0.224119
0.224115
0.224119
0.224112
0.224131
0.22414
0.224158
0.224151
0.224158
0.224158
0.224169
0.22417
0.224167
0.224156
0.224144
0.22415
0.224154
0.224151
0.224137
0.224132
0.224129
0.224122
0.224125
0.224107
0.224103
0.22409
0.224079
0.22408
0.224067
0.224062
0.224074
0.224066
0.224078
0.224106
0.224096
0.224079
0.224071
0.224053
0.224059
0.224056
0.224054
0.224072
0.224084
0.224083
0.224075
0.224058
0.224061
0.224052
0.224044
0.224023
0.224026
0.224029
0.224026
0.224018
0.224007
0.224009
0.224015
0.224029
0.224042
0.224031
0.224032
0.224024
0.224018
0.224019
0.22401
0.224011
0.223995
0.223996
0.224003
0.223999
0.223996
0.223991
0.223987
0.223996
0.223987
0.223977
0.223974
0.223962
0.223962
0.223947
0.22396
0.223958
0.22395
0.223954
0.223953
0.223948
0.223949
0.223948
0.223941
0.223937
0.223943
0.223943
0.223941
0.223944
0.223938
0.223937
0.223931
0.223923
0.22392
0.223934
0.223942
0.223947
0.223938
0.223934
0.223913
0.223911
0.223901
0.223877
0.223867
0.223852
0.223837
0.223837
0.223833
0.223817
0.223826
0.223833
0.223824
0.223831
0.223812
0.223802
0.223818
0.223813
0.223814
0.22381
0.22381
0.223824
0.223823
0.223813
0.223813
0.223809
0.223808
0.223799
0.223786
0.223775
0.223755
0.223752
0.223736
0.223732
0.223728
0.223715
0.223714
0.223717
0.223709
0.223704
0.223692
0.223683
0.223669
0.223656
0.223647
0.223627
0.223625
0.223616
0.223611
0.223599
0.223584
0.223584
0.223592
0.223583
0.223576
0.223588
0.223582
0.223572
0.223557
0.223547
0.223545
0.223539
0.223518
0.223512
0.223506
0.223503
0.223497
0.223484
0.223482
0.223474
0.223472
0.223466
0.223467
0.223451
0.223453
0.223446
0.223428
0.223419
0.223429
0.223421
0.223408
0.223413
0.223397
0.223388
0.223381
0.223375
0.223376
0.223363
0.223366
0.223367
0.223345
0.223336
0.223327
0.223324
0.223319
0.223315
0.223307
0.223298
0.223289
0.223287
0.223283
0.223275
0.22326
0.223258
0.223255
0.223234
0.223226
0.223213
0.223196
0.223187
0.22318
0.223163
0.223169
0.223158
0.22316
0.223148
0.223132
0.223136
0.223135
0.223131
0.223143
0.223134
0.223141
0.223136
0.223129
0.223121
0.223107
0.223107
0.223114
0.223106
0.223113
0.223117
0.223118
0.223126
0.223123
0.22311
0.223115
0.223108
0.223094
0.223085
0.223082
0.223082
0.223086
0.223081
0.223081
0.223069
0.223062
0.223058
0.223066
0.223067
0.223068
0.223067
0.223071
0.223078
0.223065
0.223063
0.223056
0.223041
0.223036
0.223033
0.223029
0.22302
0.223006
0.223001
0.222998
0.222992
0.222991
0.222967
0.222964
0.222963
0.222947
0.222945
0.222953
0.22295
0.222952
0.22296
0.222945
0.222945
0.222933
0.222921
0.222924
0.222919
0.22291
0.222909
0.222888
0.222885
0.222898
0.222903
0.222904
0.222907
0.222907
0.222919
0.222924
0.222931
0.222937
0.22293
0.222929
0.222933
0.222937
0.222942
0.222936
0.22295
0.222939
0.222943
0.222938
0.222936
0.222942
0.222936
0.222938
0.222939
0.222943
0.222946
0.222946
0.222926
0.22292
0.222915
0.22292
0.222926
0.222942
0.222915
0.22291
0.222906
0.222905
0.222914
0.222916
0.222904
0.222894
0.222888
0.2229
0.222904
0.222894
0.222894
0.222911
0.22291
0.222901
0.222905
0.222899
0.2229
0.222894
0.222892
0.222894
0.222907
0.222897
0.222896
0.222898
0.222884
0.222885
0.22288
0.222873
0.222861
0.222866
0.222879
0.222878
0.222873
0.222877
0.222877
0.222877
0.222883
0.222882
0.222862
0.222847
0.222851
0.222842
0.222834
0.222833
0.222835
0.22284
0.222841
0.222839
0.222844
0.222845
0.22285
0.222852
0.222842
0.222837
0.222832
0.222837
0.222837
0.222832
0.22283
0.222813
0.222802
0.222792
0.222802
0.222779
0.222769
0.222773
0.222765
0.22277
0.222765
0.222767
0.222771
0.222773
0.22278
0.222778
0.222776
0.222779
0.222779
0.222782
0.222786
0.222782
0.22278
0.222774
0.222781
0.222777
0.222787
0.222786
0.222783
0.222783
0.222769
0.222757
0.222748
0.222754
0.222749
0.222755
0.222744
0.222739
0.222738
0.222739
0.222749
0.222759
0.222752
0.222742
0.222742
0.222731
0.222724
0.222717
0.222712
0.222713
0.222703
0.222702
0.222686
0.222686
0.222692
0.222679
0.222669
0.222663
0.222671
0.222664
0.222652
0.22264
0.222638
0.222645
0.222654
0.222652
0.222652
0.222658
0.22265
0.222647
0.222636
0.222626
0.222613
0.222621
0.222625
0.222628
0.222618
0.222614
0.222621
0.222617
0.222624
0.222617
0.22262
0.222623
0.222619
0.222616
0.222609
0.222608
0.222605
0.2226
0.222597
0.2226
0.222608
0.222615
0.222628
0.222628
0.22263
0.222632
0.222634
0.222629
0.222634
0.222644
0.222648
0.222655
0.222656
0.222674
0.222674
0.222676
0.222675
0.222675
0.222677
0.22267
0.222674
0.222679
0.222669
0.222663
0.222683
0.222692
0.222688
0.222691
0.222698
0.222715
0.222715
0.222723
0.222732
0.22273
0.222727
0.222731
0.222734
0.222736
0.222736
0.222743
0.222742
0.222737
0.222733
0.222737
0.22273
0.22273
0.222734
0.222726
0.222728
0.22273
0.222738
0.222744
0.222734
0.22273
0.22273
0.222734
0.222732
0.222726
0.222729
0.222735
0.222738
0.222738
0.222737
0.222734
0.222729
0.222743
0.222737
0.222744
0.222748
0.222759
0.222764
0.222763
0.222778
0.222779
0.222777
0.222779
0.222781
0.222791
0.222793
0.222807
0.222812
0.222813
0.222818
0.22282
0.222817
0.222824
0.222831
0.222834
0.222832
0.222836
0.222828
0.22282
0.222825
0.222827
0.222833
0.222828
0.222831
0.222829
0.222835
0.222835
0.222836
0.222836
0.222837
0.222836
0.222846
0.222843
0.222834
0.222833
0.222836
0.222837
0.222832
0.22283
0.222834
0.22284
0.222848
0.222854
0.222856
0.222857
0.222854
0.222857
0.222848
0.222854
0.222853
0.222854
0.222846
0.222844
0.222837
0.222833
0.222827
0.222828
0.222836
0.222834
0.222834
0.222847
0.222843
0.222849
0.222854
0.222841
0.22283
0.222819
0.222822
0.222815
0.222819
0.222827
0.222828
0.222823
0.222815
0.222806
0.2228
0.222793
0.222785
0.22278
0.222774
0.222772
0.22276
0.222754
0.222762
0.222762
0.222762
0.222759
0.22276
0.22276
0.222758
0.22275
0.222752
0.222762
0.222756
0.222757
0.222758
0.222755
0.222756
0.222747
0.222725
0.22272
0.222718
0.222709
0.222689
0.222683
0.222684
0.22267
0.222661
0.222653
0.222661
0.222645
0.222631
0.222626
0.222628
0.222621
0.222616
0.222608
0.222601
0.222585
0.222582
0.22258
0.222584
0.222586
0.222581
0.222581
0.222573
0.22257
0.222573
0.222565
0.222571
0.222569
0.222568
0.222573
0.222581
0.222576
0.222584
0.222574
0.222573
0.22257
0.222573
0.222569
0.222569
0.222556
0.222551
0.222548
0.222537
0.22253
0.222535
0.222533
0.222524
0.222523
0.222523
0.222522
0.222522
0.222523
0.222542
0.222544
0.222547
0.222541
0.222546
0.222546
0.222556
0.222556
0.222567
0.222577
0.222589
0.222586
0.222583
0.222579
0.222581
0.222572
0.222571
0.222573
0.222574
0.222578
0.222592
0.222592
0.222589
0.222582
0.222573
0.222572
0.222567
0.222565
0.22257
0.222567
0.222571
0.222576
0.222573
0.222566
0.222572
0.22257
0.222563
0.222567
0.222565
0.22257
0.222567
0.222572
0.222568
0.222563
0.222566
0.222557
0.222551
0.222554
0.222544
0.222534
0.222534
0.222525
0.222525
0.222515
0.222506
0.222508
0.222496
0.222496
0.222498
0.222504
0.222494
0.222486
0.222491
0.222488
0.222495
0.222484
0.222468
0.222471
0.222474
0.222469
0.222455
0.222453
0.222446
0.222449
0.222431
0.222417
0.222404
0.222391
0.222395
0.222388
0.222389
0.222392
0.222383
0.222379
0.222374
0.222374
0.22237
0.222363
0.22235
0.222331
0.222324
0.222318
0.222315
0.222307
0.222306
0.222304
0.222293
0.2223
0.22228
0.222276
0.222278
0.222279
0.222275
0.222276
0.222265
0.222259
0.222245
0.222232
0.222232
0.222231
0.22222
0.222205
0.22221
0.222197
0.222186
0.222178
0.222189
0.222192
0.222179
0.222175
0.222172
0.222182
0.222171
0.222169
0.222159
0.222155
0.222146
0.222148
0.222148
0.222148
0.222138
0.22213
0.222133
0.222126
0.22212
0.222119
0.222112
0.222101
0.222098
0.222092
0.222097
0.222096
0.222088
0.222079
0.222079
0.222072
0.222071
0.222065
0.222056
0.222045
0.222046
0.22204
0.222046
0.222044
0.222039
0.222027
0.222028
0.222032
0.222035
0.222046
0.222044
0.222057
0.222065
0.222058
0.222055
0.222056
0.222049
0.222041
0.222038
0.222047
0.222044
0.222036
0.222042
0.222038
0.222036
0.222027
0.222025
0.222015
0.222011
0.222014
0.222029
0.222025
0.222025
0.222021
0.222021
0.222017
0.222019
0.222015
0.22202
0.222017
0.222015
0.222016
0.222019
0.222026
0.222038
0.222035
0.222032
0.222032
0.222027
0.222035
0.222029
0.222037
0.222027
0.222028
0.222022
0.222029
0.222031
0.222035
0.222025
0.222025
0.222012
0.222009
0.222005
0.222011
0.222016
0.222012
0.222013
0.222014
0.222015
0.222023
0.222036
0.222037
0.222042
0.222049
0.222045
0.222034
0.222042
0.222039
0.222035
0.222041
0.222033
0.222039
0.22205
0.222061
0.22206
0.222069
0.222065
0.222071
0.222065
0.22206
0.222063
0.222061
0.222056
0.222053
0.222041
0.222044
0.222045
0.22204
0.222039
0.222042
0.222047
0.222038
0.222027
0.222017
0.22202
0.222022
0.222019
0.222017
0.222007
0.222007
0.22201
0.222002
0.221993
0.221992
0.221995
0.221986
0.22199
0.221986
0.221987
0.221995
0.221992
0.221998
0.222
0.222001
0.222004
0.222007
0.222012
0.222007
0.222011
0.222013
0.222013
0.222017
0.222014
0.222031
0.222028
0.222022
0.22202
0.222025
0.222029
0.222026
0.22203
0.222028
0.222021
0.222029
0.222026
0.222033
0.222037
0.222037
0.22203
0.222025
0.222021
0.222024
0.222013
0.222005
0.221987
0.221991
0.221978
0.22198
0.221977
0.22197
0.221965
0.221951
0.221951
0.221951
0.221942
0.221938
0.221933
0.221939
0.221942
0.221941
0.221927
0.221921
0.221904
0.221901
0.2219
0.2219
0.221902
0.221899
0.221898
0.221899
0.221893
0.221894
0.221888
0.221886
0.221898
0.221903
0.221911
0.221913
0.221907
0.221903
0.221901
0.221907
0.221905
0.221907
0.221919
0.221914
0.221917
0.221925
0.221918
0.22192
0.22192
0.221919
0.221917
0.221918
0.221917
0.221917
0.221906
0.221901
0.221904
0.221903
0.221915
0.221912
0.221912
0.221907
0.221909
0.221907
0.221905
0.221912
0.221905
0.221914
0.221917
0.221922
0.22193
0.221927
0.221928
0.221939
0.221956
0.221953
0.221958
0.221958
0.221951
0.22196
0.221965
0.221975
0.221983
0.221987
0.221995
0.221995
0.222003
0.222005
0.222012
0.222022
0.222032
0.222036
0.222037
0.222022
0.222036
0.22204
0.222034
0.222045
0.22206
0.22206
0.222063
0.222073
0.222079
0.22208
0.222094
0.222102
0.222109
0.222117
0.222117
0.22212
0.222125
0.222135
0.222144
0.222143
0.222144
0.222147
0.222155
0.222161
0.222161
0.222156
0.222154
0.222162
0.22216
0.22217
0.222184
0.222185
0.222198
0.222205
0.222217
0.222224
0.222241
0.222246
0.222251
0.222254
0.222261
0.222262
0.222276
0.222287
0.222287
0.222293
0.222309
0.222309
0.222314
0.222318
0.222313
0.222319
0.222324
0.222333
0.222346
0.222362
0.222363
0.222375
0.222377
0.222382
0.222393
0.222413
0.222424
0.222434
0.222438
0.222437
0.222449
0.222447
0.22244
0.222453
0.22247
0.222473
0.222477
0.222469
0.22247
0.222477
0.222476
0.22248
0.222481
0.222477
0.222468
0.222479
0.22248
0.222481
0.222484
0.222486
0.222489
0.222489
0.222482
0.222492
0.222495
0.222497
0.222505
0.222492
0.222483
0.222482
0.222484
0.222485
0.22248
0.222477
0.222484
0.222487
0.222494
0.222494
0.222497
0.222497
0.222499
0.222501
0.222501
0.222495
0.222498
0.2225
0.222499
0.222496
0.222499
0.222501
0.222505
0.222512
0.222517
0.222515
0.222515
0.222517
0.222497
0.222494
0.222488
0.222486
0.222491
0.222493
0.222495
0.222485
0.222493
0.222491
0.222489
0.222487
0.222497
0.222494
0.222491
0.222481
0.222481
0.222482
0.222484
0.222489
0.222486
0.222494
0.222499
0.222501
0.222499
0.222488
0.222492
0.222495
0.222497
0.222492
0.22249
0.222482
0.22248
0.222477
0.222473
0.222474
0.22247
0.222465
0.222462
0.22247
0.222469
0.222473
0.222463
0.222462
0.222455
0.22245
0.222452
0.222445
0.22245
0.222452
0.222454
0.222454
0.222446
0.222444
0.222437
0.222432
0.222433
0.222426
0.222417
0.222414
0.222413
0.222403
0.22241
0.222401
0.222406
0.222399
0.222398
0.222394
0.222394
0.222387
0.222383
0.222381
0.222376
0.222374
0.222368
0.222358
0.222358
0.222356
0.222352
0.222346
0.222345
0.222334
0.222325
0.222324
0.222313
0.222318
0.222315
0.222307
0.222295
0.222291
0.222286
0.222278
0.222276
0.22227
0.222262
0.222244
0.222233
0.222231
0.222222
0.222217
0.222214
0.222199
0.222202
0.222193
0.222192
0.2222
0.222193
0.22219
0.222181
0.22218
0.222167
0.222172
0.222172
0.222158
0.222151
0.222161
0.222155
0.222157
0.222166
0.222156
0.222154
0.222143
0.222145
0.222146
0.222136
0.22214
0.222133
0.222124
0.222116
0.222106
0.222099
0.222093
0.222085
0.222081
0.222067
0.222064
0.222055
0.22205
0.222036
0.22203
0.222016
0.222012
0.222009
0.222004
0.221993
0.221982
0.221976
0.221966
0.221967
0.221974
0.221971
0.221952
0.221946
0.221947
0.221948
0.221941
0.221938
0.221944
0.221941
0.221935
0.221932
0.22193
0.221929
0.221924
0.22193
0.221927
0.221934
0.221927
0.221922
0.221921
0.221923
0.221928
0.221928
0.221932
0.221945
0.221938
0.221939
0.221935
0.221939
0.221939
0.221936
0.221944
0.221943
0.221941
0.221933
0.221932
0.221927
0.221933
0.22193
0.22193
0.221924
0.221924
0.221919
0.221929
0.221922
0.221922
0.221928
0.221931
0.221924
0.221928
0.221936
0.221936
0.221936
0.221934
0.22193
0.221934
0.221934
0.221942
0.221944
0.221937
0.221936
0.22194
0.221943
0.221945
0.221939
0.221939
0.22194
0.221944
0.221944
0.221959
0.221962
0.221967
0.221973
0.221975
0.22198
0.221987
0.221998
0.221998
0.222003
0.221999
0.222004
0.221996
0.221996
0.221999
0.221998
0.222005
0.222003
0.222004
0.221999
0.221995
0.221995
0.221988
0.221997
0.221987
0.221997
0.221998
0.222001
0.222009
0.22201
0.222013
0.222011
0.222016
0.222016
0.222003
0.222011
0.222013
0.222016
0.222012
0.22201
0.222009
0.22201
0.22201
0.222009
0.222
0.222009
0.222003
0.221997
0.221994
0.221996
0.221991
0.221991
0.221982
0.221984
0.221989
0.221986
0.221984
0.221988
0.221976
0.221968
0.221967
0.22196
0.221964
0.221966
0.22196
0.221967
0.221968
0.221968
0.221964
0.221952
0.221955
0.221958
0.221954
0.221953
0.221951
0.221954
0.221959
0.221964
0.221962
0.221957
0.221956
0.221949
0.221946
0.221936
0.221938
0.221939
0.221941
0.221936
0.221932
0.221927
0.221926
0.221924
0.221924
0.221924
0.22192
0.221917
0.22191
0.221903
0.221899
0.221894
0.221885
0.221889
0.221888
0.221883
0.22188
0.221876
0.221876
0.221879
0.221876
0.221877
0.221872
0.221867
0.221867
0.221856
0.221848
0.221844
0.221837
0.221828
0.221822
0.221825
0.221828
0.221824
0.221829
0.221828
0.221824
0.221818
0.22182
0.221819
0.221807
0.221804
0.221795
0.221793
0.221788
0.221786
0.221785
0.221781
0.221781
0.221778
0.221778
0.221767
0.221769
0.221762
0.22176
0.221753
0.221749
0.221747
0.221744
0.221733
0.22173
0.22173
0.221719
0.221723
0.221712
0.221713
0.221712
0.221715
0.221715
0.221707
0.221712
0.221714
0.221722
0.221724
0.221725
0.221721
0.221714
0.221716
0.221708
0.221699
0.221692
0.221692
0.221692
0.221691
0.221693
0.221695
0.221684
0.221683
0.22168
0.221672
0.221668
0.221668
0.221666
0.221668
0.221666
0.221667
0.221663
0.221675
0.221677
0.221682
0.221682
0.221685
0.221678
0.22168
0.221677
0.221677
0.221681
0.221685
0.22169
0.221693
0.221691
0.221699
0.221708
0.2217
0.2217
0.221699
0.2217
0.221698
0.221693
0.221688
0.221689
0.221683
0.22167
0.221673
0.221675
0.221674
0.221677
0.221676
0.221671
0.221666
0.221668
0.221672
0.221671
0.221674
0.22168
0.221679
0.221683
0.22168
0.221677
0.22167
0.221674
0.221674
0.221662
0.221669
0.221663
0.221674
0.221673
0.221668
0.221665
0.22167
0.221666
0.22166
0.221656
0.221655
0.221649
0.221658
0.221654
0.221651
0.22165
0.221658
0.221652
0.221654
0.221653
0.221653
0.221659
0.221657
0.221666
0.221667
0.221665
0.221665
0.221669
0.221664
0.22166
0.22166
0.221667
0.221663
0.22166
0.221661
0.221664
0.221667
0.221664
0.221661
0.221663
0.221661
0.221668
0.221668
0.221661
0.221666
0.22167
0.221674
0.22167
0.221666
0.221672
0.221669
0.221676
0.22167
0.221672
0.221672
0.221669
0.221668
0.221661
0.221664
0.221666
0.221668
0.221666
0.221672
0.221665
0.221663
0.221672
0.221664
0.221661
0.221657
0.221667
0.221658
0.22166
0.22166
0.221665
0.221673
0.221666
0.221662
0.22166
0.221654
0.221646
0.221641
0.221636
0.22163
0.221624
0.22162
0.221612
0.221603
0.221601
0.221601
0.22161
0.22161
0.221603
0.2216
0.221599
0.221599
0.221605
0.221606
0.221599
0.221592
0.2216
0.221591
0.221591
0.221585
0.221585
0.221579
0.221582
0.221581
0.221579
0.221573
0.22158
0.221576
0.221586
0.221575
0.22157
0.221574
0.221566
0.22156
0.221563
0.221555
0.221556
0.22156
0.221557
0.221552
0.22155
0.221548
0.221543
0.221537
0.221528
0.221524
0.221516
0.221502
0.221502
0.221499
0.221494
0.221493
0.221488
0.221484
0.221483
0.221474
0.221465
0.221464
0.22147
0.221466
0.221461
0.221452
0.221437
0.221435
0.221416
0.221412
0.221407
0.221409
0.221394
0.221383
0.221382
0.221372
0.221366
0.221361
0.221357
0.221356
0.221352
0.221337
0.221334
0.221319
0.221317
0.221311
0.221304
0.221301
0.221294
0.22129
0.22128
0.221275
0.22127
0.221266
0.221263
0.221258
0.221259
0.221252
0.221248
0.221243
0.22124
0.221234
0.221233
0.221232
0.221238
0.221241
0.221237
0.221237
0.221227
0.221221
0.221218
0.221222
0.221221
0.221222
0.221223
0.221223
0.221213
0.221214
0.221211
0.221208
0.221208
0.221213
0.221213
0.221219
0.221221
0.221212
0.221205
0.221211
0.221219
0.221227
0.221231
0.221226
0.221222
0.22122
0.221218
0.221216
0.221213
0.221216
0.221219
0.221218
0.221212
0.221213
0.22121
0.22121
0.221203
0.221195
0.221196
0.221188
0.22119
0.221192
0.221185
0.221183
0.221172
0.221174
0.221181
0.221186
0.221189
0.221195
0.221194
0.2212
0.221209
0.221218
0.221204
0.221201
0.221208
0.221207
0.221209
0.221206
0.221207
0.221217
0.221226
0.221223
0.221228
0.221234
0.221241
0.221245
0.221235
0.221232
0.221231
0.221246
0.22125
0.221256
0.221262
0.221262
0.221265
0.221252
0.221249
0.221248
0.221246
0.221247
0.221253
0.221252
0.221251
0.221252
0.221258
0.221253
0.221251
0.221248
0.221248
0.221246
0.221254
0.221251
0.22125
0.221247
0.221245
0.221248
0.221254
0.221259
0.221254
0.221254
0.221248
0.221244
0.221245
0.221249
0.221255
0.221253
0.221244
0.221239
0.221235
0.221243
0.221243
0.221244
0.22124
0.221227
0.221223
0.221219
0.221214
0.221218
0.221214
0.221216
0.221214
0.221211
0.221209
0.221211
0.221204
0.221208
0.221214
0.221222
0.221217
0.221226
0.221229
0.221227
0.221224
0.22123
0.221228
0.221232
0.221229
0.221221
0.221224
0.22122
0.221216
0.221216
0.221219
0.221217
0.221218
0.221224
0.221217
0.221219
0.221212
0.221213
0.221216
0.22122
0.221221
0.22123
0.221236
0.221231
0.221228
0.221224
0.221219
0.22122
0.221226
0.221223
0.221223
0.22123
0.221232
0.221226
0.221225
0.221221
0.221218
0.22121
0.221206
0.221211
0.221211
0.221204
0.221196
0.221198
0.221195
0.221194
0.221193
0.221189
0.221193
0.221187
0.221193
0.2212
0.221198
0.221202
0.221202
0.2212
0.221198
0.22119
0.221196
0.221193
0.221195
0.221193
0.2212
0.221201
0.221193
0.22119
0.221189
0.221188
0.221186
0.221192
0.221196
0.221192
0.221193
0.221188
0.221186
0.221188
0.221186
0.221184
0.221177
0.221181
0.221175
0.221169
0.221167
0.221163
0.221166
0.221162
0.221168
0.221156
0.22115
0.221142
0.221135
0.221131
0.221126
0.221129
0.221134
0.221126
0.221123
0.221116
0.221114
0.221108
0.2211
0.221098
0.221089
0.221085
0.22109
0.221081
0.221076
0.22107
0.221062
0.221054
0.221052
0.221049
0.221041
0.221042
0.221044
0.221042
0.22104
0.221036
0.221021
0.22102
0.221016
0.221014
0.22101
0.221005
0.221005
0.221005
0.221003
0.221004
0.221006
0.221005
0.221006
0.221005
0.221006
0.221006
0.221003
0.220995
0.220993
0.221009
0.221011
0.221011
0.221007
0.221006
0.221005
0.221
0.220998
0.220996
0.220993
0.220999
0.221001
0.220998
0.220995
0.220996
0.220991
0.220984
0.220991
0.220996
0.221001
0.22101
0.221015
0.221011
0.221022
0.221028
0.221022
0.221022
0.22102
0.221017
0.221011
0.221015
0.221013
0.221013
0.221014
0.221016
0.221021
0.221022
0.221022
0.221027
0.221026
0.22103
0.221031
0.22103
0.221024
0.221027
0.221027
0.221032
0.221031
0.221033
0.221039
0.221036
0.22104
0.221036
0.221045
0.221047
0.221051
0.221055
0.221053
0.221052
0.221053
0.221055
0.221063
0.221063
0.221069
0.221073
0.22107
0.221063
0.221059
0.221062
0.22107
0.221071
0.221077
0.221081
0.22108
0.221079
0.221086
0.221084
0.221089
0.221094
0.221096
0.221098
0.221098
0.221095
0.221095
0.221101
0.221101
0.221097
0.221099
0.2211
0.221104
0.221123
0.221133
0.221135
0.221139
0.221137
0.221138
0.221142
0.221144
0.221146
0.221139
0.221138
0.221139
0.221136
0.221143
0.221139
0.221134
0.221136
0.221134
0.22113
0.221139
0.221142
0.22114
0.221145
0.221141
0.22114
0.221138
0.221136
0.221135
0.221134
0.221135
0.221135
0.221133
0.221124
0.221127
0.221126
0.221125
0.22113
0.221134
0.221141
0.221137
0.221132
0.221132
0.221124
0.221128
0.221135
0.221131
0.221142
0.221145
0.221151
0.221153
0.221154
0.22115
0.221144
0.221147
0.22115
0.221151
0.221144
0.221143
0.221145
0.22114
0.221145
0.221145
0.22114
0.221134
0.221137
0.221143
0.22114
0.221143
0.221152
0.221147
0.221154
0.221148
0.22114
0.22114
0.221138
0.221136
0.221139
0.221137
0.221137
0.221134
0.221134
0.221129
0.221127
0.221127
0.221123
0.22112
0.221111
0.221116
0.221105
0.221099
0.221093
0.221089
0.221089
0.221087
0.221082
0.22108
0.221078
0.221076
0.221078
0.221075
0.221074
0.221068
0.221061
0.221059
0.221059
0.221058
0.221052
0.221052
0.221044
0.22104
0.221034
0.221023
0.22102
0.221013
0.221012
0.221007
0.221008
0.221001
0.220997
0.220991
0.220996
0.220987
0.22099
0.220989
0.220983
0.220976
0.220976
0.220976
0.220969
0.220969
0.22096
0.220958
0.220953
0.220953
0.220956
0.220957
0.220954
0.220948
0.220944
0.22094
0.220941
0.220939
0.22094
0.220939
0.220932
0.220934
0.220925
0.220927
0.220921
0.220917
0.220912
0.220906
0.220901
0.220907
0.220902
0.220897
0.220888
0.220885
0.220879
0.220875
0.220876
0.220869
0.220872
0.220863
0.220868
0.220862
0.220858
0.220853
0.220856
0.220854
0.220856
0.220853
0.220848
0.220854
0.220851
0.220851
0.220854
0.220851
0.220839
0.220841
0.22084
0.220836
0.220837
0.220839
0.220844
0.220845
0.220845
0.220839
0.220845
0.220837
0.220837
0.220832
0.220821
0.220818
0.220812
0.220804
0.220807
0.220808
0.220797
0.220798
0.2208
0.220796
0.220796
0.2208
0.220795
0.220791
0.220784
0.220785
0.220786
0.220793
0.220794
0.220793
0.220793
0.220794
0.220788
0.22079
0.220788
0.220786
0.220794
0.220797
0.220798
0.220794
0.220795
0.2208
0.220807
0.220807
0.220802
0.220806
0.220807
0.220803
0.220809
0.220809
0.22081
0.220816
0.220821
0.220823
0.220826
0.220831
0.220839
0.220843
0.220844
0.22085
0.220854
0.220865
0.220866
0.220868
0.220869
0.220866
0.220864
0.220865
0.220866
0.220862
0.220855
0.220857
0.220863
0.220862
0.220868
0.220867
0.220872
0.220869
0.220872
0.22086
0.220871
0.22087
0.220871
0.220879
0.220875
0.220884
0.220877
0.22088
0.220877
0.220877
0.22088
0.220882
0.22088
0.220882
0.220882
0.220886
0.220895
0.220892
0.220895
0.220903
0.220902
0.2209
0.220899
0.220904
0.220904
0.220898
0.2209
0.220905
0.220909
0.220908
0.220917
0.220916
0.220913
0.220915
0.22092
0.220923
0.220924
0.220928
0.220932
0.220934
0.220945
0.220944
0.220946
0.220947
0.220951
0.220959
0.220959
0.220962
0.220961
0.220973
0.22098
0.220986
0.220991
0.220997
0.220994
0.220994
0.220992
0.220996
0.221001
0.221
0.220993
0.220989
0.220986
0.220983
0.220981
0.220979
0.22098
0.220981
0.220974
0.220978
0.220979
0.220972
0.220969
0.220959
0.220952
0.220954
0.220945
0.220937
0.220932
0.220924
0.220925
0.220922
0.220919
0.220916
0.220915
0.22091
0.2209
0.220904
0.220912
0.220904
0.220909
0.220911
0.220911
0.220901
0.220903
0.220903
0.220897
0.220899
0.220901
0.220897
0.220897
0.220898
0.220895
0.220892
0.220891
0.220885
0.22089
0.220896
0.220895
0.220894
0.220891
0.220898
0.220895
0.220889
0.220888
0.220891
0.220894
0.220888
0.220894
0.220889
0.220893
0.220891
0.220896
0.220894
0.220897
0.220896
0.220892
0.220893
0.220894
0.220892
0.22089
0.220889
0.220887
0.22088
0.220882
0.220881
0.220879
0.220887
0.220886
0.220883
0.220878
0.220873
0.220864
0.220864
0.220864
0.220865
0.220859
0.220855
0.220851
0.220844
0.220838
0.220834
0.22083
0.220831
0.220827
0.220825
0.220831
0.220824
0.220825
0.220828
0.220836
0.220828
0.220823
0.220814
0.220815
0.220821
0.220816
0.220811
0.220806
0.220801
0.220807
0.220802
0.220799
0.220795
0.220789
0.220791
0.220792
0.220783
0.220784
0.220783
0.220786
0.220784
0.220782
0.220783
0.220779
0.220786
0.220786
0.22078
0.220776
0.220768
0.220769
0.22077
0.220771
0.220773
0.220775
0.220766
0.220762
0.220757
0.220756
0.220749
0.22075
0.220748
0.220744
0.220736
0.220727
0.220724
0.220725
0.220721
0.220714
0.220711
0.220705
0.220699
0.220694
0.220692
0.220691
0.220695
0.220684
0.22068
0.220684
0.220685
0.220687
0.220679
0.220675
0.220682
0.22068
0.220678
0.220682
0.220681
0.220677
0.220669
0.220669
0.220656
0.220656
0.220653
0.220649
0.220648
0.220646
0.220638
0.220636
0.220629
0.220633
0.220629
0.220627
0.220625
0.220622
0.220615
0.220618
0.220621
0.220617
0.220616
0.220612
0.220611
0.220614
0.220618
0.220616
0.220619
0.220618
0.220613
0.220622
0.220619
0.22062
0.220612
0.220609
0.220612
0.220606
0.220601
0.220596
0.220589
0.220589
0.220588
0.220591
0.220586
0.220588
0.220585
0.220586
0.220587
0.22059
0.22059
0.22059
0.220583
0.220578
0.220576
0.22058
0.22058
0.22058
0.220578
0.220577
0.220575
0.220581
0.220584
0.220583
0.220578
0.220575
0.220573
0.220569
0.220571
0.220571
0.220573
0.220578
0.220576
0.220573
0.220571
0.220562
0.220566
0.22056
0.220554
0.22055
0.220547
0.220544
0.22054
0.220532
0.22053
0.220531
0.220526
0.220527
0.220528
0.220524
0.220519
0.220521
0.220512
0.220508
0.2205
0.220498
0.220495
0.220489
0.220488
0.220488
0.220481
0.220474
0.220469
0.220464
0.220462
0.22046
0.220457
0.220455
0.220448
0.220449
0.220454
0.220448
0.220441
0.22044
0.220435
0.220433
0.220431
0.220429
0.220433
0.22043
0.220433
0.220434
0.220423
0.220431
0.220426
0.220427
0.220419
0.220421
0.220417
0.220414
0.22042
0.220415
0.220414
0.220412
0.220415
0.220413
0.220416
0.22042
0.220409
0.220413
0.220409
0.22041
0.220412
0.22041
0.220416
0.220419
0.220421
0.220422
0.220426
0.220433
0.220432
0.22043
0.220435
0.220436
0.220436
0.22044
0.220438
0.220435
0.220437
0.220434
0.220438
0.220436
0.220424
0.220417
0.220415
0.220415
0.22041
0.220415
0.220411
0.220403
0.220404
0.220407
0.220414
0.220414
0.220417
0.220411
0.220412
0.220418
0.220421
0.220426
0.220432
0.220433
0.220438
0.220438
0.22044
0.220441
0.22044
0.220436
0.22044
0.220435
0.220437
0.220438
0.220445
0.220443
0.220445
0.220445
0.220441
0.220444
0.220445
0.220447
0.22045
0.220451
0.220457
0.220462
0.220472
0.220471
0.220472
0.220475
0.220482
0.220489
0.220493
0.220492
0.220502
0.220502
0.220501
0.220508
0.220514
0.220524
0.220525
0.220529
0.220531
0.220531
0.220535
0.22054
0.22055
0.220548
0.220548
0.220551
0.22055
0.220549
0.220555
0.220561
0.22056
0.220561
0.220566
0.220568
0.220571
0.22057
0.220572
0.220567
0.220568
0.220566
0.220564
0.220559
0.220564
0.220566
0.220565
0.220568
0.220572
0.220571
0.220574
0.220574
0.22057
0.220576
0.220574
0.220577
0.220583
0.220582
0.220587
0.220592
0.220589
0.220591
0.22059
0.220595
0.220594
0.220594
0.220589
0.220586
0.220589
0.220593
0.2206
0.220601
0.220596
0.220595
0.220597
0.220589
0.220588
0.22059
0.220591
0.220591
0.220594
0.220603
0.220601
0.220599
0.220595
0.220591
0.220588
0.220591
0.220591
0.22059
0.220594
0.220591
0.220595
0.220588
0.220581
0.220581
0.220581
0.220573
0.220571
0.220569
0.220571
0.220564
0.220563
0.220557
0.220551
0.220544
0.220536
0.220534
0.22053
0.220529
0.220526
0.22052
0.220517
0.220509
0.220506
0.220508
0.220496
0.220497
0.220496
0.220494
0.220491
0.220489
0.220483
0.220477
0.220476
0.220478
0.220471
0.220469
0.22046
0.220455
0.220446
0.220447
0.220441
0.220442
0.22044
0.220436
0.220428
0.22043
0.220422
0.220415
0.220416
0.220415
0.220409
0.220397
0.220393
0.220385
0.220383
0.220381
0.220378
0.220372
0.220365
0.220366
0.220363
0.220364
0.220367
0.220366
0.220352
0.220348
0.220341
0.220339
0.220333
0.220325
0.220322
0.220317
0.220313
0.220306
0.220301
0.220297
0.220294
0.22029
0.220286
0.220284
0.220282
0.220275
0.220269
0.220264
0.220259
0.220261
0.220258
0.220257
0.220257
0.22025
0.220241
0.220236
0.220231
0.220223
0.22022
0.220217
0.220205
0.220204
0.220198
0.220193
0.220188
0.220181
0.220175
0.220177
0.220174
0.220169
0.220172
0.220175
0.220178
0.220184
0.220181
0.220179
0.220183
0.220184
0.220189
0.220188
0.220185
0.220181
0.220185
0.220186
0.220189
0.220191
0.220194
0.220194
0.220192
0.220196
0.220194
0.220201
0.220198
0.220198
0.220202
0.220203
0.2202
0.220199
0.220199
0.220195
0.220193
0.220193
0.220193
0.220191
0.220191
0.220189
0.220182
0.22018
0.220178
0.220176
0.220181
0.220178
0.220181
0.220184
0.220182
0.220181
0.220171
0.22017
0.220163
0.220163
0.220163
0.220165
0.220168
0.220165
0.220165
0.220163
0.220169
0.220169
0.220168
0.220167
0.220165
0.220161
0.22016
0.220161
0.220163
0.220162
0.22016
0.220163
0.220164
0.220161
0.220159
0.220164
0.220163
0.220162
0.220164
0.22016
0.220159
0.220161
0.220161
0.22016
0.220159
0.220157
0.22016
0.220163
0.220167
0.220166
0.220163
0.220161
0.220161
0.22016
0.220158
0.220158
0.220158
0.220163
0.220162
0.220159
0.220158
0.220158
0.220159
0.22016
0.22016
0.22016
0.220161
0.220162
0.220159
0.220154
0.220159
0.220154
0.22016
0.220159
0.220161
0.220164
0.22016
0.220165
0.220168
0.220177
0.220173
0.220175
0.220172
0.220179
0.22018
0.220178
0.220176
0.220175
0.220176
0.220172
0.220175
0.22017
0.220175
0.220172
0.220168
0.220173
0.22018
0.220173
0.220169
0.220175
0.220176
0.220173
0.220175
0.220167
0.220165
0.220164
0.220165
0.220162
0.220162
0.22017
0.220173
0.220176
0.220184
0.220185
0.220183
0.220181
0.220186
0.220189
0.220192
0.220195
0.220204
0.220193
0.220193
0.220191
0.220198
0.220199
0.220197
0.220196
0.220199
0.220201
0.220204
0.220209
0.220212
0.220214
0.220212
0.22021
0.220216
0.220218
0.220221
0.220217
0.220212
0.220209
0.220205
0.220215
0.220219
0.22022
0.220217
0.220218
0.22023
0.220229
0.220228
0.220225
0.220222
0.220226
0.220225
0.220225
0.220227
0.220226
0.220231
0.220229
0.220234
0.220236
0.220232
0.220234
0.220239
0.220239
0.220234
0.220232
0.220227
0.220223
0.220222
0.220221
0.220221
0.220219
0.220212
0.220214
0.22022
0.220218
0.220219
0.22022
0.220221
0.220217
0.22022
0.220225
0.220228
0.220228
0.220226
0.220229
0.22023
0.220239
0.220245
0.220249
0.220249
0.220247
0.220255
0.220258
0.220264
0.220262
0.220264
0.220272
0.220278
0.220275
0.220272
0.220272
0.220274
0.220282
0.220284
0.220286
0.220282
0.220286
0.220288
0.220286
0.220284
0.220285
0.220288
0.220284
0.220277
0.220277
0.22028
0.22027
0.220271
0.220271
0.22028
0.220282
0.220289
0.220281
0.220281
0.220279
0.220278
0.220273
0.220277
0.220272
0.22027
0.220268
0.220265
0.220264
0.220265
0.220263
0.220262
0.220264
0.220253
0.220252
0.220246
0.220247
0.220247
0.220243
0.220245
0.220244
0.220241
0.220241
0.220242
0.220237
0.220236
0.220233
0.220235
0.220235
0.22023
0.220229
0.220228
0.220228
0.220229
0.220232
0.220227
0.220225
0.220227
0.220226
0.22022
0.220217
0.220218
0.220216
0.220212
0.220203
0.220202
0.220198
0.220193
0.220191
0.220193
0.22019
0.220191
0.220197
0.2202
0.220203
0.220206
0.220201
0.220196
0.220195
0.220192
0.22019
0.220185
0.220187
0.22018
0.220177
0.220174
0.220169
0.220167
0.220169
0.22016
0.220159
0.220154
0.220148
0.220151
0.220152
0.220145
0.220145
0.220141
0.220139
0.220131
0.22013
0.220127
0.220122
0.220122
0.220116
0.220113
0.22011
0.220111
0.220105
0.220105
0.220096
0.22009
0.220093
0.220093
0.220086
0.220084
0.220085
0.220089
0.220082
0.220073
0.220068
0.220065
0.220063
0.22006
0.220058
0.220056
0.220055
0.220056
0.220052
0.220053
0.220048
0.220042
0.220034
0.220031
0.22002
0.220015
0.220014
0.220006
0.219998
0.219987
0.219983
0.219978
0.219968
0.219962
0.219958
0.219956
0.219959
0.219956
0.219958
0.219958
0.219953
0.219948
0.219948
0.219946
0.219938
0.219935
0.219937
0.219936
0.219936
0.219941
0.21994
0.219938
0.219939
0.219939
0.219934
0.219932
0.219938
0.219933
0.219931
0.219927
0.219926
0.219921
0.219916
0.219913
0.219914
0.219919
0.219917
0.219916
0.219918
0.219915
0.219915
0.21991
0.219907
0.219909
0.219908
0.219922
0.219922
0.219924
0.219917
0.219912
0.219917
0.219925
0.219929
0.219935
0.219936
0.219932
0.219933
0.219929
0.219934
0.219936
0.219936
0.21994
0.219938
0.219933
0.219929
0.219929
0.219929
0.219927
0.219931
0.219928
0.219929
0.219931
0.219933
0.219927
0.219929
0.219925
0.219926
0.219928
0.219929
0.219935
0.21993
0.219925
0.219926
0.219927
0.219931
0.219925
0.219924
0.219924
0.219931
0.219931
0.219935
0.219936
0.219939
0.219942
0.219938
0.219935
0.219938
0.21994
0.219935
0.219936
0.219934
0.219932
0.219932
0.219926
0.219925
0.219922
0.219919
0.219917
0.21991
0.219908
0.219898
0.219896
0.219901
0.2199
0.219897
0.21989
0.21989
0.219889
0.219892
0.219889
0.219891
0.219884
0.219886
0.219884
0.219891
0.219886
0.219891
0.219891
0.219887
0.219886
0.219892
0.21989
0.219881
0.219879
0.219877
0.219877
0.219874
0.219876
0.219875
0.219871
0.219871
0.219871
0.219865
0.219865
0.219861
0.219857
0.219858
0.219855
0.219858
0.219861
0.219865
0.21986
0.219859
0.219859
0.219859
0.219853
0.219857
0.219853
0.219856
0.219851
0.219845
0.219843
0.219836
0.219841
0.219835
0.219833
0.219831
0.219834
0.219834
0.219832
0.21983
0.219827
0.219826
0.219824
0.21982
0.219823
0.219821
0.219823
0.219821
0.219816
0.219825
0.219823
0.219821
0.219815
0.219813
0.219812
0.219812
0.219819
0.219817
0.219819
0.21982
0.21982
0.219824
0.219822
0.219818
0.219816
0.219811
0.219812
0.219816
0.219817
0.219815
0.219812
0.219812
0.219809
0.219807
0.219807
0.219809
0.21981
0.219802
0.219798
0.219794
0.219796
0.219795
0.219796
0.219795
0.219792
0.21979
0.219784
0.219785
0.219784
0.21979
0.21979
0.219791
0.219788
0.219787
0.219789
0.21979
0.219795
0.219788
0.219788
0.219788
0.219784
0.219781
0.219776
0.219775
0.219777
0.219781
0.219779
0.219777
0.219775
0.219778
0.219777
0.21978
0.219777
0.219775
0.219772
0.219769
0.219774
0.219777
0.219777
0.219779
0.219781
0.219784
0.219785
0.21978
0.219782
0.219779
0.219779
0.219776
0.219772
0.219767
0.219776
0.219782
0.219782
0.219792
0.219792
0.219789
0.219789
0.219788
0.219793
0.219791
0.219786
0.219794
0.21979
0.219786
0.21979
0.219794
0.219788
0.219783
0.219782
0.219782
0.219781
0.219784
0.219785
0.219783
0.219785
0.219781
0.219776
0.219784
0.219782
0.219785
0.219786
0.219786
0.219788
0.219789
0.219791
0.219793
0.219793
0.219796
0.2198
0.219796
0.219797
0.219802
0.219806
0.219808
0.219805
0.219814
0.219813
0.219814
0.219811
0.219814
0.219815
0.219817
0.21982
0.219816
0.219816
0.219812
0.21982
0.219823
0.219829
0.219835
0.219836
0.219839
0.219845
0.219845
0.219841
0.219841
0.219844
0.219839
0.219838
0.219838
0.219842
0.219844
0.21985
0.219849
0.219852
0.219855
0.219861
0.219861
0.219867
0.219871
0.219877
0.219882
0.219886
0.219892
0.219891
0.219894
0.219898
0.219897
0.219902
0.219904
0.219908
0.219911
0.21992
0.219922
0.219927
0.219928
0.219929
0.219925
0.219929
0.219925
0.219929
0.219925
0.219926
0.219932
0.219935
0.219938
0.219944
0.219943
0.219944
0.219949
0.219954
0.219954
0.219957
0.219961
0.219962
0.219968
0.219976
0.219978
0.219976
0.219979
0.219983
0.219993
0.219998
0.219997
0.219996
0.219997
0.220002
0.220003
0.220004
0.220007
0.220006
0.22001
0.220014
0.220014
0.220014
0.220024
0.22003
0.220037
0.22004
0.220044
0.220051
0.220056
0.220056
0.220055
0.220058
0.220058
0.220061
0.220062
0.220059
0.220059
0.220062
0.220064
0.220068
0.220073
0.220073
0.220078
0.220084
0.220086
0.220085
0.22009
0.220097
0.220099
0.220104
0.220104
0.220098
0.2201
0.220104
0.220107
0.220107
0.220099
0.220099
0.220101
0.220103
0.220103
0.220104
0.220104
0.220099
0.220094
0.220096
0.220101
0.220101
0.220108
0.220111
0.220118
0.220115
0.220117
0.220117
0.220121
0.220124
0.220122
0.220122
0.220117
0.220121
0.220123
0.220123
0.22013
0.220133
0.220131
0.220127
0.220126
0.220124
0.220127
0.22013
0.220132
0.220142
0.220148
0.220148
0.220153
0.220146
0.220141
0.220141
0.220143
0.22014
0.220143
0.220144
0.220143
0.220145
0.220149
0.220147
0.220149
0.220153
0.220155
0.220153
0.220147
0.220144
0.220143
0.220137
0.220133
0.220134
0.220128
0.22013
0.220134
0.220132
0.220127
0.220129
0.220132
0.220134
0.220136
0.220134
0.220132
0.220129
0.22013
0.220125
0.220123
0.220123
0.220121
0.220122
0.220121
0.220114
0.220119
0.220126
0.220127
0.22013
0.220129
0.220127
0.220123
0.220124
0.220123
0.220126
0.220129
0.220123
0.22012
0.220122
0.220122
0.220129
0.220123
0.220126
0.220125
0.220124
0.220128
0.22013
0.220129
0.220131
0.220132
0.220131
0.220136
0.220139
0.220141
0.220137
0.220133
0.220134
0.220136
0.220127
0.220129
0.220125
0.220125
0.220129
0.220122
0.22012
0.220124
0.220126
0.220127
0.220121
0.22012
0.220123
0.220129
0.220136
0.220135
0.220133
0.220134
0.220127
0.220129
0.22013
0.220125
0.220122
0.220119
0.220118
0.22012
0.220123
0.22013
0.220129
0.220129
0.22013
0.220135
0.220141
0.220139
0.220136
0.220137
0.220137
0.22014
0.22014
0.220133
0.220132
0.220131
0.22013
0.22013
0.220129
0.220137
0.220139
0.220137
0.220134
0.220131
0.220135
0.220132
0.220134
0.220134
0.220135
0.220138
0.220142
0.220145
0.220146
0.220154
0.220154
0.220159
0.220158
0.220157
0.220162
0.220163
0.220166
0.220168
0.220165
0.220175
0.220179
0.220181
0.220188
0.220191
0.220194
0.220187
0.220185
0.220186
0.220193
0.220195
0.220197
0.220195
0.220192
0.220193
0.220191
0.220198
0.220197
0.220199
0.220196
0.220195
0.220197
0.220198
0.2202
0.220204
0.22021
0.220213
0.220214
0.220215
0.220208
0.220208
0.220206
0.220204
0.220205
0.220208
0.220209
0.220208
0.220209
0.220203
0.220202
0.220202
0.220195
0.220189
0.220187
0.220183
0.220176
0.220172
0.220171
0.220167
0.220166
0.220162
0.220162
0.220166
0.220165
0.22016
0.220157
0.220154
0.220148
0.220148
0.220144
0.220144
0.220143
0.220138
0.220142
0.220138
0.220133
0.220128
0.220128
0.22013
0.220126
0.22012
0.220119
0.220109
0.220108
0.220106
0.220109
0.220108
0.220109
0.220107
0.220116
0.220113
0.220112
0.22011
0.220108
0.220104
0.220098
0.220095
0.220097
0.220099
0.220096
0.220095
0.220098
0.220096
0.220091
0.22009
0.220084
0.220085
0.220079
0.220074
0.220074
0.220071
0.220063
0.22006
0.220054
0.220054
0.220047
0.220044
0.220043
0.220049
0.220047
0.220048
0.220048
0.220046
0.22004
0.220039
0.220039
0.220034
0.220032
0.220027
0.220024
0.22002
0.220013
0.220011
0.220003
0.220001
0.220001
0.219995
0.219994
0.219992
0.219988
0.219984
0.219985
0.219983
0.219982
0.219985
0.219985
0.219987
0.21998
0.219985
0.219988
0.219986
0.219994
0.219996
0.219992
0.219992
0.219994
0.219995
0.219994
0.219995
0.220001
0.220003
0.220011
0.220011
0.220008
0.220014
0.220021
0.220018
0.22002
0.220017
0.220017
0.220023
0.220024
0.220023
0.220025
0.220031
0.220039
0.220037
0.220036
0.220037
0.220042
0.220039
0.220039
0.22004
0.220041
0.220034
0.220029
0.220028
0.220033
0.220034
0.220031
0.220031
0.220031
0.220033
0.220035
0.220033
0.220035
0.220035
0.220031
0.220026
0.220021
0.220017
0.220014
0.220014
0.220012
0.220008
0.220013
0.220013
0.220013
0.220016
0.220012
0.220009
0.220005
0.220004
0.22
0.219997
0.219993
0.219991
0.219991
0.219987
0.219987
0.219988
0.219989
0.219987
0.219989
0.219991
0.219986
0.219988
0.219984
0.219986
0.219981
0.219978
0.219972
0.219969
0.219964
0.219963
0.219964
0.219961
0.219961
0.219959
0.219957
0.219952
0.219953
0.219957
0.219958
0.21996
0.219962
0.21996
0.219962
0.219958
0.219957
0.219953
0.219945
0.219954
0.219952
0.219951
0.21995
0.219952
0.21995
0.219954
0.219948
0.219943
0.219938
0.21994
0.219939
0.219946
0.21994
0.219938
0.219943
0.219942
0.219936
0.219933
0.219928
0.219931
0.21993
0.219933
0.219932
0.219934
0.219934
0.219931
0.219928
0.219929
0.219929
0.219933
0.219934
0.219932
0.219933
0.21993
0.21992
0.219921
0.219922
0.219927
0.219926
0.219927
0.219927
0.219926
0.219926
0.219926
0.219923
0.219924
0.219926
0.219925
0.219925
0.219921
0.21992
0.219921
0.219922
0.219918
0.219918
0.219911
0.219912
0.219913
0.219906
0.219904
0.219902
0.219901
0.219901
0.219909
0.219905
0.219903
0.219902
0.219904
0.219899
0.219893
0.219893
0.219896
0.219891
0.219893
0.219887
0.219885
0.219889
0.219891
0.219898
0.219895
0.219897
0.219898
0.219893
0.21989
0.219893
0.219893
0.219894
0.219889
0.219883
0.21988
0.219872
0.21987
0.219868
0.21987
0.219868
0.219866
0.219863
0.219859
0.219857
0.21986
0.219857
0.219849
0.219847
0.219841
0.219841
0.219846
0.219847
0.219844
0.219841
0.219838
0.219834
0.219836
0.219839
0.219841
0.219839
0.219837
0.219834
0.219831
0.219824
0.219823
0.21982
0.219816
0.219814
0.219809
0.219806
0.21981
0.21981
0.219811
0.219807
0.219804
0.219801
0.219796
0.219795
0.219793
0.219792
0.219791
0.219795
0.219802
0.219797
0.219796
0.219792
0.219788
0.219785
0.21978
0.219778
0.21978
0.219779
0.219774
0.219775
0.219776
0.219776
0.219776
0.219777
0.219773
0.219772
0.219773
0.219766
0.219767
0.219767
0.219767
0.219769
0.219766
0.219766
0.21976
0.219758
0.219757
0.219757
0.219761
0.21976
0.219756
0.219751
0.219746
0.219743
0.21974
0.21974
0.219744
0.219744
0.219743
0.219739
0.219738
0.219734
0.219733
0.219735
0.219732
0.219727
0.219727
0.219728
0.219728
0.219729
0.219731
0.219725
0.219724
0.219721
0.219718
0.219717
0.219713
0.219713
0.21972
0.219715
0.219715
0.219714
0.219712
0.219711
0.219716
0.219717
0.219715
0.219713
0.219715
0.219713
0.21971
0.219707
0.219705
0.219705
0.219701
0.2197
0.219699
0.2197
0.219704
0.219709
0.219708
0.21971
0.219705
0.219704
0.2197
0.219701
0.219701
0.219698
0.219699
0.219698
0.219699
0.219703
0.219703
0.219707
0.219712
0.219715
0.219714
0.219713
0.21971
0.21971
0.219708
0.219704
0.219705
0.219703
0.219703
0.219703
0.219707
0.219704
0.219705
0.219705
0.219704
0.219703
0.219705
0.219704
0.219702
0.219704
0.219708
0.219715
0.219708
0.219701
0.219704
0.219711
0.21971
0.219703
0.219703
0.219699
0.219701
0.219696
0.219693
0.21969
0.219686
0.219685
0.219687
0.219685
0.219686
0.219684
0.219685
0.21968
0.219679
0.219679
0.21968
0.219684
0.219686
0.219691
0.219695
0.219695
0.21969
0.219686
0.219685
0.21969
0.21969
0.219696
0.219691
0.21969
0.219691
0.219694
0.219699
0.219701
0.219702
0.219701
0.219699
0.219705
0.219707
0.219701
0.219699
0.219698
0.219692
0.219693
0.21969
0.219687
0.21969
0.21969
0.21969
0.219693
0.219693
0.219694
0.219697
0.219698
0.219694
0.219696
0.219692
0.219689
0.219688
0.219688
0.21969
0.219687
0.219685
0.219691
0.219687
0.219687
0.219688
0.219689
0.21968
0.219674
0.219677
0.219674
0.219669
0.219667
0.219669
0.219669
0.219669
0.219666
0.21967
0.219669
0.219664
0.219666
0.219667
0.219666
0.219673
0.219673
0.219672
0.21967
0.219663
0.219662
0.219665
0.219671
0.219669
0.219667
0.219666
0.219667
0.219665
0.219661
0.219661
0.219652
0.219652
0.219654
0.21965
0.219649
0.21965
0.219654
0.219651
0.219649
0.21965
0.219643
0.219643
0.21964
0.219637
0.219637
0.219634
0.219634
0.219635
0.219633
0.219634
0.219636
0.219634
0.219635
0.219636
0.219628
0.219625
0.219626
0.219633
0.219629
0.219631
0.219631
0.219627
0.219626
0.219626
0.21963
0.219629
0.219626
0.219627
0.21962
0.219619
0.219617
0.219613
0.219616
0.219617
0.219614
0.219611
0.219606
0.219601
0.219599
0.219598
0.219593
0.219593
0.219586
0.219585
0.219583
0.219582
0.219588
0.219587
0.219588
0.219587
0.219586
0.21959
0.21959
0.219588
0.219589
0.219593
0.21959
0.219592
0.21959
0.219587
0.219583
0.219573
0.219563
0.219559
0.219558
0.21956
0.219559
0.219559
0.219557
0.219552
0.219547
0.219542
0.219537
0.219534
0.219533
0.219532
0.219535
0.219539
0.21954
0.219544
0.219541
0.219544
0.219542
0.219539
0.219543
0.219541
0.219538
0.219535
0.219535
0.21954
0.219539
0.219539
0.219541
0.219537
0.219542
0.219543
0.219541
0.219543
0.219538
0.219538
0.219536
0.219539
0.219537
0.219535
0.219541
0.219547
0.219546
0.219547
0.219551
0.219552
0.219551
0.219548
0.219549
0.219552
0.219554
0.21956
0.219561
0.219566
0.219565
0.219566
0.21956
0.219556
0.219563
0.219563
0.219565
0.219564
0.219563
0.219561
0.219558
0.21956
0.219554
0.21955
0.219553
0.219549
0.219552
0.219553
0.219555
0.219554
0.219552
0.219555
0.219562
0.219563
0.219555
0.219554
0.219555
0.219553
0.219552
0.219556
0.219554
0.21955
0.219553
0.219548
0.219547
0.21955
0.219552
0.219553
0.219549
0.21955
0.219549
0.21955
0.21955
0.219551
0.219551
0.219551
0.219549
0.219549
0.219554
0.219553
0.219553
0.219553
0.219553
0.219555
0.219554
0.219547
0.219543
0.21954
0.219545
0.219539
0.21954
0.219541
0.219539
0.219535
0.219534
0.219534
0.219528
0.219525
0.219527
0.219525
0.219527
0.219527
0.219521
0.219518
0.219519
0.219518
0.21952
0.219516
0.219518
0.219517
0.219513
0.219512
0.219503
0.219504
0.219503
0.2195
0.219502
0.21951
0.21951
0.219506
0.219509
0.219506
0.219508
0.219513
0.219515
0.21951
0.219512
0.219511
0.219514
0.219518
0.219518
0.21952
0.219519
0.21952
0.219522
0.219517
0.219517
0.219515
0.219514
0.219511
0.219509
0.219504
0.219504
0.219501
0.219502
0.219504
0.219509
0.219509
0.219508
0.219505
0.219503
0.219504
0.219505
0.219502
0.219506
0.219507
0.219511
0.219512
0.219511
0.21951
0.219511
0.219511
0.21951
0.219509
0.21951
0.21951
0.219508
0.219512
0.219508
0.219509
0.219504
0.219501
0.219502
0.219501
0.219497
0.219499
0.219495
0.219495
0.219495
0.219494
0.219494
0.219493
0.219491
0.219492
0.21949
0.219489
0.21949
0.219495
0.219494
0.21949
0.219486
0.219483
0.219477
0.219473
0.219467
0.219467
0.219471
0.219473
0.219471
0.219473
0.219475
0.219467
0.219466
0.219467
0.219467
0.219466
0.219465
0.219461
0.219454
0.219456
0.219454
0.219449
0.219449
0.219448
0.219444
0.21944
0.219441
0.21944
0.219436
0.219436
0.219441
0.219434
0.219434
0.219435
0.219431
0.219425
0.219426
0.219424
0.219424
0.219422
0.219417
0.219417
0.219418
0.219416
0.219413
0.219408
0.219401
0.219399
0.219394
0.219393
0.219389
0.219388
0.219388
0.219382
0.219374
0.219375
0.219369
0.219367
0.219365
0.219364
0.21936
0.219354
0.219349
0.219347
0.219341
0.219335
0.219331
0.219328
0.219326
0.219324
0.219321
0.219324
0.219324
0.21932
0.21932
0.219317
0.219316
0.219315
0.219315
0.219312
0.219307
0.219303
0.219303
0.219302
0.219296
0.219296
0.219294
0.21929
0.219288
0.219282
0.219278
0.21928
0.219277
0.219268
0.219262
0.219259
0.219259
0.219256
0.219259
0.219257
0.219257
0.219256
0.219254
0.219251
0.219249
0.219246
0.219241
0.219234
0.219227
0.219224
0.219221
0.219216
0.219211
0.219207
0.219206
0.219204
0.219199
0.219194
0.21919
0.219188
0.219184
0.219182
0.219179
0.21918
0.219177
0.219176
0.219171
0.21917
0.219168
0.219164
0.219162
0.219159
0.219154
0.219153
0.219154
0.219152
0.219157
0.219162
0.219158
0.219154
0.219156
0.219153
0.219147
0.219144
0.21914
0.21914
0.219136
0.219135
0.219134
0.219131
0.219135
0.219138
0.219136
0.219129
0.219123
0.219124
0.219121
0.219123
0.219124
0.219122
0.219119
0.21912
0.219118
0.21912
0.219122
0.219118
0.219119
0.219115
0.219117
0.219115
0.219111
0.219112
0.219107
0.219104
0.219103
0.219101
0.219103
0.219104
0.219101
0.2191
0.219102
0.219109
0.219108
0.219104
0.219105
0.2191
0.219103
0.219106
0.219101
0.219101
0.219101
0.219103
0.219099
0.219101
0.219102
0.219107
0.219112
0.219117
0.219115
0.219115
0.219119
0.21912
0.219126
0.219118
0.219118
0.219123
0.219124
0.219124
0.219123
0.219129
0.219132
0.219131
0.219133
0.219132
0.219133
0.219133
0.219132
0.219134
0.219133
0.219132
0.219126
0.219122
0.219123
0.219117
0.219117
0.219116
0.219113
0.219108
0.219112
0.219116
0.219115
0.219114
0.219117
0.219111
0.219111
0.219107
0.219106
0.219107
0.219105
0.2191
0.219095
0.219101
0.219097
0.219095
0.219092
0.219094
0.219094
0.219092
0.219092
0.219095
0.219092
0.219091
0.219087
0.219088
0.219084
0.219083
0.219078
0.219076
0.219073
0.219074
0.21907
0.219066
0.219061
0.219058
0.219055
0.219048
0.21905
0.219051
0.219047
0.219051
0.219052
0.219051
0.219053
0.219054
0.219052
0.21905
0.21905
0.219049
0.219049
0.21905
0.219045
0.219043
0.219039
0.219038
0.219033
0.219033
0.21903
0.21903
0.219029
0.219028
0.219026
0.219022
0.219017
0.219017
0.219021
0.21902
0.219021
0.219024
0.219025
0.219024
0.219021
0.219024
0.219024
0.219021
0.219016
0.219011
0.219009
0.219007
0.219008
0.219001
0.218999
0.218995
0.218995
0.218993
0.218989
0.218989
0.218991
0.21899
0.218988
0.218991
0.218994
0.21899
0.218986
0.218983
0.218983
0.21898
0.218981
0.218979
0.21898
0.218978
0.218981
0.218981
0.218977
0.218979
0.218981
0.218979
0.218979
0.218982
0.218982
0.218984
0.218981
0.218979
0.218975
0.218969
0.218973
0.21897
0.21897
0.218967
0.218968
0.218966
0.218963
0.218961
0.218956
0.218956
0.218956
0.218958
0.218957
0.218953
0.218952
0.218949
0.218944
0.218941
0.218941
0.218938
0.218937
0.218933
0.218931
0.218933
0.21893
0.218928
0.218927
0.218922
0.218922
0.218918
0.218911
0.218912
0.218914
0.218912
0.218913
0.218912
0.218911
0.218911
0.21891
0.218909
0.218905
0.218904
0.218906
0.218908
0.218909
0.218903
0.218899
0.218897
0.218892
0.21889
0.218888
0.218891
0.218889
0.218883
0.218878
0.218874
0.218872
0.218865
0.218866
0.218862
0.218856
0.21885
0.218845
0.218842
0.21884
0.218842
0.21884
0.21884
0.218833
0.218831
0.218826
0.218824
0.218821
0.218817
0.218819
0.21882
0.21882
0.21882
0.218821
0.218822
0.218822
0.218823
0.218819
0.218817
0.218816
0.218818
0.218821
0.218819
0.218822
0.218819
0.218822
0.218816
0.218814
0.218814
0.218815
0.218812
0.218814
0.218814
0.21881
0.218806
0.218812
0.218809
0.218809
0.218812
0.218812
0.218804
0.218803
0.218799
0.218795
0.218791
0.218791
0.218789
0.218789
0.218788
0.21879
0.218784
0.218776
0.218775
0.218777
0.218777
0.218775
0.218776
0.218778
0.218774
0.218769
0.218768
0.218767
0.218765
0.218764
0.218761
0.218761
0.218762
0.21876
0.218759
0.218759
0.218753
0.218749
0.218748
0.218744
0.218738
0.218737
0.218741
0.218742
0.218742
0.218745
0.218748
0.21875
0.218753
0.218755
0.218756
0.218757
0.21875
0.218746
0.21875
0.218746
0.218742
0.218739
0.21874
0.21874
0.21874
0.218739
0.218736
0.21874
0.218734
0.218738
0.218739
0.218739
0.218736
0.218737
0.21874
0.218742
0.218738
0.218736
0.218737
0.218734
0.218737
0.21874
0.218744
0.218736
0.218734
0.218729
0.218723
0.218721
0.218717
0.218718
0.21872
0.218715
0.218718
0.218719
0.218717
0.218714
0.218714
0.218714
0.218714
0.21871
0.218704
0.218707
0.218709
0.218712
0.218705
0.218701
0.218703
0.218699
0.218696
0.218697
0.218698
0.218697
0.218698
0.218698
0.218699
0.218703
0.218702
0.218699
0.218693
0.218693
0.218691
0.218693
0.218693
0.218693
0.218693
0.218691
0.21869
0.21869
0.218693
0.218689
0.218688
0.218686
0.218685
0.21868
0.218681
0.218683
0.218682
0.21868
0.218684
0.218682
0.218685
0.218686
0.218683
0.218689
0.218689
0.218688
0.218692
0.218688
0.21869
0.218689
0.218683
0.218686
0.218685
0.21869
0.218693
0.218693
0.218693
0.218693
0.218697
0.218699
0.218699
0.218698
0.218697
0.218699
0.218704
0.218701
0.218707
0.218713
0.21872
0.218717
0.218717
0.218717
0.218717
0.218717
0.218716
0.21872
0.218724
0.218728
0.218725
0.218725
0.218724
0.218725
0.218725
0.218721
0.218719
0.21872
0.218722
0.218719
0.21872
0.218719
0.218718
0.218719
0.218713
0.218714
0.218715
0.218715
0.218712
0.218709
0.218708
0.218709
0.218705
0.218701
0.218702
0.218702
0.218704
0.218706
0.218702
0.218704
0.218701
0.218701
0.218702
0.218702
0.218701
0.218704
0.218703
0.218702
0.218703
0.218701
0.218703
0.218702
0.2187
0.2187
0.2187
0.218697
0.218702
0.218704
0.218701
0.218697
0.218699
0.218695
0.218695
0.218693
0.218696
0.218697
0.218695
0.218696
0.218698
0.218693
0.218691
0.218695
0.218696
0.218695
0.218696
0.218698
0.218701
0.218699
0.218699
0.218698
0.2187
0.2187
0.218697
0.218701
0.218699
0.218697
0.218692
0.218689
0.218686
0.218686
0.218687
0.218686
0.218681
0.218681
0.218681
0.218674
0.218673
0.218673
0.218669
0.21867
0.218668
0.218671
0.21867
0.218675
0.218673
0.218668
0.218667
0.21867
0.218667
0.218669
0.218664
0.218662
0.218663
0.218662
0.21866
0.218663
0.218657
0.218658
0.218657
0.218659
0.218661
0.218659
0.218663
0.218664
0.218664
0.218667
0.218665
0.21866
0.218657
0.218656
0.218662
0.218661
0.218655
0.218651
0.218652
0.218649
0.218648
0.218646
0.218648
0.218642
0.218641
0.21864
0.218637
0.218637
0.218632
0.218635
0.218641
0.21864
0.218644
0.218646
0.218642
0.218642
0.218643
0.218645
0.218642
0.21864
0.218642
0.218641
0.218644
0.218644
0.218642
0.218637
0.218638
0.218639
0.218635
0.218635
0.21863
0.218631
0.21863
0.21863
0.218632
0.21863
0.21863
0.218627
0.218623
0.218622
0.218621
0.218619
0.218617
0.218613
0.218618
0.218622
0.218623
0.218622
0.218625
0.218624
0.218623
0.218624
0.218629
0.218631
0.218627
0.218625
0.218622
0.218624
0.218626
0.218627
0.218627
0.218625
0.218626
0.218625
0.21863
0.218634
0.218638
0.218637
0.218638
0.218638
0.218636
0.21863
0.218625
0.218623
0.218623
0.218623
0.218628
0.218623
0.218622
0.218619
0.21862
0.218615
0.218615
0.218617
0.218616
0.218614
0.218614
0.218613
0.218613
0.218612
0.21861
0.218611
0.218604
0.218606
0.218607
0.218607
0.218608
0.218604
0.218608
0.218608
0.218608
0.218605
0.218601
0.218601
0.218599
0.218601
0.218598
0.218599
0.218595
0.218596
0.218599
0.218599
0.218598
0.218599
0.218594
0.218597
0.218597
0.218595
0.218593
0.218591
0.218593
0.218592
0.218591
0.218585
0.218583
0.21858
0.218574
0.218573
0.218568
0.218568
0.218567
0.218562
0.21856
0.218558
0.218553
0.218557
0.21855
0.218543
0.218539
0.218537
0.21854
0.21854
0.218535
0.218531
0.218529
0.21853
0.218527
0.218525
0.218524
0.218524
0.218524
0.218524
0.218521
0.218518
0.218514
0.218512
0.218509
0.218508
0.218505
0.218504
0.218502
0.218501
0.218498
0.218493
0.21849
0.218489
0.218488
0.218484
0.21848
0.218475
0.21847
0.218463
0.218456
0.218451
0.218452
0.218452
0.218451
0.218449
0.218452
0.218448
0.21845
0.218448
0.218448
0.218443
0.218444
0.218441
0.218441
0.218436
0.218433
0.21843
0.218431
0.218428
0.218429
0.218421
0.21842
0.218417
0.218413
0.218411
0.218409
0.218405
0.218403
0.218399
0.218394
0.218395
0.21839
0.218391
0.218389
0.218383
0.218379
0.218378
0.218374
0.218371
0.218371
0.218369
0.218367
0.218365
0.218363
0.218363
0.218363
0.218365
0.21836
0.218359
0.218359
0.21836
0.218358
0.218355
0.218356
0.218355
0.21836
0.218358
0.218359
0.218358
0.218356
0.218356
0.21836
0.218358
0.218361
0.218365
0.218367
0.218369
0.218371
0.21837
0.21837
0.218372
0.218372
0.218374
0.218375
0.21838
0.218377
0.218376
0.218378
0.218382
0.218384
0.218385
0.218388
0.218391
0.218393
0.218396
0.218397
0.218401
0.218396
0.218397
0.218396
0.218399
0.218403
0.218406
0.218411
0.218416
0.218419
0.218426
0.218425
0.218425
0.218427
0.218433
0.218436
0.218436
0.218439
0.218436
0.218436
0.218438
0.218443
0.218444
0.218437
0.218439
0.218441
0.21844
0.218445
0.218444
0.218446
0.21845
0.218456
0.218461
0.218462
0.218462
0.21846
0.218462
0.218461
0.218459
0.218461
0.218462
0.218465
0.218465
0.218466
0.218463
0.21846
0.21846
0.218462
0.218463
0.218464
0.218466
0.218463
0.218466
0.218467
0.21847
0.21847
0.218471
0.21847
0.218473
0.218475
0.218474
0.218478
0.218478
0.218482
0.218484
0.218488
0.21849
0.218488
0.218491
0.218492
0.218495
0.218497
0.218494
0.218492
0.218492
0.218494
0.218494
0.218496
0.2185
0.218495
0.218497
0.218499
0.218501
0.218496
0.218498
0.218503
0.218507
0.218509
0.218515
0.218516
0.218515
0.218513
0.218508
0.218509
0.218512
0.218507
0.218508
0.21851
0.218506
0.218505
0.218506
0.218504
0.218505
0.218506
0.218505
0.218502
0.218505
0.218507
0.218505
0.218505
0.218509
0.218512
0.218508
0.218508
0.218516
0.218512
0.218515
0.218518
0.21852
0.218521
0.218521
0.218524
0.218525
0.218527
0.218529
0.218528
0.218526
0.218529
0.218526
0.218526
0.218524
0.218524
0.218529
0.218529
0.218531
0.218535
0.218535
0.218538
0.218537
0.218539
0.218538
0.218534
0.218531
0.218531
0.21853
0.218535
0.218533
0.218532
0.218534
0.218537
0.21854
0.218543
0.218544
0.218545
0.218549
0.218546
0.218546
0.218553
0.218551
0.21855
0.218553
0.218555
0.218558
0.218555
0.218551
0.218552
0.218554
0.21855
0.218547
0.218544
0.21854
0.218538
0.218537
0.218536
0.218534
0.218538
0.218535
0.218533
0.218527
0.218525
0.218526
0.218525
0.218528
0.218528
0.218523
0.218526
0.218525
0.218528
0.218526
0.218526
0.218529
0.218529
0.21853
0.21853
0.218529
0.218532
0.218531
0.218536
0.218539
0.218542
0.218546
0.218546
0.218546
0.218548
0.21855
0.218552
0.218548
0.218552
0.218556
0.218554
0.218557
0.218558
0.218561
0.21856
0.218562
0.218563
0.218566
0.218564
0.218567
0.218568
0.218569
0.218569
0.21857
0.21857
0.218572
0.218572
0.218578
0.218578
0.218579
0.21858
0.218584
0.218588
0.21859
0.218594
0.2186
0.218597
0.218599
0.218595
0.218594
0.218599
0.218596
0.218597
0.218598
0.2186
0.218599
0.218599
0.218599
0.218599
0.218599
0.218601
0.2186
0.218603
0.218605
0.218606
0.218611
0.218611
0.218611
0.218609
0.218612
0.218606
0.218607
0.218607
0.218607
0.218605
0.218607
0.218613
0.218613
0.218612
0.218615
0.218622
0.218623
0.218625
0.218627
0.218631
0.218628
0.218627
0.218628
0.21863
0.218629
0.218632
0.218633
0.218629
0.218633
0.218636
0.218635
0.218634
0.218638
0.218642
0.218641
0.21864
0.218639
0.218639
0.218641
0.218642
0.21864
0.218638
0.218639
0.218638
0.218634
0.218636
0.218634
0.218632
0.218634
0.218634
0.218636
0.218634
0.218634
0.218637
0.218638
0.218642
0.218648
0.21865
0.218651
0.21865
0.218655
0.218658
0.218661
0.218658
0.218659
0.218655
0.218655
0.218655
0.218658
0.218663
0.218669
0.218671
0.218673
0.218675
0.218676
0.218675
0.218678
0.218676
0.218679
0.218681
0.218684
0.218685
0.218685
0.218687
0.218686
0.218691
0.218693
0.218692
0.218692
0.218693
0.218694
0.218695
0.218697
0.218699
0.218695
0.218696
0.218695
0.218696
0.218695
0.218699
0.218697
0.218697
0.2187
0.218697
0.218704
0.218706
0.21871
0.218712
0.218712
0.218715
0.218719
0.218722
0.21872
0.218721
0.218725
0.218725
0.218727
0.21873
0.218733
0.218731
0.218734
0.218736
0.218737
0.218741
0.218742
0.218744
0.218744
0.218747
0.218744
0.218743
0.218748
0.218751
0.218755
0.218755
0.218753
0.218753
0.218751
0.21875
0.218752
0.218752
0.21875
0.218752
0.218757
0.218758
0.21876
0.218755
0.218753
0.218754
0.218754
0.218758
0.218752
0.218751
0.218746
0.218748
0.218745
0.218747
0.218751
0.218751
0.218751
0.218753
0.218754
0.218757
0.218759
0.218758
0.218755
0.218756
0.218757
0.218757
0.21876
0.218763
0.218758
0.21875
0.218749
0.218752
0.218752
0.218757
0.218754
0.21875
0.218746
0.218746
0.218747
0.218746
0.218741
0.218746
0.218743
0.218742
0.218744
0.218743
0.218742
0.218743
0.218741
0.21874
0.218739
0.218737
0.218738
0.218736
0.218737
0.218734
0.218736
0.218736
0.218735
0.218731
0.218731
0.218726
0.21872
0.218718
0.218717
0.218715
0.218713
0.218713
0.218714
0.218711
0.21871
0.218705
0.218702
0.218702
0.218699
0.218703
0.2187
0.218704
0.218704
0.2187
0.218701
0.2187
0.218695
0.218696
0.218696
0.218696
0.218697
0.218697
0.218697
0.218698
0.218702
0.218706
0.218706
0.218708
0.218707
0.218704
0.218703
0.218705
0.218706
0.218703
0.218704
0.218709
0.21871
0.218712
0.218713
0.218708
0.218709
0.218708
0.21871
0.218708
0.218706
0.218712
0.218712
0.218714
0.218716
0.218717
0.218715
0.218718
0.218715
0.218718
0.218722
0.218721
0.218724
0.218724
0.218723
0.218719
0.218718
0.218718
0.218716
0.218715
0.218716
0.218715
0.218718
0.218723
0.218722
0.218719
0.21872
0.21872
0.218715
0.218712
0.218712
0.218716
0.218715
0.218723
0.218724
0.218721
0.218719
0.218717
0.218716
0.218713
0.218714
0.218709
0.21871
0.218709
0.218713
0.218712
0.218709
0.218706
0.218707
0.218708
0.218711
0.218713
0.218713
0.21871
0.218709
0.218707
0.218708
0.218711
0.218709
0.218713
0.218713
0.218716
0.218716
0.218716
0.218717
0.218716
0.218714
0.21871
0.21871
0.218707
0.218708
0.218708
0.218715
0.218721
0.218721
0.21872
0.218719
0.218716
0.218717
0.218718
0.218713
0.218712
0.218716
0.218716
0.218719
0.218716
0.218711
0.21871
0.218705
0.218703
0.218703
0.218704
0.218706
0.218707
0.218706
0.218704
0.218702
0.218698
0.218695
0.218695
0.218693
0.218694
0.218693
0.218694
0.218696
0.218699
0.218701
0.218699
0.218701
0.218705
0.218701
0.2187
0.218702
0.218706
0.21871
0.218713
0.218717
0.21872
0.218717
0.218716
0.218717
0.218714
0.218718
0.21872
0.218719
0.218722
0.218724
0.218724
0.218726
0.218727
0.218731
0.218733
0.21873
0.218734
0.218734
0.218737
0.218738
0.218736
0.218736
0.218735
0.218736
0.218738
0.218733
0.218735
0.218735
0.218737
0.218742
0.218746
0.218751
0.218754
0.218752
0.218755
0.218756
0.218756
0.218759
0.218762
0.218763
0.218763
0.218767
0.218768
0.218763
0.218767
0.218767
0.218768
0.218771
0.218774
0.218773
0.218771
0.218765
0.218762
0.218761
0.21876
0.218764
0.218763
0.218766
0.218768
0.218768
0.218764
0.218768
0.218769
0.218774
0.218777
0.218774
0.218773
0.218777
0.218779
0.218782
0.218782
0.218782
0.218777
0.218779
0.218777
0.21878
0.21878
0.218775
0.21878
0.218781
0.218785
0.218783
0.218785
0.218787
0.218788
0.218789
0.218791
0.218793
0.218797
0.218799
0.2188
0.218802
0.218806
0.218807
0.218812
0.218812
0.218815
0.218812
0.218813
0.218817
0.218821
0.218823
0.218828
0.218832
0.218839
0.218843
0.218845
0.218849
0.218851
0.21885
0.218852
0.218854
0.21886
0.218869
0.218872
0.21887
0.218871
0.218869
0.21887
0.21887
0.218875
0.218881
0.218882
0.218884
0.218883
0.218886
0.218885
0.218887
0.218891
0.218893
0.218893
0.218895
0.218897
0.218898
0.218895
0.2189
0.218901
0.218902
0.218907
0.218909
0.218907
0.218909
0.218912
0.218913
0.218913
0.218916
0.21892
0.21892
0.218922
0.218922
0.218924
0.218927
0.218926
0.218931
0.218934
0.218936
0.218939
0.218942
0.218943
0.218945
0.218943
0.218941
0.218945
0.218946
0.218946
0.218947
0.218946
0.218949
0.218948
0.218954
0.218954
0.218958
0.218961
0.218968
0.218971
0.218967
0.218969
0.21897
0.21897
0.218973
0.21898
0.218982
0.218987
0.218985
0.218984
0.218984
0.218983
0.218985
0.218987
0.218989
0.218988
0.218988
0.218988
0.218992
0.218991
0.218989
0.218993
0.218996
0.218998
0.218998
0.219
0.219005
0.219002
0.219001
0.219002
0.218999
0.218999
0.219004
0.219008
0.219009
0.21901
0.219012
0.219013
0.219015
0.219018
0.219019
0.219023
0.219028
0.219027
0.219029
0.219032
0.219033
0.219034
0.219034
0.219037
0.219035
0.219037
0.219034
0.219039
0.219042
0.219041
0.219045
0.219044
0.219045
0.219043
0.219045
0.21905
0.219053
0.219053
0.219052
0.219057
0.219058
0.219059
0.219062
0.219065
0.21907
0.219073
0.219078
0.219077
0.219078
0.219081
0.219081
0.219084
0.219089
0.219091
0.21909
0.219092
0.219098
0.219101
0.219105
0.219101
0.2191
0.219102
0.2191
0.219099
0.219102
0.219109
0.219113
0.219115
0.219111
0.219113
0.219112
0.219114
0.219113
0.219112
0.219111
0.219113
0.219116
0.219114
0.219115
0.219119
0.219119
0.219117
0.219119
0.219121
0.21912
0.219122
0.219121
0.219118
0.219116
0.219122
0.219118
0.219117
0.219115
0.219111
0.21911
0.219111
0.219115
0.219112
0.219114
0.219112
0.21911
0.219108
0.219105
0.219105
0.219105
0.219105
0.219101
0.219104
0.219103
0.219104
0.219106
0.219102
0.219102
0.219104
0.219105
0.219104
0.2191
0.219102
0.219104
0.219104
0.219106
0.21911
0.219111
0.219111
0.219107
0.219106
0.219105
0.219103
0.219102
0.219102
0.219102
0.2191
0.219101
0.2191
0.219102
0.2191
0.219108
0.219104
0.219103
0.219101
0.219098
0.219095
0.219097
0.219094
0.21909
0.219085
0.219083
0.219082
0.219088
0.219082
0.219083
0.219079
0.219079
0.219078
0.219076
0.219075
