0.181818
0.126984
0.0966057
0.0756972
0.0698413
0.0643045
0.0599548
0.0569745
0.055938
0.0540541
0.0518519
0.0509194
0.0481928
0.0482936
0.0468557
0.0459635
0.0449886
0.0433828
0.0440786
0.0426297
0.0423228
0.0412127
0.0404412
0.0403548
0.039258
0.0386555
0.0388548
0.0375791
0.0372075
0.0377288
0.037961
0.037557
0.0371633
0.0377044
0.0371578
0.0366359
0.0360584
0.0362253
0.0355977
0.0356204
0.0364001
0.0356742
0.0353201
0.0346961
0.0346012
0.0349198
0.034474
0.0342517
0.033593
0.0332377
0.0338664
0.0333256
0.0329695
0.0323805
0.0332526
0.0333694
0.0335398
0.0335359
0.0336221
0.0336782
0.0336336
0.033668
0.0335206
0.0337786
0.0338664
0.0339959
0.0335472
0.0334176
0.0333333
0.033052
0.033009
0.032756
0.0327507
0.0326196
0.032386
0.0325482
0.0327603
0.0329
0.0329897
0.033182
0.0331372
0.0328545
0.032658
0.0327208
0.0328451
0.0327965
0.0326448
0.0324889
0.0324777
0.0326485
0.0327161
0.0328593
0.0325804
0.0326957
0.0325181
0.0324598
0.0323049
0.0324098
0.0320911
0.0320184
0.0318609
0.0319819
0.032
0.0317185
0.0316992
0.0317248
0.0318149
0.0320306
0.0320938
0.0320535
0.0320595
0.0322098
0.0319452
0.0317658
0.0316356
0.0317884
0.0316532
0.0316262
0.0314636
0.0312433
0.03128
0.0312632
0.0314671
0.0317493
0.0317871
0.0317346
0.0316443
0.0315566
0.0313316
0.0313186
0.0311881
0.031164
0.0314177
0.0312894
0.031307
0.0312351
0.0311615
0.0311153
0.031186
0.0310278
0.0308834
0.0308659
0.030676
0.030736
0.0308008
0.0306547
0.0308734
0.0308782
0.030788
0.0306537
0.0306254
0.0305148
0.0304826
0.0303949
0.0304501
0.0304391
0.0304183
0.0303951
0.0305032
0.0304675
0.0305933
0.0306253
0.0306017
0.0307291
0.0306531
0.0306322
0.0306353
0.030654
0.0306216
0.0304371
0.0304041
0.0302802
0.0301056
0.0301743
0.0301348
0.0301289
0.0301964
0.0300998
0.0300812
0.0299228
0.029779
0.0296323
0.0294577
0.0293578
0.0292817
0.0293358
0.0293218
0.0292329
0.0292056
0.029265
0.0291374
0.0292025
0.0291858
0.0292817
0.0291372
0.0291114
0.0290391
0.0290426
0.0289751
0.0289299
0.0289246
0.0288474
0.0290727
0.0289375
0.0289607
0.0290239
0.0290647
0.0290607
0.0290405
0.0290133
0.0289427
0.0288886
0.0288315
0.0286913
0.0285732
0.0284991
0.0283845
0.028423
0.028602
0.0286829
0.0285714
0.0285547
0.028423
0.028314
0.0283035
0.0282883
0.0283419
0.0282173
0.0281634
0.0281355
0.0280664
0.0280416
0.0280666
0.0281674
0.0281596
0.0282607
0.0281899
0.0281744
0.0281652
0.0283546
0.0282876
0.0282841
0.0283236
0.0283627
0.0284061
0.0283403
0.0282825
0.0281964
0.0281919
0.0282365
0.0282392
0.0281195
0.0280639
0.0280542
0.0280388
0.028121
0.0282225
0.0281676
0.0281676
0.0282107
0.0281423
0.0283385
0.0283435
0.0282893
0.0282355
0.0281794
0.028242
0.0282266
0.0282941
0.0281888
0.0281968
0.0280993
0.0279998
0.0280004
0.028001
0.0279094
0.027876
0.0277921
0.0278116
0.0278154
0.0278036
0.0278009
0.0277008
0.0277586
0.0278568
0.0278032
0.0277752
0.02775
0.0276583
0.0276988
0.0276529
0.0276595
0.0277778
0.0277407
0.0278049
0.0277458
0.0277043
0.0277094
0.0277279
0.0277256
0.0277645
0.0277079
0.0276589
0.0276928
0.027649
0.0275567
0.0275135
0.0275651
0.0275681
0.0275276
0.027451
0.0275303
0.0275195
0.027439
0.0273995
0.0274052
0.0273604
0.0273192
0.0273781
0.0274046
0.027409
0.0273694
0.0273288
0.027247
0.0272779
0.0272391
0.0272483
0.027332
0.0272934
0.0271968
0.0271621
0.0271221
0.0271645
0.0271662
0.0271383
0.0271221
0.0271271
0.0270543
0.0270176
0.0272025
0.0271655
0.0271858
0.0271916
0.0271633
0.0271495
0.0272631
0.027197
0.0271097
0.02714
0.02717
0.0271666
0.0271451
0.0272233
0.0273845
0.0274226
0.0274226
0.0273498
0.0273162
0.0273958
0.0273542
0.0273158
0.0272737
0.0272368
0.027201
0.0271265
0.0271835
0.0271521
0.0271508
0.027109
0.0271347
0.0271747
0.0272116
0.0271891
0.0271211
0.0270858
0.0270422
0.0269752
0.027012
0.027043
0.0270776
0.0270214
0.0271621
0.0271171
0.027077
0.0270464
0.0269745
0.0269627
0.0269326
0.0269639
0.0269367
0.0269333
0.0269063
0.0268749
0.0268409
0.0268694
0.0268032
0.0268073
0.0267426
0.0268075
0.0268019
0.0267473
0.0267825
0.0267848
0.0267942
0.0268325
0.0269015
0.0269535
0.0269292
0.0268814
0.0268886
0.0268482
0.0268035
0.0267434
0.0267139
0.0267499
0.0267154
0.0266485
0.0267143
0.0267499
0.026743
0.0267131
0.0266512
0.0266579
0.0266334
0.0266057
0.0265446
0.0265849
0.0265632
0.0265967
0.0265661
0.0266011
0.0265698
0.0265121
0.0264563
0.0265392
0.0265516
0.0265527
0.0265259
0.0265564
0.0265892
0.0265657
0.0265779
0.0265246
0.0265886
0.0265526
0.0265632
0.026597
0.0265285
0.0265863
0.0265664
0.0265968
0.0266651
0.0267279
0.02669
0.0267766
0.0268903
0.0268813
0.0268542
0.0268615
0.02683
0.0268327
0.0268595
0.0268591
0.0269513
0.0269569
0.0269655
0.0269702
0.0269458
0.026887
0.0268599
0.0268914
0.0269715
0.0270035
0.027052
0.0270678
0.0270421
0.0269797
0.0269483
0.0269574
0.0270382
0.0270882
0.0270895
0.0270426
0.0269848
0.0269856
0.0269584
0.0269482
0.026977
0.026928
0.0269062
0.0268596
0.026825
0.026837
0.026926
0.0269161
0.0269387
0.0269888
0.0270105
0.0270119
0.0270371
0.0270048
0.027007
0.0269856
0.0269358
0.0269111
0.0269362
0.0269102
0.0269804
0.0269565
0.0268961
0.0268444
0.0268672
0.0268465
0.0268406
0.0268152
0.0267983
0.0267772
0.0268553
0.0269074
0.0268587
0.0268831
0.0268627
0.026861
0.0268086
0.0268083
0.0267902
0.0268064
0.0267612
0.0268187
0.0268855
0.0268641
0.0268171
0.0268249
0.0268568
0.0268336
0.0268132
0.0268149
0.0268667
0.0268983
0.0269012
0.0268928
0.026895
0.026845
0.0269121
0.026911
0.026904
0.0269081
0.0269542
0.026904
0.0268787
0.0268803
0.0268337
0.0267795
0.0267534
0.0268088
0.0268383
0.0268121
0.0267849
0.0268367
0.0268319
0.026806
0.0268077
0.0267794
0.0268263
0.0268273
0.026827
0.0268083
0.026784
0.0267611
0.0267755
0.0267961
0.0268204
0.0268006
0.0267998
0.0267471
0.0267233
0.0267269
0.026705
0.0267218
0.0266945
0.0266673
0.0266764
0.0266937
0.0266512
0.0266064
0.0266745
0.02674
0.0267167
0.0266829
0.0266414
0.0266297
0.0266754
0.0266571
0.0266135
0.0266172
0.0265756
0.0265921
0.0265741
0.0265339
0.0265306
0.026525
0.0265031
0.0265034
0.0264769
0.0264368
0.026399
0.0263735
0.0263797
0.026344
0.0263468
0.0263496
0.0263284
0.0264026
0.026366
0.0263403
0.0263192
0.0262795
0.0262755
0.0262326
0.0262762
0.0262814
0.0263197
0.0263034
0.0263242
0.026322
0.026369
0.0264063
0.0263821
0.0263854
0.0263669
0.0263669
0.0263856
0.0263883
0.0263915
0.0264068
0.0264342
0.0263933
0.0263943
0.0263947
0.0264357
0.0264076
0.0264102
0.0264035
0.0263995
0.0263945
0.0263911
0.0263921
0.0264259
0.0264064
0.0263885
0.0263674
0.0263748
0.0263747
0.0264357
0.0264531
0.0264832
0.0264654
0.0264774
0.0264946
0.0265018
0.02651
0.0264881
0.0265464
0.0265465
0.0265236
0.0265269
0.0265335
0.0265117
0.0265072
0.0264688
0.0264836
0.0265016
0.0264644
0.0264382
0.0264288
0.0264152
0.0264207
0.0264283
0.0264153
0.0263904
0.0263847
0.0263481
0.026305
0.0262969
0.0263199
0.0263724
0.0263917
0.0263809
0.0263574
0.0263239
0.0263477
0.0263082
0.026342
0.0263723
0.0264105
0.0264078
0.0263856
0.026402
0.0264424
0.0264053
0.0263892
0.026401
0.0264004
0.0263928
0.0264234
0.0264153
0.0264517
0.0264575
0.0264983
0.0265162
0.0265396
0.0265201
0.0265002
0.026498
0.0264821
0.0264945
0.0264777
0.0264984
0.0264841
0.0264538
0.026473
0.0264708
0.0264677
0.0264834
0.0264836
0.0265393
0.0265192
0.0265238
0.0264846
0.0264681
0.0264769
0.0264772
0.026456
0.0264587
0.0264242
0.0264588
0.0264624
0.0264243
0.0264047
0.0264036
0.0263828
0.0263888
0.0263897
0.0263689
0.0263707
0.0263908
0.0263907
0.026392
0.0263657
0.0263545
0.0263367
0.0263665
0.0263478
0.0263316
0.0263658
0.0263847
0.0264036
0.0263901
0.0264093
0.0263894
0.0264063
0.0264246
0.0264107
0.0264101
0.0264507
0.0264487
0.0264312
0.0264119
0.026399
0.0263839
0.0264673
0.0264694
0.0264882
0.0264754
0.0264639
0.0264285
0.0264451
0.0264597
0.0264407
0.0264437
0.0264748
0.0264599
0.0264427
0.0264577
0.0264758
0.0264511
0.0264345
0.0264197
0.0264227
0.0264039
0.0263689
0.0263776
0.0264067
0.0264233
0.0263897
0.0263949
0.0263979
0.0263794
0.0263631
0.0263779
0.0263831
0.0264175
0.0264287
0.0264128
0.0264127
0.0263904
0.0263917
0.0263768
0.0263621
0.0264104
0.0264133
0.0264485
0.0264316
0.0263936
0.0263772
0.0263608
0.0263886
0.0263731
0.0263401
0.0263282
0.0263051
0.0263213
0.02632
0.0263527
0.0263357
0.0263065
0.0263094
0.026279
0.0262938
0.0263023
0.02632
0.0263057
0.0262835
0.026263
0.0262358
0.0262368
0.0262059
0.0261935
0.0261778
0.0261643
0.0261507
0.0261288
0.0261565
0.0261571
0.0261387
0.0261732
0.0261548
0.0261558
0.0261287
0.0261471
0.0261485
0.0261939
0.0262108
0.0262195
0.0261881
0.0261915
0.0262264
0.0262224
0.0261875
0.0262141
0.0262134
0.0261949
0.026191
0.0261758
0.0261614
0.0261656
0.0261665
0.0261872
0.026154
0.0261336
0.0261475
0.0261144
0.026103
0.0261176
0.0261226
0.0261484
0.0261478
0.026136
0.0261091
0.0261228
0.0261346
0.0261511
0.0261263
0.026147
0.0261496
0.026149
0.0261412
0.0261757
0.0261609
0.0261721
0.0261892
0.0261882
0.0262056
0.0262308
0.0262066
0.0262181
0.0262029
0.02618
0.0261661
0.0262153
0.0262166
0.0262591
0.0262719
0.0262867
0.0262778
0.0263154
0.0263312
0.0263169
0.0262907
0.0262653
0.0262477
0.0262555
0.0262436
0.0262307
0.0262016
0.0262018
0.0261893
0.0262207
0.0261941
0.0261619
0.0261601
0.0261512
0.0261992
0.0261993
0.0261846
0.0261889
0.0261551
0.026122
0.0261275
0.0261035
0.0260936
0.0260645
0.0260629
0.0260504
0.0260825
0.0261116
0.026102
0.0261023
0.026092
0.0260799
0.0260671
0.0260547
0.0260736
0.0260931
0.0260807
0.0260572
0.0260441
0.0260343
0.0260339
0.0260415
0.026009
0.0260148
0.0259975
0.0260176
0.0260323
0.0260168
0.0260407
0.026056
0.0260416
0.0260448
0.0260234
0.0260102
0.0260149
0.0260087
0.0259846
0.0259765
0.025967
0.0259772
0.0259815
0.0259935
0.0259772
0.0259624
0.0259562
0.0259334
0.0259767
0.025977
0.0259795
0.0260072
0.0259997
0.0259975
0.0260111
0.0260046
0.0259899
0.0260309
0.0260205
0.0260076
0.0259937
0.02601
0.0260284
0.0260492
0.0260547
0.026044
0.0260691
0.0260583
0.0260886
0.0260754
0.0260778
0.0260533
0.0260786
0.0260767
0.0260834
0.0260703
0.0260681
0.0260683
0.0260574
0.0260311
0.0260725
0.0261132
0.0261148
0.0261001
0.0260933
0.0260921
0.0261062
0.0260926
0.0261066
0.0261096
0.0260842
0.0260841
0.0260892
0.0261194
0.0261193
0.0261432
0.0261557
0.0262101
0.0261999
0.0261767
0.0261769
0.0261654
0.0261559
0.0261468
0.0261613
0.0261751
0.0261882
0.0261614
0.0261497
0.0261814
0.0261856
0.0261718
0.0261625
0.0261376
0.0261384
0.0261143
0.0260882
0.0260877
0.0260997
0.0261144
0.0261038
0.0261282
0.0261297
0.0261316
0.0261056
0.0260975
0.0260817
0.0261099
0.0261117
0.0261019
0.0261154
0.0261037
0.0261062
0.0260848
0.0260879
0.0260756
0.0260788
0.0260816
0.0260633
0.0261047
0.0261326
0.0261203
0.0261073
0.0260875
0.0260621
0.0260614
0.0260341
0.0260225
0.0260467
0.0260588
0.026058
0.026055
0.0260833
0.0260851
0.0260717
0.0260839
0.0260871
0.0261019
0.0260976
0.0260741
0.0261345
0.0261357
0.0261733
0.0261983
0.0261962
0.0261976
0.0261848
0.0261965
0.0262001
0.0261931
0.0262093
0.026235
0.0262255
0.0262153
0.0261886
0.02619
0.0261623
0.0261532
0.0261553
0.0261452
0.0261206
0.0261192
0.0261682
0.026202
0.0261907
0.0261756
0.0261764
0.0261648
0.0261763
0.0261894
0.0261895
0.0262157
0.0262042
0.0261829
0.0261613
0.0261505
0.02615
0.026188
0.0261966
0.0262111
0.0262046
0.0262287
0.0262254
0.0262149
0.0262168
0.026216
0.0262189
0.0262118
0.0261982
0.0261733
0.0261477
0.0261485
0.0261505
0.0261627
0.0261733
0.0261768
0.026167
0.0261838
0.0261879
0.0262073
0.0262081
0.0262407
0.02623
0.0262083
0.0262234
0.0262161
0.02624
0.0262187
0.0262109
0.0262089
0.0261974
0.0261853
0.0262204
0.0262211
0.0262196
0.0262076
0.0261968
0.026206
0.0261922
0.0261932
0.0261774
0.0261733
0.0261743
0.026151
0.0261796
0.0261596
0.0261492
0.0261737
0.0261849
0.0262113
0.026238
0.0262599
0.0262516
0.0262665
0.0262773
0.0262678
0.0262807
0.0263134
0.0263018
0.0263241
0.0263152
0.0263303
0.0263182
0.0263451
0.0263377
0.0263276
0.0263052
0.0263034
0.0262801
0.0262569
0.0262566
0.0262899
0.0262894
0.0263005
0.0263026
0.0263049
0.0262804
0.0262807
0.0262617
0.0262726
0.0262609
0.0262403
0.0262371
0.0262692
0.0262797
0.0262766
0.0262795
0.0262937
0.0262946
0.0263158
0.0263045
0.0262958
0.0262814
0.0262866
0.0262622
0.0262455
0.0262447
0.0262508
0.0262425
0.0262446
0.0262567
0.0262619
0.0262588
0.0262419
0.0262311
0.0262212
0.0262344
0.0262262
0.0262074
0.0261839
0.0261723
0.0261658
0.0261896
0.0261942
0.0261883
0.0261864
0.0261758
0.0261566
0.0261703
0.0261837
0.0261855
0.0261743
0.0261835
0.0261712
0.0261792
0.0262114
0.0261994
0.0261882
0.0262097
0.0261977
0.0261995
0.0262405
0.0262293
0.0262487
0.0262401
0.02627
0.0262516
0.0262433
0.0262439
0.0262665
0.026256
0.0262599
0.0262733
0.02625
0.0262398
0.0262427
0.026253
0.0262419
0.0262481
0.0262597
0.026254
0.0262518
0.0262502
0.0262693
0.0262668
0.0262578
0.0262801
0.0262598
0.0262415
0.0262279
0.0262115
0.0262042
0.0261974
0.0261861
0.0261878
0.0261756
0.0261662
0.0261467
0.0261485
0.0261586
0.0261588
0.0261494
0.0261462
0.026155
0.0261546
0.0261675
0.0261519
0.0261623
0.0261643
0.0261665
0.026168
0.0261694
0.0261687
0.0261767
0.0261754
0.0261764
0.0261818
0.0261749
0.0261627
0.0261518
0.026153
0.026169
0.0261728
0.0261994
0.026192
0.0261921
0.0261983
0.026222
0.0262349
0.0262243
0.0262238
0.0261987
0.0262038
0.0261923
0.0261839
0.0261726
0.0262026
0.0262114
0.0262281
0.0262142
0.0262143
0.0262191
0.0262205
0.0262069
0.0261957
0.0262268
0.0262352
0.0262484
0.0262348
0.0262242
0.0262075
0.0261961
0.026203
0.0262529
0.0262735
0.0262644
0.0262715
0.0262536
0.0262362
0.026242
0.0262431
0.026273
0.0262912
0.0262958
0.0263111
0.0263204
0.0263106
0.0263305
0.0263148
0.0263127
0.0263073
0.0263016
0.0263024
0.0263029
0.0262831
0.0262757
0.0262786
0.0262599
0.0262625
0.0262541
0.0262925
0.0262746
0.0262969
0.026281
0.0262724
0.0263201
0.0263115
0.0263094
0.0263188
0.0263389
0.026341
0.0263557
0.0263562
0.0263409
0.0263249
0.0263355
0.0263388
0.0263322
0.0263421
0.0263337
0.0263221
0.0263334
0.0263211
0.0263191
0.0263007
0.0262886
0.0263057
0.026297
0.0262761
0.0262782
0.026278
0.0262765
0.026297
0.0262913
0.026313
0.0263155
0.0263245
0.0263258
0.0263068
0.0262999
0.0262839
0.0263031
0.026314
0.0263513
0.0263565
0.0263756
0.0263609
0.0263534
0.0263742
0.0263781
0.0263897
0.026401
0.0263933
0.0263947
0.0263927
0.0263769
0.0264222
0.0264112
0.0263959
0.0264025
0.0264199
0.0264304
0.0264131
0.026439
0.0264284
0.0264215
0.0264219
0.0264203
0.0264042
0.0264231
0.026415
0.0264057
0.0263983
0.0263924
0.0264014
0.0264285
0.0264285
0.0264296
0.0264288
0.0264185
0.0264204
0.0264179
0.0264292
0.0264163
0.026396
0.0263957
0.0263852
0.0264177
0.0264432
0.0264376
0.0264452
0.0264465
0.0264459
0.0264473
0.0264499
0.0264802
0.0264631
0.0264439
0.0264555
0.0264554
0.0264618
0.0264433
0.0264537
0.026455
0.026449
0.0264337
0.0264286
0.0264292
0.0264209
0.0264042
0.0264041
0.026404
0.0263924
0.0263752
0.0263752
0.0263648
0.0263744
0.026377
0.0263859
0.0263842
0.026375
0.0263667
0.0263488
0.0263558
0.0263501
0.0263517
0.0263635
0.026355
0.0263338
0.0263425
0.0263315
0.026313
0.0262933
0.0263268
0.0263256
0.0263422
0.0263503
0.0263358
0.0263458
0.0263246
0.0263465
0.0263509
0.0263541
0.0263346
0.0263362
0.0263614
0.0263542
0.0263526
0.0263526
0.0263569
0.0263638
0.026355
0.0263559
0.0263566
0.0263568
0.0263591
0.0263584
0.0263645
0.0263762
0.0263916
0.0263844
0.0263839
0.0263832
0.0263838
0.0263831
0.0263865
0.0263901
0.0263795
0.0263733
0.0263815
0.02637
0.0263607
0.0263536
0.0263536
0.0263549
0.0263469
0.0263306
0.0263305
0.0263244
0.0263267
0.0263249
0.0263262
0.0263181
0.0263004
0.0262957
0.0263129
0.0263041
0.0263054
0.0263045
0.026289
0.0262809
0.0262791
0.0262947
0.0262852
0.0262707
0.0262711
0.0262615
0.0262631
0.0262562
0.0262377
0.0262364
0.0262264
0.0262238
0.0262134
0.0261962
0.0262052
0.0261962
0.0261965
0.0261821
0.0261733
0.0261716
0.0261817
0.026168
0.0262118
0.0262001
0.0262174
0.0262248
0.0262322
0.0262446
0.0262634
0.0262551
0.0262555
0.0262796
0.0262957
0.026329
0.0263477
0.0263398
0.0263389
0.0263362
0.0263377
0.0263301
0.0263116
0.0263202
0.0263037
0.026295
0.0263038
0.0263108
0.0263121
0.0263228
0.0263145
0.0263236
0.026326
0.0263084
0.0262925
0.0262927
0.0262849
0.026286
0.0262782
0.0262685
0.0262843
0.0262685
0.0262647
0.0262552
0.0262405
0.0262334
0.026224
0.0262342
0.0262433
0.0262515
0.0262447
0.0262389
0.0262469
0.0262597
0.0262666
0.0262524
0.0262434
0.0262519
0.0262534
0.0262719
0.0262961
0.0262965
0.0262865
0.0262933
0.026288
0.0262976
0.0263077
0.0263092
0.0263009
0.0263007
0.0262928
0.0262845
0.0262843
0.026272
0.026261
0.0262865
0.0262799
0.0262649
0.0262783
0.0262631
0.0262476
0.0262551
0.0262359
0.0262286
0.0262364
0.0262367
0.0262479
0.0262473
0.0262324
0.0262493
0.0262424
0.0262355
0.026238
0.0262349
0.0262251
0.0262214
0.0262127
0.0261995
0.0261962
0.0261818
0.0261765
0.0261707
0.0261783
0.0261638
0.0261565
0.0261477
0.026143
0.0261274
0.0261223
0.0261141
0.0261197
0.0261137
0.0261151
0.0261063
0.0260948
0.0261045
0.0260984
0.0260907
0.026091
0.0260754
0.0260716
0.0260603
0.0260635
0.0260722
0.0260812
0.0260753
0.026061
0.026068
0.0260681
0.0260703
0.0260785
0.0260808
0.0260964
0.0260853
0.0260774
0.0260601
0.0260603
0.0260514
0.0260582
0.0260428
0.0260298
0.0260371
0.0260544
0.0260615
0.0260643
0.0260555
0.0260644
0.0260507
0.026055
0.0260618
0.0260626
0.0260698
0.0260755
0.0260705
0.0260541
0.0260629
0.026058
0.0260759
0.0260823
0.0260669
0.0260887
0.0260822
0.0260837
0.0260768
0.026069
0.0260615
0.026055
0.0260658
0.0260507
0.0260514
0.026051
0.0260435
0.0260595
0.026053
0.0260524
0.0260597
0.0260607
0.0260632
0.0260645
0.0260561
0.0260559
0.0260512
0.0260471
0.0260726
0.0260829
0.0260828
0.0260911
0.0260916
0.026082
0.026075
0.0260577
0.0260557
0.0260645
0.0260655
0.0260722
0.0260729
0.0260651
0.0260645
0.0260623
0.0260788
0.0260922
0.0261069
0.0260944
0.0260791
0.0260647
0.0260733
0.026059
0.0260525
0.0260526
0.026039
0.0260317
0.0260185
0.0260143
0.0260157
0.0260021
0.0259979
0.0259981
0.0259996
0.0260096
0.026024
0.0260183
0.0260331
0.0260284
0.0260354
0.0260355
0.0260265
0.026018
0.0260337
0.0260469
0.0260422
0.026048
0.0260432
0.0260364
0.0260375
0.026029
0.0260365
0.0260374
0.0260255
0.0260265
0.0260183
0.0260044
0.0259981
0.0259954
0.0259971
0.0260131
0.0260134
0.026008
0.0260102
0.0259971
0.0259885
0.0259965
0.0259896
0.0259752
0.0259723
0.0259669
0.0259727
0.0259742
0.0259677
0.0259838
0.0259922
0.0259746
0.0259692
0.0259916
0.0259897
0.0259891
0.0259895
0.0259887
0.0259906
0.0259768
0.0260043
0.0260078
0.0260084
0.0260004
0.0259922
0.0260011
0.0260146
0.0260001
0.0260012
0.0260027
0.0260021
0.0259911
0.0259935
0.0259793
0.025974
0.0259889
0.0259838
0.025984
0.0259772
0.0259636
0.0259634
0.0259578
0.0259604
0.0259615
0.0259597
0.025947
0.0259409
0.0259345
0.0259193
0.0259192
0.0259044
0.0258999
0.0259129
0.0259004
0.0259272
0.0259128
0.0259054
0.0259069
0.0259091
0.0259144
0.0259168
0.0259022
0.0259024
0.0258964
0.0259046
0.0259335
0.0259352
0.0259365
0.0259331
0.0259201
0.0259357
0.0259227
0.025909
0.0259111
0.0259043
0.025918
0.0259312
0.0259415
0.0259553
0.0259463
0.0259349
0.0259297
0.0259395
0.0259417
0.0259458
0.0259386
0.0259385
0.0259618
0.0259811
0.0259765
0.0259625
0.0259554
0.0259429
0.0259396
0.0259381
0.025944
0.0259327
0.0259197
0.0259128
0.025919
0.0259271
0.025922
0.0259174
0.0259165
0.0259382
0.0259297
0.0259278
0.0259422
0.0259427
0.0259409
0.0259413
0.0259286
0.0259283
0.0259262
0.0259209
0.0259285
0.0259155
0.0259228
0.0259149
0.0259071
0.0259214
0.0259232
0.025928
0.0259226
0.0259098
0.0259192
0.0259199
0.0259178
0.0259241
0.0259166
0.0259177
0.0259028
0.0258978
0.0258996
0.0259011
0.0258963
0.0258893
0.0258789
0.0258835
0.0259034
0.0259099
0.0259197
0.025907
0.0259292
0.025941
0.0259412
0.02594
0.0259311
0.0259325
0.025939
0.0259342
0.0259338
0.0259271
0.0259214
0.0259441
0.0259639
0.0259843
0.0259871
0.0259938
0.0259879
0.0259853
0.0259837
0.0259777
0.0259753
0.0259767
0.025973
0.0259814
0.0259756
0.0259856
0.025994
0.0259865
0.0259736
0.0259664
0.0259541
0.0259481
0.0259481
0.0259416
0.0259307
0.0259304
0.0259632
0.0259772
0.0259835
0.0259909
0.0259902
0.0259772
0.0259854
0.0259982
0.0259856
0.0259815
0.0259812
0.0259669
0.0259533
0.0259613
0.025969
0.0259617
0.0259667
0.0259593
0.0259671
0.0259805
0.0259871
0.0259757
0.0259768
0.0259715
0.0259715
0.0259724
0.0259743
0.0259684
0.0259616
0.0259812
0.0259803
0.0259824
0.0259856
0.0259885
0.0259828
0.0259771
0.0259721
0.0259664
0.0259647
0.0259784
0.0259769
0.0259778
0.0259779
0.0259795
0.025965
0.0259913
0.0259932
0.0259948
0.0259945
0.0259936
0.0259928
0.0259875
0.0260193
0.0260189
0.0260242
0.0260286
0.026018
0.026013
0.0260249
0.0260241
0.0260234
0.026026
0.0260427
0.0260377
0.0260463
0.0260354
0.0260362
0.0260355
0.0260302
0.0260222
0.0260249
0.026015
0.0260168
0.0260092
0.0260043
0.0259981
0.0259986
0.0260196
0.0260207
0.0260337
0.0260276
0.0260313
0.0260255
0.0260314
0.02603
0.0260305
0.0260157
0.0260118
0.0260002
0.0260142
0.0260105
0.0260229
0.0260232
0.0260292
0.0260222
0.0260184
0.0260263
0.0260279
0.0260155
0.0260108
0.0260059
0.0260067
0.0260133
0.0260141
0.0260156
0.0260149
0.0260081
0.0260102
0.0260123
0.0260136
0.0260208
0.0260214
0.0260157
0.026004
0.02601
0.0260216
0.0260166
0.02601
0.026005
0.0259972
0.0259955
0.0260101
0.0259999
0.0260014
0.0260129
0.0260425
0.0260342
0.0260362
0.0260571
0.0260463
0.0260389
0.0260486
0.0260497
0.0260434
0.026036
0.0260299
0.0260233
0.026024
0.0260199
0.0260189
0.0260084
0.0259946
0.0259895
0.0259936
0.0259834
0.0259722
0.0259735
0.0259807
0.0259764
0.0259782
0.0259988
0.0259978
0.0260019
0.0259963
0.0259961
0.0260088
0.0260116
0.0260135
0.0260009
0.0260076
0.0259952
0.0259962
0.0259844
0.025977
0.0259716
0.0259719
0.0259661
0.0259647
0.0259519
0.0259535
0.0259478
0.0259498
0.0259611
0.0259539
0.0259684
0.0259664
0.0259677
0.025979
0.0259673
0.0259599
0.025954
0.0259546
0.0259509
0.0259492
0.0259432
0.0259389
0.0259306
0.0259192
0.0259203
0.0259271
0.0259352
0.0259229
0.025917
0.0259333
0.0259281
0.0259411
0.0259603
0.0259617
0.02597
0.0259756
0.0259661
0.0259788
0.0259917
0.0259904
0.0259935
0.0259937
0.0259876
0.0259805
0.0259687
0.0259549
0.025958
0.0259517
0.025956
0.0259492
0.0259684
0.0259653
0.0259958
0.0260091
0.0259972
0.02601
0.0260046
0.0260041
0.0259928
0.0259878
0.0259768
0.0259801
0.0259992
0.0260052
0.0260108
0.0259979
0.0259924
0.0259993
0.0260087
0.0259983
0.0260031
0.026022
0.0260244
0.0260164
0.0260166
0.0260182
0.0260093
0.0259978
0.026033
0.0260365
0.0260435
0.0260381
0.0260309
0.026025
0.0260171
0.0260227
0.0260304
0.02603
0.0260305
0.0260306
0.0260183
0.0260195
0.026021
0.0260094
0.0260029
0.0259977
0.0259974
0.025997
0.0259923
0.025989
0.0259906
0.0259913
0.0259951
0.026006
0.0259951
0.0259812
0.0259752
0.0259885
0.0259799
0.0259794
0.0259737
0.0259739
0.02599
0.0259903
0.0259951
0.0259911
0.0259855
0.0259798
0.0259681
0.0259648
0.0259629
0.0259513
0.025951
0.0259639
0.0259511
0.025946
0.0259397
0.0259457
0.0259404
0.0259353
0.0259467
0.0259468
0.0259416
0.0259436
0.025949
0.025946
0.0259352
0.0259296
0.0259291
0.0259416
0.0259408
0.0259676
0.0259635
0.0259582
0.0259595
0.0259588
0.025965
0.0259661
0.0259647
0.0259656
0.0259609
0.0259559
0.0259656
0.0259717
0.0259728
0.0259841
0.0259873
0.0259823
0.0259695
0.025971
0.025967
0.0259601
0.0259539
0.0259547
0.0259614
0.0259729
0.0259684
0.0259682
0.0259673
0.0259685
0.0259589
0.0259541
0.0259647
0.0259599
0.0259475
0.025947
0.0259529
0.0259544
0.0259608
0.0259603
0.0259616
0.0259689
0.0259754
0.0259638
0.0259604
0.0259551
0.025977
0.0259799
0.0259804
0.0259934
0.0259876
0.0259829
0.0259758
0.0259887
0.0260054
0.0260014
0.0260136
0.0260036
0.0259985
0.0260189
0.0260209
0.0260317
0.0260204
0.026009
0.0260008
0.0259972
0.0260072
0.0260087
0.0260306
0.0260364
0.0260366
0.0260413
0.0260472
0.0260525
0.0260513
0.0260554
0.0260491
0.0260444
0.0260316
0.0260341
0.0260348
0.0260283
0.0260186
0.0260302
0.0260451
0.0260396
0.026064
0.0260648
0.0260561
0.0260512
0.0260512
0.026045
0.0260467
0.0260418
0.0260358
0.0260299
0.0260461
0.0260424
0.0260365
0.0260476
0.0260343
0.0260362
0.0260434
0.0260332
0.0260266
0.0260334
0.0260337
0.0260281
0.0260342
0.0260384
0.0260341
0.0260385
0.0260319
0.0260367
0.0260537
0.0260487
0.0260455
0.0260396
0.0260299
0.026029
0.0260235
0.0260292
0.026024
0.0260244
0.0260139
0.0260189
0.0260133
0.0260068
0.026005
0.0260109
0.0260084
0.0260088
0.0260028
0.0260103
0.0260163
0.0260111
0.0260072
0.0260036
0.0260026
0.0259982
0.0260109
0.0260104
0.0260068
0.0260115
0.0260284
0.0260235
0.0260132
0.0260154
0.0260066
0.0260019
0.025996
0.0260079
0.0260183
0.0260296
0.0260358
0.0260408
0.0260355
0.0260379
0.0260394
0.0260275
0.0260289
0.0260419
0.0260464
0.0260421
0.0260378
0.0260441
0.0260504
0.026072
0.0260625
0.0260629
0.0260579
0.0260465
0.0260584
0.0260469
0.0260573
0.0260525
0.0260582
0.026055
0.0260491
0.0260487
0.0260543
0.026055
0.026055
0.0260503
0.0260465
0.0260448
0.0260462
0.026047
0.0260381
0.0260339
0.0260232
0.0260242
0.0260296
0.0260334
0.026044
0.0260556
0.0260602
0.0260663
0.0260667
0.026056
0.0260598
0.0260559
0.0260661
0.0260779
0.026068
0.026065
0.0260635
0.0260549
0.0260552
0.0260553
0.0260508
0.0260411
0.026034
0.0260421
0.0260366
0.0260371
0.0260325
0.0260419
0.0260363
0.0260354
0.0260249
0.0260308
0.0260311
0.0260277
0.0260484
0.0260447
0.02604
0.0260396
0.0260453
0.0260395
0.026046
0.0260412
0.0260516
0.0260463
0.0260417
0.0260432
0.026043
0.0260325
0.0260355
0.0260394
0.0260454
0.0260499
0.0260558
0.026051
0.0260555
0.0260519
0.0260626
0.026059
0.0260527
0.0260426
0.0260489
0.0260389
0.0260431
0.0260493
0.0260465
0.0260468
0.0260416
0.026033
0.0260329
0.0260375
0.026033
0.0260251
0.0260451
0.0260442
0.02604
0.0260414
0.0260322
0.0260278
0.0260238
0.0260181
0.0260294
0.026038
0.0260336
0.0260289
0.0260245
0.0260253
0.0260206
0.0260207
0.0260169
0.0260274
0.0260187
0.0260179
0.0260137
0.0260129
0.0260236
0.0260226
0.0260229
0.0260182
0.0260201
0.0260133
0.0260186
0.0260233
0.0260227
0.026023
0.0260188
0.0260214
0.0260206
0.0260169
0.0260082
0.0260182
0.0260133
0.0260193
0.0260199
0.0260142
0.0260297
0.0260394
0.0260499
0.0260516
0.0260516
0.0260582
0.026054
0.0260483
0.0260423
0.0260484
0.0260481
0.0260449
0.0260357
0.0260261
0.026028
0.0260333
0.0260295
0.0260355
0.02603
0.0260267
0.0260292
0.0260304
0.0260214
0.0260215
0.0260287
0.026024
0.0260248
0.0260158
0.0260107
0.0260104
0.0260142
0.0260088
0.0260101
0.0260057
0.0260022
0.0260038
0.0260107
0.0260162
0.0260048
0.0260056
0.0259965
0.0260025
0.0259969
0.0260032
0.0259986
0.0260101
0.026001
0.0260069
0.0260033
0.0260048
0.0260019
0.025996
0.0260009
0.0260148
0.0260245
0.026034
0.0260345
0.0260315
0.0260323
0.0260341
0.0260381
0.0260442
0.0260404
0.0260523
0.0260584
0.0260634
0.0260629
0.0260573
0.0260524
0.0260534
0.0260585
0.0260482
0.0260497
0.0260732
0.0260691
0.0260673
0.0260666
0.026063
0.026062
0.0260562
0.0260518
0.0260572
0.0260583
0.026053
0.0260582
0.0260681
0.0260648
0.0260598
0.0260528
0.0260471
0.026047
0.0260453
0.0260415
0.0260498
0.0260544
0.0260516
0.0260457
0.0260479
0.0260546
0.0260514
0.0260462
0.0260517
0.0260616
0.0260609
0.026085
0.0261012
0.0261004
0.0260966
0.0260959
0.0261015
0.026107
0.0261024
0.0260941
0.0260996
0.0260962
0.0260926
0.0260879
0.0260928
0.0260882
0.0260839
0.0261034
0.0260983
0.0260989
0.0260951
0.0260914
0.0261063
0.0261015
0.0260926
0.026092
0.0260889
0.0260836
0.0260788
0.0260677
0.0260685
0.0260724
0.0260677
0.0260806
0.0260753
0.0260718
0.0260662
0.0260725
0.0260689
0.0260685
0.0260697
0.0260665
0.0260648
0.0260705
0.026075
0.0260748
0.0260803
0.0260805
0.0260959
0.0260862
0.0260914
0.0260935
0.0261029
0.0260938
0.0260939
0.0260999
0.0260989
0.0260898
0.0260848
0.0260926
0.0261066
0.0261132
0.0261089
0.0261191
0.0261293
0.0261238
0.0261193
0.0261192
0.0261237
0.0261294
0.0261345
0.0261395
0.0261445
0.0261601
0.0261603
0.0261592
0.0261573
0.0261491
0.0261501
0.0261562
0.0261471
0.0261481
0.0261439
0.0261408
0.0261419
0.0261455
0.0261366
0.0261324
0.0261263
0.0261286
0.0261394
0.0261484
0.0261501
0.0261554
0.0261615
0.0261668
0.0261734
0.0261796
0.0261753
0.0261843
0.0261805
0.0261809
0.0261848
0.0261939
0.026189
0.0261903
0.0261909
0.0262053
0.0262011
0.0261976
0.0262121
0.0262042
0.0261999
0.0262063
0.0262011
0.0262022
0.0262122
0.0262179
0.0262276
0.0262335
0.0262375
0.0262373
0.0262318
0.0262373
0.026233
0.0262314
0.0262335
0.0262335
0.0262335
0.0262419
0.0262376
0.0262357
0.0262262
0.0262324
0.0262559
0.026261
0.0262531
0.0262528
0.0262592
0.0262642
0.0262737
0.0262756
0.026272
0.0262683
0.0262605
0.0262519
0.0262515
0.0262468
0.0262475
0.0262422
0.0262343
0.026234
0.0262248
0.026215
0.0262233
0.0262151
0.0262239
0.0262153
0.0262038
0.0262045
0.0262003
0.0261952
0.0261908
0.0261877
0.0261788
0.0261868
0.0261924
0.0262051
0.0262113
0.0262125
0.0262229
0.0262239
0.0262232
0.026219
0.0262165
0.026213
0.0262077
0.0262126
0.0262185
0.026214
0.0262082
0.0262043
0.0262085
0.0262001
0.0261965
0.0261867
0.0261776
0.0261738
0.0261657
0.0261662
0.026167
0.0261627
0.0261593
0.0261555
0.0261572
0.0261475
0.0261578
0.0261628
0.026155
0.0261702
0.0261676
0.0261638
0.0261601
0.0261643
0.0261636
0.0261583
0.0261507
0.026156
0.0261518
0.0261514
0.0261526
0.0261527
0.0261523
0.0261633
0.0261641
0.0261591
0.0261597
0.0261514
0.026142
0.0261423
0.0261344
0.0261341
0.0261356
0.026133
0.0261289
0.0261246
0.0261258
0.0261215
0.0261255
0.0261229
0.0261148
0.0261238
0.0261273
0.0261262
0.0261266
0.0261165
0.0261142
0.0261231
0.0261177
0.026121
0.0261155
0.0261251
0.0261208
0.0261157
0.026113
0.0261141
0.026116
0.026109
0.0261029
0.0260992
0.0261036
0.0261088
0.0261006
0.0261058
0.0261114
0.0261064
0.0261064
0.0261088
0.0261009
0.0261066
0.0261066
0.0261077
0.0260977
0.0261072
0.0261078
0.0261086
0.0261017
0.0261025
0.0260936
0.0260886
0.0260854
0.026084
0.0260804
0.0260844
0.0260888
0.0260898
0.0260853
0.0260817
0.0260739
0.0260747
0.02607
0.0260835
0.0260911
0.0260967
0.0261144
0.0261197
0.026116
0.0261249
0.02612
0.0261163
0.0261085
0.0261088
0.0261002
0.0261006
0.0260955
0.0261051
0.026101
0.0260979
0.0260965
0.0261016
0.0260936
0.0260852
0.0260751
0.0260664
0.0260629
0.0260641
0.0260724
0.0260773
0.0260687
0.026068
0.0260714
0.0260678
0.0260687
0.0260814
0.0260788
0.0260787
0.0260836
0.026083
0.02608
0.0260851
0.0260849
0.026077
0.0260776
0.0260832
0.0260957
0.0260917
0.0260834
0.0260882
0.0260865
0.0260855
0.0260899
0.0260909
0.0260924
0.0260838
0.0260846
0.026082
0.0260749
0.0260654
0.026063
0.0260716
0.0260636
0.0260651
0.0260585
0.0260513
0.0260433
0.026044
0.0260357
0.0260363
0.0260335
0.0260337
0.0260247
0.0260286
0.0260206
0.0260292
0.026021
0.026013
0.0260057
0.0260052
0.0260005
0.0259969
0.0260037
0.0260044
0.0260094
0.0260103
0.0260146
0.0260109
0.0260146
0.026011
0.0260077
0.0259989
0.0259979
0.0259987
0.0259931
0.0259863
0.0259832
0.0259815
0.0259817
0.025989
0.0259848
0.0259858
0.0259863
0.0259781
0.0259743
0.0259676
0.0259678
0.0259666
0.0259718
0.025964
0.0259562
0.0259616
0.0259616
0.02597
0.0259621
0.0259579
0.025957
0.0259477
0.0259516
0.0259587
0.0259513
0.0259517
0.0259494
0.0259449
0.0259376
0.0259416
0.025949
0.0259503
0.0259535
0.0259619
0.025962
0.0259637
0.0259557
0.0259518
0.0259439
0.0259361
0.0259389
0.0259325
0.02593
0.0259203
0.025921
0.0259125
0.0259091
0.0259179
0.0259094
0.0259098
0.0259051
0.0259057
0.0259067
0.025904
0.0258936
0.0258892
0.0258886
0.0258811
0.0258729
0.0258666
0.0258712
0.0258778
0.0258878
0.0258873
0.0258782
0.0258868
0.0258837
0.0258968
0.0258935
0.0258943
0.0258998
0.0258923
0.025897
0.0258877
0.0258978
0.0258985
0.0258988
0.0258947
0.0258919
0.025884
0.0258761
0.0258684
0.0258682
0.0258612
0.0258573
0.0258542
0.0258514
0.0258472
0.0258552
0.0258549
0.0258514
0.0258513
0.0258546
0.0258725
0.02587
0.0258623
0.0258605
0.0258604
0.0258696
0.0258658
0.0258581
0.0258616
0.0258535
0.0258498
0.0258478
0.0258479
0.0258417
0.0258382
0.0258359
0.0258453
0.025839
0.0258385
0.0258389
0.025831
0.0258258
0.0258248
0.0258254
0.0258226
0.0258279
0.0258411
0.025838
0.0258433
0.0258497
0.0258441
0.0258566
0.0258581
0.0258563
0.0258558
0.0258519
0.0258489
0.0258453
0.0258418
0.0258379
0.0258419
0.0258439
0.0258443
0.0258499
0.0258554
0.0258468
0.0258425
0.025833
0.0258263
0.0258487
0.0258609
0.0258596
0.0258601
0.0258695
0.0258693
0.0258668
0.0258714
0.02587
0.0258718
0.0258635
0.0258757
0.0258716
0.0258715
0.025866
0.0258703
0.0258764
0.0258769
0.0258746
0.0258749
0.0258722
0.0258682
0.0258649
0.0258569
0.0258609
0.0258772
0.0258826
0.0258744
0.0258707
0.0258717
0.025864
0.0258631
0.025854
0.0258549
0.0258561
0.0258534
0.0258465
0.0258497
0.0258531
0.0258467
0.0258518
0.0258601
0.0258557
0.0258502
0.0258632
0.0258674
0.0258683
0.0258698
0.0258746
0.0258751
0.0258779
0.0258806
0.0258765
0.025868
0.0258639
0.0258673
0.0258684
0.0258651
0.0258612
0.0258572
0.0258578
0.025867
0.0258678
0.0258726
0.0258769
0.025872
0.0258684
0.0258728
0.0258655
0.0258576
0.0258511
0.0258483
0.0258611
0.0258538
0.0258497
0.0258495
0.0258439
0.0258439
0.0258404
0.0258407
0.0258493
0.0258466
0.0258508
0.025851
0.0258481
0.025841
0.025833
0.0258246
0.0258213
0.025821
0.0258133
0.0258185
0.0258215
0.02583
0.0258391
0.0258351
0.0258317
0.0258323
0.0258278
0.025829
0.0258294
0.0258259
0.0258256
0.0258183
0.025818
0.0258187
0.0258112
0.025812
0.0258169
0.0258292
0.0258335
0.0258241
0.0258287
0.0258309
0.0258314
0.0258247
0.0258165
0.025822
0.0258179
0.025814
0.0258141
0.0258182
0.0258235
0.0258284
0.0258248
0.0258321
0.0258338
0.0258375
0.0258421
0.0258472
0.0258501
0.0258554
0.025864
0.0258597
0.0258525
0.0258641
0.025868
0.0258655
0.0258773
0.0258858
0.0258867
0.0258956
0.0258922
0.0258858
0.0258781
0.0258822
0.0258867
0.0258905
0.0258951
0.0258914
0.0258896
0.0258855
0.0258833
0.0258838
0.0258816
0.0258772
0.0258808
0.0258732
0.0258652
0.0258671
0.0258631
0.0258672
0.0258643
0.0258567
0.0258684
0.025866
0.0258583
0.0258516
0.0258424
0.0258425
0.0258389
0.0258395
0.0258371
0.0258466
0.0258615
0.0258533
0.025849
0.0258484
0.025841
0.0258407
0.0258351
0.0258347
0.0258367
0.025832
0.0258355
0.0258277
0.0258361
0.0258301
0.0258351
0.0258356
0.0258355
0.0258283
0.0258245
0.0258251
0.0258231
0.0258347
0.0258376
0.025831
0.0258406
0.0258371
0.025845
0.0258375
0.0258341
0.0258334
0.0258296
0.0258211
0.0258222
0.0258185
0.0258252
0.0258242
0.0258261
0.0258227
0.02583
0.0258374
0.0258534
0.0258495
0.0258495
0.0258462
0.0258467
0.0258481
0.0258483
0.0258644
0.0258604
0.0258605
0.0258648
0.0258618
0.0258562
0.0258609
0.0258536
0.0258484
0.0258525
0.0258562
0.0258563
0.0258571
0.0258544
0.0258596
0.0258631
0.0258556
0.0258526
0.0258533
0.0258545
0.0258576
0.0258612
0.0258614
0.025869
0.0258699
0.0258661
0.0258706
0.0258668
0.0258598
0.0258647
0.0258652
0.0258667
0.0258669
0.025868
0.0258637
0.0258629
0.025859
0.0258572
0.0258567
0.02585
0.0258509
0.0258513
0.025848
0.025853
0.025849
0.0258494
0.0258578
0.0258536
0.0258496
0.0258486
0.0258418
0.0258466
0.0258449
0.0258361
0.025848
0.0258446
0.0258526
0.0258481
0.0258486
0.0258527
0.0258445
0.0258524
0.0258516
0.0258554
0.0258489
0.0258499
0.0258471
0.0258476
0.0258501
0.0258546
0.0258459
0.025857
0.0258658
0.0258695
0.0258703
0.025879
0.025881
0.0258821
0.025887
0.0258841
0.0258888
0.0258861
0.025885
0.0258803
0.0258765
0.025874
0.0258767
0.0258688
0.0258607
0.0258594
0.0258639
0.025871
0.0258676
0.0258824
0.0258902
0.0258879
0.0258894
0.0259046
0.0259046
0.0259007
0.0259101
0.0259092
0.0259134
0.0259102
0.0259111
0.0259112
0.0259187
0.0259227
0.0259263
0.0259227
0.0259358
0.0259363
0.0259282
0.0259287
0.0259325
0.02593
0.0259296
0.0259263
0.0259195
0.0259149
0.0259145
0.0259132
0.0259175
0.0259218
0.0259153
0.0259234
0.0259305
0.0259412
0.0259414
0.0259457
0.0259427
0.0259382
0.0259314
0.0259292
0.0259207
0.0259201
0.0259238
0.0259251
0.0259292
0.0259442
0.0259407
0.0259373
0.0259411
0.0259349
0.0259306
0.0259312
0.0259346
0.0259347
0.0259354
0.0259351
0.0259423
0.0259454
0.0259419
0.0259447
0.0259444
0.0259413
0.0259425
0.0259429
0.0259439
0.0259374
0.0259324
0.0259429
0.0259401
0.0259362
0.0259384
0.0259352
0.0259455
0.0259406
0.0259411
0.0259387
0.025943
0.0259439
0.0259432
0.0259535
0.02595
0.0259496
0.025954
0.0259609
0.0259683
0.0259653
0.025967
0.0259732
0.0259686
0.0259625
0.0259636
0.0259611
0.0259609
0.0259663
0.0259616
0.0259582
0.025956
0.0259499
0.0259434
0.025944
0.025948
0.0259418
0.0259343
0.0259313
0.0259238
0.0259214
0.02593
0.0259301
0.0259315
0.0259272
0.0259279
0.0259209
0.0259276
0.0259208
0.0259159
0.0259131
0.0259165
0.0259108
0.0259141
0.0259108
0.0259114
0.0259032
0.0259005
0.0259047
0.0259123
0.0259095
0.0259131
0.0259147
0.0259112
0.0259083
0.0259132
0.0259048
0.0259005
0.0258926
0.0258894
0.0258855
0.0258896
0.0258924
0.0258854
0.0258842
0.0258808
0.025878
0.0258717
0.0258722
0.0258692
0.0258755
0.0258692
0.0258665
0.0258624
0.0258555
0.0258608
0.0258581
0.0258506
0.0258472
0.0258463
0.0258426
0.0258385
0.0258333
0.0258348
0.0258382
0.0258346
0.0258438
0.0258518
0.0258521
0.0258482
0.0258531
0.0258598
0.0258625
0.0258579
0.0258655
0.0258621
0.0258626
0.0258594
0.0258528
0.0258502
0.025851
0.0258614
0.0258572
0.0258505
0.0258501
0.0258605
0.0258581
0.0258653
0.025865
0.0258575
0.0258616
0.0258618
0.0258574
0.0258531
0.0258466
0.0258497
0.0258466
0.0258425
0.0258462
0.025844
0.0258588
0.0258624
0.0258623
0.0258591
0.0258618
0.0258665
0.0258665
0.0258599
0.025861
0.0258609
0.0258536
0.0258568
0.0258507
0.0258442
0.0258463
0.0258576
0.0258516
0.0258598
0.0258564
0.0258496
0.0258496
0.025847
0.0258409
0.0258426
0.0258431
0.0258389
0.0258366
0.0258336
0.0258446
0.0258507
0.0258469
0.0258523
0.0258513
0.0258507
0.0258526
0.0258486
0.025851
0.0258442
0.0258479
0.025845
0.0258422
0.0258505
0.0258509
0.0258584
0.0258598
0.0258532
0.0258525
0.0258519
0.0258447
0.025842
0.0258423
0.0258426
0.0258402
0.0258476
0.0258442
0.0258373
0.0258376
0.0258381
0.0258367
0.0258448
0.0258414
0.0258376
0.0258385
0.0258393
0.0258392
0.0258441
0.0258409
0.0258367
0.0258437
0.0258536
0.0258505
0.0258482
0.025856
0.0258567
0.0258567
0.0258534
0.0258491
0.0258556
0.0258562
0.025854
0.0258514
0.0258466
0.025847
0.0258515
0.0258518
0.0258517
0.0258515
0.0258621
0.0258594
0.0258592
0.02586
0.0258641
0.0258644
0.0258616
0.0258633
0.0258596
0.0258533
0.0258542
0.0258616
0.0258588
0.025859
0.0258561
0.0258527
0.0258456
0.0258569
0.0258572
0.0258554
0.0258553
0.0258515
0.0258556
0.0258493
0.0258454
0.0258526
0.0258455
0.0258467
0.0258417
0.0258394
0.0258387
0.0258459
0.0258572
0.0258638
0.0258738
0.0258701
0.0258731
0.0258731
0.0258695
0.0258671
0.025871
0.0258709
0.0258679
0.0258639
0.0258568
0.0258536
0.0258478
0.0258439
0.0258435
0.0258503
0.0258467
0.0258434
0.0258429
0.0258439
0.0258484
0.0258552
0.0258617
0.0258648
0.0258638
0.0258606
0.0258614
0.0258719
0.025866
0.0258678
0.025874
0.0258731
0.0258739
0.0258781
0.0258785
0.0258748
0.0258892
0.0258818
0.025879
0.0258761
0.0258767
0.0258772
0.0258822
0.0258855
0.0258927
0.0258971
0.0258976
0.0258976
0.0258974
0.0259018
0.0259011
0.0259014
0.025895
0.0258917
0.0258879
0.0258984
0.0258986
0.0258954
0.0258945
0.0258942
0.0258985
0.0258961
0.0258932
0.025897
0.0258959
0.0258991
0.0259072
0.0259084
0.0259046
0.0259052
0.0259187
0.0259198
0.0259209
0.0259307
0.0259254
0.025925
0.0259214
0.0259183
0.0259198
0.0259231
0.0259233
0.0259237
0.025924
0.0259247
0.0259321
0.0259295
0.0259299
0.0259299
0.025938
0.0259357
0.0259357
0.0259387
0.0259352
0.0259289
0.0259393
0.0259403
0.0259347
0.0259347
0.0259285
0.0259319
0.0259281
0.0259276
0.0259248
0.0259249
0.0259183
0.0259194
0.0259133
0.0259209
0.0259217
0.0259224
0.0259244
0.0259174
0.0259141
0.0259182
0.0259145
0.0259101
0.0259036
0.0259002
0.0259059
0.0259028
0.0259032
0.0259024
0.0259032
0.02591
0.0259136
0.0259143
0.025913
0.0259058
0.0259002
0.0259018
0.0259038
0.0259046
0.0259078
0.025911
0.0259186
0.0259128
0.0259097
0.0259066
0.0259115
0.0259045
0.0259044
0.0259014
0.0258955
0.0258995
0.0259012
0.0258978
0.0259
0.0259005
0.0259007
0.025896
0.0259093
0.0259168
0.0259138
0.0259234
0.025925
0.0259192
0.0259154
0.0259128
0.0259101
0.025907
0.0258998
0.0259001
0.0258969
0.0258974
0.0258922
0.0258965
0.0258939
0.0258914
0.0258983
0.0258965
0.0258976
0.0258969
0.0258967
0.0258969
0.0258955
0.025893
0.025895
0.0258947
0.0258928
0.0258962
0.0259005
0.0259042
0.0259043
0.0259021
0.0259025
0.0258959
0.0258999
0.025904
0.0259004
0.0259033
0.0259023
0.0259025
0.025903
0.0258967
0.0258957
0.0258951
0.0259016
0.0258958
0.0258955
0.0258961
0.025902
0.0259024
0.0258965
0.0259041
0.025897
0.0259084
0.0259101
0.025917
0.0259185
0.0259255
0.0259185
0.0259159
0.0259225
0.0259167
0.0259109
0.0259211
0.0259188
0.0259198
0.0259198
0.0259168
0.0259107
0.0259081
0.025902
0.0258959
0.0258984
0.025901
0.0259037
0.0258998
0.0259015
0.0258996
0.0259
0.0259034
0.0259067
0.0259054
0.0258999
0.0259
0.0258923
0.0258913
0.0259009
0.0258984
0.0259083
0.0259089
0.0259032
0.0259038
0.0259112
0.0259049
0.0258995
0.0259008
0.025902
0.0259024
0.0258995
0.0258935
0.0258966
0.025894
0.0258967
0.0258936
0.0258963
0.0258972
0.0259079
0.0259146
0.0259123
0.0259089
0.0259027
0.0259096
0.0259101
0.0259042
0.0259056
0.0259002
0.0259013
0.0259049
0.0259036
0.0259016
0.0259084
0.0259043
0.0259021
0.0258983
0.0258992
0.0258942
0.0258973
0.0259049
0.0259062
0.0259069
0.0259227
0.0259202
0.0259201
0.0259181
0.0259161
0.0259128
0.0259125
0.0259066
0.0259067
0.025913
0.0259104
0.0259076
0.0259034
0.0259037
0.0259075
0.0259001
0.0258974
0.0258911
0.0258913
0.0258912
0.0258911
0.0258915
0.0258889
0.0258847
0.0258916
0.0258882
0.0258916
0.0258974
0.0258904
0.0258905
0.0258885
0.0258887
0.0258894
0.0258953
0.0258934
0.0258899
0.025884
0.0258874
0.0258971
0.0258908
0.0258909
0.0258886
0.0258901
0.0258999
0.025903
0.0258971
0.0258966
0.0259038
0.025904
0.025908
0.0259135
0.0259128
0.0259166
0.0259206
0.0259273
0.025935
0.0259328
0.0259324
0.0259256
0.0259191
0.0259188
0.0259137
0.0259143
0.0259141
0.0259119
0.0259101
0.0259106
0.0259075
0.025911
0.0259082
0.025905
0.0259139
0.0259076
0.0259047
0.0259049
0.0259054
0.0259104
0.0259038
0.0259083
0.0259077
0.0259084
0.0259084
0.0259059
0.0259033
0.0259029
0.0259071
0.0259039
0.0258981
0.0258984
0.0258952
0.0258928
0.0258957
0.025899
0.0258919
0.0258889
0.025883
0.0258813
0.0258813
0.0258759
0.025873
0.0258759
0.025876
0.025879
0.0258788
0.0258731
0.0258749
0.025876
0.0258765
0.0258706
0.0258778
0.0258744
0.0258713
0.0258739
0.0258738
0.0258743
0.0258718
0.0258697
0.0258674
0.0258696
0.0258734
0.0258737
0.0258746
0.0258723
0.0258694
0.0258694
0.0258669
0.0258772
0.0258834
0.0258807
0.0258831
0.0258797
0.0258856
0.0258823
0.0258794
0.0258771
0.0258752
0.0258755
0.0258729
0.0258842
0.0258866
0.025897
0.0258971
0.0258909
0.0258883
0.0258856
0.0258951
0.0258894
0.0258894
0.0258856
0.0258928
0.0258895
0.0258905
0.0259007
0.0258967
0.0259032
0.02591
0.0259058
0.0259026
0.0259061
0.0259123
0.0259248
0.0259247
0.0259194
0.0259318
0.0259251
0.0259243
0.025921
0.0259237
0.025927
0.025924
0.0259205
0.0259263
0.025923
0.0259293
0.0259265
0.0259311
0.0259293
0.0259401
0.0259405
0.0259405
0.0259413
0.0259422
0.0259425
0.0259459
0.0259456
0.0259456
0.0259543
0.0259581
0.0259591
0.025952
0.0259582
0.025958
0.0259554
0.025956
0.0259591
0.0259577
0.0259532
0.0259505
0.0259472
0.0259578
0.025958
0.025956
0.0259507
0.0259488
0.0259517
0.0259483
0.0259425
0.0259397
0.0259375
0.0259344
0.0259472
0.0259434
0.0259401
0.0259337
0.0259319
0.0259358
0.025936
0.0259361
0.0259336
0.025937
0.0259365
0.025942
0.0259425
0.0259384
0.0259342
0.0259341
0.0259377
0.0259409
0.0259378
0.0259319
0.0259291
0.0259324
0.0259305
0.0259245
0.0259285
0.0259311
0.0259315
0.0259323
0.0259264
0.0259277
0.0259252
0.0259288
0.0259222
0.0259232
0.025927
0.0259308
0.0259339
0.0259376
0.0259386
0.0259399
0.025937
0.0259372
0.0259391
0.0259427
0.0259405
0.0259435
0.0259427
0.0259434
0.02594
0.0259421
0.0259387
0.0259417
0.0259379
0.0259407
0.0259432
0.0259412
0.0259412
0.0259378
0.0259342
0.0259374
0.0259377
0.0259351
0.025932
0.025939
0.0259393
0.0259392
0.025937
0.0259321
0.0259318
0.0259277
0.0259306
0.0259276
0.0259305
0.0259307
0.0259306
0.0259409
0.0259427
0.0259405
0.0259376
0.0259334
0.0259372
0.0259588
0.0259567
0.0259595
0.0259657
0.0259695
0.025966
0.0259683
0.025969
0.0259761
0.0259769
0.0259717
0.0259751
0.0259754
0.0259777
0.0259752
0.0259788
0.0259847
0.0259842
0.0259842
0.0259797
0.0259825
0.0259915
0.0259888
0.0259968
0.0260001
0.0260042
0.0259983
0.0259932
0.0259925
0.0259891
0.0259961
0.0259992
0.0260079
0.026005
0.0260033
0.0260034
0.0260031
0.0260035
0.0260098
0.0260051
0.0260025
0.0260116
0.0260139
0.0260118
0.0260085
0.0260077
0.0260077
0.0260161
0.0260115
0.026012
0.026015
0.0260185
0.0260225
0.0260172
0.0260206
0.0260149
0.0260157
0.0260103
0.0260138
0.0260111
0.0260163
0.0260159
0.0260137
0.0260152
0.0260164
0.0260166
0.0260252
0.0260285
0.0260407
0.0260412
0.0260402
0.0260433
0.0260405
0.0260372
0.0260315
0.0260253
0.026026
0.0260241
0.0260292
0.026031
0.0260258
0.02602
0.0260144
0.0260119
0.0260056
0.0260037
0.0260064
0.0260015
0.025999
0.025993
0.0259959
0.0259988
0.0259977
0.0259939
0.0259972
0.0260063
0.0260046
0.026005
0.0260022
0.0260014
0.0260043
0.0260035
0.0260067
0.0260063
0.0260092
0.0260038
0.0260064
0.0260077
0.026013
0.026014
0.0260141
0.0260121
0.0260093
0.0260077
0.0260087
0.0260024
0.0260054
0.0260061
0.0260039
0.0260014
0.0259979
0.0259925
0.0260072
0.0260041
0.0260033
0.0260063
0.0260033
0.0260043
0.0260067
0.0260059
0.0260142
0.026018
0.0260133
0.0260139
0.0260114
0.0260114
0.0260117
0.0260206
0.0260209
0.0260184
0.0260155
0.0260175
0.0260239
0.0260307
0.0260315
0.0260289
0.0260288
0.0260255
0.0260238
0.0260244
0.0260216
0.0260281
0.0260262
0.0260335
0.0260343
0.026037
0.0260511
0.0260463
0.0260535
0.0260498
0.0260513
0.0260483
0.0260483
0.0260479
0.0260487
0.0260505
0.026045
0.0260447
0.0260448
0.0260439
0.0260443
0.0260387
0.0260365
0.0260365
0.0260304
0.0260355
0.0260379
0.026044
0.0260402
0.0260346
0.0260313
0.0260259
0.0260229
0.0260203
0.026026
0.0260211
0.0260202
0.0260192
0.0260165
0.0260107
0.0260116
0.0260125
0.0260185
0.0260252
0.0260221
0.0260162
0.0260158
0.0260129
0.0260226
0.0260166
0.02601
0.0260047
0.0260021
0.0259998
0.0259963
0.0260045
0.0259992
0.0260006
0.0260016
0.0260007
0.0259977
0.0260028
0.0260018
0.0260015
0.026005
0.0260059
0.026012
0.0260071
0.0260079
0.0260113
0.0260055
0.0260033
0.0260013
0.0259959
0.0259932
0.0259983
0.0260016
0.0259968
0.0259942
0.0260006
0.025995
0.0259918
0.0259953
0.0259954
0.0259951
0.0259896
0.0259898
0.0259924
0.025993
0.0259862
0.025989
0.0259864
0.0259808
0.0259812
0.0259761
0.025976
0.0259727
0.0259761
0.025981
0.0259878
0.025981
0.0259815
0.0259793
0.0259797
0.0259855
0.0259855
0.0259805
0.0259831
0.0259808
0.0259814
0.0259767
0.0259783
0.0259728
0.0259728
0.0259756
0.0259709
0.0259715
0.0259662
0.0259605
0.0259549
0.0259557
0.0259526
0.025952
0.0259554
0.0259556
0.0259535
0.0259558
0.0259518
0.0259486
0.025944
0.0259419
0.0259389
0.0259449
0.0259392
0.0259379
0.0259351
0.0259299
0.0259256
0.0259229
0.0259175
0.0259202
0.0259227
0.025918
0.0259185
0.0259189
0.0259184
0.0259299
0.0259379
0.0259362
0.0259448
0.0259426
0.0259381
0.0259374
0.0259457
0.0259458
0.0259442
0.0259418
0.0259415
0.0259423
0.0259395
0.0259342
0.0259324
0.0259306
0.0259281
0.0259263
0.0259275
0.0259216
0.0259195
0.0259288
0.0259265
0.025929
0.0259258
0.0259228
0.0259161
0.0259124
0.0259206
0.0259207
0.0259213
0.0259247
0.0259276
0.0259291
0.0259267
0.0259296
0.0259302
0.0259332
0.0259333
0.0259421
0.0259369
0.0259351
0.0259298
0.025933
0.0259306
0.025924
0.0259249
0.0259283
0.025936
0.0259334
0.0259274
0.0259254
0.025919
0.0259227
0.0259224
0.0259199
0.0259213
0.0259248
0.0259283
0.0259251
0.0259228
0.0259235
0.0259209
0.0259263
0.0259264
0.0259239
0.0259202
0.0259175
0.0259126
0.0259162
0.025916
0.0259134
0.0259162
0.0259138
0.0259162
0.0259188
0.025922
0.0259195
0.0259195
0.0259197
0.025925
0.0259267
0.0259353
0.0259383
0.0259337
0.0259312
0.0259292
0.0259345
0.0259344
0.0259311
0.0259377
0.0259429
0.0259407
0.0259404
0.0259406
0.0259414
0.0259419
0.0259417
0.0259371
0.0259326
0.0259304
0.0259307
0.0259339
0.0259346
0.0259319
0.0259322
0.0259273
0.0259242
0.0259251
0.0259288
0.0259344
0.0259376
0.0259351
0.0259323
0.02593
0.0259306
0.0259282
0.0259263
0.0259268
0.0259289
0.0259289
0.02593
0.0259275
0.0259224
0.0259195
0.0259201
0.0259223
0.0259272
0.0259352
0.0259295
0.0259347
0.0259383
0.0259351
0.0259357
0.0259322
0.0259324
0.0259299
0.0259252
0.0259296
0.0259329
0.0259415
0.025937
0.0259343
0.0259346
0.0259382
0.0259362
0.025931
0.0259339
0.0259317
0.0259339
0.0259395
0.0259351
0.0259297
0.0259299
0.0259281
0.0259364
0.0259395
0.0259344
0.0259374
0.0259429
0.0259459
0.0259461
0.0259437
0.0259443
0.0259388
0.025941
0.0259415
0.0259412
0.0259364
0.0259362
0.0259302
0.0259297
0.0259326
0.0259261
0.0259217
0.0259188
0.0259222
0.0259231
0.0259233
0.025924
0.025927
0.025932
0.0259372
0.0259346
0.0259334
0.0259366
0.0259341
0.0259398
0.0259507
0.025957
0.0259563
0.0259512
0.0259486
0.0259453
0.0259506
0.0259482
0.0259488
0.0259496
0.0259465
0.0259607
0.0259681
0.0259664
0.0259658
0.0259719
0.0259668
0.025964
0.0259647
0.0259606
0.0259614
0.025956
0.0259558
0.0259637
0.0259583
0.025954
0.0259618
0.0259676
0.0259622
0.0259602
0.0259606
0.0259607
0.025964
0.025963
0.0259599
0.0259621
0.0259638
0.0259584
0.0259664
0.0259719
0.0259694
0.0259643
0.0259617
0.0259569
0.0259537
0.025957
0.0259549
0.0259526
0.0259534
0.0259507
0.0259512
0.0259485
0.0259435
0.0259413
0.0259502
0.0259539
0.0259567
0.0259555
0.0259573
0.0259578
0.025959
0.0259616
0.0259603
0.0259633
0.0259616
0.0259698
0.0259674
0.0259691
0.025967
0.0259646
0.0259597
0.0259597
0.0259575
0.0259545
0.0259555
0.0259637
0.0259656
0.025966
0.0259614
0.0259617
0.0259544
0.0259564
0.0259577
0.0259574
0.0259532
0.0259547
0.0259564
0.0259593
0.0259624
0.02596
0.0259604
0.0259576
0.0259554
0.0259585
0.0259529
0.0259527
0.0259505
0.0259484
0.0259487
0.0259523
0.0259498
0.0259468
0.0259469
0.0259528
0.0259481
0.0259482
0.0259515
0.0259485
0.0259497
0.0259617
0.0259701
0.0259684
0.0259662
0.0259723
0.0259749
0.025975
0.0259763
0.0259713
0.0259763
0.025976
0.0259818
0.0259803
0.0259805
0.0259755
0.0259801
0.0259801
0.0259812
0.0259806
0.0259749
0.0259746
0.0259823
0.0259798
0.0259807
0.025979
0.0259745
0.0259849
0.0259856
0.0259877
0.0259899
0.0259958
0.026001
0.0260009
0.0260138
0.0260119
0.0260094
0.026012
0.0260152
0.0260103
0.0260171
0.0260175
0.0260211
0.0260208
0.026019
0.026019
0.0260137
0.0260169
0.0260169
0.0260194
0.0260194
0.0260275
0.0260357
0.026034
0.0260319
0.0260324
0.0260295
0.0260374
0.0260432
0.0260438
0.0260481
0.0260452
0.0260459
0.0260488
0.0260569
0.0260525
0.0260519
0.0260518
0.0260546
0.026052
0.0260504
0.0260558
0.0260579
0.0260577
0.0260574
0.0260595
0.0260544
0.0260528
0.0260528
0.0260502
0.0260485
0.0260469
0.0260447
0.0260423
0.0260453
0.0260435
0.0260391
0.026045
0.0260498
0.0260494
0.0260564
0.026054
0.0260575
0.026057
0.0260583
0.0260557
0.0260529
0.026056
0.0260587
0.0260633
0.0260578
0.0260556
0.0260612
0.0260595
0.026054
0.0260495
0.0260471
0.0260472
0.0260487
0.0260488
0.0260436
0.0260412
0.0260403
0.0260462
0.0260453
0.0260434
0.0260487
0.0260475
0.0260491
0.0260495
0.0260509
0.0260589
0.0260626
0.0260627
0.0260577
0.0260611
0.0260609
0.0260584
0.0260613
0.0260584
0.0260562
0.0260559
0.0260591
0.0260621
0.0260651
0.0260618
0.0260646
0.0260603
0.0260641
0.0260692
0.0260636
0.0260665
0.0260647
0.0260609
0.0260715
0.0260775
0.0260744
0.0260788
0.0260823
0.0260772
0.0260746
0.0260749
0.0260775
0.026077
0.0260827
0.0260847
0.0260846
0.0260873
0.0260924
0.0260903
0.0260854
0.0260909
0.0260854
0.0260847
0.0260794
0.0260846
0.0260829
0.0260831
0.0260816
0.0260765
0.0260797
0.0260772
0.0260753
0.0260701
0.0260724
0.0260757
0.0260788
0.0260798
0.0260816
0.0260788
0.0260771
0.026081
0.0260841
0.0260868
0.0260842
0.0260857
0.0260814
0.0260817
0.0260773
0.0260829
0.0260874
0.0260877
0.0260817
0.0260834
0.0260815
0.026089
0.0260884
0.0260891
0.0260893
0.0260845
0.026083
0.0260784
0.0260758
0.026071
0.0260712
0.0260691
0.0260675
0.0260679
0.0260684
0.0260627
0.0260628
0.0260604
0.0260661
0.0260632
0.0260602
0.0260614
0.0260612
0.0260637
0.0260604
0.0260586
0.026054
0.0260543
0.0260565
0.026056
0.026056
0.0260622
0.0260597
0.0260572
0.0260548
0.0260527
0.0260532
0.0260511
0.0260484
0.0260505
0.0260483
0.0260431
0.026044
0.0260417
0.0260418
0.0260361
0.0260363
0.026039
0.0260392
0.0260369
0.0260406
0.0260414
0.0260363
0.026036
0.0260384
0.0260358
0.0260386
0.0260411
0.0260391
0.0260391
0.0260391
0.0260441
0.0260415
0.0260367
0.0260369
0.0260406
0.0260384
0.0260382
0.0260429
0.0260454
0.0260454
0.0260434
0.0260412
0.0260441
0.0260419
0.0260398
0.0260398
0.026039
0.0260342
0.0260321
0.0260297
0.0260273
0.0260275
0.0260256
0.0260304
0.0260315
0.0260341
0.0260387
0.0260387
0.0260356
0.0260326
0.0260447
0.0260504
0.0260567
0.0260544
0.0260509
0.0260582
0.0260551
0.0260595
0.0260595
0.0260574
0.0260549
0.0260494
0.0260491
0.0260468
0.0260448
0.0260501
0.0260588
0.0260616
0.0260593
0.026057
0.0260539
0.0260532
0.0260479
0.0260483
0.0260438
0.0260488
0.0260489
0.0260465
0.0260459
0.0260453
0.0260437
0.026039
0.0260388
0.0260369
0.0260319
0.0260273
0.0260267
0.0260234
0.0260255
0.0260232
0.0260286
0.0260273
0.0260229
0.0260255
0.0260232
0.0260237
0.0260285
0.0260281
0.0260232
0.0260239
0.0260268
0.0260218
0.0260189
0.0260171
0.0260173
0.0260128
0.0260078
0.0260065
0.0260095
0.0260075
0.0260059
0.0260086
0.0260092
0.0260102
0.0260108
0.0260065
0.0260113
0.0260107
0.026006
0.0260115
0.0260135
0.0260141
0.0260097
0.0260059
0.0260068
0.0260069
0.026009
0.0260114
0.0260127
0.026013
0.0260187
0.02602
0.0260157
0.02602
0.0260255
0.0260284
0.026028
0.026029
0.0260286
0.0260242
0.0260215
0.026019
0.0260217
0.0260224
0.0260245
0.0260335
0.0260287
0.0260261
0.0260236
0.026029
0.0260294
0.0260301
0.02603
0.0260333
0.0260355
0.0260376
0.0260362
0.0260362
0.0260412
0.0260406
0.0260413
0.0260413
0.0260393
0.0260423
0.02604
0.0260404
0.0260405
0.0260371
0.0260369
0.0260381
0.0260379
0.0260378
0.0260357
0.0260301
0.0260304
0.0260323
0.0260295
0.0260277
0.0260225
0.0260252
0.0260235
0.0260237
0.0260184
0.0260132
0.0260083
0.026006
0.0260019
0.0260039
0.0260041
0.0260048
0.0260024
0.0259994
0.025997
0.0259958
0.0259933
0.0259916
0.0259909
0.0259914
0.025995
0.025997
0.0259964
0.0259927
0.0259886
0.0259842
0.0259914
0.0259963
0.0259911
0.0259919
0.0259945
0.0259938
0.0259924
0.0259961
0.025996
0.0259937
0.025993
0.0260015
0.0259971
0.025996
0.0260007
0.0259991
0.0260067
0.026005
0.0260028
0.0260024
0.025998
0.0259985
0.0260019
0.0259993
0.0259961
0.0259912
0.0259919
0.0259919
0.0259975
0.0259951
0.0260017
0.0260036
0.026001
0.0259985
0.0259977
0.0259985
0.0260014
0.0260062
0.0260109
0.0260092
0.0260046
0.0260025
0.0260024
0.0260045
0.0260166
0.0260163
0.0260148
0.026015
0.0260177
0.026018
0.026016
0.0260163
0.0260147
0.0260127
0.0260118
0.0260099
0.0260155
0.0260134
0.0260184
0.0260185
0.0260168
0.0260226
0.02603
0.026028
0.0260234
0.0260252
0.026024
0.0260192
0.0260171
0.0260219
0.0260198
0.0260207
0.0260267
0.0260248
0.0260197
0.0260203
0.0260209
0.0260233
0.026026
0.0260266
0.0260246
0.02602
0.0260155
0.0260106
0.0260151
0.026023
0.0260185
0.0260134
0.0260151
0.0260113
0.0260115
0.0260114
0.0260106
0.0260112
0.0260093
0.0260121
0.02601
0.0260146
0.0260192
0.0260216
0.0260193
0.0260268
0.0260267
0.0260249
0.0260287
0.0260235
0.0260192
0.0260139
0.0260112
0.0260114
0.0260117
0.0260071
0.0260096
0.0260076
0.0260069
0.0260076
0.026006
0.0260031
0.026003
0.0260007
0.0260037
0.0260061
0.0260104
0.0260118
0.0260119
0.0260093
0.0260128
0.0260177
0.0260143
0.026015
0.0260148
0.0260141
0.0260161
0.0260205
0.026016
0.026021
0.0260186
0.0260138
0.0260138
0.0260087
0.0260071
0.0260143
0.0260128
0.0260175
0.0260157
0.0260185
0.0260154
0.0260133
0.0260134
0.0260142
0.0260133
0.0260124
0.026012
0.02601
0.0260153
0.0260129
0.0260086
0.0260066
0.0260038
0.0260111
0.0260087
0.0260181
0.0260199
0.0260155
0.0260142
0.0260143
0.0260132
0.0260136
0.0260119
0.0260073
0.0260043
0.0260088
0.0260071
0.0260027
0.0260028
0.0260031
0.0260008
0.0260035
0.0260032
0.0260054
0.0260081
0.0260128
0.026011
0.0260126
0.0260186
0.026025
0.0260259
0.0260308
0.0260265
0.0260218
0.0260199
0.0260168
0.0260146
0.0260107
0.0260108
0.0260112
0.0260086
0.0260089
0.0260098
0.026007
0.0260069
0.0260049
0.026005
0.0260057
0.0260087
0.0260032
0.0260005
0.0259986
0.0260008
0.0259972
0.0259975
0.0259958
0.025992
0.0259947
0.0259941
0.0259893
0.0259892
0.0259878
0.02599
0.0259902
0.0259861
0.0259809
0.0259799
0.025975
0.0259757
0.0259744
0.0259727
0.0259712
0.0259687
0.0259713
0.0259759
0.0259761
0.0259855
0.0259884
0.0259841
0.0259845
0.0259844
0.0259849
0.0259879
0.0259884
0.0259881
0.0259859
0.0259843
0.0259849
0.0259854
0.0259923
0.0259899
0.0259863
0.0259834
0.0259815
0.0259788
0.0259794
0.0259755
0.0259774
0.0259763
0.0259769
0.0259775
0.0259752
0.0259731
0.025976
0.0259799
0.0259823
0.025978
0.025978
0.0259728
0.0259772
0.0259722
0.0259681
0.0259639
0.0259733
0.0259739
0.0259707
0.0259706
0.0259737
0.0259741
0.0259698
0.0259704
0.02597
0.0259696
0.0259744
0.0259706
0.0259708
0.0259783
0.025979
0.0259907
0.0259873
0.0259878
0.0259923
0.0259941
0.02599
0.025986
0.0259842
0.0259893
0.025988
0.0259824
0.0259854
0.0259826
0.025983
0.0259884
0.025989
0.0259913
0.0259967
0.025992
0.025997
0.025997
0.0259952
0.0259926
0.0259878
0.0259859
0.0259878
0.0259882
0.0259857
0.0259816
0.0259839
0.0259843
0.0259819
0.025979
0.0259803
0.0259758
0.025977
0.0259797
0.0259803
0.0259778
0.0259739
0.025976
0.0259738
0.0259735
0.0259725
0.0259701
0.0259677
0.0259703
0.025969
0.0259675
0.0259696
0.0259646
0.025965
0.0259628
0.0259651
0.0259703
0.0259685
0.025968
0.0259655
0.0259658
0.0259679
0.0259704
0.0259743
0.0259726
0.0259729
0.0259729
0.0259732
0.0259701
0.0259702
0.0259674
0.0259679
0.0259732
0.0259715
0.0259738
0.0259728
0.0259755
0.0259771
0.0259748
0.0259725
0.0259681
0.0259663
0.0259625
0.0259634
0.0259634
0.0259607
0.0259565
0.0259542
0.0259549
0.0259578
0.0259579
0.0259561
0.0259606
0.0259648
0.0259645
0.0259634
0.0259584
0.0259569
0.0259531
0.0259555
0.0259552
0.0259574
0.0259594
0.0259637
0.0259639
0.0259599
0.0259651
0.0259653
0.0259607
0.0259634
0.0259679
0.0259726
0.0259779
0.0259731
0.0259726
0.0259704
0.0259725
0.0259704
0.0259713
0.025967
0.0259689
0.0259716
0.0259699
0.0259651
0.0259748
0.0259702
0.0259662
0.0259707
0.0259748
0.0259795
0.0259777
0.0259729
0.0259727
0.025973
0.025973
0.0259694
0.0259736
0.025973
0.0259755
0.0259762
0.0259806
0.0259828
0.025979
0.0259785
0.0259801
0.0259792
0.0259868
0.0259867
0.0259913
0.0259936
0.0259936
0.0259916
0.0259928
0.0259974
0.026
0.0259978
0.0260019
0.0260004
0.0259984
0.0259952
0.0259909
0.0259934
0.0259953
0.0259934
0.0259934
0.0259953
0.0259983
0.0260057
0.0260014
0.025999
0.0259945
0.0259951
0.0259912
0.0259899
0.0259871
0.0259877
0.0259851
0.0259895
0.0259895
0.0259905
0.0259902
0.0259865
0.0259864
0.025986
0.0259816
0.0259769
0.0259799
0.0259781
0.0259832
0.0259821
0.0259804
0.0259762
0.0259738
0.0259721
0.0259673
0.0259657
0.0259703
0.0259725
0.0259746
0.0259722
0.0259741
0.0259745
0.0259727
0.0259769
0.0259773
0.0259794
0.0259804
0.0259778
0.0259728
0.0259702
0.02597
0.0259689
0.025965
0.0259613
0.0259613
0.025962
0.0259606
0.0259622
0.0259621
0.0259665
0.0259691
0.0259692
0.0259652
0.0259612
0.0259675
0.0259715
0.0259713
0.0259717
0.0259694
0.025974
0.0259736
0.025976
0.0259745
0.0259743
0.0259741
0.0259724
0.0259742
0.0259741
0.0259721
0.0259704
0.0259665
0.0259699
0.0259661
0.0259664
0.0259641
0.0259666
0.0259636
0.0259611
0.0259595
0.0259617
0.0259581
0.0259625
0.025963
0.0259613
0.0259616
0.0259639
0.0259625
0.0259625
0.0259624
0.0259654
0.025961
0.0259611
0.0259611
0.0259616
0.025963
0.0259656
0.0259638
0.0259601
0.0259606
0.0259607
0.0259649
0.0259635
0.0259635
0.0259614
0.0259618
0.0259599
0.0259578
0.0259581
0.025959
0.025957
0.0259593
0.0259573
0.0259554
0.0259535
0.0259572
0.0259556
0.0259549
0.0259573
0.0259601
0.0259627
0.0259607
0.0259605
0.0259653
0.0259688
0.0259693
0.0259763
0.0259794
0.0259756
0.0259746
0.0259701
0.0259726
0.025973
0.0259746
0.0259749
0.0259754
0.0259824
0.0259805
0.0259843
0.0259827
0.0259783
0.0259753
0.025973
0.0259754
0.025974
0.0259736
0.0259709
0.0259708
0.0259732
0.0259705
0.0259748
0.0259795
0.0259779
0.0259766
0.0259721
0.0259768
0.0259726
0.0259708
0.0259721
0.0259677
0.0259699
0.0259695
0.0259737
0.0259713
0.0259676
0.0259633
0.0259592
0.0259637
0.0259603
0.0259619
0.0259601
0.0259618
0.0259616
0.0259619
0.0259668
0.0259629
0.0259635
0.025964
0.0259666
0.0259688
0.0259709
0.0259688
0.0259643
0.0259706
0.0259687
0.025965
0.025961
0.0259593
0.0259551
0.0259564
0.0259614
0.0259572
0.0259594
0.0259603
0.0259651
0.025965
0.0259678
0.0259664
0.0259667
0.025966
0.0259643
0.025963
0.0259638
0.0259636
0.0259622
0.0259622
0.0259634
0.0259635
0.0259656
0.0259675
0.0259672
0.0259719
0.0259716
0.0259697
0.0259755
0.0259738
0.0259718
0.0259699
0.0259674
0.0259631
0.0259653
0.0259661
0.025964
0.0259618
0.0259599
0.0259666
0.0259649
0.0259636
0.0259639
0.0259702
0.0259697
0.0259677
0.0259688
0.0259671
0.0259654
0.025965
0.0259691
0.0259692
0.0259691
0.0259673
0.025968
0.0259679
0.0259661
0.0259712
0.0259715
0.0259672
0.0259676
0.0259635
0.0259643
0.0259602
0.0259596
0.0259555
0.0259531
0.0259515
0.0259472
0.0259436
0.0259425
0.0259386
0.0259402
0.0259382
0.0259339
0.0259321
0.0259327
0.025935
0.0259347
0.0259347
0.0259321
0.0259328
0.0259333
0.0259292
0.0259314
0.0259289
0.0259285
0.0259287
0.0259277
0.0259283
0.0259243
0.0259306
0.0259355
0.0259336
0.0259387
0.0259344
0.0259307
0.0259298
0.0259297
0.0259302
0.025929
0.0259275
0.0259344
0.0259298
0.0259288
0.0259294
0.0259333
0.025932
0.0259341
0.0259343
0.0259372
0.0259354
0.0259407
0.0259429
0.025943
0.0259389
0.0259367
0.0259353
0.025933
0.0259304
0.0259283
0.0259319
0.0259315
0.0259293
0.0259314
0.0259311
0.0259313
0.025931
0.0259265
0.0259285
0.025926
0.0259308
0.0259314
0.0259378
0.0259351
0.0259335
0.0259355
0.025936
0.0259334
0.0259338
0.0259401
0.0259396
0.0259455
0.0259442
0.0259424
0.025941
0.0259407
0.0259432
0.0259446
0.0259434
0.0259415
0.025944
0.0259434
0.0259421
0.0259404
0.0259404
0.0259392
0.0259355
0.0259355
0.0259334
0.0259377
0.025938
0.0259439
0.0259462
0.025944
0.0259462
0.0259508
0.0259491
0.0259508
0.0259505
0.0259514
0.0259537
0.0259514
0.0259514
0.0259479
0.0259489
0.0259576
0.0259595
0.0259655
0.0259629
0.0259627
0.0259658
0.0259697
0.0259716
0.0259739
0.0259731
0.0259727
0.0259696
0.0259725
0.0259751
0.0259776
0.0259772
0.0259734
0.0259733
0.0259733
0.0259707
0.0259713
0.0259719
0.0259744
0.0259745
0.0259737
0.0259734
0.0259734
0.0259743
0.0259786
0.025988
0.0259874
0.0259857
0.0259838
0.0259827
0.0259826
0.0259847
0.0259823
0.0259833
0.0259896
0.0259858
0.0259819
0.0259842
0.025988
0.0259876
0.0259872
0.0259827
0.0259833
0.0259895
0.02599
0.0259898
0.02599
0.0259907
0.0259937
0.0259913
0.0259911
0.0259869
0.0259869
0.0259898
0.0259882
0.0259833
0.0259855
0.02599
0.0259893
0.0259905
0.0259884
0.0259859
0.0259837
0.0259842
0.0259867
0.0259917
0.0259877
0.0259876
0.0259899
0.0259864
0.0259822
0.0259824
0.0259828
0.0259787
0.0259829
0.0259846
0.0259826
0.0259809
0.0259827
0.0259854
0.0259858
0.0259877
0.0259915
0.0259874
0.0259876
0.0259837
0.025982
0.0259802
0.0259804
0.0259833
0.0259799
0.0259801
0.0259811
0.0259851
0.0259833
0.0259823
0.0259802
0.0259784
0.0259766
0.0259746
0.0259746
0.0259767
0.0259752
0.0259739
0.0259721
0.0259722
0.0259678
0.0259737
0.0259753
0.0259736
0.0259715
0.0259677
0.0259658
0.0259638
0.0259699
0.0259715
0.0259694
0.0259661
0.0259658
0.0259663
0.025963
0.0259653
0.025965
0.0259649
0.0259638
0.0259624
0.0259638
0.0259636
0.0259637
0.0259665
0.025967
0.0259712
0.025969
0.0259678
0.0259643
0.0259661
0.0259637
0.0259621
0.0259624
0.0259626
0.0259646
0.0259681
0.0259683
0.0259666
0.0259682
0.0259631
0.0259651
0.025961
0.0259611
0.02597
0.0259683
0.0259685
0.0259681
0.0259685
0.0259683
0.0259679
0.0259683
0.0259643
0.025963
0.0259612
0.0259634
0.0259594
0.0259594
0.0259593
0.0259573
0.0259558
0.0259532
0.0259536
0.0259555
0.025964
0.0259595
0.0259632
0.0259629
0.0259617
0.0259597
0.0259622
0.0259644
0.0259602
0.0259566
0.0259545
0.0259544
0.0259506
0.0259475
0.0259481
0.0259524
0.0259479
0.0259444
0.0259494
0.0259531
0.0259574
0.0259576
0.0259618
0.025958
0.025954
0.025952
0.0259516
0.0259499
0.0259502
0.0259536
0.0259522
0.0259526
0.025956
0.025954
0.0259523
0.0259527
0.025956
0.0259577
0.0259601
0.0259603
0.025958
0.0259603
0.0259612
0.0259629
0.0259629
0.0259699
0.0259658
0.0259669
0.0259644
0.0259625
0.0259624
0.0259588
0.0259635
0.0259628
0.0259709
0.0259742
0.0259706
0.0259683
0.0259663
0.0259628
0.0259632
0.0259664
0.0259663
0.0259622
0.0259584
0.0259563
0.0259581
0.0259607
0.0259602
0.0259662
0.0259624
0.0259646
0.0259667
0.0259644
0.0259641
0.0259627
0.0259629
0.0259602
0.0259578
0.0259564
0.0259545
0.0259524
0.0259588
0.0259632
0.0259636
0.0259606
0.02596
0.0259601
0.025961
0.0259588
0.0259564
0.025955
0.0259592
0.0259589
0.0259614
0.0259599
0.0259579
0.0259583
0.0259568
0.0259555
0.0259506
0.0259519
0.02595
0.0259483
0.0259513
0.0259473
0.025951
0.0259534
0.0259541
0.025954
0.0259516
0.0259562
0.0259527
0.0259514
0.0259514
0.0259482
0.0259503
0.0259501
0.0259458
0.02595
0.0259539
0.0259557
0.0259601
0.0259621
0.0259621
0.0259604
0.0259621
0.0259628
0.0259629
0.0259631
0.0259598
0.0259595
0.0259592
0.02596
0.0259577
0.0259574
0.0259602
0.0259625
0.0259629
0.025965
0.0259613
0.0259591
0.0259617
0.0259662
0.0259665
0.0259684
0.0259685
0.0259667
0.0259668
0.025969
0.0259727
0.0259748
0.0259751
0.0259766
0.0259787
0.0259771
0.0259757
0.0259773
0.0259753
0.0259731
0.0259712
0.0259708
0.0259723
0.0259709
0.0259737
0.0259737
0.0259721
0.0259692
0.0259707
0.0259669
0.0259656
0.0259675
0.0259657
0.025966
0.0259666
0.025966
0.0259682
0.025973
0.0259712
0.0259703
0.0259687
0.0259756
0.025978
0.025978
0.0259783
0.0259762
0.025976
0.0259721
0.02597
0.0259756
0.0259721
0.0259683
0.0259777
0.0259761
0.0259778
0.0259774
0.0259753
0.0259718
0.0259715
0.0259701
0.0259684
0.0259725
0.0259749
0.0259773
0.0259755
0.0259759
0.0259739
0.0259781
0.0259742
0.0259722
0.0259725
0.0259709
0.0259707
0.0259668
0.0259692
0.0259701
0.0259709
0.0259674
0.0259659
0.0259663
0.0259707
0.0259683
0.0259665
0.0259673
0.0259649
0.0259676
0.0259692
0.0259748
0.0259748
0.0259728
0.0259708
0.0259745
0.0259737
0.0259777
0.0259764
0.0259727
0.0259728
0.0259723
0.0259767
0.0259732
0.0259728
0.0259725
0.0259737
0.025976
0.0259739
0.0259729
0.0259727
0.0259693
0.0259659
0.0259659
0.0259643
0.0259624
0.0259587
0.0259592
0.0259553
0.0259508
0.025953
0.0259573
0.0259578
0.0259555
0.0259607
0.0259586
0.0259584
0.0259611
0.0259627
0.0259611
0.0259672
0.025965
0.0259653
0.0259671
0.0259665
0.0259729
0.0259709
0.0259698
0.0259679
0.0259695
0.0259737
0.0259721
0.0259702
0.0259685
0.0259671
0.0259691
0.0259648
0.0259634
0.0259672
0.0259654
0.025971
0.025971
0.0259698
0.0259742
0.025972
0.0259724
0.0259703
0.0259706
0.0259706
0.0259727
0.0259689
0.0259695
0.0259675
0.0259655
0.0259676
0.0259696
0.0259716
0.0259705
0.0259748
0.0259753
0.0259751
0.0259748
0.0259806
0.0259809
0.0259791
0.0259849
0.0259851
0.0259858
0.025984
0.025984
0.0259826
0.0259857
0.0259819
0.0259857
0.0259856
0.0259837
0.0259853
0.0259897
0.0259915
0.0259895
0.0259895
0.0259891
0.025991
0.025993
0.0259941
0.025994
0.0260001
0.0260027
0.0260029
0.0260011
0.025997
0.0260034
0.0260039
0.0260008
0.0260032
0.0260076
0.026012
0.0260149
0.0260107
0.0260108
0.026013
0.0260153
0.0260175
0.026016
0.0260242
0.0260265
0.0260332
0.026033
0.0260289
0.0260272
0.0260252
0.0260217
0.0260234
0.0260205
0.0260225
0.0260229
0.0260216
0.0260251
0.0260255
0.0260284
0.0260284
0.0260287
0.0260297
0.026028
0.026034
0.0260341
0.0260345
0.0260366
0.0260345
0.026034
0.0260355
0.0260337
0.0260323
0.0260286
0.0260311
0.0260313
0.0260304
0.0260293
0.026029
0.0260315
0.026029
0.0260278
0.0260295
0.0260287
0.0260281
0.0260278
0.0260256
0.0260236
0.0260198
0.0260196
0.0260214
0.026018
0.026014
0.0260125
0.0260127
0.0260127
0.0260123
0.0260103
0.0260084
0.0260065
0.0260045
0.0260051
0.0260043
0.0260021
0.026
0.0260022
0.0260032
0.0260033
0.0260035
0.0259996
0.0259957
0.0259967
0.0259964
0.0260005
0.0259993
0.0260006
0.0259973
0.0259952
0.0260037
0.0259999
0.0259989
0.0259972
0.0259932
0.0259916
0.0259914
0.0259919
0.0259935
0.0259963
0.0259931
0.0259918
0.0259956
0.0259917
0.0259958
0.0260003
0.0260004
0.0260006
0.0260042
0.0260084
0.0260079
0.0260082
0.0260057
0.0260046
0.0260105
0.0260144
0.0260133
0.0260139
0.0260117
0.0260157
0.0260133
0.0260139
0.0260141
0.0260112
0.026014
0.0260144
0.0260193
0.0260175
0.0260156
0.0260177
0.0260185
0.0260173
0.0260143
0.0260122
0.0260103
0.0260119
0.0260117
0.0260103
0.0260109
0.0260129
0.0260173
0.0260177
0.0260164
0.0260184
0.0260208
0.0260171
0.0260171
0.026017
0.0260131
0.026017
0.0260136
0.0260122
0.0260082
0.0260102
0.0260121
0.0260123
0.0260148
0.0260122
0.0260149
0.026015
0.026017
0.0260206
0.0260183
0.0260184
0.0260187
0.0260164
0.0260143
0.0260201
0.026023
0.0260214
0.0260211
0.0260192
0.026019
0.0260193
0.0260187
0.0260205
0.0260228
0.0260243
0.026025
0.0260235
0.0260213
0.0260236
0.0260221
0.0260222
0.0260188
0.026021
0.0260189
0.0260173
0.026015
0.0260172
0.0260211
0.0260209
0.0260188
0.0260209
0.0260186
0.0260191
0.026021
0.026019
0.0260181
0.0260166
0.0260147
0.0260186
0.0260207
0.026021
0.026019
0.0260171
0.0260148
0.0260173
0.0260134
0.0260118
0.0260098
0.0260082
0.026008
0.0260082
0.0260081
0.0260093
0.0260079
0.0260133
0.0260095
0.0260148
0.0260116
0.0260124
0.0260128
0.0260092
0.0260128
0.0260109
0.0260088
0.0260062
0.026003
0.0260124
0.0260126
0.0260181
0.0260223
0.0260231
0.0260233
0.0260223
0.0260233
0.0260211
0.0260198
0.026018
0.0260216
0.0260283
0.026028
0.0260261
0.0260229
0.026023
0.0260191
0.0260167
0.0260167
0.0260127
0.0260172
0.0260173
0.0260218
0.0260245
0.0260233
0.0260253
0.0260272
0.0260321
0.0260343
0.026042
0.0260444
0.0260462
0.0260445
0.0260407
0.0260426
0.0260454
0.0260438
0.0260501
0.0260497
0.0260513
0.0260507
0.0260488
0.0260505
0.0260529
0.0260526
0.0260517
0.0260501
0.0260511
0.0260472
0.026048
0.0260459
0.0260445
0.0260451
0.0260433
0.0260438
0.0260435
0.0260436
0.0260474
0.0260518
0.0260499
0.0260522
0.0260503
0.0260505
0.0260529
0.0260513
0.026053
0.0260494
0.026046
0.0260437
0.0260419
0.0260417
0.0260451
0.0260471
0.0260497
0.0260514
0.0260531
0.0260545
0.026051
0.026055
0.026051
0.0260512
0.0260478
0.0260459
0.0260479
0.0260482
0.0260495
0.0260476
0.0260499
0.0260517
0.0260543
0.0260522
0.0260519
0.0260499
0.0260481
0.0260472
0.026048
0.0260465
0.0260447
0.0260432
0.0260436
0.0260404
0.0260386
0.0260414
0.026044
0.0260425
0.0260408
0.0260374
0.0260357
0.026034
0.0260355
0.0260374
0.0260353
0.0260336
0.0260341
0.0260344
0.0260342
0.0260366
0.0260391
0.0260372
0.026037
0.026036
0.0260384
0.0260363
0.0260388
0.0260355
0.0260336
0.0260322
0.0260305
0.0260305
0.0260268
0.026025
0.0260232
0.0260237
0.026024
0.0260288
0.0260276
0.0260278
0.0260244
0.0260228
0.026023
0.0260246
0.0260221
0.0260198
0.0260233
0.0260255
0.0260263
0.0260249
0.026029
0.0260275
0.0260281
0.026028
0.0260264
0.0260283
0.026031
0.0260381
0.0260439
0.0260459
0.0260456
0.0260469
0.0260452
0.0260448
0.0260446
0.0260436
0.0260425
0.0260449
0.026048
0.0260494
0.0260454
0.026049
0.0260456
0.0260434
0.0260451
0.0260474
0.0260478
0.0260443
0.0260477
0.0260497
0.0260474
0.026048
0.0260506
0.0260493
0.0260514
0.0260496
0.0260501
0.0260482
0.0260446
0.0260432
0.0260424
0.0260386
0.0260386
0.026037
0.0260329
0.0260329
0.0260328
0.0260313
0.0260295
0.0260293
0.0260382
0.026036
0.0260363
0.0260345
0.0260318
0.0260298
0.0260322
0.0260316
0.0260296
0.0260333
0.0260337
0.0260316
0.0260275
0.0260237
0.0260217
0.0260203
0.0260167
0.0260167
0.0260128
0.0260095
0.0260093
0.0260079
0.0260063
0.0260068
0.0260069
0.0260075
0.0260172
0.0260178
0.0260161
0.0260167
0.0260152
0.0260134
0.0260098
0.0260153
0.0260178
0.0260212
0.0260196
0.0260213
0.0260216
0.0260185
0.0260183
0.0260142
0.0260108
0.0260131
0.0260124
0.0260122
0.0260083
0.0260084
0.0260046
0.0260036
0.0260002
0.0259987
0.0259989
0.0259991
0.0259969
0.0259953
0.0259968
0.0259939
0.0259999
0.025998
0.0260016
0.0259982
0.0259947
0.0259949
0.0259951
0.025997
0.0259966
0.0259983
0.025999
0.0259969
0.0259958
0.0259946
0.0259947
0.0259946
0.0260006
0.0259986
0.0259985
0.0260042
0.0260057
0.0260042
0.0260048
0.0260071
0.0260057
0.026006
0.0260083
0.0260082
0.0260082
0.0260087
0.0260073
0.0260034
0.0260004
0.0260006
0.0260024
0.026
0.0260019
0.0260007
0.0260006
0.0259986
0.0259989
0.0259989
0.0260019
0.0260005
0.0260008
0.0259991
0.0259953
0.0259952
0.025997
0.0259952
0.0259911
0.0259879
0.0259903
0.0259865
0.0259938
0.0259964
0.0259978
0.0260036
0.0260022
0.0259986
0.0260003
0.0259981
0.0259964
0.0259941
0.0259944
0.0259946
0.0259944
0.0259942
0.0259978
0.0260017
0.0260024
0.026001
0.0259976
0.0259997
0.0260023
0.0259987
0.025999
0.0260033
0.026
0.0260017
0.0260005
0.0260026
0.0260069
0.0260057
0.0260081
0.026006
0.0260052
0.0260015
0.0260015
0.0260027
0.0260098
0.0260105
0.0260144
0.0260144
0.0260144
0.0260148
0.0260151
0.0260169
0.0260172
0.0260179
0.0260211
0.0260175
0.0260154
0.0260145
0.0260129
0.0260151
0.0260168
0.0260136
0.0260134
0.0260151
0.0260173
0.0260132
0.0260154
0.0260138
0.0260102
0.0260103
0.0260094
0.0260114
0.0260078
0.0260077
0.0260109
0.0260109
0.0260072
0.0260054
0.026004
0.0260022
0.0260021
0.0259994
0.0260014
0.0259995
0.0259978
0.0259942
0.0259924
0.0259885
0.0259886
0.0259889
0.0259871
0.0259896
0.0259859
0.025986
0.0259903
0.0259907
0.025989
0.025989
0.0259888
0.0259877
0.0259858
0.0259859
0.025987
0.0259878
0.0259896
0.0259864
0.0259851
0.0259853
0.0259857
0.0259874
0.025985
0.0259865
0.0259826
0.0259807
0.0259793
0.0259794
0.0259794
0.0259773
0.0259808
0.0259803
0.0259797
0.025978
0.0259813
0.0259811
0.0259852
0.0259823
0.0259845
0.0259852
0.0259839
0.025984
0.0259816
0.025984
0.0259825
0.0259808
0.0259784
0.0259771
0.0259777
0.0259779
0.0259797
0.0259833
0.025982
0.0259819
0.025984
0.0259845
0.0259824
0.02598
0.0259873
0.0259874
0.0259893
0.0259879
0.0259842
0.0259876
0.0259854
0.0259838
0.0259806
0.0259797
0.0259784
0.0259785
0.025982
0.0259803
0.025981
0.0259775
0.0259738
0.0259788
0.0259756
0.0259774
0.0259757
0.0259773
0.0259739
0.0259718
0.0259766
0.0259738
0.0259711
0.0259726
0.0259763
0.0259766
0.0259769
0.0259776
0.0259738
0.0259722
0.0259706
0.0259722
0.0259732
0.0259734
0.0259772
0.0259773
0.0259794
0.0259796
0.0259805
0.0259823
0.0259789
0.0259791
0.0259851
0.0259868
0.0259869
0.0259852
0.0259858
0.0259841
0.0259893
0.0259879
0.0259913
0.0259971
0.0259959
0.0259945
0.0259909
0.0259921
0.0259905
0.0259933
0.0259936
0.0259925
0.0259949
0.0259934
0.0259954
0.0259989
0.025997
0.0259995
0.025999
0.0259965
0.0259954
0.0259922
0.0259908
0.0259911
0.0259948
0.025993
0.0259954
0.0259973
0.0259996
0.026001
0.0259993
0.0259991
0.0259954
0.0259935
0.025994
0.0259978
0.0260012
0.0259999
0.0260001
0.0260045
0.0260043
0.0260079
0.0260085
0.0260048
0.0260048
0.0260065
0.0260033
0.0260018
0.0260021
0.0260054
0.0260066
0.0260072
0.0260091
0.0260091
0.0260197
0.0260164
0.0260141
0.0260145
0.0260129
0.0260116
0.0260148
0.026012
0.0260119
0.0260142
0.0260122
0.026011
0.0260115
0.0260132
0.0260132
0.0260145
0.0260124
0.0260152
0.0260192
0.0260171
0.0260206
0.0260255
0.0260278
0.0260295
0.0260277
0.0260305
0.0260298
0.0260296
0.0260276
0.026029
0.0260319
0.0260341
0.0260328
0.0260324
0.0260289
0.0260292
0.0260277
0.0260298
0.0260283
0.0260343
0.0260363
0.026035
0.0260331
0.0260356
0.0260323
0.0260323
0.0260307
0.0260288
0.0260304
0.0260284
0.0260253
0.0260305
0.0260288
0.0260286
0.0260288
0.026026
0.0260296
0.0260317
0.0260318
0.0260307
0.0260287
0.0260321
0.02603
0.026028
0.0260261
0.026027
0.0260267
0.0260239
0.0260227
0.026023
0.0260214
0.0260246
0.0260262
0.0260272
0.0260233
0.0260269
0.0260247
0.026023
0.0260196
0.0260229
0.0260215
0.0260181
0.0260166
0.0260173
0.0260157
0.0260158
0.0260161
0.0260183
0.0260184
0.0260182
0.0260181
0.0260151
0.0260169
0.0260132
0.02601
0.0260068
0.0260054
0.0260056
0.0260065
0.0260068
0.0260049
0.026002
0.0260023
0.0260027
0.0260028
0.0260016
0.0259998
0.0259998
0.0259985
0.0259973
0.0260009
0.0260025
0.0260058
0.0260058
0.0260058
0.0260067
0.0260033
0.0260019
0.0259986
0.025999
0.0259985
0.0259987
0.0260027
0.0260059
0.0260094
0.0260061
0.0260063
0.0260066
0.0260089
0.0260089
0.0260085
0.0260073
0.0260038
0.0260016
0.0260054
0.0260104
0.0260087
0.0260056
0.0260092
0.0260078
0.026008
0.0260106
0.0260073
0.0260076
0.0260129
0.0260117
0.0260155
0.0260172
0.0260173
0.0260145
0.0260141
0.0260105
0.026014
0.0260097
0.0260065
0.0260082
0.0260075
0.0260115
0.0260139
0.02601
0.0260099
0.0260098
0.0260075
0.026006
0.0260092
0.0260073
0.0260032
0.0260067
0.0260058
0.0260056
0.0260022
0.0260001
0.0260005
0.0260003
0.026002
0.026006
0.0260078
0.0260082
0.0260081
0.0260065
0.0260042
0.0260023
0.0260076
0.0260068
0.0260053
0.0260029
0.0259992
0.0260036
0.026006
0.0260023
0.0260078
0.0260046
0.0260041
0.0260061
0.0260063
0.0260059
0.0260041
0.0260019
0.0260023
0.0260075
0.0260064
0.0260045
0.0260042
0.0260021
0.0260056
0.0260056
0.0260064
0.0260082
0.0260066
0.0260067
0.0260065
0.026008
0.0260081
0.0260064
0.0260064
0.0260081
0.0260049
0.0260032
0.0259998
0.0259986
0.0259991
0.0259999
0.0260001
0.0260052
0.0260048
0.0260129
0.0260163
0.0260165
0.0260188
0.0260191
0.0260178
0.0260209
0.0260246
0.0260216
0.026025
0.0260253
0.0260223
0.026024
0.0260257
0.0260256
0.0260244
0.0260291
0.0260322
0.0260304
0.0260309
0.0260329
0.0260324
0.0260307
0.0260291
0.0260307
0.0260291
0.026027
0.026029
0.026031
0.0260337
0.0260347
0.026035
0.0260336
0.0260336
0.0260301
0.0260307
0.0260305
0.0260327
0.0260367
0.0260335
0.0260358
0.0260342
0.0260344
0.0260347
0.0260366
0.0260347
0.0260331
0.0260313
0.026031
0.0260279
0.0260286
0.0260303
0.0260272
0.0260274
0.0260297
0.026028
0.0260243
0.0260342
0.0260344
0.0260327
0.0260287
0.0260308
0.0260323
0.0260343
0.0260328
0.0260296
0.026031
0.0260336
0.0260349
0.0260348
0.0260353
0.0260356
0.026032
0.0260328
0.0260324
0.0260297
0.02603
0.0260307
0.0260276
0.0260295
0.0260285
0.0260285
0.0260286
0.0260334
0.0260369
0.0260353
0.0260337
0.0260366
0.0260349
0.0260351
0.0260336
0.0260317
0.0260315
0.0260333
0.0260335
0.0260352
0.0260337
0.0260307
0.026032
0.0260353
0.026034
0.0260338
0.0260358
0.0260357
0.0260377
0.0260401
0.026042
0.0260419
0.0260452
0.0260448
0.0260468
0.0260491
0.0260479
0.0260466
0.0260487
0.0260521
0.0260488
0.0260536
0.0260554
0.0260554
0.0260536
0.0260556
0.0260559
0.0260582
0.0260598
0.026058
0.0260565
0.0260587
0.0260569
0.0260555
0.0260549
0.0260555
0.0260615
0.0260636
0.0260638
0.0260637
0.0260635
0.0260634
0.0260667
0.0260668
0.0260685
0.0260668
0.0260679
0.0260649
0.0260633
0.0260611
0.0260631
0.0260618
0.0260608
0.0260619
0.026062
0.0260605
0.0260606
0.0260606
0.0260625
0.0260611
0.0260626
0.0260618
0.0260636
0.0260667
0.0260669
0.026067
0.0260658
0.026068
0.026068
0.0260695
0.0260711
0.0260677
0.0260691
0.0260703
0.0260705
0.0260703
0.026067
0.0260686
0.0260706
0.0260685
0.0260701
0.02607
0.0260715
0.02607
0.0260694
0.0260674
0.0260637
0.0260619
0.0260625
0.0260661
0.026066
0.0260646
0.0260613
0.0260648
0.0260638
0.0260611
0.0260631
0.0260595
0.0260641
0.0260655
0.0260673
0.0260694
0.0260679
0.0260662
0.0260662
0.0260688
0.0260707
0.0260672
0.026074
0.026074
0.0260741
0.0260747
0.0260753
0.0260732
0.026072
0.0260701
0.0260685
0.0260691
0.0260753
0.0260783
0.0260752
0.0260717
0.026072
0.0260719
0.0260724
0.026072
0.0260738
0.0260715
0.0260701
0.0260686
0.0260673
0.0260677
0.0260664
0.026065
0.0260664
0.026068
0.0260677
0.026068
0.026065
0.0260646
0.0260638
0.0260628
0.026066
0.0260647
0.0260661
0.0260677
0.0260646
0.0260629
0.0260616
0.0260602
0.0260565
0.0260528
0.0260511
0.0260506
0.0260508
0.0260494
0.0260487
0.0260472
0.026046
0.0260448
0.026045
0.0260433
0.0260426
0.0260431
0.0260419
0.0260421
0.0260409
0.026041
0.026038
0.0260377
0.0260365
0.0260332
0.0260335
0.026032
0.0260326
0.026033
0.0260333
0.0260336
0.0260356
0.0260374
0.0260387
0.0260388
0.0260404
0.0260374
0.0260364
0.0260343
0.0260393
0.0260383
0.0260349
0.0260335
0.0260352
0.0260353
0.0260354
0.0260355
0.0260358
0.0260337
0.026032
0.0260323
0.0260343
0.0260325
0.0260329
0.0260298
0.0260297
0.0260295
0.0260311
0.0260345
0.0260351
0.0260337
0.0260336
0.0260316
0.0260299
0.0260305
0.0260272
0.0260256
0.0260255
0.0260257
0.026029
0.0260279
0.0260281
0.02603
0.0260266
0.0260268
0.026032
0.0260338
0.0260341
0.0260338
0.0260375
0.0260341
0.0260342
0.0260341
0.026034
0.0260324
0.0260324
0.0260298
0.0260284
0.0260268
0.0260285
0.026028
0.0260291
0.0260277
0.0260284
0.02603
0.0260348
0.0260367
0.0260355
0.0260338
0.026031
0.0260326
0.0260345
0.0260378
0.0260352
0.0260341
0.0260312
0.0260296
0.0260278
0.0260241
0.026022
0.0260194
0.0260173
0.0260153
0.0260155
0.0260155
0.0260192
0.0260208
0.0260205
0.0260267
0.0260279
0.0260244
0.0260218
0.0260186
0.0260175
0.0260157
0.026016
0.0260189
0.026022
0.0260213
0.0260235
0.026024
0.0260269
0.0260302
0.0260268
0.0260253
0.0260286
0.0260307
0.0260307
0.0260312
0.0260284
0.0260285
0.0260268
0.0260269
0.0260249
0.0260266
0.0260252
0.0260252
0.0260276
0.0260245
0.0260261
0.0260276
0.0260281
0.0260261
0.0260247
0.0260267
0.0260254
0.0260262
0.0260254
0.0260255
0.0260244
0.0260254
0.02603
0.0260266
0.0260248
0.0260266
0.0260273
0.0260275
0.0260258
0.026024
0.0260252
0.026027
0.026029
0.0260272
0.0260246
0.0260226
0.0260229
0.026026
0.0260257
0.0260224
0.0260211
0.0260195
0.0260211
0.0260205
0.0260222
0.026022
0.0260188
0.026019
0.0260192
0.0260231
0.026021
0.0260222
0.0260191
0.0260238
0.026024
0.0260227
0.0260213
0.026021
0.0260218
0.0260236
0.0260271
0.0260303
0.0260307
0.0260278
0.0260263
0.0260233
0.0260214
0.026022
0.0260212
0.0260273
0.0260272
0.0260321
0.0260326
0.0260307
0.0260293
0.0260294
0.0260312
0.0260315
0.0260334
0.0260306
0.0260322
0.0260326
0.0260308
0.0260338
0.0260335
0.0260339
0.0260341
0.0260341
0.0260327
0.0260309
0.0260275
0.026026
0.0260227
0.0260213
0.0260199
0.0260201
0.02602
0.0260195
0.0260199
0.0260182
0.0260201
0.0260185
0.0260168
0.0260187
0.0260224
0.0260222
0.0260235
0.0260206
0.0260208
0.0260208
0.0260215
0.0260204
0.0260175
0.026016
0.0260161
0.0260166
0.0260164
0.026016
0.0260145
0.0260118
0.0260151
0.0260129
0.0260117
0.0260102
0.0260103
0.0260094
0.0260059
0.026004
0.0260025
0.0260041
0.0260076
0.0260057
0.026004
0.0260059
0.026008
0.0260083
0.0260065
0.0260142
0.0260148
0.0260118
0.0260138
0.0260135
0.0260103
0.0260102
0.0260118
0.0260085
0.0260091
0.0260094
0.0260069
0.0260085
0.0260088
0.0260106
0.0260107
0.026011
0.0260111
0.0260163
0.0260131
0.0260132
0.0260144
0.0260169
0.0260166
0.0260133
0.0260134
0.0260113
0.0260101
0.0260098
0.0260132
0.0260185
0.0260156
0.0260125
0.0260111
0.0260099
0.0260115
0.0260118
0.02601
0.0260117
0.0260151
0.0260141
0.0260156
0.0260158
0.0260146
0.0260178
0.0260194
0.0260161
0.0260153
0.0260175
0.0260206
0.0260235
0.0260217
0.0260235
0.0260218
0.0260203
0.0260198
0.0260202
0.0260169
0.0260167
0.0260166
0.0260166
0.0260171
0.026016
0.0260143
0.0260125
0.0260124
0.0260118
0.0260084
0.0260081
0.0260083
0.0260071
0.0260101
0.0260145
0.0260128
0.0260163
0.026016
0.0260165
0.0260162
0.0260156
0.0260158
0.0260147
0.0260225
0.0260243
0.0260231
0.0260249
0.0260298
0.0260281
0.0260269
0.0260282
0.0260265
0.0260263
0.0260251
0.0260298
0.0260302
0.0260319
0.0260326
0.0260295
0.0260294
0.0260278
0.026026
0.0260278
0.0260269
0.0260272
0.0260287
0.0260324
0.0260312
0.0260354
0.0260362
0.0260388
0.0260391
0.0260378
0.026036
0.0260362
0.0260367
0.0260359
0.026038
0.0260386
0.0260357
0.0260344
0.0260349
0.026035
0.0260319
0.0260285
0.0260273
0.0260266
0.0260266
0.0260249
0.0260266
0.0260252
0.0260238
0.0260241
0.0260238
0.0260297
0.0260278
0.0260278
0.026028
0.0260271
0.0260255
0.0260244
0.0260245
0.0260245
0.0260225
0.0260241
0.0260244
0.0260258
0.026026
0.0260262
0.0260232
0.0260256
0.0260289
0.0260258
0.0260244
0.0260264
0.0260246
0.0260245
0.0260228
0.0260213
0.0260183
0.0260185
0.0260236
0.0260267
0.0260297
0.0260295
0.0260297
0.0260267
0.0260251
0.0260256
0.0260255
0.0260254
0.0260252
0.0260255
0.0260226
0.0260209
0.026019
0.0260157
0.0260163
0.0260212
0.0260215
0.0260215
0.0260185
0.0260199
0.0260169
0.0260186
0.0260173
0.0260224
0.0260209
0.0260184
0.0260205
0.0260223
0.0260205
0.0260185
0.0260232
0.0260221
0.0260193
0.0260178
0.0260175
0.0260143
0.0260125
0.0260111
0.0260126
0.0260113
0.0260128
0.0260113
0.026012
0.0260127
0.0260097
0.0260091
0.026006
0.0260075
0.02601
0.0260087
0.0260078
0.0260076
0.0260094
0.02601
0.0260177
0.0260146
0.0260164
0.0260192
0.0260194
0.0260178
0.0260154
0.0260124
0.0260129
0.0260142
0.0260177
0.0260163
0.0260179
0.0260201
0.0260224
0.0260271
0.0260264
0.0260314
0.0260319
0.0260301
0.0260303
0.0260291
0.0260291
0.0260293
0.0260276
0.0260278
0.0260278
0.0260246
0.0260216
0.0260222
0.0260209
0.0260239
0.0260246
0.0260234
0.0260207
0.0260213
0.0260198
0.0260202
0.0260213
0.0260249
0.0260267
0.0260244
0.0260229
0.0260247
0.0260248
0.0260249
0.026025
0.0260249
0.0260236
0.0260221
0.0260221
0.0260237
0.026024
0.0260256
0.0260276
0.0260261
0.0260262
0.0260249
0.0260249
0.0260236
0.0260276
0.0260261
0.0260265
0.0260311
0.0260312
0.0260302
0.0260305
0.0260324
0.0260291
0.0260275
0.0260257
0.0260241
0.026024
0.0260214
0.0260218
0.026022
0.0260223
0.0260278
0.0260276
0.0260262
0.0260262
0.0260277
0.0260356
0.0260341
0.0260327
0.0260327
0.0260315
0.0260289
0.0260256
0.0260259
0.0260241
0.0260231
0.0260235
0.0260222
0.0260197
0.0260167
0.0260198
0.0260185
0.0260181
0.0260166
0.026017
0.0260208
0.0260224
0.0260242
0.0260277
0.0260289
0.0260288
0.026026
0.0260247
0.0260245
0.0260234
0.0260225
0.0260214
0.0260214
0.0260205
0.0260194
0.0260228
0.0260204
0.0260222
0.0260208
0.0260213
0.0260184
0.0260183
0.0260166
0.0260151
0.0260167
0.0260171
0.0260189
0.0260161
0.0260167
0.026017
0.0260186
0.0260204
0.026026
0.0260248
0.0260236
0.0260218
0.0260205
0.0260239
0.0260245
0.0260258
0.0260254
0.0260268
0.026027
0.0260259
0.0260256
0.0260279
0.0260283
0.0260254
0.026023
0.0260219
0.0260254
0.0260272
0.0260248
0.0260212
0.0260185
0.0260189
0.0260192
0.026018
0.0260193
0.0260214
0.0260186
0.0260176
0.0260179
0.0260183
0.0260156
0.0260175
0.0260161
0.0260166
0.0260183
0.0260172
0.0260157
0.0260206
0.0260189
0.0260176
0.0260164
0.0260163
0.0260132
0.0260121
0.0260135
0.0260154
0.0260141
0.0260128
0.0260114
0.0260118
0.0260105
0.0260082
0.0260087
0.0260107
0.0260124
0.0260143
0.0260145
0.0260148
0.0260122
0.0260153
0.0260154
0.0260155
0.0260158
0.0260121
0.0260125
0.0260109
0.0260075
0.026005
0.0260039
0.0260028
0.0260063
0.0260031
0.0260045
0.0260027
0.0260031
0.0260032
0.0260051
0.0260069
0.0260038
0.0260041
0.0260026
0.0260014
0.0259984
0.0259972
0.0260005
0.0259977
0.025998
0.0260053
0.0260038
0.0260024
0.026001
0.0259995
0.0259966
0.0259937
0.0259921
0.0259938
0.0259921
0.0259921
0.0259909
0.0259894
0.0259861
0.0259876
0.0259865
0.0259893
0.0259883
0.0259903
0.0259923
0.0259909
0.0259947
0.0259948
0.0259982
0.0259951
0.0259955
0.0259942
0.0259956
0.0259942
0.0259956
0.0259961
0.0259948
0.0259962
0.0259959
0.0259987
0.0259972
0.026
0.0259981
0.0260017
0.026002
0.026005
0.0260041
0.0260012
0.0260016
0.0260045
0.0260074
0.0260094
0.0260067
0.0260046
0.0260031
0.0260031
0.0260001
0.0259991
0.0259979
0.025998
0.0259993
0.0259987
0.025999
0.0259963
0.0259947
0.0259967
0.0260009
0.0260026
0.0260029
0.0260032
0.0260039
0.026001
0.0259993
0.0260011
0.0260023
0.0260009
0.0259982
0.0259952
0.0259998
0.0260012
0.0260077
0.0260048
0.026003
0.0260011
0.0260013
0.0260002
0.0260048
0.0260019
0.026003
0.0260026
0.0260073
0.0260075
0.0260045
0.0260044
0.0260042
0.0260059
0.0260033
0.0260054
0.0260089
0.0260083
0.0260067
0.0260074
0.0260114
0.0260102
0.0260091
0.0260093
0.0260141
0.0260123
0.0260108
0.02601
0.0260159
0.0260163
0.0260179
0.0260181
0.0260179
0.0260194
0.0260174
0.0260217
0.0260206
0.0260229
0.0260262
0.0260232
0.0260233
0.0260241
0.0260244
0.0260232
0.026022
0.026023
0.0260233
0.0260205
0.0260195
0.0260181
0.0260167
0.0260153
0.0260153
0.0260234
0.0260222
0.0260235
0.0260248
0.0260218
0.0260218
0.0260252
0.0260238
0.0260221
0.0260221
0.0260223
0.026021
0.0260198
0.0260243
0.0260229
0.0260218
0.0260248
0.0260234
0.0260267
0.0260281
0.0260281
0.0260248
0.0260279
0.0260266
0.0260267
0.0260271
0.0260246
0.0260288
0.0260289
0.0260304
0.0260284
0.0260255
0.0260255
0.0260305
0.0260291
0.0260276
0.0260305
0.0260305
0.0260321
0.0260336
0.0260335
0.026032
0.0260305
0.0260326
0.0260312
0.0260294
0.0260268
0.0260255
0.0260256
0.0260233
0.0260222
0.0260241
0.0260245
0.0260245
0.0260245
0.0260246
0.0260246
0.026026
0.026025
0.0260254
0.0260223
0.0260267
0.0260315
0.0260316
0.0260313
0.0260302
0.0260317
0.0260316
0.02603
0.0260345
0.0260364
0.026035
0.0260414
0.0260426
0.0260413
0.0260429
0.0260418
0.0260404
0.0260373
0.0260371
0.0260337
0.0260373
0.0260356
0.0260375
0.0260392
0.0260393
0.0260393
0.0260394
0.0260396
0.0260379
0.0260378
0.0260366
0.0260334
0.026035
0.0260348
0.0260367
0.0260368
0.0260381
0.0260394
0.026039
0.0260434
0.0260408
0.0260454
0.0260459
0.0260486
0.0260456
0.0260485
0.0260488
0.0260456
0.0260461
0.0260469
0.0260448
0.0260478
0.0260496
0.0260493
0.0260461
0.0260476
0.026049
0.0260476
0.0260491
0.0260494
0.0260485
0.0260497
0.026047
0.0260438
0.026048
0.0260497
0.0260516
0.0260519
0.0260523
0.0260513
0.0260489
0.0260493
0.0260465
0.0260474
0.026047
0.0260492
0.0260493
0.0260479
0.0260528
0.0260531
0.0260567
0.026057
0.0260572
0.0260575
0.0260608
0.0260569
0.0260565
0.0260576
0.0260575
0.0260562
0.0260582
0.0260569
0.0260555
0.0260544
0.0260545
0.0260552
0.0260596
0.0260593
0.0260594
0.0260584
0.0260572
0.0260559
0.0260552
0.0260585
0.0260556
0.026056
0.026055
0.0260549
0.0260538
0.0260556
0.0260567
0.0260573
0.0260588
0.0260589
0.0260603
0.026059
0.0260595
0.0260601
0.0260601
0.0260602
0.0260573
0.0260605
0.026062
0.0260623
0.0260616
0.0260632
0.026062
0.0260663
0.0260645
0.0260629
0.0260617
0.0260651
0.0260652
0.0260626
0.0260628
0.0260599
0.0260597
0.0260597
0.026059
0.0260599
0.0260632
0.0260646
0.0260644
0.0260677
0.0260663
0.0260664
0.0260633
0.0260619
0.0260649
0.0260663
0.0260664
0.0260644
0.0260659
0.0260686
0.0260692
0.0260695
0.0260665
0.0260678
0.0260693
0.026071
0.0260732
0.0260732
0.0260731
0.0260702
0.0260702
0.0260697
0.0260668
0.0260667
0.0260642
0.0260641
0.0260613
0.0260617
0.0260649
0.0260631
0.026063
0.0260631
0.0260621
0.0260639
0.0260611
0.0260583
0.0260582
0.0260589
0.0260558
0.0260545
0.0260571
0.0260544
0.0260553
0.0260559
0.0260563
0.0260529
0.0260516
0.0260531
0.0260546
0.0260517
0.0260521
0.0260522
0.0260537
0.0260569
0.026057
0.026056
0.0260564
0.0260539
0.0260513
0.0260508
0.0260497
0.0260508
0.0260507
0.0260509
0.0260529
0.0260523
0.0260524
0.0260497
0.0260502
0.0260518
0.0260518
0.0260545
0.0260523
0.026053
0.0260519
0.0260522
0.0260525
0.0260515
0.0260491
0.0260481
0.0260526
0.0260519
0.0260518
0.0260574
0.0260587
0.0260572
0.0260602
0.0260606
0.0260607
0.0260613
0.0260605
0.0260631
0.0260604
0.0260597
0.0260596
0.0260596
0.026058
0.0260584
0.0260553
0.0260554
0.0260531
0.0260518
0.0260525
0.0260559
0.0260545
0.0260535
0.0260565
0.0260552
0.0260554
0.0260536
0.0260565
0.0260536
0.0260597
0.0260587
0.0260562
0.0260555
0.0260565
0.0260539
0.0260507
0.0260503
0.0260493
0.0260506
0.0260478
0.0260477
0.0260465
0.0260469
0.0260481
0.0260526
0.0260541
0.0260545
0.0260516
0.0260496
0.0260508
0.0260537
0.026057
0.0260541
0.0260556
0.0260544
0.0260547
0.0260593
0.0260589
0.0260577
0.0260577
0.0260577
0.0260566
0.0260552
0.0260555
0.026057
0.0260549
0.0260532
0.0260518
0.0260501
0.0260548
0.0260582
0.0260572
0.02606
0.026059
0.0260593
0.0260617
0.0260634
0.0260647
0.0260664
0.0260638
0.0260638
0.0260665
0.0260655
0.0260669
0.0260675
0.0260691
0.0260661
0.0260663
0.0260653
0.0260653
0.0260664
0.0260658
0.0260645
0.0260614
0.0260599
0.0260569
0.0260557
0.0260547
0.0260562
0.0260567
0.0260568
0.0260552
0.026053
0.0260528
0.0260514
0.0260511
0.0260483
0.0260475
0.0260493
0.0260495
0.0260479
0.0260478
0.0260493
0.0260479
0.026051
0.0260483
0.0260517
0.0260508
0.0260496
0.026051
0.0260523
0.0260492
0.0260503
0.0260503
0.0260504
0.0260497
0.02605
0.0260501
0.0260501
0.0260497
0.0260471
0.0260454
0.0260439
0.0260444
0.0260431
0.0260432
0.0260464
0.026048
0.0260503
0.0260488
0.0260458
0.0260446
0.0260438
0.0260442
0.0260419
0.0260419
0.0260434
0.0260416
0.0260402
0.0260458
0.0260476
0.0260477
0.0260479
0.0260492
0.0260507
0.0260526
0.026055
0.0260553
0.0260523
0.0260493
0.0260464
0.0260469
0.0260453
0.0260445
0.0260431
0.0260416
0.0260404
0.0260391
0.0260422
0.0260426
0.0260451
0.026044
0.0260455
0.0260454
0.0260454
0.0260496
0.0260513
0.0260501
0.0260472
0.0260463
0.0260444
0.0260427
0.0260424
0.0260441
0.0260443
0.026046
0.026048
0.0260464
0.0260522
0.0260507
0.0260542
0.0260529
0.0260528
0.0260532
0.0260542
0.0260572
0.0260608
0.026058
0.0260578
0.0260621
0.026064
0.0260657
0.0260659
0.0260658
0.026066
0.0260662
0.0260675
0.0260691
0.0260712
0.0260738
0.0260769
0.0260742
0.0260743
0.0260712
0.0260714
0.0260739
0.0260777
0.0260793
0.026078
0.0260771
0.0260774
0.026082
0.0260821
0.0260879
0.0260869
0.0260869
0.0260866
0.026088
0.026085
0.0260872
0.0260846
0.0260861
0.0260847
0.0260851
0.0260908
0.0260907
0.0260924
0.0260912
0.0260896
0.0260899
0.0260909
0.0260933
0.0260946
0.0260935
0.0260949
0.0260953
0.026098
0.026098
0.0260954
0.0260961
0.026098
0.0260994
0.0261008
0.0261011
0.0261023
0.0261012
0.0261013
0.0261012
0.0261012
0.0260998
0.0260998
0.0260988
0.0260985
0.0260974
0.0260987
0.0260982
0.0260953
0.0260925
0.0260895
0.0260884
0.026087
0.0260885
0.0260887
0.0260897
0.0260908
0.0260909
0.0260879
0.0260866
0.0260857
0.0260872
0.0260858
0.0260884
0.0260881
0.0260892
0.0260883
0.0260884
0.0260897
0.026089
0.0260887
0.026091
0.0260924
0.0260911
0.0260929
0.0260901
0.0260917
0.0260916
0.0260927
0.0260907
0.0260877
0.026085
0.0260866
0.0260863
0.0260907
0.0260938
0.026096
0.0261021
0.026102
0.0261022
0.026101
0.0260998
0.0261026
0.0261055
0.0261057
0.0261045
0.0261032
0.0261028
0.0261046
0.026102
0.0261023
0.0261024
0.0261019
0.0261023
0.0261049
0.0261071
0.0261061
0.0261081
0.0261055
0.0261052
0.0261085
0.0261062
0.0261059
0.0261054
0.0261039
0.026105
0.0261021
0.0261021
0.0261019
0.0261006
0.0261014
0.0260995
0.0260984
0.0260986
0.026099
0.0261006
0.0260979
0.0260978
0.026095
0.0260933
0.026093
0.0260962
0.0260951
0.0260963
0.0260979
0.0260955
0.0260941
0.0260939
0.0260915
0.0260916
0.0260914
0.0260899
0.0260886
0.026095
0.0260956
0.0260922
0.0260967
0.0260957
0.0260944
0.0260942
0.0260926
0.0260924
0.0260927
0.0260928
0.0260898
0.0260886
0.0260864
0.0260863
0.0260854
0.026091
0.0260901
0.026089
0.0260914
0.0260938
0.026098
0.0260956
0.0260971
0.0260968
0.0260962
0.0260976
0.0260963
0.026094
0.026094
0.0260936
0.0260924
0.0260892
0.026088
0.0260926
0.0260953
0.0260979
0.0261021
0.0260988
0.0261013
0.0261019
0.0261007
0.0261021
0.0261023
0.026101
0.0260998
0.0261042
0.0261109
0.0261137
0.0261111
0.0261082
0.0261071
0.0261083
0.0261103
0.0261185
0.0261184
0.0261172
0.0261171
0.0261196
0.0261195
0.0261196
0.0261198
0.0261202
0.0261189
0.0261205
0.0261238
0.0261224
0.0261235
0.0261272
0.0261246
0.0261248
0.0261267
0.0261275
0.0261265
0.0261264
0.0261267
0.0261282
0.0261282
0.0261284
0.0261316
0.0261287
0.0261278
0.0261273
0.0261259
0.0261244
0.0261229
0.0261219
0.0261221
0.0261219
0.026122
0.0261239
0.0261229
0.0261236
0.0261212
0.0261198
0.0261169
0.0261167
0.0261165
0.0261141
0.0261153
0.0261184
0.0261184
0.0261198
0.0261185
0.0261187
0.0261186
0.0261202
0.0261184
0.0261173
0.0261193
0.0261193
0.0261207
0.0261253
0.026127
0.0261268
0.0261267
0.0261278
0.0261317
0.0261283
0.0261272
0.0261288
0.0261271
0.0261242
0.0261259
0.026129
0.0261307
0.0261324
0.0261339
0.0261314
0.0261301
0.0261275
0.0261261
0.0261232
0.0261231
0.0261201
0.0261187
0.0261185
0.0261184
0.0261185
0.026117
0.0261161
0.0261166
0.0261204
0.0261189
0.0261177
0.0261177
0.0261152
0.0261186
0.0261192
0.0261181
0.0261178
0.0261194
0.0261178
0.0261178
0.026118
0.0261155
0.0261159
0.0261135
0.026112
0.02611
0.0261121
0.0261193
0.0261184
0.0261199
0.0261186
0.02612
0.0261205
0.0261207
0.0261245
0.0261245
0.0261275
0.0261258
0.0261253
0.0261241
0.0261267
0.0261266
0.026127
0.0261275
0.0261289
0.026128
0.0261294
0.0261287
0.0261263
0.0261277
0.0261259
0.0261258
0.0261244
0.0261286
0.0261275
0.026129
0.0261262
0.026129
0.0261307
0.026131
0.0261321
0.0261352
0.0261327
0.0261319
0.0261311
0.0261286
0.0261254
0.0261234
0.0261222
0.0261197
0.0261212
0.0261199
0.0261231
0.0261227
0.0261209
0.0261198
0.0261197
0.0261212
0.0261197
0.0261185
0.026118
0.0261167
0.0261183
0.0261177
0.0261206
0.0261206
0.0261212
0.02612
0.0261191
0.0261206
0.0261196
0.0261226
0.0261227
0.0261283
0.0261315
0.0261318
0.0261318
0.0261292
0.0261322
0.0261295
0.0261306
0.0261304
0.026128
0.0261291
0.0261307
0.0261333
0.0261378
0.0261367
0.0261357
0.0261384
0.026137
0.0261385
0.0261389
0.0261388
0.026138
0.0261356
0.026133
0.0261341
0.0261339
0.0261352
0.0261352
0.0261324
0.0261336
0.0261324
0.0261294
0.0261283
0.0261254
0.0261267
0.0261243
0.0261244
0.0261285
0.0261271
0.0261282
0.0261288
0.02613
0.0261341
0.0261383
0.0261369
0.0261385
0.0261396
0.0261411
0.0261399
0.0261386
0.0261376
0.0261363
0.026135
0.0261325
0.0261326
0.0261315
0.0261303
0.0261293
0.0261291
0.0261289
0.0261289
0.0261289
0.0261274
0.0261275
0.0261262
0.0261245
0.026123
0.0261217
0.0261222
0.0261208
0.0261236
0.0261213
0.0261201
0.0261189
0.0261208
0.0261223
0.0261223
0.0261198
0.0261216
0.0261204
0.0261189
0.0261157
0.0261157
0.0261149
0.0261132
0.026113
0.0261133
0.0261158
0.0261153
0.0261149
0.0261125
0.0261126
0.0261102
0.0261094
0.026109
0.0261073
0.0261084
0.0261119
0.0261105
0.0261139
0.0261154
0.0261139
0.0261141
0.0261128
0.0261101
0.0261106
0.0261091
0.0261065
0.0261068
0.0261051
0.0261051
0.0261052
0.026104
0.0261011
0.0260994
0.0260984
0.0260998
0.0260996
0.0260999
0.0261022
0.0260996
0.026097
0.0260944
0.0260946
0.0260963
0.0260958
0.0260974
0.0261
0.026099
