3.179681211055455307e-09	-3.270305089138057030e-16	3.554078630230691928e-16	1.000000000000000000e+00
6.359362422110910614e-09	3.293033504831729384e-17	3.169793691761881099e-16	1.000000000000000000e+00
9.539043633166366748e-09	-3.925793593742639959e-17	3.796271556580076040e-16	1.000000000000000000e+00
1.271872484422182123e-08	4.869254570131055193e-17	3.730537540594121834e-16	1.000000000000000000e+00
1.589840605527727571e-08	-1.907335498104212954e-17	3.158857859229221570e-16	1.000000000000000000e+00
1.907808726633273019e-08	-5.729967695911900992e-17	3.959366726250606714e-16	1.000000000000000000e+00
2.225776847738818798e-08	3.527621129559945395e-16	5.477966473928984840e-16	1.000000000000000000e+00
2.543744968844364246e-08	-6.435941058168608299e-17	3.158886222631545643e-16	1.000000000000000000e+00
2.861713089949909694e-08	-1.882026769140827257e-16	3.158628853934922921e-16	1.000000000000000000e+00
3.179681211055455142e-08	-2.590137326167001485e-16	3.386805178603440377e-16	1.000000000000000000e+00
3.497649332161000920e-08	-5.633465932936552522e-17	3.158640809123964974e-16	1.000000000000000000e+00
3.815617453266546699e-08	-4.914977723845650036e-16	3.267532505377746547e-16	1.000000000000000000e+00
4.133585574372092478e-08	2.202415978359133003e-17	3.158753349653738075e-16	1.000000000000000000e+00
4.451553695477637595e-08	-5.877685369401670114e-17	3.159390816512618205e-16	1.000000000000000000e+00
4.769521816583183374e-08	-2.070116672405397837e-16	3.166005121911105312e-16	1.000000000000000000e+00
5.087489937688728491e-08	-3.153153648348985718e-16	4.238110379468633139e-16	1.000000000000000000e+00
5.405458058794274270e-08	-9.807234883746322007e-17	3.653036629295843832e-16	1.000000000000000000e+00
5.723426179899820049e-08	-5.283102150467944012e-16	3.310164616657722945e-16	1.000000000000000000e+00
6.041394301005365166e-08	-5.361193801346108904e-17	3.158648378464440790e-16	1.000000000000000000e+00
6.359362422110910283e-08	-7.734775440524118460e-16	3.160781065985777610e-16	1.000000000000000000e+00
