0.0247934
0.0194553
0.0183246
0.0165631
0.0200334
0.0188679
0.01854
0.0181269
0.0206093
0.0211382
0.021374
0.0215517
0.0205339
0.0215264
0.0218887
0.0227137
0.0240137
0.0230643
0.0221402
0.0237614
0.0233804
0.0234962
0.0231188
0.0229075
0.0220713
0.0214433
0.0208668
0.021028
0.021188
0.0209945
0.0208184
0.0206294
0.0204918
0.0199269
0.0194301
0.0193099
0.0197836
0.019347
0.0192365
0.019136
0.0190017
0.0192094
0.019346
0.0191847
0.01909
0.0187468
0.0184576
0.0183851
0.0182838
0.0181905
0.0183702
0.0180472
0.0184217
0.0183774
0.01858
0.0185185
0.0188477
0.0194093
0.0191109
0.0192741
0.019588
0.0195219
0.0196386
0.0195699
0.0194582
0.0194866
0.0195608
0.0194545
0.0193444
0.0194278
0.0192039
0.0189721
0.0190931
0.0193115
0.0190555
0.0188031
0.0187642
0.0186633
0.0186296
0.0187032
0.0185099
0.0184564
0.0183957
0.018209
0.0180074
0.0180969
0.0179294
0.0177472
0.0175339
0.0174923
0.0177334
0.0177076
0.0179153
0.0178476
0.0178002
0.0177655
0.0177222
0.0175416
0.0174856
0.0175594
0.0173772
0.0172136
0.0171611
0.017256
0.017341
0.0173549
0.0172209
0.0173023
0.0172494
0.0172274
0.0170891
0.0171493
0.0172336
0.0173281
0.0171536
0.0172376
0.0173184
0.0173941
0.0172469
0.0171368
0.0169957
0.0170752
0.0170301
0.0169055
0.016793
0.0167632
0.0167036
0.0166767
0.016665
0.0166453
0.0164991
0.016349
0.0162469
0.01642
0.016409
0.0163873
0.0163597
0.0162488
0.0162347
0.0162929
0.0161995
0.0160737
0.0159684
0.0159764
0.0159461
0.0159275
0.0159909
0.016234
0.0161193
0.0163457
0.0163404
0.0163227
0.0162226
0.0161385
0.0161076
0.0160891
0.0160933
0.0161514
0.0161369
0.0160316
0.0161807
0.0163282
0.0163259
0.0162537
0.0162582
0.0163217
0.0163858
0.0164504
0.0165105
0.0164072
0.0164743
0.0164677
0.0163725
0.0163543
0.0162632
0.0161743
0.0163115
0.0162821
0.0161993
0.0161162
0.0161186
0.0162561
0.0161773
0.0162273
0.0162906
0.016267
0.0162539
0.0161727
0.0160912
0.0160836
0.0161345
0.0162618
0.016379
0.0165489
0.0164482
0.0164338
0.016553
0.0166063
0.0167224
0.0166341
0.0166634
0.0167215
0.0166902
0.016689
0.016672
0.0166086
0.016674
0.0167232
0.0167262
0.01665
0.0166356
0.0166708
0.0166021
0.0166381
0.0168108
0.0169831
0.0169635
0.017055
0.0170414
0.0170671
0.0169772
0.0169641
0.0169531
0.0169977
0.0170418
0.0170336
0.017096
0.0170965
0.0171406
0.0171321
0.0171217
0.0170979
0.0171403
0.0171214
0.0170505
0.0170293
0.0170196
0.017053
0.0169827
0.0170809
0.0170637
0.0170936
0.0172367
0.0172739
0.0172017
0.0171898
0.0171772
0.0171108
0.0170976
0.0170472
0.0169838
0.0170386
0.0170171
0.0169483
0.0170437
0.0169875
0.0169665
0.0169007
0.0168776
0.0170144
0.0170432
0.0169935
0.017073
0.0171158
0.0171591
0.0170978
0.0170906
0.0170843
0.017128
0.0171647
0.0171952
0.0171351
0.0170779
0.0170644
0.0171104
0.0170457
0.0170826
0.0170709
0.0170584
0.016998
0.0170799
0.0172147
0.0172059
0.0171828
0.017167
0.0171177
0.0171102
0.017094
0.0170834
0.0170281
0.0170633
0.0170406
0.0171307
0.0170798
0.0171113
0.0171457
0.0172683
0.0172099
0.0171581
0.0172315
0.017353
0.0173489
0.0173464
0.0173257
0.0173418
0.0173295
0.0172734
0.0173015
0.0172984
0.0173358
0.0173297
0.0172692
0.0172048
0.0171817
0.0171529
0.0171252
0.0171247
0.017199
0.017187
0.0171343
0.0170792
0.0170272
0.01697
0.0169263
0.0169422
0.0169023
0.0169361
0.016969
0.0170079
0.01699
0.0170666
0.0170595
0.0170552
0.0170838
0.0171082
0.0171699
0.0171478
0.0171292
0.0171618
0.017189
0.0171744
0.0171679
0.0172294
0.0172673
0.0172526
0.0172011
0.0171623
0.0171204
0.0170625
0.0170095
0.017042
0.01699
0.0170173
0.0169676
0.0169928
0.0169877
0.0169466
0.0169378
0.0169272
0.0168705
0.0168663
0.0168883
0.0168433
0.0167978
0.0167854
0.0167808
0.0168261
0.0167831
0.0168128
0.0169085
0.0168596
0.0168839
0.0169756
0.0169305
0.0170348
0.0170256
0.0170183
0.0169765
0.0169355
0.0169237
0.0169845
0.0169444
0.0169427
0.016897
0.0168597
0.0169526
0.0169428
0.0168976
0.0168549
0.0168897
0.0168835
0.0168722
0.0168667
0.0168725
0.0168322
0.0168553
0.0169372
0.0169282
0.0169187
0.0169109
0.0168705
0.0168331
0.016886
0.0169129
0.016898
0.0169214
0.0169148
0.016911
0.0168985
0.0169568
0.016947
0.0169705
0.016929
0.0168828
0.0169372
0.0169405
0.01696
0.0169497
0.0169427
0.0169368
0.0169256
0.0169171
0.0169976
0.0169401
0.0169915
0.0169851
0.0170087
0.0169686
0.0169654
0.0169874
0.0169465
0.0169403
0.0169362
0.0169315
0.0169849
0.017008
0.0170605
0.0170536
0.0170394
0.0170336
0.0170574
0.0170801
0.0170707
0.0170344
0.0170003
0.0169875
0.0170182
0.0170402
0.017033
0.0170228
0.0169912
0.0170155
0.0170114
0.0170018
0.0170588
0.017111
0.0171052
0.0170679
0.0170839
0.0170507
0.0170162
0.0170014
0.0170237
0.0170143
0.017004
0.0170213
0.0169849
0.0170084
0.0170016
0.016966
0.0169578
0.0169272
0.0169458
0.016932
0.0169202
0.016915
0.0169369
0.0170091
0.016976
0.0169679
0.0169374
0.0169084
0.0169038
0.016902
0.0169259
0.0170021
0.0169895
0.0169561
0.0169228
0.0168833
0.0168475
0.0168486
0.0168708
0.0168906
0.016857
0.016905
0.0169291
0.0168992
0.0168889
0.016847
0.0168937
0.01686
0.016827
0.0168752
0.0168458
0.0168433
0.0169144
0.0168851
0.0168829
0.0168489
0.0168173
0.0167822
0.0167755
0.0168418
0.016813
0.0167817
0.0167785
0.0167452
0.0167374
0.016753
0.0167674
0.0167633
0.016733
0.0167261
0.0167188
0.0167068
0.0166983
0.0167222
0.0167351
0.0167015
0.0166913
0.0167172
0.0167601
0.0167541
0.0167477
0.0168163
0.0167813
0.0168051
0.0167986
0.0167885
0.0167537
0.0167577
0.0168255
0.01679
0.01678
0.0167753
0.0167455
0.0167401
0.0167828
0.0168016
0.0167788
0.0168427
0.0168572
0.0168773
0.0168518
0.016845
0.0168615
0.0168357
0.0168067
0.0168065
0.0167817
0.0168005
0.0167936
0.0167669
0.0167845
0.0167524
0.0167456
0.0167368
0.0167296
0.0166998
0.0167154
0.0166912
0.0166573
0.0166721
0.0166663
0.016679
0.0167048
0.0167029
0.0167243
0.0167622
0.016759
0.0167577
0.0167942
0.0168379
0.0168787
0.0168958
0.0168639
0.0168367
0.0168088
0.0168271
0.0168664
0.0168378
0.0168518
0.0168904
0.0168852
0.0168747
0.0168858
0.0168829
0.0168804
0.0168771
0.0168723
0.0168728
0.0168631
0.0168389
0.0168533
0.016849
0.0168652
0.0168557
0.0168469
0.0168605
0.0168394
0.0168341
0.0168294
0.0168164
0.0168122
0.0167867
0.01678
0.0167492
0.0167443
0.0167151
0.0167075
0.0167236
0.0167421
0.016738
0.0167051
0.0166773
0.0166525
0.0166727
0.0166713
0.0166822
0.0166512
0.0166455
0.0166224
0.0166975
0.016688
0.0166866
0.0167215
0.0167015
0.0166984
0.0167171
0.016692
0.0166646
0.0166805
0.016676
0.0166522
0.016627
0.0166033
0.016576
0.0165723
0.0165639
0.0165654
0.0165813
0.016579
0.01657
0.0165868
0.0165831
0.0165589
0.0165506
0.0165457
0.0165371
0.0165535
0.0165576
0.0165561
0.0165496
0.0165259
0.0165231
0.016536
0.0165283
0.0165235
0.016522
0.0165372
0.0165164
0.016513
0.0164825
0.0164798
0.0164619
0.016454
0.0164326
0.0164319
0.0164092
0.0164237
0.0164439
0.0164795
0.0164537
0.0164716
0.016466
0.0165004
0.016477
0.0164756
0.0164876
0.0165075
0.0164816
0.0164609
0.0164434
0.0164784
0.0164916
0.016503
0.0165001
0.0164789
0.0164562
0.0164724
0.016471
0.0164659
0.0164593
0.0164361
0.0164134
0.016409
0.0164465
0.0164786
0.0164544
0.0164676
0.0164585
0.0165083
0.016546
0.0165427
0.0165158
0.0165129
0.0165423
0.0165192
0.0165163
0.016497
0.0164725
0.0165219
0.0164932
0.0164921
0.0165083
0.0164837
0.0164595
0.0164907
0.016523
0.0164991
0.0164921
0.0165036
0.0164986
0.0165119
0.0165264
0.0165226
0.0165183
0.0165134
0.0165138
0.0165095
0.0165073
0.0165166
0.0164919
0.0165418
0.0165354
0.0165505
0.0165468
0.0165756
0.0165703
0.0166011
0.0165997
0.0166157
0.0166119
0.0166238
0.0166
0.0165948
0.0166037
0.0165885
0.0165989
0.0165793
0.0165555
0.0165688
0.0165645
0.0165405
0.0165747
0.0165879
0.0165868
0.016584
0.0166331
0.0166493
0.0166453
0.0166548
0.016633
0.016627
0.0166095
0.0166069
0.0166067
0.0166056
0.0165997
0.0165789
0.0165739
0.0165544
0.016567
0.0165766
0.0165738
0.0165725
0.0166197
0.0166333
0.0166124
0.0165894
0.0165985
0.0165755
0.0165714
0.0165842
0.016561
0.0165441
0.0165244
0.0165094
0.0165112
0.0165064
0.0165052
0.0165067
0.0164828
0.016511
0.016506
0.0165322
0.0165147
0.0165107
0.0165035
0.0164869
0.0164651
0.0164764
0.0164541
0.0164333
0.0164333
0.0164437
0.016424
0.0164194
0.0164157
0.0163967
0.0163945
0.0164196
0.016435
0.0164797
0.0165091
0.016489
0.0164648
0.0164559
0.0164342
0.0164433
0.0164288
0.0164417
0.0164253
0.0164168
0.0163953
0.0164239
0.0164181
0.0164167
0.0164303
0.0164592
0.0164706
0.0164963
0.016493
0.0165069
0.016533
0.0165105
0.0165044
0.0165451
0.0165568
0.0165676
0.016551
0.0165634
0.0165575
0.0165522
0.0165377
0.0165207
0.0165619
0.0165418
0.0165368
0.0165318
0.0165143
0.0165114
0.0164932
0.0164754
0.0164563
0.016484
0.0165433
0.0165573
0.0165513
0.016533
0.0165283
0.0165106
0.0164944
0.0165203
0.016547
0.0165415
0.0165539
0.016555
0.0165526
0.0165628
0.0165402
0.0165361
0.0165334
0.0165162
0.0164982
0.0164793
0.0164592
0.0164403
0.0164381
0.0164826
0.0164788
0.0164763
0.0164708
0.0164854
0.0164814
0.0164911
0.0165015
0.0164964
0.0164936
0.0165025
0.0164888
0.01647
0.0164515
0.0164611
0.0164724
0.0164721
0.0164551
0.0164379
0.0164504
0.0164783
0.0165044
0.0164884
0.0164713
0.0164669
0.0164903
0.0164911
0.0164721
0.0164575
0.0164944
0.0164774
0.016478
0.0164739
0.0164714
0.0164818
0.0165218
0.0165178
0.0165011
0.0165112
0.0164967
0.0165091
0.0164887
0.0165017
0.0164995
0.01651
0.016519
0.0165144
0.0165119
0.0165069
0.0165047
0.016502
0.0164998
0.0165122
0.0165249
0.0165067
0.0165149
0.0165264
0.016507
0.0164923
0.0164783
0.0164764
0.0164747
0.0164723
0.016454
0.0164358
0.0164334
0.0164309
0.0164556
0.0164938
0.016544
0.0165565
0.0165387
0.0165644
0.0165489
0.0165317
0.0165181
0.0165183
0.01653
0.0165278
0.0165217
0.0165454
0.0165278
0.016524
0.016535
0.0165459
0.0165687
0.0165793
0.0165714
0.0165685
0.0165796
0.0165874
0.0165977
0.0165819
0.0165661
0.0165619
0.0165436
0.0165245
0.0165478
0.0165461
0.0165696
0.0165517
0.0165755
0.0165744
0.016559
0.0165434
0.0165251
0.0165208
0.016531
0.0165153
0.0165371
0.0165477
0.0165434
0.0165264
0.0165214
0.0165425
0.0165537
0.0165651
0.0165634
0.0165478
0.0165311
0.0165282
0.0165091
0.0164936
0.0164775
0.0164625
0.0164458
0.0164302
0.0164396
0.0164225
0.0164197
0.0164042
0.0164029
0.0163896
0.0163896
0.0163731
0.0163722
0.0163703
0.0163674
0.0163672
0.0163634
0.0163502
0.0163366
0.0163619
0.0163494
0.0163458
0.0163308
0.0163667
0.0163748
0.0163744
0.0163535
0.0163592
0.0163821
0.0164158
0.0164158
0.0164136
0.0164231
0.0164029
0.0164127
0.0163999
0.016406
0.0163914
0.0163884
0.0163974
0.0163801
0.0163666
0.0163524
0.0163367
0.0163344
0.0163299
0.0163304
0.0163419
0.016379
0.016379
0.0163992
0.0163848
0.0163815
0.0163646
0.0163722
0.0163702
0.0163552
0.0163526
0.016376
0.0163709
0.0163674
0.0163658
0.0163616
0.0163828
0.0163792
0.0163861
0.0163707
0.0163806
0.0163664
0.0163654
0.0163979
0.0163951
0.0163813
0.016393
0.0164027
0.0164088
0.0163951
0.0163785
0.0163787
0.0163763
0.0163591
0.0163804
0.0163762
0.016375
0.0163884
0.0164218
0.0164218
0.0164056
0.016402
0.0163907
0.0163775
0.0163755
0.0163994
0.0163992
0.0164196
0.0164182
0.016441
0.0164501
0.0164374
0.0164589
0.0164434
0.0164378
0.0164613
0.0164831
0.0164922
0.0165016
0.0165009
0.016511
0.0165093
0.0165085
0.0165176
0.0165249
0.0165584
0.0165575
0.0165554
0.0165648
0.0165504
0.0165365
0.0165566
0.0165642
0.0165613
0.0165478
0.0165339
0.0165326
0.01652
0.0165177
0.0165139
0.0165088
0.016554
0.0165512
0.0165474
0.0165549
0.016564
0.0165725
0.0165721
0.0165705
0.0165565
0.0165527
0.0165367
0.0165232
0.0165113
0.0165084
0.0164951
0.016503
0.0165237
0.0165085
0.0164936
0.0164805
0.0164779
0.0164748
0.0164916
0.0164915
0.0164886
0.0164876
0.0164854
0.016484
0.0164691
0.0164664
0.0164738
0.0164709
0.0164784
0.0164656
0.0164749
0.0164741
0.0164596
0.016467
0.016466
0.0164743
0.0164836
0.0165045
0.0164907
0.0165001
0.0165189
0.0165164
0.0165022
0.0165219
0.0165309
0.0165315
0.016529
0.0165372
0.0165233
0.0165404
0.0165258
0.0165238
0.0165213
0.0165187
0.0165149
0.0165109
0.0164995
0.0164955
0.0164847
0.0164815
0.0164781
0.0164764
0.016497
0.0164982
0.016497
0.0165071
0.0165056
0.0165251
0.0165342
0.0165642
0.0165729
0.0165809
0.0166079
0.0165945
0.0165793
0.0165997
0.0165824
0.0165904
0.016576
0.0165751
0.0165734
0.0165722
0.0165706
0.0165574
0.0165742
0.0165721
0.0165791
0.0165754
0.016562
0.0165592
0.0165461
0.0165435
0.0165405
0.0165261
0.0165326
0.016532
0.0165198
0.0165489
0.0165688
0.0165872
0.0165752
0.0165732
0.0165707
0.0165801
0.0165655
0.0165523
0.0165719
0.0165722
0.0165687
0.0165582
0.0165761
0.0165611
0.0165706
0.0165573
0.0165441
0.0165326
0.0165185
0.0165101
0.0165374
0.0165562
0.0165627
0.0165712
0.0165789
0.0165659
0.0165944
0.0165937
0.0165887
0.0165948
0.0165923
0.0165993
0.0165955
0.0165939
0.0166024
0.0166196
0.0166191
0.0166378
0.0166428
0.0166389
0.0166255
0.0166343
0.0166305
0.0166274
0.0166165
0.0166135
0.0165985
0.0166065
0.0166157
0.016626
0.0166255
0.0166228
0.0166212
0.016609
0.0166182
0.0166126
0.0166222
0.016641
0.0166294
0.0166275
0.0166165
0.0166147
0.0166005
0.0165867
0.0165843
0.0165825
0.0166031
0.0165891
0.0166066
0.0165957
0.0165915
0.016589
0.0165966
0.0165943
0.0165834
0.0166015
0.0165985
0.016627
0.0166231
0.0166198
0.0166273
0.0166256
0.0166133
0.0166117
0.0166093
0.0166185
0.0166101
0.016598
0.0165949
0.0165936
0.0165903
0.0165872
0.016576
0.0166032
0.0166014
0.0165986
0.0165945
0.0165822
0.0165719
0.0165699
0.0165759
0.0165738
0.0165618
0.0165524
0.0165474
0.0165553
0.0165429
0.0165405
0.016533
0.0165311
0.0165278
0.0165179
0.0165255
0.0165231
0.0165315
0.0165293
0.016528
0.016536
0.0165411
0.0165428
0.0165604
0.0165684
0.0165657
0.016582
0.016576
0.0166022
0.0165993
0.0165897
0.0165874
0.016577
0.0165668
0.0165624
0.0165993
0.0165873
0.0165864
0.0165744
0.0165724
0.0165818
0.0165911
0.0165787
0.016577
0.0165839
0.0165805
0.0165874
0.016605
0.0166007
0.0165903
0.0165786
0.0165849
0.0165845
0.0166082
0.0166069
0.0166054
0.0166029
0.016601
0.0165889
0.016587
0.0165927
0.0165993
0.0165867
0.0165826
0.0165897
0.0165786
0.0165689
0.0165658
0.0165629
0.0165514
0.0165567
0.0165454
0.0165407
0.0165356
0.0165436
0.0165538
0.016542
0.016559
0.0165759
0.016573
0.0165624
0.0165605
0.0165488
0.0165671
0.0165653
0.0165721
0.0165695
0.0165657
0.0165528
0.0165597
0.0165567
0.0165471
0.0165457
0.0165524
0.0165387
0.0165558
0.0165625
0.0165594
0.0165575
0.0165645
0.0165519
0.0165765
0.0165834
0.0165718
0.0165607
0.0165846
0.0165708
0.0165704
0.016576
0.0165716
0.0165723
0.0165794
0.0165787
0.0165771
0.016565
0.0165513
0.0165481
0.0165353
0.0165336
0.0165228
0.0165206
0.0165172
0.016516
0.0165145
0.0165136
0.0165301
0.016518
0.0165428
0.0165334
0.0165204
0.0165101
0.0165083
0.0165148
0.0165402
0.0165367
0.016534
0.0165418
0.0165291
0.0165174
0.016524
0.0165408
0.01654
0.0165368
0.0165265
0.0165415
0.0165264
0.0165165
0.0165219
0.0165214
0.0165204
0.0165273
0.0165511
0.0165432
0.0165404
0.0165386
0.0165355
0.0165319
0.0165571
0.0165465
0.0165441
0.0165409
0.0165496
0.0165461
0.0165333
0.0165601
0.0165845
0.0165726
0.0165686
0.0165758
0.0165734
0.0165631
0.0165621
0.0165602
0.0165763
0.0165824
0.0165818
0.0165881
0.0165855
0.0165841
0.0165815
0.0165731
0.0165698
0.0165671
0.016555
0.0165452
0.0165535
0.0165449
0.0165347
0.0165241
0.0165222
0.0165126
0.0165036
0.0164945
0.0164836
0.0164723
0.0164729
0.0164795
0.0164773
0.016466
0.0164566
0.0164627
0.0164617
0.0164525
0.0164402
0.0164291
0.0164184
0.0164081
0.0164058
0.0163932
0.01638
0.016378
0.0164008
0.0164072
0.016395
0.0164019
0.0164087
0.0163982
0.016405
0.0163961
0.0163861
0.0163932
0.0163926
0.0163822
0.0163892
0.016388
0.0163846
0.0163757
0.0163742
0.0163796
0.0163703
0.0163594
0.0163575
0.0163557
0.016354
0.016343
0.0163402
0.0163378
0.0163261
0.0163256
0.0163405
0.0163556
0.0163528
0.0163599
0.0163572
0.0163554
0.0163449
0.0163441
0.0163426
0.0163498
0.0163473
0.0163619
0.0163525
0.0163505
0.0163407
0.0163311
0.0163199
0.0163262
0.0163264
0.0163406
0.0163474
0.0163551
0.0163628
0.0163781
0.0163774
0.0163674
0.0163578
0.0163722
0.0163713
0.0163603
0.0163572
0.0163464
0.0163454
0.0163341
0.0163319
0.0163309
0.0163313
0.0163371
0.0163265
0.0163184
0.0163085
0.0163296
0.0163458
0.0163443
0.0163517
0.016356
0.0163471
0.0163534
0.0163537
0.016345
0.0163349
0.0163431
0.016357
0.0163716
0.0163674
0.016366
0.0163574
0.016364
0.0163797
0.0163866
0.0164187
0.0164171
0.0164242
0.016429
0.0164348
0.0164327
0.0164289
0.0164279
0.0164172
0.0164391
0.0164301
0.0164292
0.0164209
0.0164182
0.0164166
0.0164153
0.0164062
0.0164123
0.0164175
0.0164257
0.0164149
0.0164131
0.0164027
0.0164007
0.0164003
0.0163993
0.0163905
0.0163789
0.0163912
0.0163903
0.0163979
0.0163971
0.0164048
0.0164181
0.0164156
0.0164146
0.016405
0.0163952
0.0163866
0.0163852
0.0163908
0.0164218
0.0164141
0.0164118
0.0164263
0.0164244
0.0164159
0.0164355
0.0164338
0.0164234
0.0164133
0.0164106
0.0164013
0.0164003
0.0163898
0.0163802
0.0163885
0.0163807
0.016379
0.0163854
0.0163924
0.0163841
0.0163898
0.0164037
0.0164131
0.0164258
0.0164261
0.0164244
0.0164142
0.0164125
0.0164203
0.0164191
0.0164084
0.0163983
0.0163882
0.0163931
0.0163838
0.0163742
0.0163736
0.016365
0.0163568
0.0163475
0.0163372
0.0163295
0.0163354
0.0163331
0.0163334
0.0163465
0.0163447
0.016341
0.0163458
0.0163447
0.0163499
0.016356
0.0163538
0.016358
0.0163646
0.0163608
0.0163666
0.0163635
0.0163642
0.0163695
0.0163683
0.0163656
0.016363
0.0163705
0.0163599
0.0163514
0.0163579
0.0163481
0.0163383
0.0163373
0.016328
0.0163339
0.0163477
0.0163553
0.0163451
0.016352
0.0163558
0.0163612
0.0163585
0.0163567
0.0163556
0.0163463
0.0163376
0.0163276
0.0163254
0.016333
0.0163246
0.0163232
0.0163145
0.0163081
0.0163061
0.016305
0.0163055
0.0163046
0.0163041
0.0163113
0.0163029
0.0163099
0.0163149
0.0163044
0.0162957
0.0162934
0.0162846
0.0162829
0.0162732
0.0162804
0.0162731
0.0162643
0.0162633
0.0162773
0.0162753
0.0162638
0.0162552
0.0162513
0.016249
0.0162398
0.0162454
0.0162369
0.0162401
0.0162325
0.0162309
0.0162374
0.0162422
0.0162394
0.0162455
0.0162591
0.0162941
0.0162999
0.0162985
0.0162967
0.0162952
0.0163002
0.0163199
0.0163195
0.0163092
0.0163009
0.0163114
0.0163112
0.0162999
0.0162899
0.0162868
0.016286
0.0162904
0.0162952
0.0162999
0.016297
0.0162872
0.0162845
0.0162833
0.016276
0.0162964
0.01631
0.0163092
0.016301
0.0163014
0.0163071
0.0163138
0.0163182
0.01633
0.0163354
0.0163334
0.0163309
0.0163221
0.0163198
0.0163324
0.01633
0.0163349
0.0163404
0.0163459
0.0163379
0.0163361
0.0163421
0.0163412
0.0163441
0.0163354
0.0163275
0.0163185
0.0163089
0.0163077
0.0162985
0.0162973
0.0162953
0.0162941
0.0162859
0.0162928
0.0162987
0.0163056
0.016311
0.0163088
0.0163013
0.0162974
0.0163102
0.0163019
0.0163006
0.0163002
0.0162999
0.0162991
0.0163123
0.0163173
0.016309
0.0163057
0.0162981
0.0162896
0.0163035
0.0163152
0.0163066
0.0163279
0.0163207
0.0163258
0.0163179
0.0163158
0.0163207
0.0163254
0.0163172
0.0163166
0.0163057
0.016296
0.0162875
0.0162883
0.0162867
0.0162861
0.016286
0.0162778
0.0162846
0.0162764
0.0162684
0.0162808
0.0163006
0.0162932
0.0162922
0.0162919
0.0162838
0.016288
0.0162797
0.0162737
0.0162719
0.0162707
0.0162623
0.0162613
0.016267
0.0162578
0.0162759
0.016282
0.0162732
0.0162661
0.0162644
0.0162549
0.016253
0.0162569
0.0162567
0.0162617
0.0162535
0.0162598
0.0162564
0.0162489
0.0162396
0.0162377
0.0162362
0.0162348
0.016232
0.016237
0.0162354
0.0162264
0.016225
0.0162238
0.0162151
0.0162283
0.0162408
0.0162412
0.0162532
0.0162587
0.0162783
0.0162915
0.0163039
0.0162958
0.0163024
0.0162938
0.0163006
0.0162981
0.0163031
0.0163024
0.0163083
0.0163064
0.0163061
0.0162983
0.0162957
0.0162944
0.0162852
0.0162762
0.0162741
0.0162724
0.016266
0.0162649
0.0162649
0.0162567
0.0162627
0.0162616
0.016254
0.0162524
0.0162516
0.0162478
0.0162409
0.0162399
0.0162312
0.0162236
0.0162225
0.0162292
0.0162202
0.0162243
0.01623
0.0162272
0.0162249
0.0162222
0.016221
0.016227
0.0162461
0.0162379
0.0162359
0.0162343
0.0162267
0.016231
0.0162214
0.0162117
0.0162176
0.0162092
0.0162005
0.0161992
0.0162032
0.0162137
0.0162065
0.0162112
0.016224
0.0162225
0.0162151
0.0162139
0.0162131
0.0162242
0.0162163
0.0162218
0.0162206
0.0162256
0.0162255
0.0162236
0.0162151
0.0162068
0.0162074
0.0162189
0.0162105
0.0162164
0.016221
0.0162197
0.0162254
0.0162442
0.0162506
0.0162419
0.0162343
0.0162327
0.0162376
0.0162311
0.0162245
0.0162362
0.0162284
0.0162401
0.0162391
0.0162455
0.016245
0.0162434
0.0162556
0.016261
0.0162534
0.0162587
0.0162634
0.0162613
0.0162603
0.0162601
0.0162645
0.0162577
0.0162576
0.0162635
0.0162565
0.0162478
0.0162395
0.0162318
0.0162307
0.0162283
0.0162287
0.0162343
0.0162329
0.0162318
0.0162303
0.0162351
0.0162329
0.0162306
0.0162357
0.0162397
0.0162319
0.016232
0.0162365
0.0162539
0.0162445
0.0162486
0.0162473
0.0162395
0.0162311
0.0162299
0.0162421
0.0162426
0.0162473
0.0162521
0.0162518
0.0162438
0.0162422
0.0162393
0.0162504
0.016243
0.0162344
0.0162397
0.0162394
0.0162514
0.0162428
0.0162668
0.0162715
0.0162889
0.0162911
0.0162848
0.0162768
0.0162677
0.0162662
0.0162774
0.0162824
0.0162801
0.0162784
0.0162784
0.016296
0.0163001
0.0163035
0.0163214
0.0163135
0.0163119
0.0163092
0.0163079
0.0163141
0.0163079
0.0163007
0.0162927
0.0162851
0.0162848
0.0162823
0.0162807
0.0162917
0.0162954
0.0163063
0.0163116
0.0163227
0.0163152
0.016308
0.0162988
0.0163037
0.0163213
0.0163148
0.0163134
0.0163181
0.0163169
0.0163103
0.0163087
0.0163252
0.0163225
0.0163331
0.0163258
0.0163239
0.0163227
0.0163202
0.0163183
0.0163107
0.0163041
0.0163042
0.0163035
0.0162974
0.0162893
0.0162818
0.0162742
0.0162735
0.0162794
0.0162734
0.0162777
0.0162755
0.0162795
0.016286
0.0162857
0.0162845
0.0162894
0.0162891
0.0162806
0.0162841
0.0162892
0.0162889
0.0162881
0.0162798
0.0162913
0.0162888
0.0162947
0.0163001
0.0162922
0.0162839
0.0162768
0.0162754
0.0162916
0.0162902
0.0163017
0.0163062
0.0162985
0.0162978
0.0162901
0.0162838
0.0162829
0.0162811
0.0162853
0.0162819
0.0162754
0.0162788
0.0162907
0.0162892
0.0162881
0.016287
0.0162912
0.0162847
0.0162972
0.0162897
0.0163015
0.0163009
0.0163072
0.0163004
0.0162929
0.0162841
0.0162871
0.0162863
0.0162862
0.0162916
0.0162854
0.016278
0.0162822
0.016287
0.0162783
0.0162767
0.0162749
0.0162684
0.016267
0.0162671
0.0162714
0.0162768
0.016275
0.016268
0.0162614
0.0162777
0.0162777
0.0162779
0.0162765
0.0162697
0.0162802
0.0162731
0.0162723
0.0162704
0.016276
0.0162746
0.0162684
0.0162665
0.0162637
0.0162619
0.016268
0.0162616
0.0162712
0.0162763
0.0162694
0.0162685
0.0162746
0.0162809
0.0162851
0.0162902
0.016289
0.0162866
0.0162783
0.0162829
0.0162937
0.0162989
0.0163033
0.0162958
0.0162995
0.0163098
0.0163043
0.016304
0.0163008
0.0162989
0.0162909
0.0162887
0.0162816
0.0162809
0.0162912
0.0162838
0.0162783
0.0162711
0.0162652
0.0162633
0.0162673
0.0162593
0.0162542
0.0162585
0.0162761
0.016282
0.0162852
0.0162775
0.0162752
0.0162677
0.0162654
0.016271
0.016265
0.0162706
0.0162876
0.0162916
0.0162846
0.0162785
0.0162899
0.016289
0.0162865
0.0162806
0.0162795
0.0162783
0.0162925
0.0162857
0.0162956
0.0163
0.016298
0.0162972
0.0162912
0.0162835
0.0162886
0.0162814
0.0162787
0.0162884
0.0162922
0.0162846
0.0162871
0.0162805
0.0162737
0.0162793
0.0162834
0.016277
0.0162702
0.0162639
0.0162575
0.016273
0.0162656
0.0162642
0.0162634
0.0162614
0.0162596
0.0162594
0.0162579
0.0162553
0.0162476
0.0162577
0.016256
0.0162492
0.0162462
0.0162405
0.0162322
0.0162247
0.0162184
0.0162281
0.0162269
0.0162318
0.0162418
0.0162353
0.0162507
0.0162506
0.0162485
0.0162412
0.016247
0.0162446
0.0162384
0.0162477
0.0162464
0.0162495
0.0162493
0.0162421
0.0162456
0.0162561
0.0162548
0.0162518
0.0162505
0.0162433
0.0162367
0.0162336
0.0162329
0.0162314
0.016225
0.0162187
0.0162233
0.0162229
0.0162262
0.0162242
0.0162187
0.016224
0.0162227
0.0162275
0.0162215
0.0162255
0.0162181
0.0162126
0.0162109
0.0162097
0.0162028
0.0161966
0.0161942
0.0161984
0.016191
0.0161953
0.0161946
0.0161996
0.0161981
0.016197
0.0161966
0.01619
0.0161892
0.0161867
0.0161846
0.016184
0.0161778
0.0161819
0.0161807
0.0161731
0.016172
0.0161657
0.0161702
0.0161745
0.0161785
0.0161722
0.0161759
0.0161696
0.0161734
0.0161658
0.0161747
0.0161798
0.0161741
0.0161788
0.0161843
0.0161838
0.0161829
0.0161811
0.0161793
0.0161784
0.0161772
0.0161711
0.016176
0.0161752
0.0161685
0.016166
0.0161706
0.0161747
0.0161741
0.0161737
0.0161676
0.0161615
0.0161659
0.0161638
0.0161728
0.0161699
0.016168
0.0161658
0.0161656
0.0161648
0.0161585
0.0161569
0.0161566
0.0161547
0.0161496
0.0161539
0.0161481
0.0161519
0.0161507
0.01615
0.0161712
0.0161701
0.0161638
0.0161747
0.0161739
0.0161735
0.0161832
0.0161769
0.0161811
0.0162075
0.0162119
0.0162155
0.0162143
0.0162126
0.0162166
0.0162213
0.0162253
0.0162249
0.0162278
0.0162329
0.0162474
0.016246
0.0162448
0.0162435
0.0162371
0.0162402
0.0162337
0.0162319
0.0162256
0.0162196
0.0162183
0.0162273
0.0162314
0.0162299
0.0162239
0.0162235
0.0162165
0.0162253
0.0162297
0.0162271
0.0162315
0.0162317
0.0162262
0.016225
0.0162229
0.0162203
0.0162188
0.0162177
0.0162112
0.0162102
0.0162149
0.0162177
0.0162174
0.0162158
0.0162094
0.0162237
0.0162164
0.0162142
0.0162128
0.0162064
0.0162064
0.0162061
0.0162031
0.0162015
0.0161964
0.01619
0.0161883
0.0161874
0.0161919
0.0162008
0.0161941
0.016198
0.0161908
0.0161897
0.016184
0.0161845
0.0161788
0.0161775
0.0161755
0.0161844
0.016177
0.0161812
0.0161754
0.0161697
0.0161689
0.0161672
0.016177
0.0161813
0.0161857
0.0161788
0.0161827
0.0161815
0.0161809
0.0161746
0.0161688
0.0161628
0.0161628
0.0161712
0.0161756
0.0161794
0.0161786
0.0161774
0.0161816
0.0161864
0.0161899
0.0161886
0.0161882
0.0161882
0.0161822
0.0161815
0.0161848
0.0161851
0.0161839
0.0161798
0.0161787
0.016172
0.0161763
0.0161698
0.0161737
0.0161737
0.0161781
0.0161764
0.0161704
0.0161644
0.0161679
0.0161681
0.0161625
0.0161558
0.0161556
0.0161597
0.0161646
0.016165
0.0161698
0.0161738
0.016179
0.016179
0.0161831
0.0161918
0.0162016
0.0162004
0.0161996
0.0162034
0.0161964
0.0161894
0.0161934
0.0161969
0.0161917
0.016201
0.0162098
0.0162031
0.016203
0.0162066
0.0162108
0.0162045
0.0162192
0.0162334
0.0162327
0.0162356
0.0162297
0.0162227
0.0162219
0.016221
0.0162261
0.0162197
0.0162138
0.0162123
0.016207
0.0162107
0.0162093
0.0162126
0.0162128
0.0162117
0.0162108
0.0162146
0.0162244
0.0162275
0.0162263
0.0162248
0.0162289
0.0162264
0.0162306
0.0162286
0.0162232
0.0162262
0.0162254
0.01622
0.0162145
0.016213
0.0162059
0.0161995
0.0162035
0.0161978
0.0162016
0.0162002
0.0162042
0.0162033
0.016203
0.0161971
0.0161916
0.0161898
0.016186
0.0161902
0.016194
0.0161933
0.0161909
0.0161898
0.0161935
0.016197
0.0161905
0.0161935
0.0161935
0.0161977
0.016207
0.0162117
0.0162103
0.0162037
0.0162028
0.0162038
0.016203
0.0162063
0.0162006
0.0162194
0.0162133
0.0162161
0.0162165
0.0162252
0.0162201
0.0162183
0.0162321
0.0162323
0.0162264
0.0162212
0.0162359
0.0162301
0.0162286
0.0162328
0.0162314
0.0162257
0.0162202
0.0162301
0.0162285
0.0162267
0.0162257
0.0162252
0.0162199
0.016218
0.0162214
0.0162148
0.0162182
0.0162173
0.0162105
0.0162041
0.0161977
0.0161914
0.0161867
0.0161856
0.0161808
0.016185
0.0161936
0.0162023
0.0162011
0.0161992
0.0161989
0.0161969
0.0161959
0.0162047
0.0161993
0.0161964
0.0161958
0.0161948
0.0161987
0.0162025
0.0162011
0.0162006
0.0161943
0.0161978
0.016192
0.0161906
0.0161943
0.0161922
0.0161923
0.0162063
0.0162
0.0161993
0.0162082
0.0162118
0.0162052
0.0161996
0.0161986
0.0162034
0.0161978
0.016202
0.0161967
0.0162007
0.0161963
0.0161958
0.0161906
0.0161937
0.0161883
0.0161871
0.0161861
0.0161853
0.0161856
0.0161848
0.0161836
0.0161876
0.0161928
0.0161877
0.0161927
0.0161965
0.0162005
0.0162042
0.0162038
0.0161983
0.0161924
0.0161919
0.0161872
0.0161861
0.0161867
0.0161802
0.0161789
0.0161831
0.0161782
0.0161872
0.0161949
0.0161944
0.0161936
0.0161918
0.0161959
0.0161901
0.0161939
0.0161926
0.0161922
0.0161872
0.0161865
0.0161796
0.0161727
0.0161665
0.0161614
0.0161651
0.0161605
0.0161545
0.0161498
0.0161494
0.0161583
0.0161613
0.0161611
0.0161705
0.0161686
0.0161678
0.0161711
0.01617
0.0161642
0.0161583
0.0161642
0.0161637
0.0161625
0.0161673
0.016167
0.0161613
0.0161651
0.0161642
0.0161634
0.0161623
0.016161
0.0161691
0.0161681
0.0161678
0.0161627
0.016162
0.0161753
0.0161739
0.0161769
0.0161815
0.0161748
0.0161688
0.0161626
0.0161608
0.0161596
0.0161593
0.0161584
0.0161542
0.0161541
0.0161535
0.0161527
0.0161712
0.0161879
0.0161907
0.0161993
0.0161996
0.0161995
0.0161981
0.0161977
0.0161969
0.0161913
0.016186
0.0161801
0.0161743
0.0161738
0.0161676
0.0161662
0.0161697
0.0161767
0.016172
0.0161671
0.0161622
0.0161613
0.0161606
0.0161646
0.0161569
0.0161563
0.0161642
0.0161642
0.0161629
0.016162
0.0161612
0.0161742
0.0161741
0.0161726
0.016171
0.0161662
0.0161697
0.0161741
0.0161782
0.0161738
0.0161724
0.0161763
0.016179
0.0161868
0.0161905
0.0161934
0.0161923
0.0161921
0.0161918
0.0162
0.0162037
0.016208
0.0162071
0.0162095
0.0162122
0.0162074
0.0162055
0.0162041
0.016212
0.0162108
0.0162046
0.0162125
0.0162113
0.016205
0.0162084
0.016203
0.016202
0.0162055
0.0162041
0.0162116
0.0162155
0.0162142
0.0162081
0.0162114
0.016216
0.0162152
0.0162105
0.0162102
0.0162105
0.0162059
0.0162139
0.0162174
0.0162171
0.0162155
0.0162106
0.0162052
0.0162053
0.0161995
0.0162034
0.0162027
0.0162066
0.016201
0.0161993
0.0162014
0.016205
0.0162215
0.0162247
0.0162187
0.0162137
0.0162126
0.016212
0.0162155
0.0162146
0.0162258
0.0162295
0.0162294
0.0162244
0.0162193
0.0162133
0.0162218
0.0162264
0.0162212
0.0162251
0.0162252
0.0162245
0.0162222
0.0162262
0.0162334
0.0162271
0.0162256
0.0162241
0.0162268
0.0162314
0.0162304
0.0162344
0.0162332
0.0162408
0.0162358
0.0162362
0.0162402
0.0162434
0.0162436
0.0162435
0.0162477
0.0162435
0.0162383
0.0162383
0.0162415
0.0162407
0.016245
0.0162447
0.0162521
0.0162559
0.016259
0.0162583
0.016253
0.0162481
0.016243
0.0162371
0.0162363
0.0162321
0.0162271
0.0162219
0.0162209
0.0162169
0.0162202
0.0162195
0.0162186
0.0162229
0.0162174
0.0162169
0.0162206
0.0162208
0.0162238
0.0162231
0.0162223
0.0162167
0.0162111
0.0162061
0.0162014
0.0161956
0.01619
0.0161982
0.0162099
0.0162128
0.0162114
0.0162233
0.0162219
0.0162255
0.0162282
0.0162366
0.0162403
0.016239
0.0162385
0.0162551
0.016254
0.0162574
0.0162607
0.0162591
0.0162589
0.0162622
0.0162624
0.0162564
0.0162558
0.01625
0.016245
0.0162527
0.0162521
0.0162503
0.0162545
0.0162669
0.0162671
0.0162751
0.0162695
0.0162689
0.0162632
0.0162629
0.0162575
0.0162568
0.0162511
0.0162538
0.0162488
0.0162573
0.0162612
0.0162609
0.0162647
0.0162641
0.0162636
0.0162712
0.0162699
0.0162652
0.016264
0.0162702
0.0162703
0.0162653
0.0162654
0.0162649
0.0162681
0.016276
0.0162757
0.0162704
0.0162652
0.0162861
0.0162885
0.0162887
0.0162929
0.0162921
0.0162956
0.0162906
0.0162902
0.0162853
0.0162837
0.0162826
0.0162903
0.0162903
0.0162951
0.0162951
0.0162903
0.0162891
0.0162888
0.0162862
0.0162794
0.0162789
0.0162834
0.0162911
0.0162905
0.0162938
0.0162914
0.0163031
0.0163065
0.0163056
0.0163049
0.0163038
0.0163038
0.0162993
0.0162986
0.0162946
0.0162899
0.016294
0.0163097
0.0163097
0.0163097
0.0163085
0.0163032
0.0163019
0.0163054
0.0163048
0.0163043
0.0163118
0.0163154
0.0163147
0.0163386
0.0163367
0.0163361
0.016335
0.0163381
0.0163497
0.0163526
0.0163601
0.016355
0.0163507
0.0163458
0.0163404
0.0163353
0.0163369
0.0163365
0.0163315
0.0163348
0.0163296
0.0163293
0.0163327
0.0163275
0.0163314
0.0163269
0.0163217
0.0163207
0.016324
0.0163273
0.0163352
0.0163342
0.016333
0.0163276
0.0163314
0.01633
0.0163329
0.0163311
0.0163306
0.0163255
0.0163288
0.0163245
0.0163329
0.0163282
0.0163268
0.0163212
0.0163199
0.0163185
0.0163179
0.0163216
0.0163208
0.0163197
0.01633
0.0163333
0.0163365
0.016332
0.0163262
0.0163258
0.0163219
0.0163201
0.0163234
0.016322
0.0163295
0.0163243
0.0163191
0.0163174
0.0163113
0.0163068
0.0163094
0.0163164
0.0163152
0.0163141
0.0163142
0.0163133
0.0163086
0.0163066
0.0163065
0.016302
0.0163131
0.0163077
0.0163106
0.016318
0.0163174
0.0163119
0.0163066
0.0163066
0.0163051
0.0163005
0.0163037
0.0162976
0.0162958
0.0162908
0.0162863
0.0162852
0.016281
0.0162796
0.0162911
0.0162858
0.0162813
0.0162809
0.0162801
0.0162752
0.0162702
0.0162735
0.0162682
0.016267
0.0162711
0.0162676
0.0162707
0.0162657
0.0162694
0.0162641
0.0162595
0.0162583
0.0162538
0.016253
0.0162551
0.0162533
0.0162521
0.0162464
0.0162454
0.0162438
0.0162385
0.0162385
0.0162372
0.0162363
0.0162354
0.0162342
0.0162374
0.0162409
0.0162392
0.0162347
0.016234
0.0162377
0.0162331
0.0162325
0.0162275
0.0162227
0.0162203
0.0162236
0.0162304
0.0162341
0.0162374
0.0162417
0.0162373
0.0162328
0.0162286
0.0162316
0.016227
0.0162226
0.0162184
0.016218
0.0162173
0.016217
0.0162124
0.0162102
0.0162128
0.0162206
0.0162156
0.0162148
0.0162093
0.0162053
0.0162047
0.0162007
0.0161959
0.0162031
0.0162014
0.0161966
0.0161956
0.0162033
0.0162075
0.016207
0.0162026
0.0162014
0.0162009
0.0161957
0.0161983
0.0162014
0.0162034
0.0161986
0.0161938
0.0161915
0.0161951
0.0162023
0.016198
0.0161922
0.0161875
0.0161833
0.0161782
0.0161819
0.016181
0.0161806
0.0161763
0.0161829
0.016179
0.0161744
0.0161699
0.0161729
0.0161804
0.0161791
0.0161743
0.01617
0.0161696
0.0161697
0.0161689
0.0161637
0.0161664
0.0161649
0.0161727
0.0161721
0.0161747
0.01617
0.0161682
0.016164
0.0161591
0.0161581
0.0161571
0.0161522
0.0161475
0.0161433
0.0161467
0.0161456
0.0161486
0.0161517
0.01615
0.0161456
0.0161439
0.0161461
0.0161453
0.0161448
0.0161488
0.0161471
0.0161466
0.0161459
0.0161524
0.0161476
0.0161558
0.0161634
0.0161623
0.0161644
0.016159
0.0161554
0.0161623
0.0161624
0.016158
0.0161611
0.0161572
0.016161
0.0161561
0.0161508
0.0161461
0.0161449
0.0161475
0.0161423
0.0161461
0.0161455
0.0161554
0.0161552
0.0161588
0.0161623
0.0161609
0.016168
0.0161633
0.0161586
0.0161547
0.01615
0.0161482
0.0161564
0.0161565
0.0161678
0.0161679
0.0161712
0.0161697
0.0161654
0.016164
0.016167
0.0161629
0.0161624
0.0161659
0.0161653
0.016167
0.0161739
0.016174
0.0161734
0.0161692
0.016175
0.0161742
0.0161773
0.0161842
0.016179
0.0161857
0.0161849
0.016184
0.016191
0.0162022
0.0162015
0.0162046
0.0161999
0.0162071
0.0162128
0.0162084
0.016204
0.0162028
0.0161977
0.0161925
0.0161919
0.0161936
0.0161966
0.0161951
0.0161943
0.016198
0.0161968
0.0161953
0.016191
0.0162055
0.0162057
0.0162088
0.016208
0.016212
0.0162114
0.0162075
0.0162071
0.0162056
0.0162005
0.0161961
0.0161957
0.0162024
0.016201
0.0162004
0.0161998
0.0161987
0.016194
0.0161982
0.0162014
0.0162006
0.0161961
0.0161951
0.0161911
0.0161867
0.0161896
0.0161999
0.0161945
0.0161895
0.0161962
0.0161959
0.0161943
0.0161941
0.0161894
0.0161893
0.0161888
0.0161876
0.0161869
0.0161821
0.0161858
0.0161927
0.0161928
0.0161961
0.0161987
0.0161942
0.0161977
0.0161957
0.01619
0.0161893
0.0161851
0.0161841
0.0161834
0.0161789
0.0161822
0.0161816
0.0161805
0.0161802
0.0161794
0.0161899
0.0161849
0.0161878
0.0161903
0.0161939
0.0161899
0.0161929
0.0161972
0.0162
0.0161998
0.0161947
0.016198
0.0161968
0.0161925
0.0161885
0.0161877
0.0161833
0.0161789
0.0161746
0.0161737
0.0161769
0.0161762
0.0161718
0.0161714
0.0161671
0.0161776
0.0161771
0.0161769
0.0161837
0.0161828
0.0161821
0.0161821
0.0161816
0.016178
0.0161844
0.0161919
0.0161979
0.0161927
0.0161911
0.0161861
0.0161927
0.0161926
0.0161913
0.0161978
0.0161971
0.0162042
0.0161997
0.0161992
0.0161984
0.0161975
0.0162115
0.016225
0.0162282
0.0162239
0.0162189
0.016226
0.0162287
0.0162285
0.0162243
0.0162232
0.0162225
0.0162212
0.0162285
0.0162235
0.0162227
0.0162251
0.0162247
0.0162281
0.0162274
0.0162233
0.0162187
0.0162183
0.0162174
0.0162161
0.0162119
0.0162115
0.0162109
0.0162067
0.0162017
0.0162116
0.0162139
0.0162129
0.0162166
0.016223
0.0162183
0.0162131
0.0162118
0.0162123
0.0162113
0.0162137
0.0162202
0.0162151
0.0162109
0.0162104
0.0162098
0.0162133
0.0162169
0.0162128
0.0162116
0.0162113
0.0162115
0.0162148
0.0162137
0.0162096
0.0162095
0.0162153
0.0162185
0.0162173
0.0162138
0.01621
0.016209
0.0162124
0.0162296
0.0162292
0.016225
0.0162312
0.0162264
0.0162212
0.0162247
0.0162268
0.0162372
0.0162398
0.0162347
0.0162345
0.016234
0.0162332
0.0162283
0.0162237
0.0162265
0.01624
0.0162366
0.0162352
0.0162434
0.0162394
0.0162423
0.0162457
0.0162487
0.0162442
0.0162403
0.0162373
0.0162372
0.0162399
0.0162428
0.0162417
0.0162414
0.0162451
0.0162406
0.0162435
0.0162497
0.016257
0.0162669
0.0162701
0.0162656
0.0162604
0.0162557
0.0162509
0.0162506
0.0162459
0.0162451
0.0162549
0.0162615
0.0162609
0.0162568
0.0162605
0.0162568
0.0162519
0.0162473
0.0162434
0.0162386
0.0162333
0.0162366
0.0162355
0.016234
0.0162404
0.0162398
0.0162356
0.0162318
0.0162305
0.0162326
0.0162285
0.0162355
0.0162348
0.0162344
0.0162296
0.0162329
0.016236
0.0162389
0.0162423
0.0162375
0.0162336
0.0162366
0.0162391
0.0162458
0.0162448
0.0162481
0.0162552
0.0162582
0.016264
0.016267
0.016267
0.0162633
0.0162658
0.0162619
0.016268
0.0162662
0.0162695
0.0162695
0.0162658
0.0162656
0.0162616
0.0162572
0.0162526
0.016252
0.0162516
0.0162575
0.0162665
0.0162619
0.0162655
0.0162822
0.0162778
0.0162845
0.016281
0.016285
0.0162875
0.0162829
0.0162791
0.0162744
0.01627
0.016269
0.0162644
0.0162632
0.0162664
0.0162663
0.016269
0.0162722
0.0162754
0.0162781
0.0162771
0.0162834
0.0162865
0.0162817
0.0162814
0.0162768
0.0162838
0.0162898
0.0162998
0.0162986
0.0163098
0.0163166
0.0163222
0.0163175
0.0163125
0.0163186
0.0163289
0.016335
0.016331
0.0163403
0.0163365
0.0163351
0.0163317
0.0163311
0.0163305
0.01633
0.0163322
0.0163316
0.0163279
0.0163273
0.0163276
0.0163303
0.0163327
0.0163283
0.016328
0.0163243
0.0163271
0.016326
0.0163277
0.0163274
0.0163341
0.0163298
0.0163298
0.0163285
0.016324
0.0163258
0.0163245
0.0163207
0.016319
0.016318
0.0163146
0.0163176
0.0163207
0.0163238
0.0163265
0.0163224
0.0163245
0.0163204
0.0163225
0.0163223
0.0163179
0.0163169
0.0163203
0.0163162
0.0163186
0.0163207
0.0163234
0.0163191
0.0163181
0.0163238
0.0163303
0.016326
0.0163248
0.0163198
0.0163157
0.0163121
0.0163109
0.016313
0.0163093
0.016309
0.016308
0.0163081
0.0163041
0.016303
0.0162987
0.0162977
0.0162997
0.0162957
0.0163058
0.0163049
0.0163112
0.0163203
0.0163266
0.0163253
0.0163319
0.016328
0.0163259
0.0163215
0.0163215
0.0163203
0.0163227
0.0163251
0.0163205
0.0163231
0.0163224
0.0163253
0.0163287
0.016325
0.0163251
0.0163245
0.0163203
0.0163235
0.0163195
0.0163223
0.0163216
0.0163171
0.016317
0.0163119
0.0163141
0.0163139
0.0163098
0.0163092
0.0163049
0.0163079
0.0163034
0.0162998
0.0163055
0.016305
0.0163048
0.0163001
0.0162964
0.0162956
0.0162921
0.0162907
0.0162938
0.0162973
0.0162933
0.0163062
0.0163063
0.0163062
0.0163053
0.016301
0.0163003
0.0163026
0.0163023
0.0162982
0.0162976
0.0162966
0.0162964
0.0162954
0.0162983
0.0163009
0.0163038
0.0163127
0.0163152
0.0163108
0.0163072
0.0163032
0.016306
0.0163055
0.0163022
0.016298
0.0163003
0.0162964
0.0162992
0.0163016
0.016301
0.0163067
0.0163091
0.0163118
0.016308
0.0163068
0.016303
0.0163013
0.0163003
0.0162959
0.0162987
0.0162974
0.0162966
0.0162961
0.0162956
0.0163026
0.0163125
0.0163148
0.0163144
0.0163169
0.0163195
0.0163155
0.0163215
0.0163217
0.0163211
0.0163232
0.0163231
0.0163232
0.0163189
0.0163239
0.0163223
0.016321
0.0163169
0.0163165
0.0163159
0.0163118
0.0163105
0.0163062
0.0163062
0.0163061
0.0163022
0.0163052
0.0163075
0.0163064
0.0163194
0.0163149
0.0163137
0.0163095
0.016319
0.0163152
0.0163102
0.0163054
0.0163115
0.0163175
0.0163239
0.0163198
0.0163166
0.0163172
0.0163162
0.016313
0.0163089
0.0163117
0.0163068
0.0163089
0.016305
0.0163042
0.0163031
0.0162999
0.0162963
0.0163026
0.0162981
0.016307
0.0163035
0.016303
0.0163085
0.0163087
0.0163087
0.0163115
0.0163141
0.0163136
0.0163166
0.0163132
0.0163085
0.0163244
0.0163203
0.0163159
0.016312
0.0163214
0.0163236
0.0163194
0.0163178
0.0163202
0.0163266
0.0163297
0.0163295
0.0163282
0.0163346
0.0163341
0.0163343
0.016337
0.0163359
0.0163322
0.0163314
0.0163342
0.0163331
0.0163291
0.0163415
0.0163406
0.0163402
0.0163435
0.0163421
0.0163416
0.0163468
0.0163523
0.0163511
0.01635
0.0163487
0.0163443
0.0163443
0.0163504
0.0163536
0.0163522
0.0163546
0.0163571
0.0163598
0.0163687
0.0163636
0.0163598
0.0163592
0.016356
0.0163549
0.016351
0.016347
0.0163468
0.0163492
0.016352
0.016351
0.0163507
0.0163531
0.0163492
0.0163456
0.0163424
0.0163455
0.0163511
0.0163481
0.0163441
0.0163397
0.0163394
0.0163387
0.0163412
0.0163364
0.0163351
0.0163343
0.0163306
0.0163262
0.0163214
0.0163202
0.0163161
0.0163156
0.0163116
0.0163074
0.0163062
0.0163057
0.0163048
0.0163076
0.0163062
0.0163087
0.0163074
0.0163036
0.0163068
0.0163058
0.0163011
0.0162978
0.0162972
0.0163001
0.0162995
0.0163031
0.0162995
0.0162953
0.0162942
0.0162935
0.0162903
0.0162958
0.0163014
0.0163042
0.0163071
0.0163059
0.0163113
0.016311
0.0163135
0.0163164
0.0163159
0.0163118
0.0163116
0.0163108
0.0163205
0.0163202
0.0163167
0.0163192
0.0163206
0.0163257
0.0163211
0.0163169
0.0163193
0.0163219
0.016318
0.0163203
0.0163165
0.0163127
0.0163088
0.0163109
0.0163166
0.0163263
0.0163318
0.0163282
0.0163307
0.0163269
0.0163229
0.0163191
0.016315
0.0163107
0.0163068
0.0163052
0.0163027
0.0162989
0.0162951
0.0163008
0.0162999
0.0163023
0.0163012
0.016297
0.0162995
0.0163018
0.0163007
0.0163001
0.0163087
0.0163085
0.0163035
0.0163033
0.0163002
0.0163001
0.016297
0.0162963
0.0162983
0.0162951
0.0162981
0.0162978
0.0162938
0.0162964
0.0162996
0.0163115
0.0163115
0.0163199
0.0163186
0.0163276
0.0163272
0.0163329
0.016329
0.0163275
0.0163274
0.0163303
0.0163366
0.0163392
0.0163419
0.0163413
0.0163408
0.0163398
0.0163383
0.01634
0.0163426
0.0163416
0.0163437
0.0163427
0.0163399
0.0163363
0.0163353
0.0163312
0.0163302
0.0163357
0.0163359
0.0163349
0.0163364
0.0163322
0.0163317
0.0163314
0.016331
0.016333
0.0163347
0.0163371
0.0163491
0.0163492
0.0163482
0.0163446
0.0163441
0.0163411
0.0163403
0.0163393
0.0163393
0.0163386
0.0163407
0.0163404
0.0163398
0.0163365
0.016335
0.0163371
0.0163329
0.0163324
0.0163409
0.01634
0.0163454
0.0163422
0.016338
0.0163375
0.016334
0.0163338
0.0163335
0.0163304
0.0163292
0.0163256
0.0163254
0.0163281
0.0163277
0.0163302
0.0163305
0.0163327
0.016335
0.0163383
0.016341
0.0163407
0.0163392
0.0163412
0.0163443
0.0163462
0.0163493
0.0163458
0.0163482
0.0163445
0.0163402
0.0163363
0.0163385
0.0163374
0.016337
0.0163424
0.0163385
0.0163384
0.0163414
0.0163409
0.0163363
0.0163392
0.0163391
0.0163383
0.016335
0.0163376
0.0163338
0.0163303
0.0163291
0.0163313
0.0163369
0.0163362
0.0163352
0.0163411
0.0163378
0.016344
0.0163465
0.0163465
0.016346
0.0163483
0.0163545
0.0163567
0.0163561
0.0163561
0.0163553
0.0163521
0.0163576
0.0163539
0.0163563
0.0163554
0.0163611
0.0163608
0.0163569
0.0163561
0.0163523
0.0163548
0.0163513
0.0163478
0.0163474
0.0163562
0.0163561
0.0163559
0.0163548
0.0163601
0.0163618
0.0163615
0.0163609
0.0163598
0.0163564
0.0163557
0.0163578
0.0163577
0.0163623
0.0163678
0.0163644
0.0163605
0.0163597
0.0163621
0.0163583
0.0163575
0.0163603
0.0163565
0.0163552
0.0163514
0.016347
0.0163437
0.0163427
0.016339
0.0163417
0.0163444
0.0163438
0.016343
0.0163386
0.016335
0.0163405
0.0163519
0.0163513
0.0163472
0.016346
0.0163449
0.0163455
0.0163414
0.0163372
0.0163368
0.0163329
0.0163292
0.0163284
0.0163305
0.0163299
0.0163289
0.0163312
0.016331
0.0163275
0.0163243
0.0163269
0.0163262
0.0163253
0.0163303
0.0163293
0.0163279
0.0163242
0.0163351
0.0163408
0.01634
0.0163424
0.0163414
0.0163435
0.0163489
0.0163485
0.0163475
0.0163463
0.0163426
0.0163416
0.0163502
0.0163466
0.0163454
0.0163485
0.0163508
0.0163565
0.0163556
0.0163521
0.0163514
0.0163481
0.0163507
0.0163504
0.0163496
0.0163454
0.0163412
0.016338
0.0163374
0.0163337
0.0163305
0.0163365
0.0163335
0.0163302
0.0163317
0.0163318
0.0163305
0.0163327
0.0163288
0.0163251
0.0163307
0.0163299
0.0163321
0.0163315
0.016337
0.0163396
0.0163419
0.0163413
0.0163379
0.0163343
0.0163364
0.0163387
0.0163383
0.0163374
0.0163337
0.0163361
0.0163353
0.0163329
0.0163295
0.0163288
0.0163248
0.0163206
0.0163228
0.016322
0.0163181
0.0163168
0.0163156
0.0163155
0.0163124
0.0163094
0.0163091
0.0163044
0.0163004
0.0162969
0.0162998
0.0163108
0.0163129
0.0163125
0.016309
0.0163144
0.0163144
0.016317
0.0163135
0.0163136
0.0163123
0.0163122
0.0163122
0.016311
0.0163075
0.0163066
0.016309
0.016315
0.0163123
0.0163113
0.0163142
0.0163105
0.0163131
0.0163162
0.0163151
0.0163173
0.0163136
0.0163127
0.016311
0.0163106
0.0163164
0.0163161
0.0163181
0.0163204
0.0163253
0.0163249
0.0163268
0.0163285
0.0163306
0.0163298
0.0163257
0.0163274
0.0163233
0.0163225
0.0163224
0.0163221
0.0163216
0.0163181
0.0163178
0.0163202
0.0163201
0.0163168
0.016313
0.0163144
0.0163109
0.0163106
0.0163073
0.0163063
0.016303
0.0163054
0.0163048
0.0163102
0.0163092
0.0163084
0.0163082
0.0163112
0.0163105
0.0163072
0.0163062
0.0163089
0.0163058
0.0163086
0.0163104
0.0163065
0.0163116
0.0163107
0.0163065
0.0163062
0.0163108
0.0163073
0.0163089
0.0163086
0.0163077
0.0163074
0.0163068
0.0163035
0.0163028
0.0162993
0.016296
0.0162984
0.0163003
0.0162994
0.0163013
0.0162978
0.0162971
0.0162937
0.0162932
0.0162927
0.0162923
0.0162948
0.0162947
0.0162914
0.0162937
0.0162994
0.0163022
0.0163019
0.0162982
0.0162974
0.0162941
0.0162905
0.0162866
0.0162835
0.0162803
0.0162822
0.016279
0.0162751
0.0162775
0.0162769
0.0162789
0.0162756
0.0162784
0.0162782
0.0162752
0.0162718
0.0162677
0.016267
0.0162667
0.0162664
0.0162622
0.0162618
0.0162674
0.0162641
0.0162609
0.0162572
0.0162533
0.0162551
0.0162543
0.0162538
0.0162599
0.0162682
0.0162649
0.0162614
0.0162574
0.0162567
0.0162595
0.0162565
0.0162589
0.016258
0.016258
0.0162545
0.0162543
0.0162506
0.0162502
0.0162556
0.016258
0.0162599
0.0162626
0.0162651
0.0162646
0.0162637
0.0162635
0.0162629
0.0162626
0.0162645
0.016261
0.0162576
0.0162538
0.0162562
0.0162553
0.0162543
0.016251
0.0162527
0.0162495
0.0162516
0.0162503
0.0162467
0.0162496
0.0162491
0.0162458
0.0162427
0.0162473
0.0162467
0.0162432
0.0162399
0.0162387
0.0162362
0.0162359
0.0162384
0.0162369
0.0162478
0.0162548
0.0162599
0.0162654
0.0162626
0.0162618
0.016261
0.0162577
0.016258
0.0162581
0.0162573
0.0162592
0.0162587
0.0162546
0.0162509
0.0162535
0.0162498
0.0162524
0.0162551
0.0162549
0.0162575
0.0162576
0.0162567
0.016259
0.016258
0.0162629
0.0162588
0.0162617
0.0162578
0.0162542
0.0162509
0.016262
0.0162755
0.016278
0.016284
0.0162862
0.0162885
0.0162906
0.0162878
0.0162843
0.0162808
0.01628
0.0162818
0.0162842
0.0162836
0.0162801
0.0162829
0.0162826
0.0162873
0.0162869
0.0162886
0.0162851
0.0162848
0.0162845
0.0162815
0.0162782
0.0162771
0.0162733
0.0162757
0.0162752
0.0162744
0.0162732
0.0162728
0.0162724
0.0162711
0.0162757
0.0162748
0.016277
0.0162766
0.0162732
0.01627
0.0162666
0.0162634
0.0162596
0.0162561
0.016253
0.0162577
0.0162597
0.0162563
0.0162529
0.0162547
0.0162539
0.0162504
0.0162552
0.0162578
0.0162602
0.0162568
0.0162562
0.0162584
0.0162599
0.0162619
0.0162587
0.0162583
0.0162557
0.0162519
0.0162485
0.0162544
0.0162519
0.0162517
0.016248
0.0162467
0.0162463
0.0162453
0.0162411
0.016243
0.0162455
0.0162418
0.0162415
0.0162407
0.0162434
0.0162452
0.0162426
0.0162446
0.0162443
0.0162406
0.0162457
0.0162536
0.0162532
0.0162577
0.0162575
0.0162542
0.0162587
0.016256
0.0162606
0.0162629
0.0162591
0.0162558
0.0162582
0.0162551
0.0162545
0.0162535
0.0162643
0.016264
0.0162633
0.0162683
0.0162675
0.0162722
0.0162711
0.0162673
0.0162727
0.0162717
0.0162767
0.016273
0.0162718
0.0162719
0.0162714
0.0162682
0.01627
0.0162719
0.0162772
0.0162734
0.0162704
0.0162747
0.0162743
0.0162709
0.0162681
0.0162675
0.0162674
0.0162643
0.0162604
0.0162662
0.0162656
0.0162643
0.0162637
0.0162606
0.016257
0.0162571
0.0162531
0.0162555
0.0162615
0.0162658
0.0162653
0.0162646
0.0162642
0.016261
0.0162604
0.0162599
0.0162647
0.0162647
0.0162639
0.0162683
0.0162728
0.0162805
0.0162807
0.0162804
0.0162773
0.0162772
0.0162737
0.0162767
0.0162738
0.0162755
0.0162745
0.0162744
0.0162767
0.0162758
0.0162752
0.016274
0.0162737
0.0162765
0.0162728
0.0162771
0.0162738
0.0162762
0.0162792
0.0162813
0.0162803
0.0162794
0.0162756
0.016278
0.0162777
0.0162745
0.0162735
0.0162732
0.0162706
0.016267
0.0162668
0.0162664
0.0162632
0.016262
0.016258
0.0162685
0.016265
0.0162616
0.016264
0.0162636
0.016271
0.0162703
0.0162727
0.0162728
0.0162722
0.0162685
0.0162675
0.0162702
0.0162698
0.0162719
0.0162686
0.0162707
0.0162762
0.0162757
0.0162748
0.0162768
0.016279
0.0162814
0.0162836
0.0162858
0.0162906
0.0162873
0.0162888
0.0162851
0.0162848
0.0162872
0.0162944
0.0162961
0.0163006
0.0163059
0.0163063
0.0163033
0.0163024
0.0163049
0.0163011
0.0163009
0.0162998
0.0162988
0.0163012
0.0163005
0.0163025
0.0162994
0.0162983
0.0162972
0.0163017
0.0162977
0.0163054
0.0163017
0.016301
0.0163006
0.0163002
0.0163024
0.0162987
0.0162982
0.0163004
0.0162999
0.0162962
0.0162924
0.0163005
0.0162979
0.0163052
0.0163014
0.0163009
0.0162974
0.0162966
0.0162994
0.0162962
0.0163012
0.0162988
0.0163033
0.0163028
0.016302
0.0163012
0.0163001
0.0162967
0.0163021
0.0163034
0.0163031
0.0163027
0.0163076
0.0163068
0.0163094
0.0163064
0.0163052
0.0163023
0.0163039
0.0163011
0.0163007
0.0163058
0.0163027
0.0163042
0.0163005
0.0162968
0.0162968
0.0163073
0.0163092
0.016309
0.0163109
0.0163131
0.0163121
0.0163085
0.0163079
0.0163093
0.0163087
0.0163111
0.0163104
0.0163131
0.0163129
0.0163103
0.0163125
0.0163115
0.0163082
0.0163049
0.0163071
0.0163035
0.0163002
0.0162964
0.0162985
0.0162984
0.0163007
0.0163027
0.0163024
0.0162992
0.0162985
0.0162956
0.0163032
0.0163001
0.0163003
0.0163001
0.0162992
0.0162961
0.0162925
0.0162948
0.0162916
0.0162884
0.0162877
0.0162868
0.0162896
0.016291
0.0162906
0.0162926
0.0162891
0.0162968
0.016294
0.0162939
0.0162908
0.0162927
0.016297
0.0163022
0.0162988
0.0162953
0.0162941
0.016291
0.0162932
0.016293
0.0162922
0.0162944
0.0162972
0.016297
0.0162993
0.0162965
0.0162959
0.0162955
0.0162924
0.0162966
0.0162958
0.0162929
0.0162927
0.0162893
0.0162915
0.0162993
0.0163008
0.0163006
0.0162973
0.0162969
0.016294
0.0162904
0.0162895
0.0162863
0.0162862
0.0162853
0.0162844
0.0162812
0.0162805
0.0162775
0.0162775
0.0162767
0.0162767
0.0162838
0.0162809
0.0162779
0.0162833
0.0162878
0.016284
0.0162805
0.0162882
0.0162881
0.0162896
0.0162945
0.0162939
0.0162936
0.0162899
0.0162927
0.0162973
0.0162963
0.0162959
0.0162983
0.0162976
0.0162968
0.0162994
0.0163038
0.0163008
0.0163018
0.0163011
0.0163003
0.0162993
0.0162989
0.0163005
0.0163076
0.0163091
0.0163083
0.0163079
0.0163051
0.016308
0.0163101
0.0163073
0.0163069
0.016304
0.0163024
0.0163048
0.0163046
0.0163069
0.0163036
0.016301
0.0163028
0.0162997
0.0162991
0.0163061
0.016306
0.0163044
0.0163043
0.0163034
0.0163004
0.0163053
0.016305
0.0163021
0.016299
0.0162981
0.0162978
0.0162948
0.0162915
0.0162885
0.0162882
0.0162901
0.016289
0.0162905
0.0162873
0.0162898
0.0162891
0.0162858
0.0162858
0.0162906
0.0162897
0.0162864
0.0162885
0.0162905
0.0162871
0.0162867
0.0162913
0.0162905
0.016293
0.0162923
0.0162919
0.0162882
0.0162956
0.0163001
0.0163047
0.0163066
0.0163089
0.0163113
0.0163102
0.01631
0.0163094
0.0163062
0.0163027
0.0163027
0.0163025
0.0163045
0.0163047
0.0163066
0.0163037
0.0163083
0.0163129
0.0163122
0.0163117
0.0163077
0.0163044
0.0163037
0.0163008
0.0162985
0.0162973
0.0162946
0.0162916
0.0162933
0.0162905
0.0162876
0.0162931
0.0162951
0.0162936
0.0163008
0.016306
0.0163022
0.016307
0.0163034
0.0163031
0.0163002
0.0162999
0.0163024
0.0162998
0.0163001
0.0163021
0.0163016
0.0162989
0.0163036
0.0163003
0.0162967
0.0162936
0.0162928
0.0162921
0.0162889
0.0162861
0.016286
0.0162859
0.0162885
0.0162857
0.0162907
0.01629
0.0162873
0.016287
0.0162837
0.0162839
0.0162835
0.0162831
0.0162796
0.0162767
0.0162841
0.016284
0.0162835
0.0162803
0.0162776
0.0162799
0.0162846
0.0162814
0.0162783
0.0162781
0.0162827
0.0162794
0.0162816
0.0162803
0.016277
0.0162736
0.0162702
0.0162669
0.0162663
0.016263
0.01626
0.0162622
0.016264
0.0162688
0.0162657
0.0162652
0.0162695
0.016267
0.0162662
0.0162661
0.016263
0.0162597
0.0162592
0.0162588
0.0162552
0.0162521
0.0162488
0.0162483
0.0162509
0.0162561
0.0162556
0.0162577
0.0162622
0.0162644
0.016261
0.0162577
0.0162573
0.0162548
0.0162542
0.0162532
0.0162549
0.0162548
0.0162546
0.0162542
0.0162589
0.0162555
0.0162549
0.0162547
0.0162593
0.0162559
0.0162604
0.0162575
0.0162595
0.0162577
0.0162626
0.0162601
0.0162647
0.0162664
0.016264
0.0162602
0.0162573
0.0162597
0.0162639
0.0162605
0.0162602
0.016257
0.0162588
0.0162557
0.0162553
0.0162518
0.0162516
0.0162556
0.0162533
0.0162633
0.0162601
0.0162589
0.0162588
0.0162652
0.0162664
0.0162682
0.0162679
0.0162674
0.0162646
0.0162614
0.0162586
0.0162551
0.0162516
0.0162536
0.0162557
0.016255
0.0162521
0.0162489
0.0162459
0.0162436
0.0162487
0.0162453
0.0162494
0.0162457
0.0162455
0.0162431
0.0162425
0.0162472
0.0162496
0.0162546
0.0162514
0.0162538
0.0162528
0.01625
0.0162496
0.0162516
0.0162532
0.0162506
0.0162484
0.016248
0.0162469
0.0162488
0.0162477
0.0162444
0.0162413
0.0162437
0.0162404
0.0162395
0.0162415
0.0162484
0.0162503
0.0162472
0.016247
0.0162491
0.0162535
0.0162525
0.0162591
0.0162589
0.0162616
0.0162583
0.0162556
0.0162631
0.0162625
0.0162643
0.0162716
0.0162756
0.0162755
0.0162749
0.0162724
0.0162746
0.0162762
0.0162781
0.0162777
0.0162773
0.0162772
0.016274
0.0162758
0.0162735
0.0162729
0.0162753
0.016275
0.0162747
0.0162767
0.0162761
0.0162853
0.0162852
0.0162847
0.0162869
0.0162829
0.0162821
0.0162819
0.016279
0.0162806
0.01628
0.0162794
0.0162768
0.0162735
0.01628
0.0162769
0.0162784
0.0162827
0.0162788
0.0162783
0.0162752
0.0162721
0.0162717
0.0162714
0.0162711
0.0162802
0.0162773
0.0162771
0.0162792
0.0162756
0.0162772
0.0162785
0.0162751
0.0162748
0.016272
0.0162735
0.0162707
0.0162699
0.0162695
0.0162665
0.0162629
0.0162672
0.0162691
0.0162657
0.0162652
0.0162646
0.0162637
0.0162609
0.0162582
0.0162577
0.0162544
0.0162511
0.0162503
0.0162496
0.016249
0.0162466
0.0162438
0.016246
0.0162455
0.0162503
0.0162477
0.0162471
0.0162468
0.0162555
0.0162596
0.0162638
0.0162676
0.0162645
0.0162646
0.0162619
0.0162587
0.0162584
0.0162604
0.0162622
0.0162593
0.016259
0.0162609
0.0162609
0.0162606
0.0162599
0.0162567
0.0162563
0.0162533
0.0162528
0.0162549
0.0162526
0.0162519
0.0162542
0.0162568
0.0162587
0.0162582
0.0162555
0.0162526
0.0162496
0.016249
0.0162482
0.0162484
0.016248
0.0162471
0.0162493
0.0162466
0.0162485
0.0162552
0.0162525
0.0162495
0.0162489
0.0162486
0.0162507
0.0162503
0.0162475
0.0162447
0.0162445
0.0162467
0.0162438
0.0162428
0.016242
0.0162393
0.0162387
0.0162385
0.0162355
0.0162351
0.0162322
0.0162345
0.0162313
0.0162286
0.0162324
0.0162319
0.0162318
0.0162315
0.0162287
0.0162265
0.0162261
0.016223
0.0162221
0.0162262
0.0162233
0.0162225
0.0162224
0.0162221
0.0162217
0.0162192
0.0162284
0.0162258
0.0162275
0.0162294
0.0162339
0.0162376
0.0162366
0.0162388
0.0162381
0.0162372
0.0162415
0.016246
0.0162454
0.0162451
0.0162469
0.0162444
0.0162467
0.0162466
0.0162486
0.0162485
0.0162457
0.0162451
0.0162476
0.0162448
0.0162442
0.0162441
0.0162413
0.0162434
0.0162425
0.0162447
0.0162441
0.0162436
0.0162476
0.0162474
0.0162445
0.0162437
0.0162429
0.0162421
0.016244
0.0162432
0.0162433
0.0162429
0.0162399
0.0162393
0.0162359
0.0162375
0.0162348
0.0162437
0.0162427
0.0162443
0.0162465
0.0162468
0.0162465
0.0162433
0.0162401
0.016242
0.0162416
0.0162409
0.0162406
0.0162444
0.0162442
0.0162456
0.0162449
0.016247
0.0162448
0.0162441
0.0162434
0.016248
0.016245
0.0162424
0.0162467
0.0162465
0.0162465
0.0162464
0.0162459
0.016248
0.0162474
0.0162535
0.0162531
0.0162535
0.0162528
0.0162617
0.0162582
0.0162581
0.0162601
0.0162625
0.0162643
0.0162619
0.016259
0.0162561
0.016256
0.0162554
0.0162524
0.0162545
0.0162608
0.0162609
0.0162633
0.0162606
0.0162626
0.0162624
0.0162597
0.0162614
0.0162629
0.0162622
0.0162663
0.0162661
0.0162779
0.0162797
0.0162815
0.0162789
0.0162787
0.0162781
0.0162753
0.0162749
0.0162741
0.0162762
0.0162733
0.016275
0.0162723
0.0162712
0.0162686
0.0162682
0.0162684
0.0162681
0.0162693
0.0162733
0.0162707
0.0162679
0.0162677
0.0162644
0.0162684
0.0162702
0.0162695
0.0162664
0.0162705
0.0162698
0.0162742
0.016271
0.0162682
0.0162657
0.0162644
0.0162634
0.016261
0.0162602
0.0162575
0.0162599
0.0162613
0.0162589
0.016257
0.0162609
0.0162582
0.0162624
0.0162663
0.0162655
0.0162743
0.0162763
0.0162755
0.0162751
0.0162718
0.0162738
0.0162752
0.0162747
0.0162773
0.0162771
0.0162834
0.0162803
0.0162793
0.0162814
0.0162817
0.0162858
0.0162853
0.0162848
0.0162842
0.0162817
0.0162815
0.0162808
0.0162803
0.0162891
0.0162911
0.0162884
0.0162877
0.0162875
0.0162893
0.0162891
0.0162908
0.0162926
0.0162971
0.0162944
0.0162966
0.0162956
0.0162931
0.0162949
0.0162939
0.0162961
0.016295
0.0162918
0.0162938
0.0162913
0.016293
0.0162973
0.0162967
0.0162982
0.0163049
0.0163073
0.0163063
0.0163035
0.0163144
0.0163135
0.0163149
0.0163268
0.0163306
0.0163304
0.0163271
0.0163285
0.016326
0.0163278
0.0163274
0.0163268
0.0163263
0.0163257
0.0163256
0.0163227
0.0163225
0.0163218
0.0163188
0.016318
0.0163173
0.016314
0.0163134
0.0163128
0.0163145
0.0163165
0.0163165
0.0163139
0.0163132
0.0163151
0.016317
0.0163141
0.0163141
0.016316
0.0163129
0.0163124
0.0163145
0.0163138
0.0163178
0.0163147
0.0163118
0.0163183
0.0163155
0.0163201
0.0163196
0.0163216
0.0163212
0.0163191
0.0163166
0.0163159
0.0163172
0.0163191
0.0163182
0.0163184
0.01632
0.0163243
0.0163257
0.0163345
0.0163339
0.016332
0.0163338
0.0163387
0.0163388
0.0163386
0.0163385
0.0163358
0.0163336
0.016333
0.0163327
0.0163414
0.0163409
0.016338
0.0163403
0.0163465
0.0163438
0.0163408
0.0163378
0.0163375
0.0163351
0.0163347
0.0163322
0.0163318
0.0163287
0.0163258
0.0163227
0.0163221
0.01632
0.0163215
0.0163232
0.0163258
0.0163256
0.0163271
0.0163248
0.0163209
0.0163225
0.0163192
0.0163168
0.016319
0.0163163
0.016318
0.0163153
0.0163149
0.0163117
0.016311
0.0163105
0.01631
0.0163139
0.0163156
0.0163174
0.0163146
0.0163119
0.0163115
0.0163081
0.016307
0.0163084
0.0163078
0.0163046
0.0163017
0.016299
0.0162967
0.0163008
0.0162983
0.0162957
0.0162927
0.0162945
0.0162919
0.0162919
0.0162914
0.0162907
0.0162975
0.0162995
0.0162968
0.0162968
0.0162961
0.0162999
0.0162999
0.0163018
0.0163034
0.0163007
0.0163003
0.0162996
0.0163034
0.0163009
0.0163007
0.0163001
0.0162997
0.0162989
0.0162983
0.0163
0.0162968
0.0162942
0.0162961
0.0162974
0.0162949
0.0162939
0.0162914
0.016289
0.0162883
0.0162882
0.0162873
0.0162847
0.0162818
0.0162788
0.0162828
0.0162822
0.0162792
0.016279
0.0162806
0.0162803
0.0162823
0.0162821
0.0162817
0.0162786
0.0162752
0.0162744
0.0162738
0.0162735
0.0162771
0.0162742
0.016272
0.0162711
0.0162723
0.0162742
0.0162738
0.0162709
0.0162706
0.0162684
0.0162703
0.0162723
0.0162717
0.016269
0.0162684
0.0162763
0.0162784
0.0162784
0.0162756
0.0162775
0.0162798
0.0162771
0.0162742
0.0162759
0.0162774
0.0162811
0.0162807
0.0162781
0.0162746
0.0162715
0.0162714
0.0162734
0.0162705
0.0162681
0.0162672
0.0162737
0.0162777
0.0162773
0.0162741
0.0162715
0.0162712
0.0162708
0.0162735
0.0162704
0.0162679
0.0162683
0.01627
0.0162675
0.0162691
0.0162681
0.0162676
0.0162673
0.0162711
0.0162728
0.0162745
0.0162737
0.016271
0.0162681
0.0162646
0.0162621
0.0162636
0.0162655
0.0162649
0.0162702
0.0162718
0.0162711
0.0162702
0.0162676
0.0162699
0.0162696
0.0162696
0.0162712
0.0162707
0.0162702
0.0162741
0.0162714
0.0162686
0.0162682
0.0162705
0.0162745
0.016272
0.0162696
0.0162686
0.0162703
0.0162702
0.0162676
0.0162671
0.0162642
0.0162642
0.0162638
0.0162641
0.0162617
0.0162654
0.0162671
0.0162734
0.0162733
0.0162724
0.0162724
0.016272
0.0162714
0.0162709
0.0162684
0.0162742
0.0162716
0.0162715
0.016269
0.016271
0.0162679
0.0162672
0.0162649
0.0162672
0.0162664
0.016266
0.0162703
0.0162703
0.0162697
0.0162693
0.0162686
0.0162657
0.0162653
0.0162628
0.0162601
0.0162661
0.0162636
0.0162636
0.0162628
0.01626
0.016266
0.0162633
0.0162698
0.0162693
0.0162663
0.0162661
0.0162658
0.016263
0.016265
0.0162645
0.0162618
0.0162617
0.0162595
0.0162565
0.0162564
0.0162561
0.0162583
0.0162575
0.0162612
0.0162612
0.0162654
0.0162626
0.0162713
0.0162708
0.0162687
0.016266
0.0162677
0.0162671
0.0162689
0.016273
0.016279
0.0162828
0.0162802
0.0162819
0.0162835
0.0162833
0.0162828
0.0162805
0.0162798
0.0162793
0.0162856
0.0162892
0.0162891
0.0162909
0.0162907
0.0162884
0.0162903
0.0162893
0.0162914
0.0162929
0.0162945
0.016292
0.0162939
0.0163023
0.0163016
0.0162991
0.0163012
0.0163005
0.016302
0.0163019
0.0163028
0.0163019
0.0163012
0.0163043
0.0163037
0.0163007
0.0163025
0.0163047
0.0163063
0.0163084
0.0163089
0.0163083
0.0163081
0.0163097
0.0163094
0.0163147
0.016312
0.0163091
0.016313
0.0163123
0.0163119
0.0163089
0.0163131
0.0163126
0.0163121
0.0163139
0.0163116
0.0163112
0.0163086
0.0163056
0.0163048
0.0163019
0.0163035
0.016301
0.0163006
0.0163038
0.0163032
0.0163026
0.0163046
0.0163048
0.0163065
0.0163065
0.0163102
0.0163069
0.016304
0.016303
0.0163051
0.0163026
0.0163003
0.0162996
0.0162975
0.0163014
0.0163013
0.0162988
0.016299
0.0163006
0.0163004
0.0162981
0.0162975
0.0162972
0.0163033
0.0163072
0.016309
0.0163133
0.0163113
0.016311
0.0163085
0.0163078
0.0163076
0.0163067
0.0163045
0.0163022
0.0163015
0.0163012
0.0163008
0.0163051
0.0163019
0.0162995
0.0163012
0.0163005
0.0162998
0.0162992
0.0162967
0.0162963
0.0162936
0.0162932
0.0162903
0.0162898
0.0162867
0.0162888
0.0162867
0.0162839
0.0162858
0.0162875
0.0162891
0.0162909
0.0162906
0.0162877
0.0162845
0.0162819
0.0162899
0.0162937
0.0162907
0.0162926
0.0162966
0.0162961
0.0162979
0.0162994
0.0163035
0.0163031
0.0163008
0.0162985
0.016298
0.0162971
0.0162987
0.0163004
0.0163022
0.0163017
0.0163016
0.0162992
0.0163001
0.016302
0.0163036
0.0163078
0.0163097
0.0163066
0.016306
0.0163039
0.0163032
0.016305
0.0163088
0.0163099
0.0163101
0.01631
0.0163075
0.0163088
0.0163063
0.0163037
0.0163074
0.0163069
0.0163065
0.016304
0.0163034
0.0163008
0.0163071
0.0163047
0.0163018
0.0162999
0.0162997
0.0162995
0.0162988
0.0162992
0.0162985
0.0162977
0.0162954
0.0162949
0.0162993
0.016301
0.0163029
0.0163004
0.0163005
0.0163041
0.0163037
0.0163047
0.0163042
0.0163063
0.0163037
0.0163011
0.0162987
0.0162957
0.0162953
0.0162926
0.0162988
0.0162978
0.0162948
0.016292
0.0162916
0.0162954
0.016295
0.0162945
0.0162962
0.0162959
0.0162973
0.016297
0.0162947
0.0162921
0.016296
0.0162958
0.016295
0.0162928
0.0162901
0.0162918
0.0162913
0.0162888
0.0162865
0.0162888
0.0162886
0.0162866
0.0162844
0.0162882
0.0162897
0.0162892
0.0162864
0.0162879
0.0162877
0.0162893
0.0162908
0.0162879
0.0162872
0.0162868
0.0162836
0.0162809
0.0162779
0.0162757
0.0162735
0.0162711
0.0162709
0.0162707
0.0162678
0.0162719
0.0162695
0.0162752
0.0162724
0.0162725
0.0162696
0.0162695
0.016269
0.0162659
0.0162678
0.0162719
0.016278
0.0162757
0.0162757
0.0162795
0.0162768
0.016274
0.0162739
0.0162738
0.0162711
0.0162684
0.0162694
0.0162672
0.0162649
0.0162665
0.0162642
0.0162609
0.0162689
0.0162679
0.0162712
0.0162705
0.0162722
0.0162716
0.0162738
0.0162759
0.0162732
0.0162749
0.0162767
0.0162806
0.0162778
0.0162797
0.0162773
0.016277
0.0162769
0.0162767
0.016276
0.0162739
0.0162777
0.0162766
0.0162764
0.0162736
0.0162711
0.0162707
0.0162702
0.0162739
0.016278
0.0162794
0.0162785
0.0162783
0.0162799
0.0162833
0.0162826
0.0162865
0.0162844
0.0162835
0.0162815
0.0162826
0.0162824
0.0162846
0.0162819
0.0162796
0.0162799
0.0162858
0.0162876
0.0162872
0.0162846
0.0162842
0.0162819
0.0162789
0.0162784
0.0162779
0.0162779
0.0162777
0.0162787
0.0162779
0.0162749
0.0162766
0.0162741
0.0162738
0.0162736
0.0162729
0.0162732
0.016273
0.0162741
0.016272
0.0162713
0.0162719
0.0162694
0.0162708
0.0162698
0.0162673
0.0162668
0.0162649
0.0162641
0.0162644
0.0162643
0.0162641
0.0162635
0.0162654
0.0162626
0.0162621
0.0162646
0.0162641
0.0162681
0.0162699
0.0162672
0.016269
0.0162729
0.0162746
0.0162736
0.0162752
0.0162786
0.0162819
0.016284
0.016283
0.016283
0.0162828
0.0162847
0.016284
0.0162836
0.0162831
0.0162827
0.0162826
0.0162808
0.016283
0.0162829
0.0162865
0.0162864
0.0162917
0.0162893
0.0162912
0.0162891
0.0162863
0.016288
0.0162854
0.0162827
0.0162802
0.0162797
0.0162792
0.0162802
0.0162818
0.0162792
0.0162767
0.0162744
0.0162723
0.0162743
0.016272
0.0162715
0.0162688
0.0162703
0.0162719
0.016269
0.0162666
0.0162644
0.0162641
0.0162616
0.0162633
0.0162631
0.0162629
0.0162624
0.0162612
0.0162607
0.0162619
0.0162596
0.0162593
0.0162587
0.0162584
0.0162581
0.0162598
0.0162587
0.0162603
0.0162619
0.0162632
0.0162645
0.0162639
0.0162654
0.0162623
0.0162636
0.0162631
0.0162606
0.0162588
0.0162584
0.016258
0.0162575
0.0162548
0.0162544
0.0162538
0.0162514
0.0162489
0.0162484
0.0162502
0.016248
0.0162475
0.0162494
0.016251
0.0162508
0.0162504
0.0162483
0.0162501
0.0162498
0.0162471
0.016253
0.0162528
0.0162545
0.0162564
0.0162536
0.0162508
0.0162523
0.0162539
0.0162516
0.0162525
0.0162523
0.0162558
0.0162576
0.0162549
0.0162588
0.0162585
0.0162558
0.0162555
0.0162555
0.0162534
0.0162569
0.0162546
0.0162523
0.0162564
0.0162561
0.0162576
0.0162572
0.0162568
0.0162543
0.0162521
0.0162516
0.0162511
0.0162509
0.0162531
0.0162528
0.0162504
0.0162475
0.0162456
0.0162453
0.0162472
0.0162465
0.0162437
0.0162435
0.0162434
0.0162407
0.0162424
0.0162416
0.0162492
0.0162511
0.0162509
0.0162483
0.0162461
0.0162498
0.0162494
0.016251
0.0162506
0.0162504
0.0162479
0.0162455
0.0162472
0.0162488
0.0162545
0.0162536
0.0162532
0.0162505
0.0162477
0.0162451
0.0162429
0.0162445
0.0162441
0.0162454
0.0162471
0.0162465
0.0162481
0.0162458
0.0162431
0.0162429
0.0162443
0.016242
0.016243
0.0162399
0.0162452
0.0162429
0.0162449
0.016248
0.0162477
0.0162498
0.0162476
0.0162473
0.0162466
0.016244
0.0162415
0.0162393
0.0162431
0.0162441
0.0162461
0.0162456
0.016249
0.0162467
0.0162463
0.0162457
0.0162454
0.0162424
0.0162421
0.0162393
0.0162383
0.0162376
0.0162392
0.0162407
0.0162381
0.0162356
0.0162367
0.016236
0.0162334
0.0162364
0.0162355
0.016235
0.0162348
0.0162326
0.0162338
0.0162373
0.0162429
0.0162446
0.0162435
0.0162411
0.0162468
0.0162546
0.0162561
0.0162557
0.0162554
0.0162546
0.0162541
0.0162535
0.0162531
0.0162528
0.0162546
0.0162562
0.0162559
0.0162534
0.0162549
0.016255
0.0162587
0.0162582
0.0162601
0.0162582
0.0162576
0.0162575
0.0162567
0.0162561
0.0162598
0.0162611
0.0162588
0.0162562
0.0162539
0.0162534
0.0162535
0.0162531
0.0162524
0.0162516
0.0162533
0.0162531
0.0162501
0.0162539
0.0162559
0.0162593
0.0162592
0.0162569
0.0162563
0.0162581
0.0162554
0.0162553
0.0162528
0.0162526
0.0162503
0.0162501
0.0162479
0.0162477
0.0162475
0.0162454
0.0162451
0.0162469
0.0162486
0.016246
0.0162475
0.016247
0.0162467
0.0162503
0.0162541
0.0162523
0.0162516
0.0162533
0.0162512
0.0162506
0.0162505
0.0162502
0.0162537
0.0162537
0.0162589
0.0162624
0.0162662
0.0162638
0.0162636
0.0162613
0.0162651
0.0162644
0.0162645
0.016262
0.0162631
0.0162607
0.0162582
0.0162558
0.0162557
0.0162534
0.0162534
0.0162529
0.0162525
0.0162517
0.0162516
0.0162554
0.0162548
0.0162528
0.0162506
0.0162525
0.0162496
0.016247
0.0162452
0.0162426
0.0162421
0.0162417
0.0162431
0.0162406
0.016238
0.0162359
0.0162338
0.016232
0.0162298
0.016231
0.0162325
0.0162323
0.01623
0.0162274
0.0162249
0.0162249
0.01623
0.0162339
0.0162312
0.0162327
0.0162319
0.0162337
0.0162328
0.0162324
0.0162325
0.0162342
0.0162359
0.0162338
0.0162353
0.0162349
0.0162326
0.01623
0.0162296
0.0162353
0.0162351
0.0162365
0.0162383
0.0162364
0.0162399
0.0162392
0.0162387
0.0162383
0.0162385
0.0162383
0.0162379
0.0162392
0.0162391
0.0162368
0.0162345
0.0162344
0.0162342
0.0162376
0.0162352
0.0162348
0.0162382
0.0162439
0.0162416
0.0162396
0.0162386
0.0162361
0.0162363
0.0162362
0.0162355
0.0162333
0.016233
0.0162348
0.0162378
0.0162357
0.0162333
0.0162332
0.0162323
0.0162297
0.0162278
0.0162279
0.0162275
0.0162271
0.0162303
0.016232
0.016237
0.0162365
0.016238
0.0162371
0.0162366
0.0162343
0.0162323
0.01623
0.0162296
0.0162283
0.0162284
0.0162322
0.016232
0.0162298
0.016231
0.0162284
0.0162259
0.0162255
0.0162229
0.0162267
0.0162246
0.0162263
0.0162256
0.0162255
0.0162232
0.0162254
0.016225
0.0162245
0.0162223
0.0162199
0.0162233
0.0162246
0.0162227
0.0162205
0.0162203
0.016222
0.0162278
0.0162257
0.0162228
0.0162251
0.0162226
0.0162207
0.0162207
0.0162202
0.0162198
0.0162196
0.0162176
0.0162172
0.0162171
0.0162226
0.0162202
0.0162216
0.0162208
0.0162222
0.0162216
0.016225
0.0162231
0.0162206
0.016218
0.0162159
0.0162173
0.016221
0.0162209
0.0162205
0.0162219
0.0162273
0.016227
0.0162284
0.0162305
0.016228
0.0162295
0.0162289
0.016232
0.0162334
0.0162331
0.0162305
0.01623
0.0162275
0.016231
0.0162292
0.0162275
0.0162253
0.0162268
0.0162283
0.0162283
0.016228
0.0162275
0.0162271
0.0162264
0.0162241
0.0162213
0.016219
0.0162186
0.0162201
0.016218
0.0162195
0.0162172
0.0162148
0.01622
0.0162198
0.0162213
0.0162224
0.0162203
0.0162202
0.0162216
0.0162251
0.0162283
0.016228
0.0162295
0.0162275
0.016227
0.0162252
0.0162267
0.0162281
0.0162276
0.0162275
0.0162271
0.0162286
0.0162282
0.0162296
0.0162289
0.0162325
0.0162302
0.0162298
0.0162297
0.0162314
0.0162343
0.0162362
0.0162339
0.0162332
0.0162384
0.0162381
0.0162359
0.0162337
0.0162371
0.0162366
0.0162341
0.0162356
0.0162371
0.0162386
0.0162364
0.0162361
0.0162335
0.0162333
0.0162311
0.0162329
0.0162323
0.0162341
0.016232
0.016235
0.0162325
0.0162307
0.0162307
0.016234
0.0162319
0.01623
0.0162297
0.0162309
0.0162306
0.0162338
0.0162319
0.0162296
0.0162309
0.0162326
0.01623
0.0162276
0.0162289
0.0162267
0.0162262
0.0162317
0.0162293
0.016229
0.0162262
0.0162276
0.0162293
0.0162308
0.0162284
0.0162262
0.0162281
0.0162262
0.016228
0.0162274
0.0162254
0.0162229
0.0162244
0.0162221
0.0162219
0.0162231
0.0162264
0.0162282
0.0162279
0.0162277
0.0162272
0.016225
0.0162246
0.0162284
0.0162279
0.0162278
0.0162312
0.0162308
0.0162306
0.0162281
0.0162281
0.0162274
0.0162271
0.0162285
0.0162267
0.0162259
0.0162259
0.0162251
0.0162228
0.0162228
0.0162223
0.0162199
0.0162252
0.0162251
0.0162264
0.01623
0.0162296
0.0162294
0.0162291
0.0162262
0.0162259
0.0162255
0.0162254
0.0162247
0.0162248
0.0162244
0.016224
0.0162276
0.016229
0.016231
0.0162325
0.0162299
0.0162281
0.0162258
0.0162237
0.0162236
0.0162217
0.0162252
0.0162232
0.0162246
0.0162224
0.0162204
0.0162218
0.0162194
0.0162173
0.0162187
0.0162181
0.016216
0.0162135
0.0162129
0.0162105
0.0162103
0.0162102
0.0162115
0.0162088
0.0162086
0.0162084
0.0162079
0.0162055
0.0162056
0.0162092
0.0162103
0.0162082
0.0162096
0.016211
0.016211
0.0162107
0.0162162
0.0162177
0.016219
0.0162181
0.0162182
0.0162155
0.0162149
0.0162146
0.0162124
0.0162119
0.0162152
0.0162129
0.0162113
0.0162108
0.0162124
0.016213
0.0162125
0.01621
0.0162097
0.0162109
0.0162106
0.0162086
0.0162062
0.0162036
0.0162011
0.0162023
0.0162018
0.0162013
0.0162011
0.0162047
0.0162024
0.0162035
0.0162086
0.0162066
0.0162065
0.0162098
0.0162133
0.0162147
0.0162127
0.0162105
0.0162122
0.0162103
0.0162101
0.0162097
0.0162078
0.0162055
0.0162054
0.0162051
0.0162028
0.0162063
0.016204
0.0162018
0.0161994
0.016199
0.0161966
0.0161983
0.0161995
0.0161992
0.0161971
0.0161967
0.0161945
0.0161919
0.0161932
0.0161948
0.0161925
0.0161916
0.0161913
0.0161943
0.0161957
0.0161955
0.0161952
0.0161947
0.0161949
0.016198
0.0161975
0.016199
0.0161969
0.0161964
0.0161959
0.0162014
0.0161989
0.0162023
0.0162039
0.0162074
0.0162053
0.0162045
0.0162076
0.0162091
0.0162072
0.0162063
0.0162059
0.0162111
0.0162109
0.0162121
0.0162101
0.016212
0.0162116
0.0162113
0.0162089
0.0162067
0.0162044
0.0162041
0.0162022
0.0162015
0.0161995
0.0161988
0.0162005
0.0161999
0.0161979
0.0161975
0.0161985
0.0161962
0.0161992
0.0161986
0.0161979
0.0161997
0.0161992
0.0161988
0.016198
0.0162013
0.0161985
0.0162003
0.0162
0.0162035
0.0162048
0.0162022
0.0162021
0.0162061
0.0162056
0.0162056
0.0162049
0.0162027
0.0162041
0.0162057
0.0162072
0.0162048
0.0162045
0.0162039
0.0162049
0.0162028
0.0162098
0.0162093
0.0162107
0.01621
0.0162076
0.0162056
0.0162052
0.0162062
0.0162074
0.0162073
0.0162053
0.0162034
0.0162031
0.0162043
0.0162019
0.0161994
0.0161969
0.0161969
0.0161965
0.0161945
0.0161945
0.0161923
0.0161918
0.016193
0.0161963
0.0161964
0.0161964
0.0161961
0.0161975
0.0162006
0.0162021
0.0162054
0.0162029
0.0162024
0.0162037
0.0162035
0.0162035
0.0162047
0.0162023
0.0162003
0.0162036
0.0162053
0.0162053
0.0162049
0.016202
0.0162031
0.0162048
0.0162029
0.0162035
0.0162053
0.0162049
0.016206
0.016204
0.0162053
0.016209
0.0162103
0.01621
0.0162073
0.0162071
0.0162088
0.0162106
0.0162105
0.0162139
0.0162133
0.0162181
0.0162162
0.0162178
0.0162157
0.0162193
0.0162174
0.0162147
0.0162163
0.016218
0.0162192
0.0162167
0.016216
0.0162158
0.0162154
0.0162189
0.0162164
0.0162197
0.0162194
0.016223
0.0162264
0.0162259
0.0162289
0.0162284
0.0162303
0.0162317
0.016231
0.0162304
0.0162294
0.0162311
0.0162327
0.0162357
0.0162387
0.0162369
0.0162349
0.0162376
0.0162357
0.016234
0.0162374
0.0162353
0.0162348
0.0162326
0.0162304
0.0162318
0.0162333
0.0162328
0.0162307
0.0162285
0.0162282
0.0162279
0.0162255
0.0162254
0.0162232
0.0162243
0.0162227
0.0162261
0.0162272
0.0162302
0.0162299
0.0162301
0.0162316
0.0162329
0.0162343
0.016234
0.0162357
0.0162354
0.0162348
0.0162327
0.0162327
0.0162324
0.01623
0.0162278
0.0162289
0.0162288
0.0162269
0.0162265
0.0162263
0.0162278
0.0162274
0.0162266
0.0162299
0.0162315
0.0162316
0.0162291
0.0162292
0.0162303
0.016228
0.0162257
0.0162236
0.0162236
0.0162216
0.0162212
0.0162188
0.0162183
0.0162181
0.0162179
0.0162162
0.0162175
0.0162192
0.0162173
0.0162203
0.0162186
0.0162185
0.0162184
0.0162179
0.0162198
0.0162213
0.0162228
0.0162208
0.0162206
0.0162236
0.0162254
0.0162228
0.0162221
0.0162201
0.0162221
0.016222
0.0162196
0.0162213
0.0162213
0.0162188
0.0162168
0.0162164
0.0162143
0.0162126
0.0162125
0.0162124
0.0162134
0.0162168
0.0162144
0.0162139
0.0162122
0.0162119
0.0162132
0.0162111
0.0162103
0.0162081
0.0162057
0.0162037
0.0162013
0.0162009
0.0162005
0.0162002
0.0162002
0.0161998
0.0161995
0.016201
0.0161989
0.0161969
0.0162004
0.0161981
0.0161956
0.0161952
0.0161966
0.0161961
0.016197
0.0161947
0.0161939
0.0161952
0.0161967
0.0161981
0.016196
0.0161959
0.0161972
0.0161972
0.0161988
0.0162
0.0161997
0.0161994
0.0162011
0.0162006
0.0162037
0.0162032
0.0162047
0.0162062
0.0162041
0.0162023
0.0162018
0.0161998
0.0161978
0.016197
0.0161997
0.0161976
0.0161993
0.016199
0.016197
0.0161965
0.016198
0.0162015
0.0162034
0.0162027
0.0162024
0.016202
0.0161998
0.0162011
0.016204
0.0162037
0.0162051
0.0162032
0.0162011
0.0162026
0.0162001
0.0161974
0.016195
0.0161932
0.0161929
0.0161923
0.0161953
0.0161946
0.0161926
0.0161958
0.0161952
0.0161931
0.0161911
0.0161945
0.0161926
0.016192
0.0161915
0.0161912
0.0161893
0.0161871
0.0161869
0.0161885
0.0161896
0.0161896
0.0161892
0.0161926
0.0161923
0.0161922
0.0161935
0.0161911
0.0161904
0.0161921
0.0161912
0.0161938
0.0161918
0.0161912
0.0161909
0.0161943
0.0161939
0.0161936
0.0161973
0.0161965
0.0162001
0.016198
0.0161976
0.0161969
0.0161947
0.0161923
0.0161902
0.0161897
0.0161929
0.0161923
0.0161953
0.0161969
0.0161962
0.0161944
0.0161939
0.0161934
0.0161916
0.0161892
0.0161911
0.0161904
0.0161901
0.0161916
0.0161911
0.0161906
0.0161951
0.0161931
0.0161999
0.0161994
0.0161969
0.0161947
0.0161954
0.0162006
0.0162015
0.0162012
0.0162008
0.0162021
0.0161999
0.0161994
0.0161992
0.0161993
0.0162008
0.0161987
0.0161997
0.0162008
0.0162006
0.0162021
0.0161998
0.0161979
0.0161974
0.0161988
0.0161983
0.0161961
0.0161957
0.0161971
0.016195
0.0161945
0.0161926
0.0161923
0.0161938
0.0161935
0.0161933
0.0161911
0.0161888
0.0161868
0.016188
0.0161859
0.0161855
0.0161833
0.0161813
0.0161863
0.0161893
0.0161909
0.0161887
0.0161956
0.0162002
0.0162014
0.0162064
0.0162043
0.0162024
0.0162073
0.0162049
0.0162061
0.016206
0.0162055
0.0162036
0.0162015
0.0161998
0.0161995
0.0161989
0.0162057
0.0162054
0.0162068
0.0162045
0.0162053
0.0162036
0.0162014
0.0162009
0.0161987
0.0161986
0.0161963
0.0161956
0.0161953
0.0161929
0.0161928
0.0161942
0.016192
0.0161918
0.0161902
0.0161954
0.016197
0.016195
0.0161925
0.016192
0.0161901
0.0161896
0.0161895
0.0161908
0.0161903
0.0161884
0.0161883
0.0161863
0.0161927
0.0161926
0.0161924
0.0161956
0.0161938
0.0161956
0.0161987
0.0162017
0.0162014
0.0162027
0.0162023
0.0162021
0.0162035
0.0162016
0.0162012
0.0161989
0.0161968
0.0161984
0.0161961
0.0161937
0.0161935
0.0161933
0.0161912
0.0161944
0.016194
0.0161949
0.0161964
0.0162014
0.016201
0.0161988
0.0162002
0.0161981
0.0161976
0.0161971
0.0161952
0.0161933
0.0161928
0.0161942
0.0161923
0.0161901
0.016188
0.0161878
0.0161896
0.0161888
0.0161886
0.0161868
0.0161863
0.016186
0.0161859
0.0161839
0.0161872
0.0161865
0.0161862
0.0161893
0.0161942
0.0161942
0.0161988
0.016197
0.0161965
0.0162012
0.0162011
0.0162007
0.0161987
0.0161964
0.0161979
0.0161977
0.0161961
0.0161955
0.0161984
0.0161961
0.0161971
0.0161968
0.0161949
0.0161963
0.016194
0.0161923
0.0161918
0.0161916
0.0161893
0.0161877
0.0161891
0.0161906
0.0161901
0.0161917
0.0161913
0.0161887
0.0161899
0.0161894
0.0161873
0.0161887
0.016187
0.0161851
0.0161844
0.0161857
0.0161833
0.0161847
0.0161859
0.0161871
0.0161865
0.0161865
0.0161861
0.0161841
0.0161854
0.0161831
0.0161828
0.0161806
0.0161801
0.0161815
0.0161815
0.0161851
0.016183
0.0161843
0.0161853
0.016185
0.0161846
0.0161846
0.0161826
0.0161821
0.0161822
0.0161816
0.0161829
0.0161826
0.0161804
0.0161783
0.0161763
0.0161792
0.0161774
0.0161784
0.0161781
0.0161779
0.0161759
0.0161739
0.0161735
0.0161731
0.0161709
0.0161708
0.0161703
0.0161699
0.0161733
0.0161746
0.0161812
0.0161792
0.0161773
0.0161784
0.0161759
0.0161756
0.0161756
0.0161737
0.016173
0.0161741
0.0161719
0.0161746
0.0161759
0.0161756
0.0161738
0.0161736
0.0161745
0.0161742
0.0161734
0.0161732
0.0161767
0.0161746
0.0161743
0.0161723
0.0161738
0.0161719
0.01617
0.0161698
0.0161707
0.0161738
0.0161716
0.0161744
0.0161739
0.0161714
0.0161715
0.0161707
0.0161725
0.0161725
0.0161722
0.0161718
0.0161727
0.0161738
0.0161736
0.0161753
0.016173
0.0161747
0.0161761
0.016174
0.0161736
0.0161737
0.0161749
0.016173
0.0161728
0.0161741
0.0161736
0.0161714
0.016171
0.0161719
0.0161716
0.0161728
0.0161723
0.0161738
0.0161751
0.0161751
0.0161749
0.0161732
0.0161729
0.0161705
0.0161682
0.0161697
0.0161693
0.0161707
0.016172
0.0161699
0.0161678
0.0161673
0.0161648
0.0161679
0.0161713
0.0161708
0.0161722
0.0161705
0.0161701
0.0161681
0.0161677
0.0161673
0.0161673
0.016167
0.0161681
0.0161694
0.0161673
0.0161682
0.0161678
0.0161731
0.0161714
0.0161708
0.0161739
0.0161736
0.0161748
0.0161761
0.0161741
0.0161722
0.016172
0.0161714
0.0161711
0.0161727
0.0161754
0.0161736
0.0161749
0.0161761
0.016174
0.0161754
0.0161735
0.0161748
0.0161749
0.0161749
0.0161727
0.0161707
0.0161722
0.0161716
0.01617
0.0161696
0.016171
0.0161728
0.0161757
0.016177
0.0161769
0.0161765
0.0161796
0.0161805
0.0161817
0.0161796
0.0161776
0.0161786
0.0161799
0.0161815
0.0161826
0.0161825
0.0161837
0.0161901
0.01619
0.0161895
0.0161906
0.0161906
0.0161904
0.0161903
0.0161904
0.01619
0.0161911
0.0161936
0.0161951
0.0161967
0.0161981
0.0161963
0.0161943
0.0161942
0.0161923
0.0161903
0.0161885
0.0161865
0.0161847
0.0161839
0.0161853
0.016185
0.0161849
0.0161827
0.0161824
0.0161816
0.0161826
0.016184
0.0161841
0.0161854
0.0161849
0.0161862
0.0161843
0.0161859
0.0161861
0.0161858
0.0161855
0.016185
0.0161851
0.0161831
0.0161862
0.0161858
0.0161854
0.0161837
0.0161852
0.0161847
0.0161841
0.0161823
0.0161823
0.0161818
0.0161801
0.0161796
0.0161847
0.0161874
0.0161903
0.01619
0.0161899
0.0161877
0.0161856
0.0161839
0.0161903
0.016188
0.0161893
0.0161892
0.0161906
0.0161937
0.0161936
0.0161933
0.0161931
0.0161929
0.0161908
0.0161889
0.0161887
0.0161918
0.0161935
0.016192
0.0161918
0.0161915
0.0161891
0.016187
0.0161868
0.0161862
0.0161874
0.0161868
0.0161881
0.016191
0.0161906
0.0161936
0.0161947
0.0161928
0.0161924
0.016192
0.0161933
0.0161931
0.0161929
0.0161924
0.0161928
0.0161958
0.0161972
0.0161971
0.0161965
0.0161948
0.016196
0.0161955
0.0161951
0.0161949
0.0161992
0.0162023
0.0162035
0.0162033
0.0162064
0.0162042
0.0162015
0.0162014
0.0161995
0.0161976
0.0161991
0.016197
0.0161982
0.0161993
0.0161972
0.0161984
0.016198
0.0161996
0.0162009
0.0162024
0.0162019
0.0161997
0.0161978
0.0161978
0.0161959
0.0161975
0.0161955
0.0161936
0.0161971
0.0161982
0.0161961
0.0161955
0.0161935
0.016195
0.0161947
0.0161933
0.0161947
0.0161979
0.0161973
0.0161987
0.0161984
0.0161995
0.0162007
0.0161986
0.0161985
0.0161966
0.0161962
0.0161939
0.0161984
0.0161974
0.0161954
0.0161982
0.0161961
0.016196
0.0161942
0.016194
0.0161955
0.0161953
0.0161949
0.0161948
0.0161927
0.0161908
0.0161906
0.0161886
0.0161867
0.0161879
0.0161874
0.0161872
0.0161869
0.0161914
0.0161914
0.0161892
0.0161874
0.0161873
0.0161852
0.0161831
0.0161829
0.016181
0.0161786
0.0161797
0.0161794
0.0161809
0.0161788
0.0161764
0.0161812
0.0161794
0.0161778
0.0161756
0.0161784
0.0161787
0.016177
0.0161753
0.0161798
0.0161777
0.0161761
0.0161758
0.0161787
0.0161783
0.016178
0.0161778
0.0161758
0.0161754
0.0161735
0.0161749
0.0161746
0.0161744
0.0161726
0.0161721
0.0161702
0.016168
0.0161679
0.016166
0.0161656
0.0161671
0.0161669
0.0161682
0.0161682
0.0161677
0.0161692
0.0161684
0.0161666
0.0161647
0.0161634
0.0161614
0.0161611
0.016161
0.0161593
0.0161588
0.0161587
0.0161567
0.0161594
0.016159
0.0161587
0.0161582
0.0161593
0.0161589
0.0161573
0.0161567
0.0161547
0.0161529
0.0161527
0.0161506
0.0161506
0.0161486
0.0161499
0.0161509
0.0161538
0.0161548
0.0161576
0.016159
0.0161587
0.0161587
0.0161569
0.0161568
0.0161565
0.0161544
0.0161543
0.0161572
0.0161569
0.0161567
0.0161546
0.016153
0.0161542
0.0161554
0.0161536
0.0161533
0.0161516
0.0161496
0.0161491
0.0161504
0.0161505
0.0161484
0.0161467
0.0161465
0.0161458
0.0161487
0.0161469
0.0161449
0.016143
0.0161444
0.0161442
0.0161437
0.0161419
0.0161399
0.0161409
0.0161424
0.0161457
0.0161435
0.0161465
0.0161445
0.0161427
0.0161421
0.0161403
0.0161432
0.0161448
0.0161448
0.0161424
0.0161454
0.016145
0.0161496
0.0161476
0.0161471
0.0161456
0.0161453
0.0161468
0.0161464
0.0161448
0.0161461
0.0161475
0.0161487
0.0161501
0.0161482
0.0161478
0.016146
0.0161444
0.0161459
0.0161456
0.0161484
0.016153
0.016154
0.0161538
0.0161534
0.0161546
0.0161544
0.016154
0.0161538
0.0161555
0.0161567
0.0161565
0.016156
0.0161571
0.0161613
0.016161
0.0161608
0.0161621
0.0161599
0.0161578
0.0161609
0.0161589
0.0161632
0.0161611
0.0161609
0.0161589
0.0161584
0.0161582
0.0161643
0.016164
0.0161654
0.0161635
0.0161682
0.0161696
0.0161679
0.0161709
0.016169
0.01617
0.0161684
0.0161715
0.0161713
0.0161707
0.0161705
0.0161683
0.0161699
0.0161679
0.0161676
0.0161656
0.016164
0.0161635
0.0161633
0.016165
0.0161636
0.0161649
0.0161628
0.0161625
0.0161605
0.0161633
0.0161649
0.0161678
0.0161689
0.0161672
0.0161671
0.0161653
0.0161635
0.0161634
0.0161616
0.016161
0.0161596
0.0161575
0.0161576
0.0161622
0.0161637
0.0161618
0.0161615
0.0161629
0.016161
0.0161609
0.0161605
0.0161622
0.0161615
0.0161613
0.016163
0.0161641
0.0161668
0.0161681
0.0161675
0.0161656
0.0161634
0.0161628
0.0161624
0.0161637
0.0161649
0.0161661
0.0161671
0.0161667
0.0161678
0.0161674
0.0161671
0.0161683
0.0161678
0.016166
0.0161642
0.0161658
0.0161655
0.0161633
0.0161663
0.016164
0.0161637
0.0161619
0.01616
0.016158
0.0161593
0.0161572
0.0161579
0.0161561
0.0161556
0.0161536
0.0161564
0.0161543
0.0161539
0.0161534
0.0161528
0.0161553
0.0161567
0.0161582
0.0161562
0.0161541
0.0161535
0.016152
0.0161532
0.0161512
0.0161495
0.0161509
0.0161489
0.0161484
0.0161496
0.0161493
0.0161493
0.0161492
0.0161488
0.0161485
0.0161485
0.0161466
0.0161447
0.0161457
0.0161454
0.0161435
0.0161433
0.0161415
0.0161398
0.0161378
0.0161361
0.0161356
0.0161337
0.0161321
0.0161318
0.0161317
0.0161327
0.0161322
0.0161352
0.0161349
0.0161396
0.0161395
0.0161425
0.0161438
0.0161421
0.0161417
0.0161395
0.0161386
0.0161381
0.0161376
0.0161359
0.0161355
0.016135
0.016133
0.0161344
0.0161338
0.016138
0.0161363
0.0161342
0.0161323
0.0161337
0.0161348
0.0161346
0.0161358
0.0161353
0.0161351
0.0161349
0.0161328
0.0161328
0.0161339
0.0161356
0.0161353
0.0161352
0.0161347
0.0161394
0.0161396
0.0161394
0.0161391
0.0161388
0.0161371
0.016137
0.0161347
0.0161328
0.0161324
0.016135
0.016133
0.0161312
0.0161307
0.0161291
0.0161284
0.01613
0.0161307
0.0161322
0.0161318
0.0161316
0.0161345
0.016136
0.0161343
0.0161356
0.0161336
0.0161318
0.01613
0.0161276
0.0161307
0.0161289
0.0161272
0.0161333
0.0161345
0.016136
0.0161355
0.0161337
0.0161351
0.0161348
0.0161359
0.0161342
0.0161357
0.0161357
0.0161372
0.0161367
0.016135
0.0161362
0.0161346
0.0161339
0.0161352
0.0161334
0.0161395
0.0161387
0.0161399
0.0161426
0.0161407
0.0161388
0.016143
0.016141
0.0161404
0.0161387
0.0161399
0.0161414
0.0161424
0.0161407
0.0161436
0.0161448
0.0161445
0.0161473
0.0161482
0.0161466
0.0161462
0.0161458
0.0161455
0.0161436
0.0161434
0.0161448
0.0161431
0.0161461
0.016144
0.0161435
0.0161415
0.0161412
0.0161393
0.0161406
0.0161421
0.0161417
0.0161399
0.0161427
0.0161423
0.0161407
0.0161405
0.0161415
0.0161413
0.0161444
0.0161456
0.0161466
0.0161484
0.0161497
0.0161526
0.0161523
0.0161536
0.0161567
0.0161547
0.0161525
0.0161507
0.0161521
0.0161498
0.0161531
0.0161553
0.0161549
0.0161548
0.0161529
0.0161539
0.0161519
0.0161502
0.0161482
0.0161491
0.0161501
0.0161481
0.0161509
0.0161508
0.0161492
0.0161488
0.0161467
0.0161463
0.0161459
0.0161441
0.016145
0.0161449
0.0161461
0.0161452
0.0161436
0.0161412
0.0161428
0.0161424
0.0161451
0.0161465
0.0161477
0.0161486
0.0161512
0.0161492
0.0161488
0.0161518
0.0161513
0.0161496
0.0161507
0.0161522
0.0161523
0.0161532
0.0161526
0.0161555
0.0161588
0.0161572
0.0161584
0.0161578
0.0161559
0.0161555
0.0161541
0.0161523
0.0161534
0.0161534
0.0161528
0.0161524
0.0161503
0.0161485
0.0161512
0.0161526
0.0161523
0.0161522
0.0161503
0.0161512
0.0161539
0.0161521
0.0161518
0.0161546
0.0161531
0.0161514
0.0161525
0.0161508
0.0161492
0.01615
0.0161515
0.0161544
0.0161525
0.0161525
0.0161506
0.0161501
0.0161498
0.0161496
0.0161476
0.0161487
0.016147
0.0161452
0.0161496
0.0161497
0.0161493
0.0161506
0.0161533
0.0161517
0.0161535
0.0161533
0.0161528
0.0161508
0.0161503
0.0161485
0.0161465
0.0161446
0.016143
0.0161425
0.0161441
0.0161421
0.0161418
0.016143
0.0161429
0.0161404
0.0161383
0.0161363
0.0161347
0.0161344
0.0161326
0.0161308
0.0161286
0.0161281
0.0161262
0.0161261
0.0161243
0.0161243
0.0161227
0.0161226
0.0161253
0.016131
0.0161293
0.0161302
0.0161312
0.0161312
0.0161295
0.016132
0.016132
0.0161302
0.0161284
0.016127
0.0161267
0.0161251
0.016123
0.0161213
0.0161208
0.0161202
0.0161258
0.0161255
0.0161248
0.0161243
0.0161237
0.0161249
0.0161263
0.0161261
0.016126
0.0161257
0.0161252
0.0161235
0.0161221
0.0161203
0.0161201
0.0161214
0.0161227
0.0161225
0.016125
0.0161262
0.0161289
0.01613
0.0161281
0.0161277
0.0161287
0.0161302
0.0161284
0.016128
0.0161276
0.0161288
0.0161288
0.0161271
0.0161283
0.0161265
0.0161294
0.0161276
0.0161271
0.0161283
0.0161266
0.0161246
0.0161273
0.0161266
0.0161277
0.0161289
0.0161301
0.0161282
0.0161277
0.0161275
0.0161302
0.0161328
0.016131
0.0161352
0.0161379
0.0161409
0.0161405
0.0161419
0.016142
0.0161416
0.0161413
0.0161412
0.0161442
0.0161456
0.0161483
0.0161497
0.0161492
0.016149
0.01615
0.0161482
0.0161465
0.0161463
0.0161476
0.0161459
0.0161472
0.0161454
0.0161451
0.0161432
0.0161444
0.0161429
0.0161436
0.016142
0.0161403
0.0161385
0.01614
0.0161384
0.016141
0.016142
0.0161432
0.0161414
0.0161411
0.016139
0.01614
0.0161457
0.0161482
0.016148
0.016146
0.0161456
0.0161453
0.0161448
0.0161463
0.0161474
0.0161471
0.0161454
0.0161468
0.0161452
0.0161432
0.0161414
0.0161425
0.0161404
0.0161399
0.0161399
0.0161413
0.0161408
0.0161389
0.0161373
0.0161369
0.0161418
0.0161396
0.0161392
0.016139
0.0161415
0.0161398
0.0161409
0.0161405
0.0161389
0.0161369
0.0161362
0.0161361
0.016136
0.0161342
0.0161324
0.0161307
0.0161339
0.0161348
0.0161331
0.0161313
0.0161292
0.0161289
0.0161283
0.0161326
0.0161303
0.0161313
0.0161296
0.016132
0.0161301
0.0161341
0.0161337
0.0161335
0.016132
0.0161301
0.0161298
0.016128
0.0161294
0.0161278
0.0161262
0.016126
0.0161241
0.016127
0.0161252
0.0161245
0.0161227
0.0161205
0.0161201
0.016123
0.0161213
0.016121
0.016121
0.0161195
0.0161177
0.0161175
0.0161171
0.0161169
0.0161151
0.016115
0.0161131
0.0161129
0.0161139
0.0161123
0.0161106
0.0161085
0.0161082
0.0161077
0.0161071
0.0161052
0.0161047
0.0161029
0.0161009
0.0161021
0.0161003
0.0161
0.0161011
0.0161005
0.0160989
0.0160973
0.0160996
0.016098
0.0160983
0.0160966
0.0160962
0.016096
0.0160954
0.0160935
0.0160961
0.0160958
0.0160955
0.0160967
0.0160979
0.0160973
0.0160985
0.0160968
0.0160946
0.016097
0.0160968
0.0160994
0.0161024
0.0161021
0.0161016
0.0160996
0.0161008
0.0161022
0.0161035
0.0161051
0.0161047
0.0161046
0.0161028
0.0161027
0.0161041
0.0161032
0.0161044
0.0161041
0.0161023
0.0161003
0.0160987
0.0160972
0.0160966
0.0160962
0.016096
0.0160954
0.0160937
0.0160917
0.0160945
0.0160928
0.0160912
0.0160908
0.0160906
0.0160886
0.0160865
0.0160847
0.0160876
0.0160918
0.0160913
0.0160895
0.0160888
0.016091
0.0160937
0.0160916
0.01609
0.0160883
0.0160865
0.016086
0.0160841
0.0160824
0.0160821
0.0160834
0.0160814
0.0160797
0.0160824
0.0160822
0.0160837
0.0160878
0.0160888
0.0160885
0.01609
0.0160944
0.0160928
0.0160956
0.0160935
0.016092
0.0160946
0.0160942
0.016093
0.0160927
0.016094
0.0160936
0.0160918
0.0160931
0.0160938
0.0160935
0.0160948
0.0160944
0.0160956
0.016097
0.0160951
0.0160948
0.0160931
0.0160926
0.0160923
0.0160934
0.016093
0.0160957
0.0160939
0.016092
0.016096
0.0160943
0.0160923
0.0160905
0.0160929
0.0160912
0.0160937
0.0160935
0.0160978
0.0160985
0.0160965
0.0160948
0.016099
0.0160987
0.0160983
0.0160965
0.0160975
0.0160976
0.0161001
0.0161014
0.0161041
0.016104
0.0161053
0.0161084
0.016108
0.0161063
0.0161049
0.0161061
0.0161046
0.0161074
0.0161071
0.0161064
0.0161047
0.0161028
0.016101
0.0161038
0.0161049
0.0161031
0.0161014
0.0160997
0.0160995
0.0161034
0.0161049
0.0161065
0.016106
0.0161072
0.0161084
0.0161066
0.0161059
0.0161071
0.0161067
0.0161064
0.0161074
0.0161059
0.0161056
0.0161082
0.0161076
0.0161062
0.0161045
0.0161071
0.0161068
0.0161065
0.0161063
0.0161088
0.01611
0.0161111
0.0161108
0.0161106
0.0161106
0.0161132
0.0161113
0.0161094
0.0161088
0.0161102
0.0161081
0.0161093
0.0161087
0.0161069
0.0161051
0.016106
0.0161037
0.0161049
0.0161046
0.0161028
0.0161041
0.0161038
0.0161037
0.0161051
0.0161033
0.0161017
0.0161029
0.0161009
0.0161005
0.0161028
0.0161055
0.0161067
0.016108
0.0161094
0.0161089
0.0161101
0.0161097
0.0161124
0.0161107
0.0161118
0.0161116
0.0161116
0.0161111
0.0161095
0.0161092
0.0161074
0.0161055
0.0161039
0.0161021
0.0161016
0.0161013
0.0161042
0.016104
0.0161037
0.016106
0.0161087
0.0161084
0.0161107
0.0161103
0.01611
0.0161095
0.0161079
0.0161092
0.0161098
0.0161123
0.0161105
0.0161086
0.0161085
0.0161082
0.0161066
0.0161065
0.0161059
0.0161057
0.0161037
0.0161051
0.016105
0.0161031
0.0161044
0.0161031
0.0161056
0.0161052
0.0161047
0.0161059
0.0161056
0.0161066
0.0161089
0.0161084
0.0161081
0.0161061
0.0161057
0.0161053
0.0161091
0.0161103
0.0161098
0.0161096
0.0161076
0.0161062
0.0161046
0.0161029
0.0161025
0.0161006
0.0161044
0.0161069
0.0161066
0.0161059
0.0161055
0.0161068
0.0161051
0.0161039
0.016102
0.0161005
0.0161016
0.0161002
0.0160987
0.0161
0.0160994
0.0160974
0.0160957
0.0160967
0.0160951
0.0160949
0.0160957
0.0160954
0.0160966
0.016096
0.0160971
0.0161
0.0161
0.0160982
0.0160966
0.0160963
0.0160974
0.0160985
0.0161011
0.016102
0.0161048
0.0161046
0.0161042
0.0161026
0.0161021
0.0161032
0.0161017
0.0160999
0.0160998
0.0161009
0.0160996
0.016101
0.0161037
0.0161062
0.0161061
0.0161061
0.0161055
0.0161084
0.0161082
0.0161067
0.016108
0.0161105
0.0161103
0.0161089
0.0161129
0.0161123
0.0161163
0.0161173
0.0161198
0.0161196
0.0161176
0.016116
0.0161157
0.0161184
0.0161208
0.0161192
0.0161189
0.0161174
0.0161186
0.0161211
0.0161196
0.0161176
0.0161157
0.0161154
0.0161164
0.0161146
0.016113
0.0161111
0.0161126
0.0161135
0.0161146
0.0161128
0.0161126
0.0161137
0.0161162
0.0161158
0.0161154
0.0161134
0.0161133
0.0161132
0.0161128
0.0161139
0.0161118
0.0161102
0.0161083
0.0161082
0.016111
0.0161092
0.0161086
0.0161097
0.016112
0.016112
0.0161106
0.0161102
0.0161097
0.016108
0.0161063
0.0161089
0.0161072
0.0161057
0.0161054
0.0161037
0.0161047
0.016103
0.0161024
0.0161024
0.0161006
0.0160989
0.0160972
0.0160972
0.0160984
0.0160966
0.0160962
0.0160962
0.0160988
0.0161015
0.0161025
0.0161009
0.0161021
0.0161019
0.016102
0.0161015
0.0161013
0.0161024
0.0161021
0.0161015
0.0161012
0.0160995
0.0161007
0.0161007
0.0161047
0.0161044
0.0161028
0.0161011
0.016102
0.0161031
0.0161014
0.0161041
0.0161037
0.0161037
0.0161036
0.016105
0.0161062
0.0161048
0.0161033
0.0161014
0.0160999
0.0161009
0.0161018
0.0161014
0.0161012
0.0160991
0.0160989
0.0160985
0.0160969
0.0160953
0.0160954
0.0160949
0.0160973
0.0160969
0.0160952
0.0160947
0.0160945
0.0160926
0.016091
0.0160907
0.0160936
0.0160933
0.0160929
0.0160911
0.0160897
0.0160878
0.0160859
0.0160842
0.0160827
0.0160823
0.0160833
0.0160827
0.0160823
0.0160808
0.0160795
0.0160795
0.0160807
0.0160807
0.0160848
0.016086
0.0160842
0.0160829
0.0160812
0.0160821
0.0160834
0.0160842
0.0160857
0.0160868
0.0160864
0.0160887
0.0160871
0.0160879
0.0160859
0.016087
0.0160883
0.0160898
0.0160936
0.0160919
0.0160932
0.0160933
0.0160916
0.0160913
0.0160925
0.016095
0.0160934
0.0160946
0.0160944
0.0160935
0.0160976
0.0160988
0.016097
0.0160968
0.0160966
0.0160947
0.0160929
0.0160954
0.0160937
0.0160964
0.0160964
0.0160948
0.0160957
0.0160944
0.0160938
0.0160921
0.0160906
0.0160931
0.0160928
0.0160925
0.0160923
0.0160903
0.0160899
0.0160878
0.0160858
0.0160841
0.0160825
0.0160839
0.0160851
0.0160848
0.0160832
0.0160813
0.0160808
0.0160788
0.0160767
0.0160763
0.016076
0.0160761
0.0160774
0.0160755
0.0160765
0.0160764
0.0160777
0.0160773
0.0160787
0.0160799
0.0160811
0.016081
0.0160808
0.0160792
0.0160817
0.0160811
0.0160823
0.0160834
0.0160832
0.0160813
0.0160823
0.0160821
0.0160818
0.01608
0.0160829
0.016081
0.0160824
0.0160819
0.0160817
0.0160801
0.01608
0.0160799
0.0160825
0.016085
0.0160846
0.0160829
0.0160828
0.0160812
0.0160811
0.0160818
0.0160804
0.0160787
0.0160797
0.016078
0.0160794
0.0160791
0.0160774
0.0160775
0.0160772
0.0160783
0.0160766
0.0160766
0.0160751
0.0160737
0.0160735
0.0160747
0.0160747
0.0160741
0.0160724
0.0160719
0.0160718
0.0160701
0.0160714
0.0160697
0.0160696
0.0160704
0.0160685
0.0160724
0.0160717
0.01607
0.0160699
0.0160683
0.0160681
0.0160676
0.0160662
0.0160647
0.0160641
0.0160639
0.0160636
0.0160664
0.0160676
0.0160659
0.0160654
0.0160635
0.016062
0.0160631
0.0160609
0.016065
0.0160661
0.0160696
0.016069
0.0160683
0.0160693
0.0160691
0.0160689
0.0160671
0.0160683
0.0160666
0.0160648
0.0160628
0.0160639
0.0160653
0.0160666
0.0160647
0.0160644
0.0160627
0.0160641
0.0160628
0.016061
0.0160595
0.0160578
0.0160562
0.0160588
0.016057
0.0160566
0.016056
0.0160588
0.0160586
0.0160598
0.0160625
0.0160633
0.0160614
0.0160654
0.0160636
0.0160647
0.0160646
0.0160628
0.0160666
0.0160649
0.0160659
0.0160685
0.0160683
0.0160736
0.0160733
0.0160719
0.0160732
0.0160713
0.0160708
0.0160691
0.0160718
0.0160702
0.0160701
0.0160683
0.016068
0.0160664
0.0160646
0.0160632
0.016064
0.0160621
0.0160634
0.0160618
0.0160616
0.0160614
0.0160612
0.0160608
0.0160593
0.0160593
0.0160579
0.0160563
0.0160588
0.0160572
0.0160584
0.0160581
0.0160567
0.0160574
0.01606
0.0160583
0.016057
0.0160564
0.0160557
0.0160552
0.0160536
0.0160534
0.0160562
0.0160545
0.0160546
0.016053
0.0160514
0.0160527
0.0160525
0.0160506
0.0160521
0.0160527
0.0160526
0.0160525
0.0160521
0.0160518
0.0160516
0.01605
0.0160483
0.0160478
0.0160463
0.0160482
0.0160477
0.0160476
0.0160474
0.0160454
0.016044
0.0160451
0.0160439
0.0160436
0.0160461
0.0160473
0.0160458
0.0160455
0.0160437
0.0160452
0.0160449
0.0160449
0.0160459
0.0160454
0.0160449
0.0160472
0.0160458
0.0160457
0.0160453
0.0160448
0.0160445
0.0160446
0.0160431
0.016044
0.0160424
0.0160407
0.0160402
0.0160385
0.0160395
0.0160392
0.0160391
0.0160401
0.0160414
0.0160397
0.0160408
0.0160392
0.0160389
0.0160375
0.0160372
0.0160382
0.0160364
0.0160347
0.016037
0.0160369
0.0160407
0.0160403
0.0160402
0.0160385
0.0160367
0.0160352
0.0160345
0.0160358
0.0160357
0.016037
0.0160378
0.0160362
0.0160358
0.0160352
0.0160365
0.0160352
0.0160377
0.0160361
0.0160346
0.0160329
0.0160341
0.016034
0.0160324
0.0160337
0.0160347
0.0160332
0.0160317
0.0160325
0.0160335
0.0160364
0.0160363
0.0160361
0.0160372
0.0160356
0.0160366
0.0160379
0.0160374
0.0160357
0.0160341
0.0160324
0.0160322
0.0160306
0.0160314
0.0160326
0.0160327
0.016031
0.0160292
0.0160303
0.0160303
0.0160303
0.0160298
0.0160296
0.0160293
0.0160332
0.0160318
0.01603
0.01603
0.0160298
0.0160281
0.0160264
0.0160304
0.0160305
0.0160289
0.0160288
0.0160269
0.0160279
0.016029
0.0160291
0.0160306
0.0160345
0.0160329
0.0160341
0.0160325
0.0160321
0.0160308
0.0160306
0.0160292
0.0160288
0.0160274
0.0160284
0.0160282
0.0160266
0.0160263
0.0160261
0.0160247
0.0160231
0.0160242
0.0160241
0.0160251
0.0160236
0.0160228
0.0160221
0.016023
0.0160215
0.0160199
0.016021
0.0160208
0.0160206
0.016019
0.0160173
0.0160158
0.0160221
0.0160219
0.0160202
0.0160184
0.0160181
0.0160162
0.0160201
0.0160187
0.0160196
0.0160193
0.0160207
0.0160205
0.0160202
0.0160202
0.0160189
0.0160173
0.0160174
0.0160161
0.0160172
0.0160158
0.0160154
0.0160161
0.016017
0.0160182
0.0160168
0.0160175
0.0160195
0.0160218
0.0160198
0.0160197
0.0160197
0.0160226
0.0160223
0.0160263
0.016026
0.0160244
0.0160229
0.0160213
0.0160211
0.0160209
0.0160222
0.016022
0.0160242
0.016025
0.0160259
0.0160259
0.0160245
0.0160255
0.0160267
0.0160279
0.0160302
0.0160298
0.0160293
0.0160275
0.0160259
0.0160259
0.0160246
0.01603
0.0160313
0.0160297
0.0160307
0.0160307
0.0160317
0.0160315
0.0160312
0.0160321
0.0160304
0.0160303
0.0160303
0.0160299
0.0160281
0.0160278
0.0160263
0.016026
0.0160269
0.0160266
0.0160263
0.0160275
0.0160275
0.01603
0.0160341
0.016035
0.0160362
0.0160348
0.0160343
0.016034
0.0160363
0.0160347
0.0160345
0.0160327
0.0160309
0.0160343
0.0160342
0.0160339
0.016035
0.0160364
0.0160348
0.0160358
0.016037
0.0160358
0.0160342
0.0160327
0.0160324
0.0160307
0.016029
0.0160304
0.0160288
0.016029
0.0160327
0.0160311
0.0160337
0.0160333
0.0160316
0.0160314
0.0160308
0.0160292
0.0160277
0.0160297
0.0160282
0.0160264
0.0160251
0.0160261
0.0160243
0.0160255
0.0160262
0.0160259
0.0160257
0.0160268
0.0160265
0.0160262
0.0160261
0.0160247
0.0160229
0.0160281
0.0160278
0.0160264
0.0160246
0.0160273
0.0160272
0.0160254
0.0160279
0.0160277
0.0160274
0.016027
0.0160267
