3.179681211055474746e-09	-1.175455821238687765e-17	3.581752526520813397e-16	1.000000000000000000e+00
6.359362422110949491e-09	9.382230251860388535e-17	3.162059992947788070e-16	1.000000000000000000e+00
9.539043633166424651e-09	-2.254356547655075109e-16	3.228688671948065927e-16	1.000000000000000000e+00
1.271872484422189898e-08	1.144168598959875969e-16	4.573376111824308967e-16	1.000000000000000000e+00
1.589840605527737497e-08	7.343733795668786045e-16	3.265923202704761215e-16	1.000000000000000000e+00
1.907808726633284930e-08	-1.863565332207596951e-16	4.515253900002676254e-16	1.000000000000000000e+00
2.225776847738832363e-08	1.007734059710132633e-15	6.630303674190714311e-16	1.000000000000000000e+00
2.543744968844379797e-08	-2.050502135500405583e-16	3.179366786983285277e-16	1.000000000000000000e+00
2.861713089949927230e-08	3.022860428017892410e-16	3.159422989106544250e-16	1.000000000000000000e+00
3.179681211055474994e-08	-3.861006043649367402e-16	3.158717899521139898e-16	1.000000000000000000e+00
3.497649332161022758e-08	-2.035201954691184879e-16	3.175860628841724194e-16	1.000000000000000000e+00
3.815617453266569860e-08	3.117797249271979597e-16	3.167325974543050813e-16	1.000000000000000000e+00
4.133585574372117624e-08	-4.957874185595548641e-16	3.215628959924275113e-16	1.000000000000000000e+00
4.451553695477664727e-08	-3.962174470960952060e-18	3.222294226150840257e-16	1.000000000000000000e+00
4.769521816583212491e-08	2.459509313704287018e-16	3.849827094619169917e-16	1.000000000000000000e+00
5.087489937688759593e-08	-1.319026906884876413e-16	3.602803639173015641e-16	1.000000000000000000e+00
5.405458058794307357e-08	-9.235000711256578757e-16	4.431219491678632052e-16	1.000000000000000000e+00
5.723426179899855121e-08	-1.585281255426671559e-16	3.195938222179378377e-16	1.000000000000000000e+00
6.041394301005402224e-08	5.368799831185385017e-16	4.421466980898465328e-16	1.000000000000000000e+00
6.359362422110949988e-08	7.785207395562072093e-16	4.051486270933460855e-16	1.000000000000000000e+00
