3.192848020434227285e-09	1.451582134655864826e-16	1.370285223315286956e-16	1.000000000000000000e+00
6.385696040868453743e-09	-5.191693849950421053e-18	6.241159155666618561e-17	1.000000000000000000e+00
9.578544061302680614e-09	-4.483616362600089475e-17	5.857563772665758984e-17	1.000000000000000000e+00
1.277139208173690749e-08	-2.197366241377872587e-17	5.718839391660126435e-17	1.000000000000000000e+00
1.596424010217113601e-08	1.208143760672551465e-17	7.109302474070629923e-17	1.000000000000000000e+00
1.915708812260536123e-08	7.471338654343139959e-17	1.085780148094183974e-16	1.000000000000000000e+00
2.234993614303958975e-08	3.197152183445347930e-15	1.355670885801967668e-15	1.000000000000000000e+00
2.554278416347381828e-08	-3.104292883276728397e-17	8.073035455745627245e-17	1.000000000000000000e+00
2.873563218390804350e-08	1.106139859265468416e-17	7.110650200741279230e-17	1.000000000000000000e+00
3.192848020434226541e-08	-5.852928211819369802e-18	3.036398536331154325e-16	1.000000000000000000e+00
3.512132822477649062e-08	1.440089140638453731e-16	5.601875526701779153e-17	1.000000000000000000e+00
3.831417624521072246e-08	-3.958579731446486219e-18	5.624090665974253841e-17	1.000000000000000000e+00
4.150702426564494767e-08	1.868954056536848289e-17	5.579171474119150248e-17	1.000000000000000000e+00
4.469987228607917289e-08	-1.611653135767256313e-18	5.576864715612637468e-17	1.000000000000000000e+00
4.789272030651340473e-08	2.794686485316131448e-18	5.574384881442649625e-17	1.000000000000000000e+00
5.108556832694762994e-08	-8.235213329974005385e-19	7.012340068620236580e-17	1.000000000000000000e+00
5.427841634738185516e-08	5.726157400156959365e-18	5.628159114610324348e-17	1.000000000000000000e+00
5.747126436781608038e-08	-6.248799305424099364e-18	5.575132596716147976e-17	1.000000000000000000e+00
6.066411238825031221e-08	7.896167309204381312e-18	5.572827968724015362e-17	1.000000000000000000e+00
6.385696040868454405e-08	5.777599507285269042e-17	5.569865510369448995e-17	1.000000000000000000e+00
