J0030+0451 58786.970625169146 59443.033126195616 14.26086956521739
J0125-2327 58596.25598178787 59484.04103347228 16.145454545454545
J0437-4715 58568.684423587576 59482.20819146653 14.967213114754099
J0610-2100 58595.46539042311 59482.21133407287 17.74
J0613-0200 58595.458530141615 59482.214570945536 21.11904761904762
J0636-3044 58617.44349146937 59482.226525734484 23.37837837837838
J0711-6830 58589.898556126886 59482.23568880089 16.830188679245282
J0900-3144 58589.93511771839 59482.23768247615 16.830188679245282
J0931-1902 58589.9444230018 59445.34122183513 25.147058823529413
J0955-6150 58568.80444177473 59482.24794793819 12.013157894736842
J1012-4235 58595.717677572626 59482.2498962509 15.543859649122806
J1017-7156 58557.20200849661 59482.255325536775 15.163934426229508
J1022+1001 58697.666394607 59482.255741718676 16.680851063829788
J1024-0719 58595.73391374122 59482.2589167858 18.081632653061224
J1045-4509 58575.97355892732 59482.267309469054 17.423076923076923
J1101-6424 58575.99458715371 59482.27722782741 15.620689655172415
J1103-5403 58589.91438472416 59482.28476979653 16.51851851851852
J1125-5825 58665.55967511411 59482.28820790857 16.0
J1125-6014 58589.90756538738 59482.29145533888 14.387096774193548
J1216-6410 58557.210582656284 59482.29493869888 17.12962962962963
J1327-0755 58855.2353156965 59482.32237947882 19.0
J1421-4409 58576.07162663736 59482.330229336396 17.423076923076923
J1431-5740 58550.25616922578 59482.33539845448 17.923076923076923
J1435-6100 58557.1743180872 59482.33896208663 16.517857142857142
J1446-4701 58550.261424820965 59482.34137544514 18.64
J1455-3330 58589.982860453936 59445.45511902244 17.8125
J1525-5545 58589.97160944733 59482.361014367256 16.21818181818182
J1543-5149 58557.21619442549 59482.36676431061 18.137254901960784
J1545-4550 58576.08786710279 59482.36967529399 15.894736842105264
J1547-5709 58617.190498577496 59482.37544863675 18.404255319148938
J1600-3053 58665.678184245866 59482.38003633097 17.0
J1603-7202 58550.2644342602 59483.67786825312 18.313725490196077
J1614-2230 58589.95760263838 59447.65851864328 17.510204081632654
J1629-6902 58550.269671972834 59483.686193060166 17.296296296296298
J1643-1224 58589.96104115728 59483.68877884914 17.192307692307693
J1652-4838 58595.85419168027 59483.69664082166 17.076923076923077
J1653-2054 58707.84242244521 59483.709411490934 21.555555555555557
J1658-5324 58557.22732979255 59483.72015319087 34.333333333333336
J1705-1903 58693.79030722105 59483.72360854355 22.571428571428573
J1708-3506 58590.00830979726 59483.73200975735 22.923076923076923
J1713+0747 58596.164301804136 59318.95134747792 18.53846153846154
J1719-1438 58596.240428945035 59483.74618278173 16.754716981132077
J1721-2457 58707.836748952206 59483.760988408394 35.27272727272727
J1730-2304 58665.725744089206 59483.773291923186 16.03921568627451
J1732-5049 58526.341405247855 59483.776954966816 15.206349206349206
J1737-0811 58596.16908859872 59483.78399709444 15.857142857142858
J1744-1134 58596.17732764471 59483.79100665578 17.076923076923077
J1747-4036 58557.232555800954 59483.79450560547 17.166666666666668
J1751-2857 58596.218720862664 59483.79936251411 17.076923076923077
J1757-5322 58526.35193296618 59483.812076204995 15.966666666666667
J1801-1417 58596.18190119463 59483.815540549454 17.076923076923077
J1802-2124 58550.172200807756 59483.81869707601 18.313725490196077
J1811-2405 58576.16300398901 59483.85768255851 12.788732394366198
J1825-0319 58596.15473941829 59483.86538102172 17.076923076923077
J1832-0836 58590.0102906343 59483.842394784886 27.9375
J1843-1113 58596.14464560949 59483.8458071904 17.076923076923077
J1903-7051 58557.35951775135 59483.89795978115 19.72340425531915
J1909-3744 58526.21059363629 59510.63995340742 7.086330935251799
J1918-0642 58596.24643640919 59442.92828929768 15.981132075471699
J1933-6211 58550.283229709734 59483.92078144855 13.154929577464788
J1946-5403 58617.23682329204 59483.92500779027 15.763636363636364
J2010-1323 58684.04101391858 59442.94050627059 15.18
J2039-3616 58617.23240838244 59483.93382707953 16.055555555555557
J2124-3358 58595.35457819448 59483.93849708452 15.875
J2129-5721 58576.192668348245 59483.94062276995 15.389830508474576
J2145-0750 58595.42103111259 59483.94649403091 16.77358490566038
J2150-0326 58684.0593673954 59483.94979555271 16.3265306122449
J2222-0137 58684.111128712 59483.95333299811 17.391304347826086
J2229+2643 58786.89398042548 59483.95900770808 15.152173913043478
J2234+0944 58786.94701335974 59483.965452351644 14.829787234042554
J2241-5236 58550.3628337157 59759.20197409865 14.925925925925926
J2317+1439 58786.963299721945 59484.00249144027 14.829787234042554
J2322+2057 58786.95719652569 59484.01003825961 19.36111111111111
J2322-2650 58596.253794934906 59484.01784153618 17.076923076923077
