-1.341578540042115545e-18	8.440243274525335837e-18	-1.589502217419868635e-01
-8.821671995022437927e-19	8.999473258699980335e-18	-9.802431477302676888e-02
7.991828568959982657e-19	8.420857214676142253e-18	9.490516660265377324e-02
4.785760375921705077e-19	8.620518052054857449e-18	5.551592545857417238e-02
-3.064214676290472861e-18	8.819768703417784442e-18	-3.474257408930742641e-01
-3.034082362363651267e-19	8.480039982770647727e-18	-3.577910444441487897e-02
-7.083558994161504843e-19	8.936593184046927823e-18	-7.926464647407975572e-02
8.278175590215055454e-19	8.518522758066131102e-18	9.717853465116950418e-02
-3.287252076155039972e-18	8.634062061907330388e-18	-3.807306517586996342e-01
-2.162730084749448314e-18	8.567988088340729314e-18	-2.524198286050933770e-01
9.807948892220660846e-19	8.580896565787591076e-18	1.142998149089150123e-01
-1.709586721968908425e-18	8.472952980653903639e-18	-2.017698818667314764e-01
-8.154403471961725754e-19	8.662419841699065377e-18	-9.413539889521567450e-02
-2.948580956640942493e-19	8.316799794869753514e-18	-3.545331172285504095e-02
-1.871519121899647338e-18	8.707312982079223107e-18	-2.149364707288546894e-01
-2.257076658199192478e-18	8.675100228919325151e-18	-2.601787412985729908e-01
4.651243664364249911e-19	8.337675809893611560e-18	5.578585412070129201e-02
-5.136628725254269551e-19	8.498282129023989622e-18	-6.044314188759700168e-02
-5.129321425541646522e-19	8.361333684379619832e-18	-6.134573285986760077e-02
-1.050986153734027618e-18	8.405273295284571654e-18	-1.250389031756575509e-01
-1.580023354678396136e-18	8.402971360662606158e-18	-1.880315053880899090e-01
-2.257182735534910032e-18	8.765546824062011937e-18	-2.575062093489470239e-01
1.541958172494839454e-19	8.428228067532959759e-18	1.829516429953690834e-02
-1.019092914640954251e-18	8.614245196659245339e-18	-1.183032165181664708e-01
-4.216904511359523458e-18	8.987901111298464623e-18	-4.691756683947667095e-01
1.152148294405998745e-18	8.437103057063624497e-18	1.365573333185030880e-01
5.302168568701073054e-19	8.522547918548119713e-18	6.221342043922866577e-02
-9.363594556646637889e-19	8.364239742496160164e-18	-1.119479455983675292e-01
4.223244225733535632e-19	8.792264390756146186e-18	4.803363545543164886e-02
6.132775548634477208e-20	8.394918912222972407e-18	7.305342210876125848e-03
-9.152636688914355121e-20	8.741474716688416625e-18	-1.047035767482228791e-02
-7.693100027034940681e-19	8.394451480512563448e-18	-9.164505917860402140e-02
-1.271559891498598642e-19	8.610741574544676680e-18	-1.476713568152620941e-02
-1.545399333816273538e-19	8.582276120849648388e-18	-1.800687034599020298e-02
-6.830478096597895173e-19	8.520762816930637950e-18	-8.016275353922339142e-02
-1.074849644038915275e-19	8.500366797563937163e-18	-1.264474427558760425e-02
-2.258768510531670786e-20	8.483733873280163045e-18	-2.662469785439341378e-03
9.624027963370692151e-19	8.657844457823652729e-18	1.111596311328271608e-01
-7.017725960769265066e-19	8.378548151393297891e-18	-8.375825780272282139e-02
-4.855276082283749926e-19	8.595537062458082842e-18	-5.648601183385831143e-02
-7.823960427504785551e-19	8.509780584772068560e-18	-9.194080093563714029e-02
-2.446177202701071343e-19	8.427127865972617544e-18	-2.902741291701933443e-02
-6.347040866767426876e-19	8.313257373972466401e-18	-7.634842254059207023e-02
-7.855991920997872667e-19	8.361359483319568308e-18	-9.395591633956326683e-02
8.811921571578408178e-19	8.512599840556913400e-18	1.035162199166866082e-01
9.676755134928793684e-20	8.464482599401784983e-18	1.143218740341280133e-02
3.594035634383917277e-19	8.535856042315079119e-18	4.210515754444647124e-02
-1.997821955415893446e-19	8.104201445239515071e-18	-2.465168183337092603e-02
-6.588327430084641833e-19	8.393344348939127538e-18	-7.849466382154772492e-02
1.221913491593713286e-18	8.388918415029623612e-18	1.456580492432168195e-01
3.783059458561413840e-19	8.552933772938996839e-18	4.423113236923220670e-02
-1.711326568275902161e-18	8.623096830424906644e-18	-1.984584659003041651e-01
-1.955783391618597437e-18	8.521456303106512739e-18	-2.295128111970266005e-01
-8.994356503869178360e-19	8.178324122387810960e-18	-1.099779902247639413e-01
-1.322083790063579039e-18	8.508838754999282429e-18	-1.553776993701757592e-01
-1.680880303918494441e-19	8.482934267391289511e-18	-1.981484532280133187e-02
-6.113994637895265877e-19	8.361399931961276222e-18	-7.312166249248105987e-02
9.783877566177009204e-19	8.425346348807874727e-18	1.161243367468371979e-01
1.162850331395031442e-18	8.444579120308480208e-18	1.377037641341387064e-01
-1.488059331167290080e-18	8.473994605285237634e-18	-1.756030538701530697e-01
-8.514188467866049305e-19	8.620405486383469213e-18	-9.876784196885869671e-02
-1.653370438994946581e-18	8.412864857983700330e-18	-1.965288242358866899e-01
1.032577082919668505e-18	8.549418680371752867e-18	1.207774611963171735e-01
-8.544126150519030382e-20	8.349751581775828073e-18	-1.023279084034960269e-02
-1.713531672345177749e-18	8.605688654797686058e-18	-1.991161592152048132e-01
-6.633930193405947948e-19	8.912680984712553961e-18	-7.443248787637271602e-02
-1.217532090856926925e-18	8.698534026387579798e-18	-1.399698026315081001e-01
3.440160924376928102e-19	8.805605829711547420e-18	3.906785053640789845e-02
-1.107797160438673723e-18	8.524060066798244140e-18	-1.299612100052666419e-01
1.421852249205295560e-18	8.564323396036096831e-18	1.660203828668338488e-01
-1.735538201169949020e-18	8.374450720526640656e-18	-2.072420340257022653e-01
-1.161444483919955873e-18	8.480706808559541664e-18	-1.369513780086955568e-01
-4.590317488667149341e-20	8.515972131842937633e-18	-5.390244845333659607e-03
-1.628497783937282037e-18	8.617301400726168790e-18	-1.889800191739899604e-01
-5.033264265640975840e-19	8.594426715518691004e-18	-5.856428162395713871e-02
-1.582905695661120518e-18	8.486578501138284368e-18	-1.865187125116216371e-01
-8.541490621520254539e-19	8.496047406136689559e-18	-1.005348747860180386e-01
-3.550347684555237725e-19	8.634812552757990186e-18	-4.111667349885023137e-02
1.150290792289638903e-18	8.760595564201875503e-18	1.313028074244213528e-01
2.221928598081191643e-19	8.636326418111889477e-18	2.572770516664838261e-02
-1.247727363716103601e-18	8.501042993411364643e-18	-1.467734447035664025e-01
-6.825597178839159517e-19	8.431694252854882697e-18	-8.095166848024742956e-02
-1.759658399364918606e-19	8.446603497534643286e-18	-2.083273353459197744e-02
-2.613688844822170411e-18	8.519563234557445675e-18	-3.067867181524523423e-01
-8.131195204720767364e-19	8.823899792951726991e-18	-9.214967752938137135e-02
-5.162041744253108044e-19	8.562986582909027925e-18	-6.028319318584583059e-02
-1.011404251104598547e-18	8.460331286289103981e-18	-1.195466485743519602e-01
9.635622616349681428e-20	8.590514305469845616e-18	1.121658409929471127e-02
-5.110168468605644719e-19	8.734926440440517665e-18	-5.850270753222198972e-02
1.435427421737081781e-20	8.723024638360301821e-18	1.645561581271544165e-03
-1.562856977002653285e-18	8.602943336916189128e-18	-1.816653807652387764e-01
-9.991732290559363375e-19	8.254865479533293255e-18	-1.210405222875208797e-01
-9.429849940738869002e-19	8.333805950510285390e-18	-1.131517819917737810e-01
-5.550289891803830030e-19	8.495340127842424179e-18	-6.533334520195892281e-02
4.961033848153528866e-19	8.612154830845565197e-18	5.760502389465797096e-02
-1.681575859801348779e-18	8.706559980247251721e-18	-1.931389508159794266e-01
1.147892776066940736e-19	8.487569430707013973e-18	1.352439924572518444e-02
-2.083213571366471325e-18	8.464134420657348914e-18	-2.461224583440255742e-01
-6.153968468986828033e-19	8.607723379038719769e-18	-7.149356685848891335e-02
-8.593831453078929776e-19	8.323936070617039634e-18	-1.032424009527728587e-01
-8.355991912142158362e-20	8.328212492077332198e-18	-1.003335580124937142e-02
1.355640738426416620e-18	8.605145606310025501e-18	1.575383846418990652e-01
4.486080218226968978e-19	8.486838107970866812e-18	5.285926467730811540e-02
-9.655138010075212207e-20	8.425030065133179092e-18	-1.146006356705219463e-02
1.725517951604309124e-19	8.485717640055302816e-18	2.033437859703594516e-02
1.271594006102299861e-18	8.661054454300682973e-18	1.468174588685197124e-01
-6.242894478973914351e-20	8.886303051947344497e-18	-7.025299995374168979e-03
4.745436238904792140e-19	8.378618472999553477e-18	5.663745466149529978e-02
-1.406101311530912698e-18	8.842260920047864213e-18	-1.590205632071872155e-01
-1.077046282756896233e-18	8.479207395494000397e-18	-1.270220472882002405e-01
-1.634601761259076073e-18	8.590057615244039627e-18	-1.902899648028306967e-01
-2.912290741653968709e-19	8.649056931562143243e-18	-3.367177213305690836e-02
-5.317623090860297890e-19	8.347487926134470802e-18	-6.370327382219727330e-02
-3.371013295552453360e-18	8.760991186072413092e-18	-3.847753323746569976e-01
-6.256749994324229995e-19	8.516907876182719281e-18	-7.346269426984229634e-02
1.851880736263504874e-19	8.642305013438348464e-18	2.142808814759400091e-02
-1.283942158734638793e-18	8.469419591225416874e-18	-1.515974199772606446e-01
-2.046402845428641942e-18	8.607104985515581716e-18	-2.377573933247496552e-01
-1.375006034674383169e-18	8.564404054558533889e-18	-1.605489449020700288e-01
-3.414096669569898227e-18	8.995460031761754760e-18	-3.795355276456328086e-01
-1.335449565024930375e-18	8.449344723960194072e-18	-1.580536252992418289e-01
-5.164556344084608110e-19	8.740083275018297883e-18	-5.909047066915727731e-02
3.658326273870267711e-20	8.506996218746774780e-18	4.300373692195200159e-03
-1.994398181081953991e-18	8.727553975925894760e-18	-2.285174272864202993e-01
2.667589531026615547e-19	8.590652480293677713e-18	3.105223424118096903e-02
4.645964016494252289e-20	8.550576719807307160e-18	5.433509538288724787e-03
-7.350810549591423645e-20	8.477911812425728323e-18	-8.670543775670846304e-03
4.287949936466279641e-19	8.732012189740299057e-18	4.910609196703158430e-02
-9.093063452292898242e-19	8.667469180974212706e-18	-1.049102484523729145e-01
-1.980704263398113405e-18	8.459163962436869860e-18	-2.341489386177499910e-01
4.619632135553663094e-20	8.420019879351980752e-18	5.486486019922791335e-03
-9.110128337052752477e-19	8.487546086019817832e-18	-1.073352444242796494e-01
-9.356508916462360813e-19	8.298703505856573674e-18	-1.127466345780310242e-01
-1.913903511661271337e-18	8.338782734846639349e-18	-2.295183328932805522e-01
-2.182783461483260035e-18	8.566159810906089966e-18	-2.548147022314746213e-01
8.070310602408359048e-19	8.586628497280845155e-18	9.398695430883040325e-02
5.010151574005134148e-19	8.613184367407931249e-18	5.816840044622078459e-02
-8.263514906100621861e-19	8.680006724770110705e-18	-9.520171087562701029e-02
-1.064197313324378087e-18	8.508552280480624084e-18	-1.250738407949542053e-01
-1.545029810634080924e-18	8.519747692005060537e-18	-1.813468974068256079e-01
-1.400539989468058842e-19	8.684105162155587336e-18	-1.612762585570087434e-02
-2.350518207988932635e-19	8.539021591420495652e-18	-2.752678609397819429e-02
-7.621864204343553240e-19	8.806416864578416782e-18	-8.654898265150919034e-02
5.351346049231144958e-19	8.266304005126411097e-18	6.473686481784927949e-02
-4.751139017390631749e-19	8.263119704855961316e-18	-5.749812645941151240e-02
3.582501404540861437e-19	8.493083533398647654e-18	4.218139843382965465e-02
-1.404536936884751369e-18	8.475545978537812609e-18	-1.657163963762792180e-01
-6.302585488860675259e-19	8.388649493881218778e-18	-7.513230220737981968e-02
3.296958366122598739e-19	8.545060961930196579e-18	3.858320474027217284e-02
-2.139317186305609736e-18	8.492782888926217298e-18	-2.518982545868535539e-01
-1.527605216218876006e-18	8.459073902121638201e-18	-1.805877610119630272e-01
-2.030691041742616852e-18	8.548535439193808719e-18	-2.375484147181737837e-01
5.197704637434845786e-19	8.438008370158214863e-18	6.159871393132296258e-02
1.387541917794365494e-18	8.987832317385539391e-18	1.543800405700032075e-01
-1.321175233192738993e-18	8.949529055021044908e-18	-1.476251124579015250e-01
-1.785135120287869029e-18	8.412585216071076381e-18	-2.121981619725665513e-01
-1.952899725300206106e-18	8.614847852251400945e-18	-2.266899844075407622e-01
-1.679605277074579909e-18	8.645797892374611301e-18	-1.942683946563164565e-01
-1.503039320324875008e-18	8.598935620768506463e-18	-1.747936473317316108e-01
-1.018321773989049025e-18	8.475328028518421897e-18	-1.201513110244846333e-01
-1.215041023179219483e-18	8.388712837489329199e-18	-1.448423669659040236e-01
-2.782681542771899624e-18	8.633951166962094441e-18	-3.222952607630976685e-01
6.478997892301186475e-19	8.350786414435229640e-18	7.758548202240622693e-02
-1.048342954393483799e-18	8.705831739660116455e-18	-1.204184718638281471e-01
6.900600663428377136e-19	8.349372351922859374e-18	8.264813656129696429e-02
-2.238234383917199445e-18	8.668991597380674990e-18	-2.581885515488882565e-01
-1.642463467431238532e-18	8.717878296015884272e-18	-1.884017431376454055e-01
-6.605886691784102396e-19	8.540884388952331942e-18	-7.734429352923735679e-02
-2.872486439831874283e-18	8.451664990958485767e-18	-3.398722551006025383e-01
1.720021395113836363e-20	8.381962140433287042e-18	2.052051018957386491e-03
-2.606704161425348168e-19	8.297920999524121313e-18	-3.141394286080622517e-02
-1.653684955535270042e-19	8.606266156446997792e-18	-1.921489442081088933e-02
2.204988219969240707e-18	8.891191173125063511e-18	2.479969418084432553e-01
-5.458173891981521947e-19	8.393785729506371664e-18	-6.502636674170274300e-02
-1.386883811290101553e-18	8.506882062509687970e-18	-1.630308027193861364e-01
-3.676652290792808571e-19	8.577396917357196904e-18	-4.286442992223835763e-02
-4.553410028697457905e-19	8.834835292771081771e-18	-5.153927467581868871e-02
1.715551553463010200e-19	8.822887851993119576e-18	1.944433140533982293e-02
3.445414306597631795e-19	8.390890778498688024e-18	4.106136520602036988e-02
-4.088726050247825380e-19	8.440026805542459313e-18	-4.844446758821678578e-02
-8.770081443212224392e-19	8.432273395446356279e-18	-1.040061325329927344e-01
-2.160712638730586075e-18	8.706104331222916929e-18	-2.481836371959808829e-01
-1.493047732450742866e-19	8.539461829180661974e-18	-1.748409633202841623e-02
-3.762336884576308308e-18	8.545105257550358963e-18	-4.402914617408544840e-01
-2.403322513854422751e-18	8.694307924302690921e-18	-2.764248212484579637e-01
4.508027924790147296e-19	8.821308560014364352e-18	5.110384580836844354e-02
-3.112417758058520658e-18	8.868859859562022121e-18	-3.509377538199395796e-01
-2.168129092079706098e-18	8.465934075597635361e-18	-2.561003986942399502e-01
4.088127454125617232e-20	8.379693946732370778e-18	4.878611892167931258e-03
-9.060567023001684166e-19	8.530961941053589478e-18	-1.062080347516201340e-01
1.470775691007385151e-19	8.491446833816812488e-18	1.732067243417324126e-02
-4.225264961387855910e-18	8.944222604029664791e-18	-4.724015879797351936e-01
-7.606418329001364915e-19	8.411592892737172486e-18	-9.042779918140093909e-02
-8.382539101106025685e-19	8.824679313030553557e-18	-9.498973054724309251e-02
-3.766024410637472665e-19	8.467267537255047944e-18	-4.447744675678876047e-02
-1.658224413277887889e-18	8.680247021328629140e-18	-1.910342423669959266e-01
9.748220514180443714e-19	8.545578561084329374e-18	1.140732654260861872e-01
-1.093563415728944069e-18	8.418494462500311181e-18	-1.299001170102514202e-01
-4.350062772930726998e-19	8.577652890581992654e-18	-5.071390540536988012e-02
-7.807821910381879619e-19	8.627052131494453580e-18	-9.050393797758748970e-02
2.100632523384258115e-19	8.556270543274420408e-18	2.455079596607007142e-02
-9.889038652188483733e-19	8.575938428612266219e-18	-1.153114464907451509e-01
-1.429183484379289738e-18	8.470198973238647514e-18	-1.687308041870981268e-01
-5.713229120897094992e-20	8.408872241386902382e-18	-6.794286982715286825e-03
-7.905455349161638605e-19	8.506641264262644597e-18	-9.293274635164579245e-02
1.977630617116373522e-19	8.680400680962420021e-18	2.278271118813271490e-02
2.549233925582742416e-19	8.669297114115862515e-18	2.940531270328627933e-02
-7.964833744898092045e-19	8.467053140330182957e-18	-9.406854560720867564e-02
-6.898546812408471420e-19	8.839378551808267225e-18	-7.804334628249673389e-02
-7.836961209271568458e-20	8.356467941588780798e-18	-9.378317806101174256e-03
-3.681956087229960082e-19	8.809726984960789892e-18	-4.179421329986138939e-02
-6.093558569191085053e-19	8.420038177722656502e-18	-7.236972612918950165e-02
1.908463780700780204e-19	8.284125465560956342e-18	2.303760111595013621e-02
-5.921475537767753394e-19	8.297200910255703202e-18	-7.136714660541183808e-02
-1.075630362133018698e-18	8.749818900689310917e-18	-1.229317285696370776e-01
-2.759152440406665794e-18	8.594630059677316390e-18	-3.210321353273299372e-01
-3.343037970914439756e-19	8.648565211277549104e-18	-3.865424945348377300e-02
9.165673661336045377e-19	8.708079716210442908e-18	1.052548203511937674e-01
2.768672668475345552e-19	8.525368485445628847e-18	3.247569501778109491e-02
-1.093260039361779558e-18	8.501738818182222506e-18	-1.285925223936169037e-01
1.483759284722793394e-18	8.626957803608998624e-18	1.719910214585816111e-01
-1.217923435266441173e-18	8.498781055467675859e-18	-1.433056608138989774e-01
1.887649939043485379e-18	8.479359504827141812e-18	2.226170429463311951e-01
-6.464832670679235627e-19	8.390117810304254601e-18	-7.705294272196636096e-02
-7.202174940195526058e-19	8.313670895925347555e-18	-8.663050330420726808e-02
-3.271078663245575694e-18	8.530582414836126621e-18	-3.834531458903223666e-01
-2.213674434252981564e-18	8.724362197525470154e-18	-2.537348156958517675e-01
1.058238788103803494e-18	8.556833965776074813e-18	1.236717683592245542e-01
6.780602636915478990e-19	8.835139094995840762e-18	7.674585045023188390e-02
-1.714834792004680287e-18	8.519597930363277323e-18	-2.012811879176978347e-01
-7.003162279817203072e-19	8.135395824505201575e-18	-8.608262499929607292e-02
-8.762960632936524321e-19	8.421742820642474764e-18	-1.040516294496394850e-01
-4.646883425528624380e-19	8.701525552789935595e-18	-5.340308888754240202e-02
-8.717695775444531689e-19	8.615212392195221899e-18	-1.011895630494513698e-01
-8.303984365109566071e-19	8.479309763646417242e-18	-9.793231520696969727e-02
4.905242311707061277e-19	8.476839795069251773e-18	5.786640340378153280e-02
-2.231840238519661346e-18	8.524408288323395960e-18	-2.618176139658633939e-01
-1.553550418655963876e-19	8.396284433794290409e-18	-1.850283218614013486e-02
-2.830620679792960107e-19	8.385491032585047878e-18	-3.375617085264888406e-02
-1.976164798760302019e-18	8.841249785850357353e-18	-2.235164537397167361e-01
-5.303948438463614484e-19	8.394538425240434687e-18	-6.318332432091643136e-02
-2.084433688219566600e-18	8.396490561651643698e-18	-2.482505843262146350e-01
-1.787263328060404244e-18	8.816591438189332300e-18	-2.027159067753575572e-01
-3.754262690708410202e-19	8.493013140460220952e-18	-4.420413142684686408e-02
-1.428293574050690793e-18	8.590493948484329609e-18	-1.662644293350201141e-01
-7.482538538756183277e-19	8.523718087471078116e-18	-8.778491336726265692e-02
-1.967116726517729878e-19	8.563994795010456425e-18	-2.296961609159091020e-02
-1.271574656417650021e-18	8.727986714283311797e-18	-1.456893437219288767e-01
3.221435280481622654e-20	8.569454010607069807e-18	3.759207151930806130e-03
1.324909387160003719e-18	8.532698837766978252e-18	1.552743642252742140e-01
6.538026097653133839e-19	8.419201573004367384e-18	7.765612975245654581e-02
1.032357331154175296e-19	8.394190116767235732e-18	1.229847450193034125e-02
1.276144029337443155e-18	8.783560941891939286e-18	1.452877753999584076e-01
-1.166430616311585257e-18	8.330051386039751422e-18	-1.400268212350279651e-01
-2.707077136343366426e-20	8.424966308824740785e-18	-3.213160785590127733e-03
-1.755256839627573572e-18	8.677938401021449222e-18	-2.022665705279687864e-01
8.049588031888618313e-20	8.455172706697556088e-18	9.520311779690007054e-03
-3.519511380562620766e-19	8.488252451969423215e-18	-4.146332122516022123e-02
-5.236074413003524141e-19	8.417682252795243196e-18	-6.220327942724128423e-02
-3.625212625646601392e-19	8.505313905484870706e-18	-4.262291393276843032e-02
-5.885632951321054049e-19	8.496531842366614552e-18	-6.927100445823405894e-02
-1.249286639415994219e-19	8.438230344865802216e-18	-1.480507865225694220e-02
-6.817878083398752667e-19	8.325144093154543385e-18	-8.189501595539758205e-02
3.530697376120825312e-19	8.715713008364961224e-18	4.050956442384250067e-02
2.675486309155228655e-20	8.402316851870333644e-18	3.184224489891347362e-03
-1.971385582788166784e-19	8.362208182654158259e-18	-2.357494025175597280e-02
-1.706114843703270527e-19	8.614426923549851948e-18	-1.980532029401917485e-02
-1.491499948197758577e-19	8.389024278823510603e-18	-1.777918263942524640e-02
-1.158885660347752777e-18	8.497312403355375826e-18	-1.363826119762453215e-01
3.224789604196933403e-19	8.380154937495334865e-18	3.848126470512203134e-02
-9.809593952655381502e-19	8.629050684581769975e-18	-1.136810329574605982e-01
-1.044297138983998175e-18	8.829765631755825427e-18	-1.182700858138560351e-01
5.102487085809580060e-19	8.689512120710140036e-18	5.872006408332836741e-02
1.511729565538083351e-18	8.561908905417145270e-18	1.765645467895141374e-01
-1.467833412762567463e-18	8.523821123381503116e-18	-1.722036855907483066e-01
1.315820044587429690e-18	8.694795304085299517e-18	1.513342176059261635e-01
-1.062019772640404540e-19	8.642336158659746616e-18	-1.228857282502538763e-02
-4.789129319572423284e-19	8.646708481268473230e-18	-5.538673276596758205e-02
-1.627868509792899238e-18	8.521706264495721567e-18	-1.910261230870094473e-01
-6.495758714521698438e-19	8.308106793851180638e-18	-7.818578739658475774e-02
7.268638773128758225e-19	8.687087938988450140e-18	8.367175311425636974e-02
-1.502322959859330942e-18	8.639439932661456628e-18	-1.738912442900134858e-01
-1.946372048959706543e-18	8.491614097687904225e-18	-2.292110812583516288e-01
-1.747683299684468211e-18	8.504908449684617779e-18	-2.054911360920382846e-01
-2.263474788273282341e-18	8.670600597467352905e-18	-2.610516725836078966e-01
-1.632270292532477493e-18	8.508662398631382002e-18	-1.918362976529693065e-01
-7.110857730369894006e-19	8.391637391748235916e-18	-8.473742844706597110e-02
4.103488011535396834e-19	8.437231237364978801e-18	4.863548119154017385e-02
-2.585792119515298895e-19	8.348579507601103539e-18	-3.097283935741429114e-02
-1.493960912461517320e-18	8.538077236889389039e-18	-1.749762705362689352e-01
-2.105231006574677686e-18	8.723886385034192614e-18	-2.413180219983374342e-01
-4.390224075993180987e-19	8.369892854321710674e-18	-5.245257200307328754e-02
-8.507251120297124980e-19	8.554150606103704388e-18	-9.945173415846671194e-02
-5.890475340353868312e-19	8.407922443389499048e-18	-7.005863077370670655e-02
-3.095529437693220936e-19	8.458713075615930152e-18	-3.659574937725165039e-02
-2.167502690347671504e-18	8.578437012695051666e-18	-2.526687189216437757e-01
-8.376504478449904717e-19	8.564048055245706926e-18	-9.781010597341374679e-02
-4.081595530351364579e-18	8.981808022814814360e-18	-4.544291661526997372e-01
-5.242744716148145025e-19	8.462750426895520013e-18	-6.195083692278275517e-02
-6.030768347434257671e-19	8.219214999325709342e-18	-7.337401866150249086e-02
-1.154605961332687506e-18	8.630591908194651415e-18	-1.337806228836288525e-01
-5.750047758587702574e-19	8.460995413842215623e-18	-6.795947140191810343e-02
-1.388673781583684038e-18	8.458310792384069366e-18	-1.641786186000704917e-01
-9.591643994212998788e-19	8.460364613525886208e-18	-1.133715204056158082e-01
-2.888768532036480642e-18	8.549153725997811273e-18	-3.379011098200037644e-01
3.542457177743832406e-19	8.318182865734595097e-18	4.258691152771370420e-02
-1.758538901182487977e-19	8.178786962686458703e-18	-2.150121905858844509e-02
-3.135665139321375382e-18	8.560848281054201199e-18	-3.662797232677090231e-01
-9.630654611272807513e-19	8.602451834430598168e-18	-1.119524386376325037e-01
-1.171045507286714058e-18	8.490967158068029740e-18	-1.379166219214496281e-01
-1.366180983060874649e-18	8.614246883531913569e-18	-1.585955222240773566e-01
-1.061339651482491418e-18	8.616927559491238370e-18	-1.231691509711560356e-01
-1.136638158545153720e-18	8.528995370985661319e-18	-1.332675314154610768e-01
1.082629862448391551e-18	8.649956604803921290e-18	1.251601495719796009e-01
1.408252551250022551e-20	8.614713850830721709e-18	1.634706126790530642e-03
-1.027348316247994798e-18	8.560042700959153184e-18	-1.200167279694621530e-01
-6.655650295976167458e-19	8.504730205076582567e-18	-7.825821790329486050e-02
-1.622934801376205256e-18	8.548827406062642136e-18	-1.898429719408366301e-01
-8.891572492345978145e-19	8.458165436946633731e-18	-1.051241260132623062e-01
3.339175822633177248e-19	8.772181127302079070e-18	3.806551385767104750e-02
1.750852808932065984e-19	8.582865393078416792e-18	2.039939727289708307e-02
-2.549008117700261512e-18	8.841633658173187993e-18	-2.882960566166370975e-01
-1.386146782706206626e-18	8.638933811379855338e-18	-1.604534555966002918e-01
-2.531596976508483366e-18	8.536151323383474857e-18	-2.965735822388202436e-01
-6.143286325566443710e-19	8.614108377935517655e-18	-7.131656645163735042e-02
-1.389146497837476702e-18	8.384850761910562193e-18	-1.656733718085815210e-01
-1.075850357929303414e-18	8.388938524497254757e-18	-1.282463037233639302e-01
-6.724143800223452501e-19	8.365741035130475308e-18	-8.037714497719423978e-02
-1.112075115860979631e-18	8.491567631262217601e-18	-1.309622868416908115e-01
-7.866529436207760777e-19	8.579517438935836175e-18	-9.168964912301044712e-02
-1.147841565372102154e-18	8.622951432979345907e-18	-1.331146967825965755e-01
6.474570150427567483e-19	8.662950781908150787e-18	7.473862328698861746e-02
6.189517795949227654e-19	8.623283614344431937e-18	7.177680884406088813e-02
-7.364089905222222997e-19	8.422474745655942580e-18	-8.743380214966388342e-02
-4.962353801669235393e-19	8.537858393592205017e-18	-5.812176277593873730e-02
-9.781570904200586759e-19	8.473817500127869669e-18	-1.154328719500152395e-01
-4.644397177517033844e-19	8.485487534763952979e-18	-5.473341582896133067e-02
-3.679132972012020415e-19	8.311154995265786609e-18	-4.426740897152963566e-02
8.156885513499347241e-19	8.376864382395893723e-18	9.737397122772054048e-02
-1.508323578919660958e-19	8.452669568177453151e-18	-1.784434570349450674e-02
7.633162588364823180e-19	8.670466985606662073e-18	8.803634914977696846e-02
6.680660964597786377e-20	8.659197551980041644e-18	7.715103997217575074e-03
3.317344179712013045e-19	8.508380145590767227e-18	3.898913921272235267e-02
-1.481152600342504082e-18	8.383344952706752095e-18	-1.766779977083348385e-01
-1.495474022681832028e-18	8.618083888516422462e-18	-1.735274385846426737e-01
-1.474631357912306534e-19	8.544133986346114474e-18	-1.725899149368244345e-02
3.532612477498133880e-19	8.526345576812004922e-18	4.143172999116200017e-02
-2.668043685544694356e-19	8.772982160188414781e-18	-3.041204959531564403e-02
-1.298454170172248766e-19	8.297006427356489895e-18	-1.564967053527942589e-02
-1.941807467652360434e-18	8.739801854235597040e-18	-2.221798045354193285e-01
-1.104316202200596027e-19	8.492532875822481485e-18	-1.300337859561886793e-02
-1.162603662303425726e-18	8.650069221097197904e-18	-1.344039721055501624e-01
-1.977878669585914369e-19	8.505746434703535166e-18	-2.325344030379448632e-02
-2.671007344608427525e-18	8.372505607481058372e-18	-3.190212667306918104e-01
-2.227244931233100901e-18	8.716006854122501084e-18	-2.555350137408000655e-01
4.654497311282715423e-19	8.644426203726420689e-18	5.384391284728955868e-02
-1.892733604214868068e-19	8.506413228163517916e-18	-2.225066609682560190e-02
-9.972122832948590089e-19	8.584869654839174552e-18	-1.161592806167702219e-01
-4.445109032862101406e-19	8.498780852477536289e-18	-5.230290214585634617e-02
-7.626737647358848293e-19	9.036816098462553097e-18	-8.439629139577595196e-02
-1.549781558099720847e-18	8.843713187813911746e-18	-1.752410469660214409e-01
-1.435086183257745711e-18	8.623785089553560628e-18	-1.664102442668869697e-01
-5.694664377125983492e-19	8.344635755332470293e-18	-6.824341462102673228e-02
-2.587170534104859672e-19	8.755138125604436741e-18	-2.955031088017525537e-02
-1.395510336416804217e-18	8.480528423392677117e-18	-1.645546440912137587e-01
1.072245980905555193e-18	8.802679601462220507e-18	1.218090433198822237e-01
-1.452954174714146894e-18	8.446664668483846993e-18	-1.720151363573603487e-01
-1.348749310336864142e-18	8.486870904353531275e-18	-1.589218600750711141e-01
-3.123306595614557472e-18	8.685682444099108375e-18	-3.595925381472441784e-01
-1.394345261631033198e-18	8.415743022194286896e-18	-1.656829655983812766e-01
6.182491800100283783e-19	8.401432469698536215e-18	7.358854364893950561e-02
1.796078781324946482e-19	8.697972151566878725e-18	2.064939677924118588e-02
-1.745186141252201250e-19	8.320094674920704138e-18	-2.097555628198225983e-02
3.385349031192637235e-19	8.711914441064923307e-18	3.885884157947286366e-02
-1.777002185755373106e-18	8.874448948191717492e-18	-2.002380312433325871e-01
4.157224153291501128e-19	8.683755789216390656e-18	4.787357284337728780e-02
-1.375016778507197024e-18	8.809264611224635396e-18	-1.560875781566568865e-01
3.771211542969881341e-19	8.453670103194203706e-18	4.461034671254720391e-02
-2.056361356906135726e-18	8.643086521545422496e-18	-2.379197930947530570e-01
-1.811291671688933154e-18	8.446496180446960970e-18	-2.144429634481981872e-01
-2.428076403820268563e-18	8.822652974876333127e-18	-2.752093288418501760e-01
-7.557688042931177275e-20	8.438923793392630865e-18	-8.955748657013078845e-03
-7.931994205217038334e-19	8.884804080060941944e-18	-8.927596077236890637e-02
-9.120434062634991175e-19	8.331197937875034564e-18	-1.094732609961402564e-01
2.034681030315198683e-19	8.500717460500566287e-18	2.393540356763470406e-02
-6.587188093063441677e-19	8.631930158673243806e-18	-7.631187894221695689e-02
-2.061162460431201595e-18	8.618767588722248086e-18	-2.391481658152907197e-01
-7.789606408958393241e-19	8.432631147975277010e-18	-9.237456580593736422e-02
1.105472387638556090e-18	8.687693123141138724e-18	1.272457914856526817e-01
-9.707891629186324027e-19	8.518745685165880677e-18	-1.139591670883092905e-01
-1.044722234972815895e-18	8.751243519999497144e-18	-1.193798609975003783e-01
-3.559307083039851154e-18	8.723839558222257865e-18	-4.079977697073977616e-01
3.717550933967311322e-19	8.866846950952206376e-18	4.192641369058575096e-02
-9.385835369754977119e-19	8.569220022891239778e-18	-1.095296344904470448e-01
-2.840270647896893569e-18	8.658931906052706662e-18	-3.280162817669818320e-01
-9.998955652409395091e-19	8.426629021135382469e-18	-1.186590228112612555e-01
1.199551038848354684e-18	8.752144274610261784e-18	1.370579598794115506e-01
-1.007668634377606877e-18	8.413122968046876143e-18	-1.197734346930078436e-01
-6.581268362908262640e-19	8.354675838619703306e-18	-7.877347356178897309e-02
-8.404028461917466389e-19	8.425184324918455317e-18	-9.974889732752294236e-02
-8.732353897899582665e-19	8.716909903979932217e-18	-1.001771728065308925e-01
-5.064250329708630077e-19	8.538098089222775569e-18	-5.931356464621771046e-02
-2.286303162989286061e-18	8.473082023385684015e-18	-2.698313502311314172e-01
-3.511535175427797925e-19	8.346046066707681292e-18	-4.207423667879436890e-02
-5.208305609064518218e-19	8.546982859782828971e-18	-6.093735876752251479e-02
-4.667080533195328021e-20	8.369056077963648200e-18	-5.576591302194880764e-03
-2.035576962445290758e-18	8.616102546445177520e-18	-2.362526387624212798e-01
3.230304687495850474e-19	8.661793362406134137e-18	3.729371681291775154e-02
1.307613695811557558e-18	8.713360452595399370e-18	1.500699647312382368e-01
-1.531634153205345436e-18	8.737974047601566093e-18	-1.752848137178611154e-01
-9.582034937873302347e-19	8.800797714881868611e-18	-1.088768910308026555e-01
4.523601410542784491e-19	8.425193793182518684e-18	5.369136332749026297e-02
-5.703102555013781183e-19	8.640969234881288622e-18	-6.600072746459825779e-02
-1.810558286418717203e-18	8.471781840556769069e-18	-2.137163492278652266e-01
-9.293567294799345897e-19	8.371493368537356085e-18	-1.110144497005447900e-01
-2.086515916331068072e-18	8.366458976917517875e-18	-2.493905632105077319e-01
4.218668719189051597e-19	8.409439492897141941e-18	5.016587279987283488e-02
9.307439972897471024e-19	8.507949496069676675e-18	1.093969819308063113e-01
5.845066886842041137e-19	8.574014488864121136e-18	6.817188021356365701e-02
-2.060621098539590984e-19	8.379260172501222609e-18	-2.459192167468518195e-02
1.141992892557421579e-18	8.695118228529920956e-18	1.313372472395349655e-01
-3.342381992087677697e-18	8.775509984653346414e-18	-3.808760969941178409e-01
-8.847778235158261005e-19	8.337087574472029393e-18	-1.061255283229836088e-01
-2.187463667222813475e-18	8.461350119673975733e-18	-2.585241877814055678e-01
-2.105084948516182934e-18	8.351786188077452562e-18	-2.520520642064910111e-01
1.790698242054168026e-19	8.341971503449759645e-18	2.146612753728106490e-02
-3.367318112100113333e-19	8.586589917678471549e-18	-3.921601176233328184e-02
-1.100999735764279740e-18	8.700181394291674110e-18	-1.265490552285108705e-01
6.999703763488632189e-19	8.444077397807376696e-18	8.289483188899006427e-02
2.968928661157453013e-19	8.298389335469764874e-18	3.577716760609647023e-02
-9.726100159184163680e-19	8.434538789929757060e-18	-1.153127681479921562e-01
-5.692410664806948814e-19	8.364728658937509464e-18	-6.805254416381750771e-02
-5.721046095319863640e-19	8.460612933300262866e-18	-6.761975923520040233e-02
-1.765381608815912031e-18	8.579972678803637378e-18	-2.057560874496946468e-01
1.643477453278719171e-19	8.597563385096606424e-18	1.911561892207267951e-02
1.445394885637359369e-19	8.209388927400215296e-18	1.760660748832487341e-02
-8.048922670860246060e-19	8.361990279976342710e-18	-9.625606346534784641e-02
1.656173916033156329e-18	8.800752100218885179e-18	1.881854979180660470e-01
-5.125805709345125715e-19	8.307184394687371758e-18	-6.170328556355619137e-02
-4.394574997326389360e-19	8.552611612395683062e-18	-5.138284300151237105e-02
-4.441765878412659296e-19	8.597157132759665268e-18	-5.166551930855384916e-02
-1.279517105232259604e-18	8.627543184145314432e-18	-1.483060794854792475e-01
-1.521540974172603220e-18	8.774308071938552790e-18	-1.734086564658814666e-01
1.366439430426452023e-18	8.668137944719747058e-18	1.576393268243761192e-01
-2.218069245011808469e-19	8.564754225930395139e-18	-2.589764033504251758e-02
2.234118061573492749e-19	8.609048842147418456e-18	2.595081178580257997e-02
-8.263412404829735322e-19	8.633252189098797133e-18	-9.571610123081938926e-02
4.087837299774170659e-20	8.406926044898168586e-18	4.862463732811016758e-03
-2.902653848038986059e-20	8.407060340886047208e-18	-3.452638294889490492e-03
1.250604603924639107e-18	8.801398260755854695e-18	1.420915821410902169e-01
-2.174712997762245705e-18	8.421901684418660466e-18	-2.582211333321162705e-01
1.280531142479360444e-18	8.453581780397300794e-18	1.514779386707699460e-01
-3.460284991244288942e-19	8.415228043052301064e-18	-4.111932527011119554e-02
-9.788866031080404377e-19	8.699793911153279028e-18	-1.125183668837363704e-01
-1.076757519772701010e-18	8.495606334101257777e-18	-1.267428688933725511e-01
1.013951608805906926e-18	8.554350263667993294e-18	1.185305227811817158e-01
-9.430099834356458914e-19	8.326739552639902938e-18	-1.132508081313381293e-01
-2.561432100721915878e-18	8.641152469865315416e-18	-2.964225095731749526e-01
9.802416055120492317e-19	8.290957475019838104e-18	1.182302054335049868e-01
-6.900391104655313833e-19	8.753173150863303194e-18	-7.883302415849897937e-02
-4.877138904101193460e-20	8.634869872041549791e-18	-5.648190391256107355e-03
-2.013544885489025436e-18	8.687490021470104919e-18	-2.317752170664699740e-01
-1.915817769350893251e-18	8.458274885814627839e-18	-2.265021881192240683e-01
-1.000379355906193544e-18	8.592594260969590192e-18	-1.164234369182597095e-01
1.199836883710847544e-18	8.516248685387134872e-18	1.408879576015228674e-01
-1.983566052190802545e-18	8.579921103690404818e-18	-2.311869804184596700e-01
7.913174544328015312e-19	8.488654761489870290e-18	9.322059580308753035e-02
-3.943236627319380360e-19	8.871997126048831705e-18	-4.444587358737695643e-02
-1.027454969471243529e-18	8.592424767102629678e-18	-1.195768362622163378e-01
5.645479430942825655e-19	8.524090938405147839e-18	6.622969501072792364e-02
-1.680900436013124041e-18	8.706596368640549656e-18	-1.930605675103301277e-01
-4.873282263914461264e-19	8.421156717297087316e-18	-5.786951160646044284e-02
-1.236196905894435426e-18	8.381645885078251088e-18	-1.474885628484045863e-01
-1.137776817257830893e-18	8.597163626545163024e-18	-1.323432781649934997e-01
-4.434780429704015952e-19	8.585930865911531239e-18	-5.165171370423321529e-02
-8.228374292760185456e-19	8.383726185524021825e-18	-9.814698274578577408e-02
-2.242166476318217748e-18	8.835109502676220701e-18	-2.537791382935377094e-01
-1.290449119666490505e-19	8.419932532210211978e-18	-1.532612185109458007e-02
1.271223224788036994e-19	8.634903604346043918e-18	1.472191564649564903e-02
-2.801600005643446381e-18	8.653728472262838198e-18	-3.237448476252992591e-01
-2.852218955490764527e-18	8.619677206629963159e-18	-3.308962606275945850e-01
-2.994517376816737733e-19	8.330853628127046759e-18	-3.594490445380648519e-02
-5.244755332532046445e-19	8.935376832033155220e-18	-5.869652093160412226e-02
1.599435992700315757e-18	8.536588934755270186e-18	1.873624236711790292e-01
-1.620292822210632671e-18	8.487384547674844875e-18	-1.909060221213281505e-01
1.928118929113231516e-18	8.629699008508039073e-18	2.234282942211883449e-01
7.070205743270507094e-19	8.603549099448979201e-18	8.217778107087601869e-02
2.420865754636578718e-19	8.363606378120441479e-18	2.894523779801102398e-02
3.132949778317603061e-20	8.481145722825196938e-18	3.694017153703580639e-03
-4.376152559798807001e-19	8.500484346920875169e-18	-5.148121426026715242e-02
-7.791195492199747681e-19	8.582954236103867800e-18	-9.077521885677057589e-02
-1.711726408323873838e-19	8.373477190171031059e-18	-2.044224125113919613e-02
1.134327154295672110e-18	8.593932491384753461e-18	1.319916296099384601e-01
-8.658469261296990816e-19	8.154610231385361432e-18	-1.061788241941029054e-01
-6.253815122211250482e-19	8.206476148272856286e-18	-7.620585266097965049e-02
-8.876669799775394842e-19	8.406190574174010185e-18	-1.055968184571834251e-01
7.938087510032690331e-19	8.524322779925884712e-18	9.312279362210763856e-02
-7.824871416610201790e-21	8.483828221059665436e-18	-9.223278940497975408e-04
-2.716018228356821044e-19	8.543204355034569997e-18	-3.179156339338005260e-02
2.646358814310482590e-18	8.687075860127166831e-18	3.046317146206828919e-01
-2.384654983786366290e-18	8.352301100256448898e-18	-2.855087424605834423e-01
5.615645900294666361e-19	8.653399272965515599e-18	6.489525934436846111e-02
-6.421471007792346623e-19	8.367231679593619515e-18	-7.674546676475230145e-02
-5.474107938296187231e-19	8.579018648293862978e-18	-6.380808997757383971e-02
6.642325349916265494e-19	8.413686435692841512e-18	7.894667100663456394e-02
-5.142601836481015095e-19	8.495960245204218586e-18	-6.052996586682359015e-02
6.076887011135944460e-20	8.386768209867009235e-18	7.245802982830148835e-03
5.814620526871783357e-19	8.447639514256655969e-18	6.883130508893924027e-02
-1.915908104892453630e-18	8.568691630886283770e-18	-2.235940079797557045e-01
-8.075089529952787229e-19	8.430736358698594514e-18	-9.578154488986170834e-02
-1.320340821731079315e-18	8.647826422649128029e-18	-1.526789226796961274e-01
-7.122912232182606602e-19	8.421269144687072242e-18	-8.458240806466099659e-02
5.934179665716659562e-19	8.415116382913726552e-18	7.051809381704540747e-02
7.234239966352178779e-19	8.616589944237659309e-18	8.395711079636641871e-02
-3.527159471056138074e-19	8.407187408836234127e-18	-4.195409593640050949e-02
-6.578284551585713510e-20	8.419995301915098992e-18	-7.812693850422346153e-03
-9.369211981392205932e-20	8.974754751742408407e-18	-1.043951867272274563e-02
-1.563676492620496971e-18	8.533442850671439595e-18	-1.832409872525790351e-01
-1.399207170590916231e-18	8.305897313848354053e-18	-1.684594833911598755e-01
-2.560515489369564677e-19	8.739821128174157679e-18	-2.929711548804299001e-02
9.048024799753777166e-20	8.265466483163928560e-18	1.094678058181453549e-02
-1.751180412079195171e-18	8.398187427149750484e-18	-2.085188532966006925e-01
1.971100679289206416e-19	8.218441153425704730e-18	2.398387531761530730e-02
-3.463616735324897341e-19	8.453616466811065438e-18	-4.097201178836384905e-02
-1.950219991872688968e-18	8.296841149611641893e-18	-2.350557226184780968e-01
-1.073648238693676836e-18	8.295751080642744545e-18	-1.294214626568197246e-01
1.306150276206497041e-18	8.605527439328406397e-18	1.517803859688153789e-01
-9.085868119731492575e-19	8.477706941500064768e-18	-1.071736518191535731e-01
-1.196498244866125234e-18	8.728110566136039159e-18	-1.370855966821028227e-01
-8.678598032437296364e-19	8.647113600026901378e-18	-1.003641033744519934e-01
-1.669704268084857645e-19	8.507043215332227496e-18	-1.962731616404102611e-02
4.317169935591457951e-20	8.550331997623263438e-18	5.049125503888623329e-03
-7.250492041582997167e-19	8.877773795991401941e-18	-8.167015975172543796e-02
-4.544793995676636177e-19	8.449339319797220248e-18	-5.378874990885924856e-02
-5.853100187296334725e-19	8.646675244998112391e-18	-6.769191650492722978e-02
-1.946736336615944238e-18	8.420261136933063180e-18	-2.311966701456731610e-01
-1.519579361814300367e-18	8.771621575245823981e-18	-1.732381349079932520e-01
-1.122567726817912375e-18	8.594550013306791019e-18	-1.306139035877225130e-01
-8.674411088937418240e-19	8.464027129877504481e-18	-1.024856248193873470e-01
-9.371894455034075387e-19	8.420954732447948328e-18	-1.112925404873859464e-01
1.184957374371035058e-18	8.572396046966223315e-18	1.382294247581330737e-01
-1.473803968490057184e-18	8.543514109382197540e-18	-1.725055930874598298e-01
1.167420598625543033e-18	8.655452062536894554e-18	1.348769065082632557e-01
-2.451510650648284712e-18	8.437639366296805318e-18	-2.905446113803543673e-01
-5.610324436434361028e-19	8.611154562386261126e-18	-6.515182599253761808e-02
-1.591002963225498934e-18	8.809010894398326713e-18	-1.806108520352973923e-01
-6.119186787406707215e-19	8.266560424760618163e-18	-7.402337215219600974e-02
-7.865368850884625871e-19	8.404332827441710692e-18	-9.358707005513552946e-02
2.558011846958954940e-18	8.679183435808390158e-18	2.947295521379539318e-01
4.207753043033904268e-19	8.634028805912581135e-18	4.873452634478629003e-02
-2.133661881006295148e-19	8.664034451749384742e-18	-2.462665508648202717e-02
1.435902664480917393e-18	8.485251300543909920e-18	1.692233516276500926e-01
-1.125544133772555941e-18	8.385182317800616943e-18	-1.342301325259412370e-01
3.500675691739688648e-19	8.327179848341072287e-18	4.203915077488194069e-02
-9.439025521367452574e-20	8.732691101456768735e-18	-1.080883935055581592e-02
-3.904392617974756588e-19	8.620133476599099807e-18	-4.529387658061132665e-02
-1.345961239165488743e-18	8.632512628334016904e-18	-1.559176681361246763e-01
-6.761264520646854535e-20	8.658634091612482928e-18	-7.808696440003639813e-03
-6.638551828412570333e-19	8.475783865820743606e-18	-7.832375074101459445e-02
1.085595043037120737e-18	8.631044634583769183e-18	1.257779433427148874e-01
-2.642103920175417641e-18	8.885652741442789714e-18	-2.973449443790002755e-01
-2.306185358392365700e-18	8.556553136435015245e-18	-2.695227063538356282e-01
-2.569111886315688575e-19	8.537058224654019078e-18	-3.009364372022666975e-02
1.794174805167601560e-18	8.413412940778218176e-18	2.132517229092104061e-01
-7.269117203312790689e-19	8.281459171102730281e-18	-8.777580198279068269e-02
1.159197148567633108e-19	8.356516119252870403e-18	1.387177541483966201e-02
6.621722163535270086e-21	8.527552036308227115e-18	7.765091476828988844e-04
-2.193084473249380579e-18	8.588682884716266564e-18	-2.553458432086272989e-01
-1.675819159565708351e-19	8.787379581709818067e-18	-1.907074963569097698e-02
-8.387339586868667257e-19	8.293699533587149217e-18	-1.011290504665897511e-01
4.672377164492525362e-19	8.324052460786136886e-18	5.613103937659780912e-02
-8.180770097106436115e-19	8.525036595440600460e-18	-9.596170063928773086e-02
-1.620296555373287680e-18	8.696361669922573119e-18	-1.863189017284413163e-01
-1.984923822172308209e-19	8.284210378521064022e-18	-2.396032610807097979e-02
-6.855153066667321844e-19	9.068665598180830955e-18	-7.559164016415448328e-02
1.789018748692993806e-18	8.874254693455175210e-18	2.015965070297573991e-01
1.207680660167012598e-19	8.569684479145347042e-18	1.409247520262793020e-02
-6.577761080213558668e-19	8.454222721804125343e-18	-7.780444514726327088e-02
4.707622491370313987e-19	9.159446078674168744e-18	5.139636666818767768e-02
9.172780783432762688e-20	8.738401107382927230e-18	1.049709285567451862e-02
-1.522708058364161362e-18	8.594975516183585979e-18	-1.771625824293548701e-01
-6.341817185320421053e-19	8.616477034338741582e-18	-7.360104553226043400e-02
1.082149953971947631e-18	8.555685616582967520e-18	1.264831367663255268e-01
6.002242263586302254e-19	8.391646166090737754e-18	7.152639833457678786e-02
7.007214598950405973e-19	8.595856708811869389e-18	8.151851335268421594e-02
5.927865430950487806e-19	8.355394162863282181e-18	7.094656835338439271e-02
-9.157454456768660038e-19	8.419464814213983757e-18	-1.087652797278608613e-01
-2.331488204238699499e-18	8.675603780030972837e-18	-2.687407428178302249e-01
-1.344436201626853203e-18	8.663703529280387687e-18	-1.551803102545133983e-01
-5.120116446825748934e-19	8.587107389036609224e-18	-5.962562496147118252e-02
-1.759627658637112253e-18	8.543627436071931926e-18	-2.059579109463285373e-01
-1.811129690141118190e-19	8.250147857918274862e-18	-2.195269371327501079e-02
-1.052165314354770453e-18	8.542275142625690614e-18	-1.231715552106836115e-01
-3.498314507625679411e-19	8.392117394132444604e-18	-4.168571938795341547e-02
3.240784784993111570e-19	8.655268592670121795e-18	3.744291410826500882e-02
-1.800842520590207299e-18	8.871664555014583237e-18	-2.029881212733980755e-01
-4.581308275129815345e-19	8.606466102074606795e-18	-5.323100353611433244e-02
1.341799547974279850e-18	8.596430532286780789e-18	1.560879882568353416e-01
-1.677195083888016160e-18	8.512926613419068815e-18	-1.970174488811198554e-01
1.164170467684437905e-18	8.764327870659452828e-18	1.328305472895142114e-01
2.785268017412656226e-19	8.811008737331169961e-18	3.161122750465352599e-02
-8.501093627282613134e-19	8.632153877338400364e-18	-9.848172018341964928e-02
-2.522748578108950073e-20	8.493244969735188037e-18	-2.970300029139047882e-03
1.642390641815617297e-18	8.445904931016917734e-18	1.944599963213021199e-01
-1.181821893345389883e-18	8.532606457713531279e-18	-1.385065512164826707e-01
1.157954919390615034e-19	8.858241024041270631e-18	1.307206381320992310e-02
-1.513198551448062758e-18	8.576900199666064010e-18	-1.764272075250424565e-01
2.925541438430737661e-19	8.280476617932415668e-18	3.533059234893688033e-02
-1.160711512174624861e-18	8.463453841480561790e-18	-1.371439525653010139e-01
-2.400426413144225725e-19	8.302360321699286847e-18	-2.891257811191839597e-02
-1.351691965664848942e-19	8.564947440244574220e-18	-1.578167262665947090e-02
-2.626477504443958598e-19	8.394321453022405169e-18	-3.128874107505480451e-02
-1.114617087247880538e-18	8.383132862209681643e-18	-1.329594920620263687e-01
-1.260675829100558668e-18	8.560548416737115263e-18	-1.472657787479776936e-01
-1.919288748841830058e-18	8.482454260895647177e-18	-2.262657351056763244e-01
-4.483195632429818232e-19	8.269495969417852781e-18	-5.421365037251987817e-02
4.270730544756622679e-19	8.692303558413285911e-18	4.913232166889730523e-02
-5.949142829287307873e-19	8.218819529125593813e-18	-7.238439545003905184e-02
-6.293009377122707208e-19	8.622583508442593001e-18	-7.298287538718599421e-02
1.362332557300249783e-19	8.443878437639144037e-18	1.613396696034328018e-02
5.177918985675498355e-20	8.478307248716345070e-18	6.107255651131845292e-03
-1.518977496136420850e-19	8.532641137767570179e-18	-1.780196156865255369e-02
-7.417541138892468167e-19	8.693607317927501019e-18	-8.532178723550583321e-02
-5.573111447896998500e-19	8.467305829347126844e-18	-6.581918216040998082e-02
-1.048437204215795787e-18	8.432285027526476029e-18	-1.243360727007284394e-01
-1.712823459244888901e-18	8.794021057483670278e-18	-1.947713620480001351e-01
1.190700465466538045e-19	8.538076268668387627e-18	1.394576984321365884e-02
-4.415969421471683996e-19	8.478257909455811286e-18	-5.208581136163064479e-02
-1.436116645668423402e-18	8.422056212486703635e-18	-1.705185300876060350e-01
-9.834241180702983915e-20	8.655415525592675703e-18	-1.136195154539341307e-02
-2.088015527761220621e-18	8.698842479423045867e-18	-2.400337208887715346e-01
1.685715427886840559e-19	8.583030073796659332e-18	1.964009695169544045e-02
-1.739287624854340893e-18	8.476774594241799945e-18	-2.051827149014701923e-01
1.995220497953013216e-19	8.541619744412025251e-18	2.335880731822904607e-02
-1.314330170470470992e-18	8.676488584414836280e-18	-1.514818071484978212e-01
-3.623224185481308935e-19	8.494510192373594302e-18	-4.265371520460654875e-02
-3.287668173358212145e-19	8.405549412804061201e-18	-3.911306699774021872e-02
-1.482605209696028857e-18	8.858650166533652599e-18	-1.673624290184793639e-01
-1.912700564136544000e-18	8.749467180227455172e-18	-2.186076620138622528e-01
-1.388703331215088837e-18	8.479938870309213434e-18	-1.637633658041276752e-01
-6.922876001338222146e-20	8.399053561161340306e-18	-8.242447736434000555e-03
-1.644775552823459077e-18	8.685864722500106247e-18	-1.893623266504239344e-01
-7.030416121625902705e-20	8.497245938247939464e-18	-8.273758548026109716e-03
-1.533007553342444544e-18	8.473125221919200701e-18	-1.809258701118560131e-01
-5.686253182230751934e-20	8.707355521231140228e-18	-6.530401989864734365e-03
7.155485015409433649e-19	8.624197787592240310e-18	8.296986214421166184e-02
2.204938481588849476e-18	8.627466529497408897e-18	2.555719542985346870e-01
-1.793689290747527866e-18	8.587549842054074074e-18	-2.088709030792060550e-01
-1.746284020461943137e-18	8.478975493861284471e-18	-2.059546016763746934e-01
4.882444230265678105e-19	8.308778685969382916e-18	5.876247779364272145e-02
-9.533425810193119833e-19	8.841461916731696601e-18	-1.078263515692121227e-01
2.002632132276920222e-19	8.386974944617172749e-18	2.387788380794228504e-02
2.070538685837501609e-19	8.602980652197676071e-18	2.406768967112080798e-02
1.374727699494736332e-18	8.674047668392143317e-18	1.584874503865346396e-01
-3.998346389239102878e-19	8.693547907185629252e-18	-4.599211313869082385e-02
2.183543613402652747e-19	8.577976479070187474e-18	2.545522966553224672e-02
-8.555221995431186671e-19	8.454761685379297675e-18	-1.011882098371337108e-01
1.139998371428393083e-18	8.480890144600335876e-18	1.344196601997272866e-01
5.888658833280821934e-19	8.406142782522785139e-18	7.005185357455424866e-02
-1.673916732197090817e-18	8.554165788291494445e-18	-1.956843920991410413e-01
-7.411211441397807230e-20	8.390201503134690075e-18	-8.833174553231981987e-03
-1.070275875642907028e-18	8.416213790824008456e-18	-1.271683327257920326e-01
-5.088898803224923840e-18	8.894248471387520614e-18	-5.721561320887008639e-01
-2.646393124728911800e-19	8.319451540877611251e-18	-3.180970658613568175e-02
3.220179129161316745e-20	8.306439950586026840e-18	3.876725947960570420e-03
-4.522918488819409530e-19	8.619732676762550546e-18	-5.247167932495736681e-02
-6.355924889414551028e-19	8.701102891077955731e-18	-7.304734777854274275e-02
-8.623954361567249819e-20	8.551101266097660934e-18	-1.008519732511931229e-02
-3.070487525482866168e-19	8.201372026153564667e-18	-3.743870556891346763e-02
-1.019290694122744855e-18	8.388837641786784345e-18	-1.215055932237163322e-01
-4.114460097861752122e-20	8.786972111599111605e-18	-4.682454940798685440e-03
-2.862245875642263297e-20	8.453917451356228943e-18	-3.385703600859131003e-03
-2.500308179361304944e-18	8.655307421556935653e-18	-2.888757218644862346e-01
-7.411406724213257351e-20	8.438574718551379309e-18	-8.782770753833589808e-03
-3.026866753593425904e-19	8.523658780814554072e-18	-3.551135529271112756e-02
-3.741662645647936958e-19	8.326923052766346182e-18	-4.493451689102486574e-02
-2.325818283306213098e-18	8.807208131826716476e-18	-2.640812217099054449e-01
1.655240610849345113e-19	8.446452504924109606e-18	1.959687347894720905e-02
8.205565217192927881e-19	8.583015507052162881e-18	9.560235805761849170e-02
-8.494416330897254230e-19	8.666098641615445751e-18	-9.801892041830961855e-02
-1.111373639298622450e-18	8.478361081763827427e-18	-1.310835465228161467e-01
-7.128546051076630608e-19	8.514710443617906410e-18	-8.372035782402609261e-02
-1.532787212239513878e-18	8.638411341102977234e-18	-1.774385534231579242e-01
9.223473391764242922e-19	8.500636891950877076e-18	1.085033216804944245e-01
-5.312732161301700570e-19	8.582441830846321189e-18	-6.190233812255046403e-02
-5.347246820685679806e-19	8.156379405400226241e-18	-6.555907412969708137e-02
1.428612660571931128e-19	8.280750968487488124e-18	1.725221137561721435e-02
-4.124059408904069076e-18	8.735826604136999167e-18	-4.720857676995386387e-01
9.065834555894991781e-20	8.508553828873851021e-18	1.065496527168930188e-02
-4.226719832012509512e-19	8.640259470473255926e-18	-4.891889932769574734e-02
-1.772562408624148508e-19	8.722499349720616139e-18	-2.032172589019366413e-02
5.574001240964636913e-19	8.735136779432948113e-18	6.381126457102231919e-02
1.148258323221622265e-18	8.494860705768846045e-18	1.351709419369103715e-01
1.052590736726200130e-19	8.682760145111773188e-18	1.212276648363698472e-02
-3.490159706094933404e-18	8.657206484840650609e-18	-4.031507983789501814e-01
-2.242642355704860473e-19	8.657660857444698085e-18	-2.590355977938797044e-02
-9.764648836924328647e-19	8.401817570937692298e-18	-1.162206719496116925e-01
-1.442853447330125113e-18	8.556383129238711548e-18	-1.686288967589159860e-01
-2.071940134831115847e-18	8.692915908847325077e-18	-2.383481166224526160e-01
-9.850220755092061763e-19	8.719618576536964843e-18	-1.129661884706443242e-01
-1.563833372080756656e-18	8.517474350537690962e-18	-1.836029446900576956e-01
-9.916998509389634739e-20	8.600695635678864020e-18	-1.153046094114790025e-02
4.759853732645176836e-20	8.693886526232966260e-18	5.474943476985552962e-03
-7.431339961632597504e-20	8.486854028170333859e-18	-8.756295250237392316e-03
-6.123436231859386519e-19	8.602583635442901827e-18	-7.118136238316412345e-02
-1.507049988300833787e-18	8.711140264932385634e-18	-1.730026084377980500e-01
-1.148549088794370935e-18	8.521743219077479080e-18	-1.347786549380100840e-01
-4.698486058913934470e-19	8.647247126185594014e-18	-5.433505010728766071e-02
6.186244078004339857e-19	8.728084116178757103e-18	7.087745713331575215e-02
4.195505692407189142e-19	8.570562246186677202e-18	4.895251410458988789e-02
-4.115453667099977602e-19	8.712673970859227256e-18	-4.723525384818363926e-02
-2.993248205010821082e-18	9.046283105995787011e-18	-3.308815532234366530e-01
-1.497862545393791259e-18	8.308240259642059850e-18	-1.802863781720153435e-01
-2.396796880740815072e-18	8.639568043799375600e-18	-2.774209160214899939e-01
-7.516721556803182811e-19	8.382739439634900656e-18	-8.966903493699147909e-02
-8.308475522937735841e-19	8.376950212481569863e-18	-9.918258211154451498e-02
-1.820734118230333247e-19	8.686563397729230893e-18	-2.096035031191154779e-02
-9.232772661710835504e-19	8.513606925592946481e-18	-1.084472508820672476e-01
-1.026739953995823924e-18	8.280081264541826351e-18	-1.240011928859538759e-01
-2.059526928195702962e-18	8.508734738598235513e-18	-2.420485526306344892e-01
-4.330348529954890623e-19	8.559144244389881373e-18	-5.059324164087117964e-02
-5.975261349824337488e-20	8.446875375368460043e-18	-7.073930991391821910e-03
1.001040848635934001e-18	8.658515822135019098e-18	1.156134456758545342e-01
-1.563968909898767621e-18	8.451337216667182968e-18	-1.850557929240367883e-01
1.081871250296882653e-18	8.559286604918913333e-18	1.263973623310084005e-01
9.796724391172488000e-20	8.348874454117561411e-18	1.173418578158264870e-02
-1.623319299740343735e-18	8.517714646671908541e-18	-1.905815546866924670e-01
-9.209987758903434425e-19	8.443161113576985733e-18	-1.090822221086526073e-01
-1.646655560175422103e-18	8.567643666826050233e-18	-1.921946831835781022e-01
-1.196943202230203255e-19	8.468805779984922559e-18	-1.413355357681061672e-02
-1.405931948625459687e-18	8.552540083608226020e-18	-1.643876479830904125e-01
-1.698550526986466314e-18	8.571430578936480775e-18	-1.981641817365354941e-01
-1.096411319820577742e-18	8.292889735105868527e-18	-1.322110090502223168e-01
-1.056278187083520994e-18	8.539244948711870410e-18	-1.236969068609348882e-01
-7.889059068618095419e-19	8.452005919211490838e-18	-9.333948821174140043e-02
-7.769452189857590633e-19	8.386530285312247818e-18	-9.264203342191017210e-02
-1.044383973528031782e-18	8.560035293048790591e-18	-1.220069705058491744e-01
-1.188430231167077404e-19	8.773058858277096940e-18	-1.354636108528819473e-02
4.784813558965122736e-19	8.401187775735894310e-18	5.695401277405683776e-02
-1.317671985137152691e-18	8.563071554823284094e-18	-1.538784274662464147e-01
-3.573030644309662657e-19	8.556290282980492014e-18	-4.175910968585132971e-02
5.019726933489088915e-19	8.482808365101553236e-18	5.917529569735829192e-02
-1.775118599680780334e-18	8.650509476253972020e-18	-2.052039367800889413e-01
-2.552096405521909073e-18	8.285592285929825071e-18	-3.080161704137615586e-01
6.960043319770344020e-19	8.702143978681401689e-18	7.998078791641607954e-02
-1.828759908374912233e-18	8.721853309503420515e-18	-2.096756094696383688e-01
-5.631489263625871052e-19	8.795433119953754263e-18	-6.402742408273216779e-02
4.882035274136348822e-19	8.449873262770571413e-18	5.777643193355554846e-02
-3.153649076331974497e-18	8.698711877854416881e-18	-3.625420775644587201e-01
2.418686786111402739e-19	8.737032511990438591e-18	2.768316110523876689e-02
-7.911512521507001155e-19	8.614173850117838125e-18	-9.184296322738802476e-02
3.159593193976975086e-19	8.473360491964943177e-18	3.728854917683640385e-02
-7.629135431519536318e-19	8.397798647255693034e-18	-9.084684870376896759e-02
-1.727679054255398567e-18	8.355064644118324521e-18	-2.067822485935670862e-01
-1.491197600499255261e-18	8.552828572236247702e-18	-1.743513959042631012e-01
-1.115135368620215897e-18	8.663596115162755480e-18	-1.287150686385923337e-01
-3.807750605807708669e-19	8.369103432948219206e-18	-4.549771234535138903e-02
1.622504496943870089e-19	8.750057220891721913e-18	1.854278727537875607e-02
-7.734574674601154280e-19	8.337017648043710644e-18	-9.277387911510634466e-02
3.805962884785370143e-19	8.629075417327821062e-18	4.410626516419957621e-02
-7.043058183855126161e-19	8.456691175262823910e-18	-8.328385225248853552e-02
1.187992239239745897e-18	8.679389668895417113e-18	1.368750896733198219e-01
2.103653515836640167e-18	8.745693954930522434e-18	2.405359170670124391e-01
-6.318654478800212122e-19	8.476888428904833982e-18	-7.453978581639238155e-02
-1.641087091389664971e-18	8.687088236219357010e-18	-1.889110651078030612e-01
-1.844723592148525583e-18	8.505280077675362610e-18	-2.168915750335549120e-01
-2.365147432002042478e-18	8.539613743796398829e-18	-2.769618747358688626e-01
-1.148241670586834084e-18	8.668144042213930958e-18	-1.324668423822779051e-01
-1.643804031450528091e-18	8.479520715932470679e-18	-1.938557716312817869e-01
-1.051993616293586877e-18	8.542107019991585612e-18	-1.231538792281044459e-01
-2.144984959135035800e-18	8.429276311972222398e-18	-2.544684596575014224e-01
-8.790845138685896210e-19	8.511473290086580971e-18	-1.032822971896616704e-01
-4.722654662810422040e-19	8.598567752678552340e-18	-5.492373612267299754e-02
1.071813155738593695e-18	8.575408260823471341e-18	1.249868371439694648e-01
-8.637543320586763375e-19	8.267583790777314560e-18	-1.044748204453899570e-01
-1.129890361417135949e-18	8.509921251300696529e-18	-1.327733040120010755e-01
-8.957755203980718744e-19	8.328128828897024248e-18	-1.075602381761796289e-01
-5.286881961213290178e-19	9.034496442151335426e-18	-5.851883383944699035e-02
-1.802240306358451297e-18	8.684224618475765266e-18	-2.075303651778155345e-01
-1.289602858489335388e-18	8.576108736766502518e-18	-1.503715610508410405e-01
2.480339241958389688e-19	8.391200143832331384e-18	2.955881398897962711e-02
-1.204283211084167237e-19	8.493785653260499452e-18	-1.417840360289620086e-02
-8.192118834510177386e-20	8.458059022022155027e-18	-9.685577758656504707e-03
-7.916470752604347284e-19	8.760569669464755649e-18	-9.036479420051253542e-02
-1.809928730228307395e-19	8.363102407699854547e-18	-2.164183387927807317e-02
9.910915146312620317e-19	8.789661758013970249e-18	1.127565021176878401e-01
-1.322119503128683780e-18	8.368465714184788109e-18	-1.579882798453309811e-01
-1.058346033483644340e-18	8.588937031955289482e-18	-1.232220040205265765e-01
-7.917070961990892146e-19	8.620434680899707788e-18	-9.184073953408337931e-02
-1.503379085679321261e-19	8.534974366216398620e-18	-1.761433627299548166e-02
2.236836279567784712e-19	8.545857405196697895e-18	2.617450974793441437e-02
-2.708628142141913688e-19	8.425429609819083164e-18	-3.214824961548845561e-02
-4.752810246449798762e-19	8.681071892442698797e-18	-5.474911745158284743e-02
-6.270220442834651890e-20	8.399013447816461413e-18	-7.465424935668791596e-03
2.012171967711488047e-18	8.483578671513608542e-18	2.371843352461637244e-01
-1.769692169231973010e-18	8.771882448678435503e-18	-2.017459968924450731e-01
-2.532448267628078036e-18	8.566993832137025129e-18	-2.956052399767354899e-01
-5.447577226208031111e-19	8.506511076716166226e-18	-6.404008855192135086e-02
-6.484776762944106926e-19	8.479182174536837144e-18	-7.647879983541371052e-02
-1.302574629802919697e-18	8.344148940958519943e-18	-1.561063493736352947e-01
2.122584884240826078e-18	8.481446966128346861e-18	2.502621183292919049e-01
-2.911569257462991693e-19	8.268141052306847462e-18	-3.521431527405608636e-02
-6.358666375573746046e-19	8.478592697868865643e-18	-7.499671941042794499e-02
3.047980947037432577e-19	8.821251309344850845e-18	3.455270505453725965e-02
-1.272857434100064253e-18	8.636438629669427504e-18	-1.473822125855579479e-01
1.770308679395240256e-20	8.596476997226416786e-18	2.059342076953635768e-03
1.212252979406559311e-18	8.588292832805619164e-18	1.411517985013258092e-01
6.391091311830349664e-19	8.835147432791914351e-18	7.233712125854994957e-02
1.321285970174685601e-18	8.732489275939969661e-18	1.513069101401743888e-01
-7.424742387920155900e-19	8.466733961439924426e-18	-8.769311072882041147e-02
-2.848347495700354863e-18	8.712764361249575707e-18	-3.269166222798945975e-01
-6.310480399962339891e-19	8.471226265818274242e-18	-7.449311589545627721e-02
7.798722224937772017e-19	8.409718136594513332e-18	9.273464458935883059e-02
1.103116305171877737e-18	8.569928880799037947e-18	1.287194235232703710e-01
-6.952313828410237871e-20	8.700357494187904238e-18	-7.990836966244880407e-03
9.049722125425115394e-19	8.428485965368986389e-18	1.073706732455706470e-01
-2.846686753241776084e-18	9.099679840553098016e-18	-3.128337263642396726e-01
-2.241735938934707127e-18	8.806181114797727738e-18	-2.545639147902306609e-01
-1.121371348259120207e-18	8.580673637545689547e-18	-1.306857008699684741e-01
-1.764628349429269478e-18	8.387624224304101764e-18	-2.103847647723722236e-01
-2.532601709764044684e-19	8.378822342778726832e-18	-3.022622519197775900e-02
4.585854707912935590e-19	8.561303881232709393e-18	5.356490987273115900e-02
-1.370005502936637412e-18	8.752744330337935102e-18	-1.565229659671485973e-01
3.836331412174052158e-19	8.593152760154389556e-18	4.464404996921206986e-02
6.921754404802541147e-19	8.562089538523163915e-18	8.084188297330563433e-02
-7.235675251519881842e-20	8.451222146975935655e-18	-8.561690990585299824e-03
-2.803005032474429925e-19	8.399984928734269989e-18	-3.336916740036095785e-02
-1.144476833662710656e-18	8.774921945828702328e-18	-1.304258705351511172e-01
2.040201690056947581e-19	8.547601737459654783e-18	2.386870320730800563e-02
-6.324108412213916428e-19	8.532691951672556816e-18	-7.411621617225125358e-02
6.481317594730156178e-19	8.428181730510931344e-18	7.690054393662495991e-02
-3.166399920128188545e-19	8.537523614679789268e-18	-3.708803703551393632e-02
-2.227199836410050651e-18	8.557514564237793197e-18	-2.602624651925934951e-01
-7.926213896235832635e-19	8.718026295042621130e-18	-9.091752683451939654e-02
-6.408739330907040589e-19	8.622079983968325220e-18	-7.432938853296752746e-02
-1.445652036790795495e-19	8.682140984186712525e-18	-1.665087032592358837e-02
-8.224234824563076242e-19	8.524474907014157337e-18	-9.647790525837508790e-02
6.840105700338595760e-21	8.690874305453114042e-18	7.870446010301578076e-04
-6.814485728709483151e-19	8.296897076323257905e-18	-8.213294278599511666e-02
9.335997356442063173e-19	8.393793922199157724e-18	1.112250007919666633e-01
-2.597906817349646163e-18	8.424143583306701465e-18	-3.083882404969525148e-01
1.014871829248044990e-18	8.372874460674926882e-18	1.212094883321871153e-01
-1.802331941232836399e-18	8.331495051449292590e-18	-2.163275534706480541e-01
-1.691422727325665438e-18	8.419567031170781902e-18	-2.008918892222970876e-01
-2.001990735841024219e-18	8.876651873731409316e-18	-2.255344429768048331e-01
-1.196912563511247211e-19	8.394338279253551101e-18	-1.425856957027088132e-02
-9.745500268430855423e-19	8.446067849992336775e-18	-1.153850577750177298e-01
-2.946759108870904394e-19	8.515539847037352505e-18	-3.460448969534343083e-02
-8.159157591843478934e-19	8.309694688285113011e-18	-9.818841603586400679e-02
-1.295594954503069366e-19	8.463270766659348229e-18	-1.530844268396804563e-02
-3.876319752248039628e-19	8.479321208211420170e-18	-4.571497714338490503e-02
8.786950180342288178e-19	8.788004378127448825e-18	9.998800412767448742e-02
-2.551194857569397567e-19	8.282974321431427773e-18	-3.080046802714838175e-02
-1.249804006611877600e-18	8.518380892202509456e-18	-1.467184929187556885e-01
-1.766132079000705273e-18	8.470259214774703344e-18	-2.085098028546794324e-01
-9.790291642012245198e-19	8.441924683316989470e-18	-1.159722694678846366e-01
-4.131201750338309849e-19	8.586468872942472122e-18	-4.811292990715285850e-02
8.115161195958262349e-21	8.370569822303898017e-18	9.694873071048181346e-04
3.471104212836634882e-19	8.555395486216730893e-18	4.057210702215692522e-02
-1.409437789345487906e-18	8.405736668798522650e-18	-1.676757011169785483e-01
-8.555455410833796566e-19	8.559417604485382639e-18	-9.995370954152874021e-02
2.507701840353733252e-19	8.533274312326929197e-18	2.938733419985312470e-02
4.614944553356760356e-19	8.371304195722132039e-18	5.512814306419624999e-02
-8.933782002043406001e-19	8.544781556958365793e-18	-1.045524913948006202e-01
-1.549773020859241205e-18	8.756631993801044585e-18	-1.769827739656467946e-01
6.659678415461222891e-20	8.731449996975672015e-18	7.627230778127284429e-03
-5.283793112514379173e-19	8.383047619092244614e-18	-6.302950135319083935e-02
1.084095804414873771e-18	8.830310242553310135e-18	1.227698432599355904e-01
-7.629014932902655127e-19	8.668864145819541650e-18	-8.800478130207702032e-02
-5.914775352427855103e-19	8.324994336096277764e-18	-7.104840091940996250e-02
-2.830452358011716725e-18	8.697109258736191019e-18	-3.254474876429251928e-01
1.728192465549709990e-19	8.639862665028683293e-18	2.000254555601749945e-02
5.772411138201692173e-19	8.544848584610414603e-18	6.755428233799269655e-02
-1.117020344291925625e-18	8.382419234198903078e-18	-1.332575135033410019e-01
8.107671906689169324e-19	8.773809506835372907e-18	9.240765827401155319e-02
3.865574610730800573e-19	8.347714575635785347e-18	4.630698109891218106e-02
-3.824677872416883989e-19	8.389050467308402118e-18	-4.559130842425386521e-02
-3.988763972665428796e-19	8.601689234876114810e-18	-4.637186794069149409e-02
-2.611474984172059645e-18	8.601332639898220870e-18	-3.036128346040760650e-01
-9.654004835980117893e-19	8.368790451153707061e-18	-1.153572298449560690e-01
-1.336345508675764644e-18	8.633814505842709940e-18	-1.547804284851646284e-01
-1.363757761223397037e-18	8.544239719587951289e-18	-1.596113646129259933e-01
-4.112561491812707426e-19	8.292642131993047512e-18	-4.959289724979724229e-02
8.611690035922549373e-19	8.567319996671900720e-18	1.005178987042375516e-01
7.319098234735481884e-19	8.390493502601063388e-18	8.723084324499569275e-02
-1.116538917607120787e-19	8.785478041038510209e-18	-1.270891478405126659e-02
7.464322458424537005e-19	8.431515721786414170e-18	8.852883283058203545e-02
-1.057704069185990991e-18	8.503714837540379006e-18	-1.243814132285651908e-01
-8.901127015194240864e-20	8.403580832372774321e-18	-1.059206449339404089e-02
9.021803774285989376e-20	8.302624699510785737e-18	1.086620689336659923e-02
-1.253956680801504228e-18	8.648225931774889639e-18	-1.449958281263533932e-01
-6.709018211422766787e-19	8.561096691241245082e-18	-7.836634082508006638e-02
-2.214576007326097988e-19	8.749042249143249290e-18	-2.531221068846662217e-02
-1.236097910631604663e-19	8.633388159563759959e-18	-1.431764549196481301e-02
-2.954891673348682464e-18	8.780789448277022069e-18	-3.365177687899685299e-01
-5.665538244372511687e-19	8.544097159260249056e-18	-6.630938458175300587e-02
-4.707989707480607425e-19	8.386084207155815603e-18	-5.614050123016051802e-02
7.210518380028991123e-19	8.578050594406749450e-18	8.405777397408395468e-02
-5.619077223726055737e-20	8.561695435048483650e-18	-6.563042643076961308e-03
5.996859970215195582e-19	8.697124088053451151e-18	6.895221810681770314e-02
-2.325877582033565310e-18	8.655145826869651004e-18	-2.687277174248116629e-01
1.040193198086612162e-18	8.597860960396816050e-18	1.209827889608724588e-01
-2.547803726463472589e-18	8.522882868155815826e-18	-2.989368463554594180e-01
-1.069802769583549863e-18	8.416309939690189592e-18	-1.271106669371220854e-01
-3.672592787888614478e-19	8.551472194084096493e-18	-4.294690673764117728e-02
4.082351392602616373e-20	8.550139723487519644e-18	4.774601965144804200e-03
-1.788980563610178270e-18	8.507890542164872708e-18	-2.102731052713994742e-01
-1.541723586116658939e-18	8.400261849644803162e-18	-1.835328009664185800e-01
2.468206457245490661e-19	8.513258804661003067e-18	2.899249880544156957e-02
-7.509003811738906416e-19	8.441151927902037286e-18	-8.895709822397655786e-02
-9.755062469461264203e-19	8.254499690318292180e-18	-1.181787247615138092e-01
-1.452472929060616385e-18	8.562845148837391422e-18	-1.696250374512289216e-01
-2.735481004200304659e-19	8.416908382598228718e-18	-3.249983105264458993e-02
-1.646434931147681331e-18	8.763759779916909200e-18	-1.878685601265181471e-01
-7.237118457500295161e-19	8.516738015648131728e-18	-8.497523869118972506e-02
-1.014857843510520157e-21	8.541994717036236379e-18	-1.188080626515113574e-04
-1.917796288514512658e-18	8.504282281029888464e-18	-2.255094815928738172e-01
1.027089586384907369e-18	8.470669461524253231e-18	1.212524690108835734e-01
5.103484712188169225e-20	8.407927916434797930e-18	6.069848318052889664e-03
-8.306000311890657611e-19	8.542448235322581910e-18	-9.723208245553979778e-02
-1.311746678005779891e-18	8.546641174044434454e-18	-1.534809583429646018e-01
5.611112258362205171e-19	8.487045293917459157e-18	6.611384838942248321e-02
-4.980181641237520565e-19	8.442213983182105401e-18	-5.899141683874200431e-02
-1.134455973637298648e-18	8.377373981181014543e-18	-1.354190437463753671e-01
-1.647723494309704962e-19	8.515790778455440887e-18	-1.934903683259069432e-02
-4.253836121711246043e-19	8.339994667010362301e-18	-5.100526189228510310e-02
1.611930588122998453e-18	8.756508872673141202e-18	1.840837040836477423e-01
1.037382729757153468e-18	8.688910272298766691e-18	1.193915804453001966e-01
-5.459387070748133823e-19	8.297140593185325147e-18	-6.579841584499702967e-02
2.498015935524153357e-21	8.400610136847575752e-18	2.973612505319241464e-04
-8.571140043580172453e-19	8.449358666311394005e-18	-1.014413091227188146e-01
-1.290654309561357406e-18	8.717729979215358096e-18	-1.480493560409086029e-01
6.948264848370027650e-19	9.014850566466355312e-18	7.707576289967955907e-02
-1.324749339323214492e-19	8.525087997408799041e-18	-1.553942129073473608e-02
-4.909891054407075392e-19	8.562493962634651360e-18	-5.734183376751039729e-02
8.313314800771873945e-20	8.440506106388549662e-18	9.849308437179607814e-03
-3.290206786937509594e-19	8.593204753497564503e-18	-3.828847189517212146e-02
-5.246321249681294214e-19	8.476600172821886069e-18	-6.189180971991956048e-02
-7.155708485712052753e-20	8.668023220992165717e-18	-8.255294550183485403e-03
-1.232404212588562705e-18	8.629924663431737450e-18	-1.428059062683045832e-01
1.304927656466732133e-18	8.514215003244279178e-18	1.532645882174104024e-01
8.648760468082492521e-20	8.334540934475188521e-18	1.037700880717684106e-02
-9.965375065113521305e-19	8.588984102532457708e-18	-1.160250728858053804e-01
-5.910973637196644273e-19	8.635421216597352368e-18	-6.845032209703567905e-02
-2.985207389522280876e-19	8.701390041916900006e-18	-3.430724717708028698e-02
-1.113997381140471653e-18	8.424783202725369517e-18	-1.322286110318067198e-01
-8.291803784773444524e-19	8.575828417301649209e-18	-9.668807934688632144e-02
-1.857247560781038493e-19	8.651695209556499970e-18	-2.146686303430520373e-02
9.108355869704235549e-19	8.673816016389813964e-18	1.050097886846265427e-01
-2.135861293718005745e-18	8.374931494391654301e-18	-2.550303002655369689e-01
-8.629910365650348473e-19	8.246773418694140028e-18	-1.046459012210484291e-01
-8.508361758442505120e-20	8.315948412043630698e-18	-1.023137871577006232e-02
-5.401166626659937374e-19	8.389656868784997291e-18	-6.437887402470302001e-02
-2.045471118488719801e-19	8.474650766007313411e-18	-2.413634703029076539e-02
-2.068232595384637013e-18	8.560185096715289637e-18	-2.416107329476156196e-01
-3.234077486166793626e-19	8.302850311233145264e-18	-3.895141264670669290e-02
6.660910061638273970e-19	8.450115735870418648e-18	7.882625835955080207e-02
7.480344619312130252e-19	8.555948582768431980e-18	8.742858313077576937e-02
-5.940753000755752660e-19	8.563141236262782932e-18	-6.937586146072348414e-02
-1.556242515623098741e-18	8.671712343927577619e-18	-1.794619625168802635e-01
-4.034357147390966708e-19	8.705011925126253079e-18	-4.634522252343099835e-02
-2.009394576689098515e-18	8.615989506018789106e-18	-2.332169247984128835e-01
9.918035322041687218e-19	8.599088340565730030e-18	1.153382187650509039e-01
1.266283473521371781e-20	8.366296067298540756e-18	1.513553265788562981e-03
-1.511276548330285693e-18	8.872510502788025347e-18	-1.703324609033028958e-01
-1.064199931493364449e-19	8.817131209431598070e-18	-1.206968464249460506e-02
5.704611261856588321e-20	8.548123287218173822e-18	6.673524784541387707e-03
8.507402477805620125e-19	8.520766070672179370e-18	9.984316442024437910e-02
6.498495981305955563e-19	8.509400924785828816e-18	7.636843108869635632e-02
-3.623098582688745081e-19	8.543493478262734500e-18	-4.240769413480584282e-02
-1.098785032953940633e-18	8.803018776724987927e-18	-1.248191172622631628e-01
-5.362573689813635735e-19	8.301132566848573848e-18	-6.460050657701366106e-02
-2.565693720598969866e-19	8.466563159735590007e-18	-3.030383961228367076e-02
-7.178506398808970303e-20	8.369661210444067785e-18	-8.576818366138026090e-03
-1.165406090849233494e-18	8.529684845085544391e-18	-1.366294431758159067e-01
-3.532803492011319836e-19	8.355696537602378865e-18	-4.228017946933528004e-02
-1.188344432651051741e-18	8.482675856980349598e-18	-1.400907511599855937e-01
-2.090996913757210505e-18	8.644247238378819547e-18	-2.418946214857877475e-01
-2.270228091686271088e-18	8.589611033816111348e-18	-2.642992893099229690e-01
-2.423510125271261566e-18	8.627902922448301807e-18	-2.808921411210724139e-01
2.604364913503226781e-19	8.983596131368824095e-18	2.899022702511451499e-02
6.766188003477549957e-19	8.403468881712929339e-18	8.051660687649690729e-02
-8.336493601564572350e-19	8.459892097789681495e-18	-9.854137032956543363e-02
-5.204325835435516571e-19	8.716758744786568710e-18	-5.970482822583780824e-02
2.635908957948998313e-19	8.480318417823376964e-18	3.108266491985746394e-02
-9.718818613956366608e-19	8.559281488228732507e-18	-1.135471315825084537e-01
9.223294378614524382e-19	8.516143469601291272e-18	1.083036518999173220e-01
4.996917952123691605e-20	8.542183002052683584e-18	5.849696676976990674e-03
4.508641233029994084e-19	8.676276639784627572e-18	5.196516224892885200e-02
-2.331342304531625592e-19	8.365106820454274912e-18	-2.786984499505793314e-02
-2.559495248987921739e-19	8.345435864248051113e-18	-3.066940170198695706e-02
-8.682909638812918202e-19	8.460285918847164140e-18	-1.026313971194497132e-01
-4.593609425829408180e-20	8.415334872587496115e-18	-5.458617506467681839e-03
9.512058800925553350e-19	8.503308293486375965e-18	1.118630358046866363e-01
-2.509883150005740513e-18	8.629762275757751120e-18	-2.908403580312246550e-01
2.687656625682477394e-19	8.301792077199385011e-18	3.237441507435536575e-02
-1.129066655376681269e-18	8.512142203204144914e-18	-1.326418930068716806e-01
-4.441296655697338182e-19	8.397713648609603192e-18	-5.288697425915060701e-02
-1.242586652019577013e-19	8.722749627643511076e-18	-1.424535502064235189e-02
-1.819160313290959529e-18	8.389662171663521800e-18	-2.168335596915045016e-01
