3.179681211055484258e-09	-1.617343712166172100e-15	9.274478508921203777e-15	1.000000000000000000e+00
6.359362422110968517e-09	-3.425015827635323083e-14	3.338187055670532847e-14	1.000000000000000000e+00
9.539043633166452775e-09	8.601124963190709993e-13	3.450050662130323073e-13	1.000000000000000000e+00
1.271872484422193869e-08	-2.097392608079879977e-13	3.320627474912211029e-13	1.000000000000000000e+00
1.589840605527742129e-08	-2.632304474303282249e-13	1.954063406207108992e-13	1.000000000000000000e+00
1.907808726633290886e-08	1.304290103111226903e-14	1.185185054059727566e-13	1.000000000000000000e+00
2.225776847738839312e-08	3.051730516430672864e-12	6.989660457108384453e-13	1.000000000000000000e+00
2.543744968844387738e-08	-6.315948475372852038e-16	3.798346718485990226e-15	1.000000000000000000e+00
2.861713089949936163e-08	-1.701536749583235937e-15	2.424559434271386967e-15	1.000000000000000000e+00
3.179681211055484258e-08	1.314277397747814742e-15	1.772940027644296038e-15	1.000000000000000000e+00
3.497649332161033346e-08	-1.445710607645663232e-15	1.265541358698086250e-15	1.000000000000000000e+00
3.815617453266581772e-08	-1.055675275229982626e-15	1.204465715569212455e-15	1.000000000000000000e+00
4.133585574372130198e-08	-1.235427520563556012e-15	1.159112763456155535e-15	1.000000000000000000e+00
4.451553695477678623e-08	-7.704613130043029607e-17	5.281492445758719430e-16	1.000000000000000000e+00
4.769521816583227049e-08	-3.341114476486457560e-16	6.417433756924260466e-16	1.000000000000000000e+00
5.087489937688775475e-08	-9.395121150993238691e-16	6.591808558783573114e-16	1.000000000000000000e+00
5.405458058794323901e-08	-4.391069289888777423e-16	7.390736878854749326e-16	1.000000000000000000e+00
5.723426179899872327e-08	1.430623610197564695e-16	5.993379084541374949e-16	1.000000000000000000e+00
6.041394301005420753e-08	-1.345120731674065709e-15	5.368911250251848063e-16	1.000000000000000000e+00
6.359362422110968517e-08	-1.013175286450159934e-15	4.058323426715467297e-16	1.000000000000000000e+00
