0.709486
0.377712
0.283702
0.226613
0.193123
0.175117
0.166046
0.159377
0.154002
0.149332
0.145865
0.143713
0.142218
0.140794
0.139594
0.138383
0.137871
0.138183
0.138396
0.137975
0.138831
0.139756
0.140876
0.14243
0.142396
0.143303
0.144199
0.145631
0.145946
0.14682
0.148008
0.148864
0.14974
0.15012
0.151582
0.153036
0.154251
0.154747
0.1556
0.157967
0.158272
0.159377
0.160174
0.160937
0.16063
0.161634
0.162955
0.163916
0.164545
0.165238
0.165856
0.166051
0.167073
0.167781
0.168339
0.16949
0.170242
0.170545
0.171645
0.172136
0.173
0.174436
0.175029
0.176056
0.177148
0.178314
0.179141
0.179546
0.180014
0.180541
0.181063
0.181444
0.182257
0.183224
0.183738
0.184486
0.184699
0.18546
0.18579
0.186523
0.18703
0.187917
0.188761
0.189208
0.189923
0.19087
0.191538
0.192637
0.193391
0.193996
0.195085
0.195753
0.19667
0.197388
0.197881
0.198171
0.198612
0.199212
0.199571
0.20033
0.20081
0.200952
0.200813
0.201228
0.201684
0.202282
0.202921
0.203073
0.203872
0.204682
0.205397
0.205939
0.20671
0.207159
0.207752
0.207892
0.207945
0.208574
0.209265
0.209511
0.209697
0.21011
0.210546
0.211097
0.211815
0.212091
0.212852
0.213165
0.213313
0.213769
0.214249
0.214576
0.21537
0.216113
0.216612
0.216536
0.216934
0.217828
0.218154
0.2183
0.218683
0.219198
0.219561
0.219903
0.220395
0.22077
0.220947
0.221602
0.222387
0.22277
0.223351
0.223824
0.22438
0.224757
0.225126
0.225691
0.226115
0.226592
0.22724
0.227693
0.227959
0.228612
0.229012
0.229582
0.229984
0.230288
0.230847
0.231267
0.231878
0.232553
0.233155
0.23358
0.234252
0.234526
0.234887
0.235283
0.235977
0.236523
0.237142
0.237451
0.237791
0.238153
0.238609
0.2391
0.239499
0.240077
0.24044
0.240947
0.241413
0.242077
0.24228
0.24233
0.243017
0.24361
0.244075
0.244506
0.244626
0.245096
0.245503
0.245837
0.246155
0.246633
0.246832
0.247194
0.247699
0.247906
0.248381
0.248649
0.249025
0.249437
0.249766
0.250171
0.250394
0.250561
0.250838
0.251245
0.251531
0.251909
0.252389
0.252569
0.252822
0.25325
0.253797
0.254337
0.254581
0.254798
0.255244
0.255501
0.255734
0.2561
0.256376
0.256728
0.257172
0.257547
0.257858
0.258111
0.258351
0.25894
0.259145
0.259311
0.259619
0.260086
0.260377
0.260594
0.260575
0.260843
0.261168
0.261372
0.261566
0.261949
0.262175
0.262553
0.26283
0.263159
0.263403
0.26363
0.26397
0.264178
0.26462
0.265136
0.265576
0.265746
0.266178
0.266688
0.267167
0.267692
0.267633
0.267891
0.268191
0.268512
0.268811
0.269102
0.269332
0.269613
0.269886
0.270243
0.270505
0.271001
0.271347
0.271573
0.271833
0.272225
0.272385
0.272712
0.272976
0.273328
0.273721
0.274117
0.27449
0.274858
0.274992
0.27526
0.27545
0.275628
0.275966
0.276249
0.27642
0.276925
0.277166
0.277419
0.277753
0.277937
0.278281
0.27837
0.278671
0.279048
0.27928
0.27955
0.279777
0.280197
0.280557
0.280726
0.280993
0.281214
0.281398
0.281579
0.281795
0.282011
0.282216
0.282493
0.28282
0.283071
0.283435
0.283602
0.283775
0.28392
0.284249
0.284575
0.284902
0.285155
0.285339
0.285697
0.285938
0.286224
0.286621
0.286763
0.28708
0.287417
0.287621
0.287864
0.28815
0.288301
0.288515
0.288816
0.288968
0.289126
0.289353
0.289563
0.289784
0.290029
0.290275
0.290444
0.290685
0.290971
0.291176
0.291345
0.291652
0.291965
0.29224
0.292472
0.292692
0.292896
0.29317
0.293421
0.293613
0.29388
0.294007
0.294302
0.294408
0.294501
0.294825
0.295144
0.295425
0.295639
0.295847
0.296165
0.296429
0.296624
0.296822
0.297202
0.297345
0.297432
0.297675
0.298079
0.29833
0.29856
0.298799
0.299091
0.2992
0.299339
0.299674
0.299968
0.300351
0.300486
0.300736
0.300902
0.301084
0.301349
0.301677
0.301991
0.30224
0.302467
0.302721
0.302909
0.303066
0.303238
0.30349
0.303571
0.303821
0.304138
0.304391
0.304697
0.304923
0.305148
0.305377
0.305713
0.305833
0.306036
0.306205
0.30642
0.306799
0.306983
0.307222
0.307407
0.307592
0.30788
0.308154
0.308432
0.308608
0.308707
0.308878
0.309162
0.309344
0.309572
0.309751
0.309937
0.310101
0.310352
0.310634
0.310835
0.310993
0.311203
0.311333
0.311525
0.311569
0.311658
0.311891
0.312085
0.312196
0.312433
0.312736
0.313022
0.313169
0.313371
0.313547
0.313623
0.313725
0.314002
0.314195
0.314401
0.314575
0.314832
0.314929
0.315088
0.315321
0.31557
0.315747
0.316025
0.316166
0.316318
0.316505
0.316698
0.316868
0.317028
0.31718
0.31739
0.317551
0.317768
0.317995
0.318304
0.318333
0.318715
0.31891
0.319123
0.319286
0.319538
0.319669
0.31977
0.32002
0.320231
0.320352
0.320413
0.320532
0.320705
0.320874
0.321014
0.32109
0.321327
0.321458
0.3216
0.321753
0.321917
0.322006
0.322207
0.322394
0.322463
0.322582
0.322745
0.322874
0.322986
0.323194
0.323378
0.323571
0.323803
0.323934
0.324223
0.324345
0.324453
0.324636
0.324815
0.324988
0.325144
0.325393
0.325568
0.325782
0.32601
0.326158
0.326246
0.326375
0.326627
0.32669
0.32689
0.327069
0.327313
0.327526
0.327718
0.327953
0.328174
0.328299
0.32843
0.328633
0.328792
0.329018
0.329251
0.32944
0.329473
0.329565
0.329814
0.329979
0.330059
0.33015
0.330304
0.330447
0.330619
0.330689
0.330898
0.331055
0.331197
0.331308
0.331418
0.331625
0.331776
0.331831
0.331909
0.332101
0.332282
0.332343
0.332535
0.332709
0.332816
0.332997
0.333152
0.333289
0.333522
0.333689
0.33383
0.334018
0.334162
0.334257
0.334431
0.334632
0.334801
0.334911
0.335125
0.335234
0.335403
0.335637
0.335827
0.335936
0.336042
0.336205
0.336393
0.336489
0.336651
0.336732
0.336938
0.337094
0.33734
0.337426
0.337523
0.337674
0.33778
0.337897
0.338004
0.338114
0.338262
0.338427
0.338619
0.338832
0.338932
0.339066
0.339227
0.339417
0.339564
0.339782
0.339937
0.340119
0.34024
0.34039
0.34057
0.34071
0.340832
0.340909
0.341136
0.341241
0.341462
0.341584
0.341687
0.341839
0.34202
0.342208
0.342411
0.342616
0.342743
0.342913
0.343089
0.34326
0.343376
0.343522
0.343705
0.343886
0.344068
0.34426
0.34447
0.344641
0.344854
0.344966
0.345099
0.345213
0.345356
0.345574
0.345688
0.345752
0.345848
0.345991
0.346103
0.346297
0.346469
0.346698
0.346826
0.346941
0.346999
0.347209
0.3473
0.347443
0.347561
0.347719
0.347804
0.347928
0.348063
0.348231
0.348407
0.348586
0.348673
0.348786
0.348946
0.349157
0.349244
0.349301
0.349399
0.34952
0.349672
0.349771
0.349905
0.350006
0.350162
0.350355
0.350488
0.350621
0.350813
0.350981
0.351087
0.351192
0.351312
0.351423
0.351398
0.351486
0.351574
0.351769
0.351852
0.351994
0.3522
0.35243
0.352576
0.352644
0.352798
0.352923
0.353065
0.353215
0.353315
0.353456
0.353649
0.353743
0.353826
0.353989
0.354193
0.354317
0.354426
0.354582
0.354699
0.354846
0.35491
0.355031
0.355124
0.355228
0.35543
0.355578
0.355716
0.355905
0.356
0.356116
0.356281
0.356366
0.356502
0.356705
0.356768
0.356941
0.357033
0.357124
0.357251
0.357392
0.357482
0.357573
0.357682
0.357807
0.358015
0.358218
0.358328
0.358445
0.358565
0.358667
0.358816
0.358937
0.359093
0.359235
0.359405
0.359448
0.359573
0.359672
0.359733
0.359831
0.36002
0.360153
0.360309
0.360445
0.36067
0.36082
0.360914
0.361014
0.361129
0.361243
0.361348
0.361473
0.361603
0.361658
0.361762
0.361876
0.361959
0.362004
0.362147
0.362207
0.362288
0.362417
0.362587
0.362668
0.36284
0.363008
0.363134
0.363219
0.363349
0.363471
0.363559
0.363692
0.363762
0.363849
0.363911
0.364092
0.364271
0.364444
0.364594
0.364703
0.364848
0.364977
0.365119
0.365253
0.365348
0.365429
0.365552
0.365692
0.365817
0.365923
0.366003
0.366058
0.366129
0.366232
0.366377
0.366501
0.366651
0.366778
0.366892
0.366986
0.3671
0.367206
0.367305
0.367411
0.367503
0.367668
0.367758
0.367893
0.368014
0.368144
0.368201
0.368312
0.368435
0.368527
0.368672
0.368788
0.368833
0.368995
0.369175
0.36931
0.369416
0.36956
0.369687
0.369856
0.369964
0.370044
0.370146
0.37024
0.370294
0.370431
0.370542
0.370599
0.370651
0.370763
0.370852
0.37101
0.371069
0.371183
0.37129
0.371417
0.371484
0.37164
0.371725
0.371802
0.371854
0.371971
0.372089
0.37219
0.372254
0.372353
0.372444
0.372579
0.37269
0.372805
0.372972
0.373091
0.373149
0.373279
0.37341
0.373477
0.373547
0.373664
0.373786
0.373928
0.374042
0.374093
0.374225
0.37428
0.374416
0.374543
0.374618
0.374673
0.374775
0.374867
0.374969
0.375099
0.375202
0.375283
0.375396
0.375504
0.37562
0.375706
0.375808
0.375912
0.37597
0.376088
0.376165
0.376238
0.376334
0.376434
0.376475
0.376546
0.376704
0.376772
0.376863
0.37693
0.376996
0.377176
0.377232
0.377311
0.377455
0.377558
0.377594
0.377728
0.377806
0.377881
0.378042
0.378122
0.37822
0.37832
0.378409
0.378459
0.378557
0.378664
0.378765
0.378887
0.379018
0.379107
0.379193
0.379247
0.379357
0.37941
0.379493
0.379599
0.379726
0.379813
0.379929
0.379997
0.380125
0.380277
0.380395
0.380501
0.380573
0.380612
0.380747
0.380795
0.380871
0.380957
0.381006
0.381079
0.381174
0.381279
0.381318
0.381383
0.381445
0.381558
0.381645
0.381773
0.381838
0.381967
0.382023
0.382158
0.382241
0.382283
0.382351
0.382398
0.382508
0.382586
0.382663
0.382757
0.382828
0.382951
0.383035
0.383123
0.383219
0.383362
0.383442
0.383545
0.383655
0.383734
0.383812
0.383944
0.384032
0.384072
0.384186
0.38429
0.3844
0.384497
0.384616
0.384701
0.384713
0.384769
0.384823
0.384887
0.384985
0.385083
0.385219
0.385283
0.385351
0.385411
0.385507
0.385566
0.385679
0.385747
0.385822
0.385888
0.385985
0.386054
0.386132
0.386234
0.386328
0.386391
0.386473
0.386541
0.386663
0.3867
0.386772
0.386868
0.386966
0.387024
0.387122
0.38719
0.387282
0.38737
0.387455
0.387545
0.387653
0.387719
0.387794
0.387875
0.387985
0.388054
0.388135
0.388189
0.38829
0.388371
0.388442
0.388538
0.388618
0.388682
0.38874
0.388809
0.38888
0.389011
0.389086
0.389148
0.38919
0.389275
0.389354
0.389429
0.389503
0.389607
0.389674
0.389742
0.389772
0.389817
0.389888
0.389949
0.390004
0.390077
0.390173
0.390261
0.390327
0.390378
0.390483
0.390616
0.390714
0.390776
0.390881
0.390946
0.391025
0.391098
0.391183
0.391245
0.391387
0.391413
0.391478
0.391555
0.391682
0.39176
0.391871
0.391955
0.392044
0.392165
0.392226
0.392291
0.392393
0.39249
0.392563
0.392604
0.392701
0.392817
0.392913
0.39299
0.393096
0.39315
0.393278
0.393412
0.393456
0.393561
0.393653
0.393685
0.39376
0.393803
0.393899
0.393952
0.393985
0.394084
0.39414
0.39421
0.394284
0.394328
0.394336
0.394412
0.394473
0.394556
0.394655
0.394735
0.39485
0.394912
0.395005
0.395065
0.395142
0.395186
0.395275
0.395338
0.395395
0.395488
0.395563
0.395584
0.395662
0.395728
0.395817
0.395881
0.395984
0.396071
0.396124
0.396187
0.396221
0.396267
0.396319
0.396345
0.396459
0.396549
0.396639
0.396699
0.396792
0.396878
0.396962
0.397089
0.39718
0.3972
0.397254
0.397357
0.3974
0.397416
0.397511
0.397563
0.397611
0.397683
0.39777
0.397817
0.397865
0.397931
0.397985
0.398053
0.398086
0.398174
0.398247
0.398351
0.398406
0.398463
0.398482
0.398611
0.398667
0.398764
0.398841
0.398859
0.398927
0.399035
0.399124
0.399202
0.399237
0.399307
0.399365
0.399404
0.399463
0.399526
0.399623
0.399729
0.399721
0.399784
0.399858
0.399957
0.400044
0.400143
0.400193
0.400285
0.400392
0.400484
0.400561
0.400641
0.400663
0.400703
0.400816
0.400897
0.400997
0.401093
0.401112
0.401209
0.401267
0.401422
0.401462
0.401525
0.401635
0.401691
0.401771
0.401823
0.401879
0.401955
0.402065
0.402088
0.402167
0.402209
0.402317
0.402363
0.402436
0.402491
0.402543
0.402597
0.402636
0.402672
0.402741
0.402799
0.402857
0.402955
0.403009
0.403077
0.403144
0.403197
0.403274
0.403306
0.403384
0.403431
0.403493
0.403561
0.40358
0.403603
0.403672
0.403743
0.403764
0.403844
0.403873
0.403943
0.403977
0.404055
0.404133
0.404181
0.404273
0.404373
0.404473
0.404552
0.404568
0.404642
0.404671
0.4047
0.404763
0.40485
0.404907
0.404961
0.405007
0.405075
0.405111
0.405166
0.40524
0.405302
0.405349
0.405364
0.405425
0.405462
0.405525
0.405575
0.405653
0.405686
0.405753
0.40582
0.405864
0.405895
0.405946
0.405987
0.40606
0.406125
0.406133
0.406194
0.406258
0.406312
0.406383
0.406436
0.406507
0.406598
0.406711
0.406762
0.406801
0.406872
0.406944
0.407013
0.407066
0.407112
0.407125
0.407169
0.407208
0.40727
0.407343
0.407408
0.407496
0.407573
0.407632
0.407652
0.407685
0.407758
0.40783
0.407919
0.407978
0.408039
0.408082
0.408147
0.408198
0.40826
0.408329
0.408384
0.408445
0.408515
0.408562
0.408648
0.408703
0.408735
0.408788
0.408839
0.408957
0.409013
0.409051
0.409092
0.409142
0.409224
0.409283
0.409306
0.409386
0.409451
0.409496
0.409531
0.409596
0.40964
0.40969
0.40977
0.409789
0.409818
0.409886
0.40997
0.410015
0.410044
0.410101
0.410192
0.410251
0.410276
0.41032
0.410377
0.410424
0.410505
0.410556
0.410617
0.410647
0.410728
0.410779
0.410814
0.410866
0.410886
0.410945
0.411009
0.411049
0.411134
0.411193
0.411232
0.411267
0.411295
0.411334
0.41139
0.411472
0.41151
0.411611
0.411683
0.41173
0.41177
0.411827
0.41191
0.411958
0.411989
0.412081
0.412159
0.412187
0.412209
0.412267
0.412337
0.412336
0.412403
0.412459
0.412516
0.412529
0.412617
0.412649
0.412754
0.41278
0.412864
0.412956
0.413011
0.413069
0.413134
0.413186
0.413237
0.413286
0.413332
0.413418
0.413456
0.41353
0.413567
0.413657
0.413694
0.413763
0.413791
0.413859
0.413906
0.41393
0.413977
0.414046
0.414078
0.414126
0.414151
0.414181
0.414228
0.414271
0.414341
0.414398
0.414463
0.414526
0.414585
0.414682
0.414698
0.414772
0.414816
0.414898
0.415003
0.415052
0.415132
0.415192
0.415238
0.415286
0.415364
0.415403
0.415428
0.415483
0.415538
0.415594
0.415637
0.415667
0.415711
0.415762
0.415817
0.415818
0.415884
0.415945
0.416006
0.416042
0.416093
0.416133
0.416176
0.416232
0.416295
0.416376
0.416434
0.416476
0.416527
0.416604
0.416671
0.416726
0.416801
0.416863
0.416923
0.416973
0.417037
0.417058
0.417136
0.41719
0.417267
0.417334
0.417388
0.417424
0.417503
0.417558
0.417616
0.41766
0.417695
0.417715
0.41777
0.417857
0.417892
0.417956
0.418005
0.41806
0.418092
0.418176
0.418188
0.418261
0.418306
0.418361
0.418418
0.418452
0.418505
0.418567
0.418587
0.418656
0.418712
0.418817
0.418826
0.418876
0.418934
0.41898
0.419049
0.419084
0.419133
0.419199
0.419238
0.419296
0.419347
0.419399
0.419476
0.419533
0.419542
0.41959
0.419661
0.419718
0.419791
0.419823
0.419918
0.419981
0.420035
0.420104
0.420205
0.42023
0.420274
0.420323
0.420359
0.420412
0.420482
0.420561
0.420636
0.420685
0.420738
0.420772
0.420803
0.420853
0.420906
0.42095
0.421035
0.421087
0.42111
0.421161
0.421206
0.421266
0.421307
0.421371
0.421422
0.421467
0.421511
0.421582
0.42162
0.421666
0.421742
0.42176
0.421818
0.421897
0.421951
0.421986
0.422021
0.422074
0.422151
0.422206
0.422251
0.422282
0.422334
0.422369
0.422383
0.422443
0.422465
0.422525
0.422559
0.422641
0.422678
0.422733
0.422799
0.422863
0.42291
0.422972
0.423037
0.423095
0.423152
0.423186
0.42322
0.423272
0.423309
0.423368
0.423403
0.423432
0.423457
0.423569
0.423607
0.42365
0.423677
0.42372
0.423769
0.423801
0.423811
0.42387
0.423911
0.423964
0.424034
0.424071
0.424143
0.424191
0.42425
0.424281
0.424321
0.424353
0.424356
0.424406
0.424423
0.424498
0.424554
0.424597
0.424661
0.42469
0.424751
0.4248
0.424815
0.424889
0.424931
0.424974
0.42504
0.425085
0.425109
0.425127
0.425133
0.425195
0.425231
0.425294
0.425352
0.425386
0.425447
0.42547
0.425506
0.425571
0.425655
0.425702
0.42574
0.425801
0.425841
0.425895
0.425956
0.426002
0.426067
0.42612
0.42617
0.426219
0.426235
0.426257
0.426304
0.42636
0.426405
0.426487
0.426527
0.426537
0.426588
0.426613
0.426676
0.426727
0.426751
0.426835
0.426849
0.426885
0.426919
0.426951
0.426997
0.427051
0.427105
0.427126
0.427166
0.427239
0.427302
0.427333
0.427355
0.427412
0.427444
0.427485
0.427506
0.427549
0.427601
0.427666
0.427702
0.427722
0.427743
0.427763
0.427821
0.427838
0.427913
0.427966
0.427988
0.428035
0.428078
0.428134
0.428198
0.428262
0.428299
0.428343
0.42838
0.428413
0.428479
0.428532
0.428582
0.428621
0.428653
0.428711
0.428752
0.428796
0.428816
0.428882
0.428927
0.428966
0.429
0.42906
0.429096
0.429128
0.429152
0.429194
0.429256
0.429267
0.429294
0.429324
0.429357
0.429396
0.429449
0.429498
0.429551
0.429567
0.429632
0.429698
0.429746
0.429773
0.429799
0.429829
0.429846
0.429879
0.4299
0.429955
0.429984
0.430015
0.430097
0.430125
0.430173
0.430226
0.430288
0.430337
0.430368
0.430388
0.430419
0.430468
0.430497
0.430543
0.43058
0.430633
0.430679
0.430704
0.430748
0.430791
0.430815
0.43084
0.430867
0.430921
0.430955
0.431005
0.431054
0.431097
0.431133
0.431148
0.431161
0.431179
0.431216
0.431264
0.431297
0.431339
0.431377
0.431426
0.431502
0.431537
0.431569
0.431597
0.431611
0.431661
0.431724
0.431775
0.431851
0.431886
0.431961
0.43201
0.432055
0.432087
0.432117
0.43215
0.432194
0.43227
0.432282
0.432327
0.432376
0.43243
0.432479
0.432507
0.432573
0.432627
0.432673
0.432707
0.432694
0.432721
0.432767
0.432816
0.432833
0.432875
0.432906
0.432933
0.432949
0.432977
0.433023
0.433049
0.433099
0.433118
0.433163
0.433194
0.433238
0.433272
0.433326
0.433362
0.433377
0.433407
0.433443
0.433466
0.433506
0.433577
0.433627
0.433677
0.433703
0.433753
0.433785
0.433792
0.433825
0.433874
0.43393
0.433943
0.433989
0.434014
0.434073
0.434107
0.434152
0.434207
0.434267
0.434323
0.434363
0.434411
0.434449
0.434476
0.434498
0.434548
0.434576
0.434626
0.434691
0.434732
0.434764
0.434786
0.434825
0.434882
0.434923
0.434966
0.435012
0.435039
0.435065
0.43509
0.435103
0.435122
0.435168
0.435199
0.43522
0.435256
0.435272
0.435314
0.435319
0.43536
0.435404
0.435411
0.435448
0.435487
0.435517
0.435534
0.435578
0.435595
0.435652
0.435677
0.435716
0.435726
0.435771
0.435805
0.435858
0.435904
0.435938
0.435977
0.436045
0.436086
0.436113
0.43617
0.436229
0.436281
0.436315
0.436351
0.436389
0.436439
0.436495
0.436525
0.436558
0.4366
0.436643
0.436686
0.436729
0.436764
0.436805
0.436853
0.436878
0.436901
0.436935
0.436981
0.437013
0.437032
0.437075
0.437112
0.437151
0.437179
0.437224
0.437254
0.437296
0.437333
0.437383
0.437426
0.437451
0.437483
0.437504
0.43752
0.437541
0.437567
0.43761
0.437641
0.437704
0.437735
0.43779
0.437826
0.437872
0.437897
0.437942
0.437971
0.438018
0.438072
0.438117
0.438159
0.438189
0.438247
0.438272
0.438311
0.43835
0.438376
0.438431
0.438476
0.438502
0.438528
0.438571
0.438615
0.438644
0.438696
0.438727
0.43876
0.438774
0.43883
0.438855
0.438879
0.438923
0.438917
0.438976
0.439012
0.439075
0.439105
0.439146
0.43919
0.439232
0.43924
0.439247
0.439286
0.439319
0.439357
0.43939
0.439434
0.439458
0.439475
0.439492
0.439515
0.439555
0.439572
0.439605
0.439633
0.439666
0.439696
0.439755
0.439768
0.439776
0.439806
0.439866
0.439915
0.439942
0.439966
0.440002
0.440056
0.440091
0.440101
0.44015
0.440176
0.440207
0.440242
0.440281
0.440311
0.440336
0.440348
0.440377
0.440423
0.440476
0.440486
0.440539
0.440608
0.440618
0.440664
0.440713
0.440749
0.440786
0.440826
0.440859
0.440878
0.440915
0.440923
0.440931
0.44096
0.44099
0.441012
0.441042
0.441073
0.441113
0.441136
0.441166
0.441197
0.44125
0.441282
0.441322
0.441355
0.441396
0.441424
0.441436
0.441476
0.441492
0.441535
0.44156
0.441576
0.441619
0.441656
0.441665
0.441693
0.441723
0.44177
0.441808
0.441847
0.441881
0.441906
0.441934
0.441949
0.441979
0.442007
0.442059
0.442072
0.442131
0.442146
0.442182
0.442213
0.442227
0.442226
0.442274
0.442312
0.442337
0.442389
0.442428
0.442452
0.442497
0.442525
0.442563
0.442611
0.442655
0.442665
0.442667
0.442696
0.442749
0.442765
0.442795
0.442829
0.442855
0.442902
0.442932
0.442959
0.44298
0.443021
0.443046
0.443072
0.443123
0.443134
0.443173
0.443203
0.443253
0.443279
0.443287
0.443314
0.443358
0.443426
0.443416
0.443444
0.443438
0.443459
0.443479
0.443509
0.44352
0.443532
0.443563
0.443609
0.443663
0.443709
0.443745
0.443763
0.443804
0.44384
0.44389
0.443916
0.443917
0.44397
0.443984
0.444026
0.444041
0.444067
0.444083
0.444103
0.444127
0.444156
0.444196
0.444224
0.444253
0.444293
0.444319
0.444363
0.444383
0.444415
0.444441
0.444465
0.444509
0.444538
0.444587
0.444632
0.444676
0.444709
0.444738
0.44476
0.444791
0.444834
0.444875
0.44491
0.444945
0.444982
0.445023
0.445035
0.445068
0.445109
0.44515
0.445202
0.445235
0.445261
0.445297
0.445339
0.445377
0.445406
0.445445
0.44547
0.445503
0.445524
0.445557
0.445566
0.445592
0.445633
0.445689
0.445719
0.445759
0.445765
0.445811
0.445844
0.445901
0.445943
0.445972
0.445988
0.445985
0.446027
0.446053
0.446079
0.446116
0.446153
0.44617
0.446208
0.446234
0.446266
0.446286
0.446309
0.446326
0.44635
0.446375
0.446416
0.446452
0.446482
0.446517
0.446551
0.446581
0.446613
0.446644
0.446672
0.4467
0.446729
0.446778
0.446816
0.446844
0.446875
0.446905
0.446937
0.446964
0.446997
0.447032
0.447067
0.447079
0.44713
0.447156
0.447191
0.447214
0.447224
0.447231
0.447258
0.447288
0.447328
0.447349
0.447389
0.44741
0.447424
0.447468
0.447489
0.447507
0.447558
0.447594
0.447624
0.447648
0.447685
0.447729
0.447768
0.447812
0.447844
0.447882
0.447915
0.447946
0.44797
0.448019
0.448068
0.448117
0.448151
0.448164
0.44818
0.448211
0.448217
0.448239
0.448263
0.448306
0.448327
0.448366
0.448393
0.448437
0.448479
0.448495
0.448514
0.44857
0.448607
0.448636
0.448665
0.448677
0.448697
0.448723
0.448763
0.448777
0.448789
0.448828
0.448875
0.44891
0.448942
0.448974
0.449017
0.449048
0.449086
0.44911
0.449127
0.449165
0.449206
0.449214
0.449265
0.449301
0.449328
0.449368
0.449401
0.44942
0.449456
0.449481
0.449513
0.449525
0.449566
0.449582
0.449602
0.449618
0.449655
0.449689
0.449721
0.449766
0.449801
0.449851
0.449879
0.449921
0.44995
0.449973
0.449998
0.450034
0.450059
0.45007
0.450103
0.450148
0.45018
0.450197
0.450244
0.450284
0.450307
0.450339
0.450344
0.450374
0.450429
0.45046
0.450478
0.450492
0.450519
0.450562
0.450591
0.450627
0.450654
0.450663
0.450691
0.450711
0.450746
0.45077
0.450801
0.45082
0.450868
0.450918
0.450934
0.450952
0.450977
0.451002
0.451045
0.451072
0.451119
0.45116
0.451172
0.45119
0.451209
0.451222
0.451249
0.451282
0.451293
0.45132
0.451345
0.451367
0.451394
0.451428
0.451436
0.451464
0.451495
0.451516
0.451529
0.45155
0.451588
0.451605
0.451623
0.451657
0.451678
0.451694
0.451716
0.451746
0.451753
0.451783
0.451813
0.451826
0.451864
0.451885
0.451928
0.451954
0.451989
0.452008
0.452044
0.45208
0.452089
0.452126
0.452158
0.452183
0.452203
0.452238
0.452275
0.452289
0.45231
0.452349
0.452364
0.4524
0.452435
0.452478
0.452487
0.452515
0.45251
0.452549
0.452578
0.452578
0.452605
0.452641
0.452671
0.452701
0.452742
0.452791
0.452811
0.452844
0.452877
0.45291
0.452914
0.452938
0.45295
0.452973
0.45299
0.453009
0.453034
0.453057
0.453058
0.453079
0.453108
0.45313
0.453152
0.453181
0.453215
0.453242
0.453274
0.453304
0.453328
0.453332
0.453366
0.453395
0.453417
0.453448
0.453472
0.453485
0.453501
0.453548
0.453576
0.453621
0.453649
0.453662
0.453703
0.453727
0.453754
0.453768
0.453805
0.453834
0.453855
0.453878
0.453908
0.453963
0.453982
0.454013
0.454029
0.454062
0.454081
0.454097
0.4541
0.454124
0.454154
0.454167
0.454198
0.454223
0.454265
0.454289
0.454321
0.454331
0.454358
0.454393
0.454427
0.454453
0.454476
0.454503
0.454517
0.454577
0.454599
0.454636
0.454652
0.454691
0.454703
0.454723
0.454737
0.454763
0.454776
0.454813
0.454854
0.454878
0.454909
0.45494
0.454979
0.454993
0.455018
0.455033
0.455055
0.455076
0.455113
0.455143
0.455169
0.455213
0.45524
0.455284
0.455293
0.455317
0.455344
0.455361
0.455368
0.455406
0.455427
0.455458
0.455493
0.455505
0.455511
0.455514
0.455533
0.455578
0.455588
0.455607
0.455624
0.455643
0.455691
0.45572
0.455743
0.455774
0.455791
0.455814
0.455836
0.455866
0.455885
0.45591
0.455915
0.45594
0.455959
0.455985
0.456023
0.456056
0.456059
0.456096
0.456142
0.456161
0.456202
0.456251
0.456293
0.45632
0.456339
0.456338
0.456368
0.456388
0.456408
0.456438
0.456442
0.456464
0.456484
0.456495
0.456517
0.456549
0.456581
0.456609
0.456619
0.456633
0.456657
0.456668
0.456699
0.456714
0.456748
0.456777
0.456807
0.456841
0.456873
0.456894
0.456915
0.456925
0.456936
0.456939
0.456947
0.456959
0.457
0.457041
0.457074
0.457101
0.457097
0.457125
0.457156
0.457181
0.457198
0.457221
0.457233
0.457251
0.457276
0.4573
0.457311
0.45734
0.457362
0.457369
0.457372
0.457417
0.457454
0.457481
0.457511
0.457555
0.457581
0.457615
0.457624
0.457661
0.45768
0.457701
0.457718
0.457733
0.457761
0.457805
0.457813
0.457842
0.457861
0.457889
0.457909
0.457922
0.457941
0.45796
0.457982
0.457994
0.458015
0.458032
0.45806
0.45809
0.45811
0.458132
0.45815
0.458198
0.458224
0.45826
0.458282
0.458315
0.458357
0.458388
0.458399
0.458439
0.458476
0.458515
0.45853
0.45854
0.45857
0.458594
0.458617
0.458649
0.458672
0.458691
0.458714
0.458727
0.458749
0.458768
0.458799
0.458842
0.458864
0.458892
0.458923
0.458955
0.458989
0.459014
0.45905
0.459067
0.459089
0.459111
0.459134
0.459163
0.459176
0.459199
0.459232
0.459268
0.459301
0.459324
0.459328
0.459343
0.459378
0.459396
0.459422
0.459433
0.459485
0.459495
0.45952
0.459518
0.459538
0.459547
0.459552
0.459581
0.459585
0.459616
0.459638
0.459672
0.459704
0.459725
0.45974
0.459749
0.459772
0.45979
0.459823
0.459857
0.459872
0.459904
0.459927
0.459957
0.459981
0.460004
0.460031
0.46006
0.460095
0.46011
0.460121
0.460131
0.460162
0.460191
0.460237
0.460254
0.460269
0.460273
0.460292
0.460306
0.460334
0.46036
0.460393
0.460414
0.460443
0.460459
0.460482
0.460491
0.46052
0.460546
0.460551
0.460562
0.460583
0.460601
0.46063
0.46065
0.460671
0.460697
0.460732
0.460747
0.460766
0.460795
0.460836
0.460848
0.460866
0.460882
0.460904
0.460929
0.46094
0.460954
0.460971
0.460996
0.46102
0.461062
0.461079
0.46111
0.461129
0.461158
0.461173
0.4612
0.461224
0.461245
0.461264
0.461277
0.461294
0.461317
0.461343
0.461355
0.4614
0.461407
0.461439
0.461456
0.461459
0.461447
0.461462
0.461487
0.461509
0.461534
0.461555
0.461568
0.461602
0.461633
0.461647
0.461675
0.461699
0.461722
0.461744
0.461762
0.461771
0.461795
0.461821
0.46185
0.461874
0.461901
0.461937
0.461956
0.461979
0.461996
0.462022
0.462044
0.462077
0.462109
0.46215
0.462176
0.462189
0.462191
0.462233
0.462267
0.462283
0.462314
0.46234
0.462359
0.462374
0.462412
0.46243
0.462463
0.462503
0.46251
0.462541
0.462559
0.462578
0.462605
0.462611
0.462643
0.46267
0.462674
0.462689
0.462703
0.462735
0.462749
0.462784
0.462802
0.462823
0.462835
0.462841
0.46286
0.462871
0.462907
0.462928
0.462924
0.462942
0.462957
0.462964
0.462962
0.462999
0.46301
0.463034
0.463053
0.463063
0.463069
0.463067
0.463083
0.463083
0.463101
0.463117
0.46313
0.463147
0.463169
0.46319
0.463201
0.463219
0.463243
0.463273
0.463288
0.463312
0.463338
0.463361
0.463368
0.463376
0.463405
0.463433
0.463453
0.463482
0.463503
0.463505
0.463508
0.463523
0.463556
0.463563
0.463592
0.463628
0.463663
0.463679
0.463702
0.46372
0.463733
0.463736
0.463745
0.46376
0.463763
0.463794
0.463825
0.463848
0.463846
0.463879
0.46391
0.463921
0.463957
0.463966
0.464
0.464015
0.464046
0.464053
0.464084
0.464102
0.464126
0.464156
0.464169
0.464171
0.464199
0.46421
0.464232
0.464263
0.464281
0.464301
0.464331
0.464345
0.464386
0.464393
0.464407
0.464443
0.464459
0.464461
0.464481
0.464487
0.464501
0.464534
0.464547
0.464558
0.464567
0.464599
0.464622
0.464645
0.464669
0.464688
0.464731
0.464758
0.464776
0.464783
0.464811
0.464828
0.464846
0.464855
0.464883
0.46491
0.46492
0.46493
0.464959
0.464984
0.465012
0.465031
0.465059
0.465071
0.465094
0.465123
0.465151
0.465162
0.46518
0.465196
0.465217
0.465249
0.465273
0.465303
0.46532
0.465336
0.465339
0.465346
0.46537
0.465398
0.465411
0.465441
0.465452
0.465478
0.465494
0.465521
0.465538
0.465565
0.465583
0.465612
0.46562
0.465661
0.465672
0.465698
0.465719
0.465734
0.465754
0.465768
0.465792
0.465812
0.465831
0.465847
0.465868
0.465881
0.465905
0.465914
0.465928
0.465944
0.465974
0.466006
0.466027
0.466047
0.466067
0.466084
0.466105
0.466121
0.466135
0.466161
0.466179
0.466211
0.466236
0.466252
0.466274
0.466305
0.466322
0.466338
0.466358
0.466386
0.466395
0.466409
0.466435
0.466451
0.466464
0.466475
0.466502
0.466519
0.466543
0.46656
0.466565
0.466563
0.466603
0.466625
0.466636
0.466676
0.466673
0.466694
0.466703
0.46672
0.466731
0.466747
0.466769
0.466785
0.466809
0.466829
0.466845
0.466875
0.466891
0.466891
0.466904
0.466929
0.466939
0.466953
0.46698
0.466978
0.466993
0.467028
0.467042
0.467064
0.46707
0.467089
0.467092
0.467103
0.467115
0.467128
0.467152
0.467158
0.467177
0.467173
0.467186
0.46721
0.467239
0.46726
0.467275
0.467282
0.467322
0.467323
0.467319
0.467299
0.467314
0.467329
0.467354
0.467387
0.467386
0.467405
0.467426
0.467439
0.467451
0.467456
0.46748
0.467495
0.467509
0.467527
0.467542
0.467548
0.467558
0.467603
0.467616
0.467624
0.467657
0.467666
0.467688
0.467712
0.467752
0.467764
0.467773
0.467793
0.467822
0.467835
0.467855
0.467885
0.46792
0.467934
0.46797
0.467993
0.468017
0.468024
0.468037
0.468071
0.468086
0.468114
0.468128
0.468141
0.46815
0.468179
0.468197
0.468213
0.468226
0.468254
0.468279
0.468304
0.468342
0.46836
0.468386
0.468424
0.468441
0.468459
0.468477
0.468486
0.468514
0.468536
0.468557
0.468565
0.468588
0.468642
0.46868
0.468693
0.468707
0.468725
0.468732
0.468745
0.468766
0.468782
0.468808
0.468828
0.468839
0.468848
0.468863
0.468867
0.468888
0.468907
0.468907
0.468902
0.468927
0.468942
0.468971
0.469001
0.469026
0.469045
0.469075
0.469094
0.469116
0.469135
0.469141
0.469162
0.469169
0.469179
0.469196
0.469208
0.469227
0.469239
0.469267
0.469293
0.469305
0.469318
0.469342
0.469365
0.469396
0.46941
0.469435
0.469462
0.46948
0.469492
0.469506
0.469519
0.469537
0.469561
0.469595
0.469614
0.469621
0.469631
0.469637
0.469657
0.469672
0.469704
0.469716
0.469735
0.469761
0.469781
0.469807
0.469838
0.469855
0.469859
0.469868
0.469884
0.469899
0.469914
0.469926
0.469959
0.469989
0.469996
0.470009
0.470017
0.470051
0.470082
0.470101
0.47011
0.470133
0.470143
0.470156
0.470181
0.470198
0.470211
0.470237
0.470262
0.470268
0.470292
0.470315
0.47032
0.470341
0.470356
0.470362
0.470387
0.470419
0.470426
0.470449
0.470476
0.470494
0.470501
0.470517
0.470535
0.470552
0.470571
0.470597
0.470611
0.470633
0.470657
0.470677
0.470684
0.4707
0.470721
0.470728
0.470758
0.470752
0.470776
0.470791
0.470808
0.47081
0.470816
0.470806
0.470817
0.470835
0.470852
0.470879
0.470894
0.470897
0.470916
0.470932
0.470948
0.470961
0.470983
0.470992
0.471
0.471014
0.471035
0.47106
0.471059
0.471086
0.471103
0.471117
0.471121
0.471136
0.471167
0.471184
0.471187
0.471214
0.471236
0.471264
0.471267
0.471292
0.471298
0.471324
0.471344
0.471365
0.471375
0.471398
0.471415
0.47143
0.471467
0.471485
0.471513
0.471539
0.471556
0.471563
0.471585
0.471606
0.471625
0.471637
0.471654
0.471658
0.471672
0.471694
0.471699
0.47172
0.471739
0.471765
0.471783
0.4718
0.471814
0.471824
0.471838
0.471846
0.471863
0.471866
0.471895
0.471909
0.471922
0.471942
0.471971
0.471996
0.471996
0.472006
0.47202
0.472037
0.472055
0.472054
0.472073
0.472091
0.472101
0.472117
0.472126
0.472141
0.472157
0.472162
0.472169
0.472182
0.472202
0.472218
0.472229
0.47225
0.472275
0.472288
0.472301
0.472319
0.472323
0.472327
0.47234
0.472359
0.472363
0.472387
0.472401
0.472424
0.472448
0.472449
0.472471
0.472479
0.472508
0.47254
0.472542
0.472562
0.472568
0.472595
0.472614
0.472629
0.47263
0.472629
0.47265
0.472669
0.472691
0.472687
0.47271
0.472723
0.472735
0.472752
0.472783
0.472789
0.472792
0.472805
0.472826
0.472845
0.472863
0.472877
0.472893
0.472935
0.472947
0.472968
0.472977
0.472988
0.47299
0.473013
0.473033
0.473047
0.473073
0.473082
0.473092
0.473092
0.473101
0.473103
0.473127
0.473144
0.473174
0.473198
0.473195
0.473213
0.473229
0.473252
0.473251
0.473272
0.473274
0.47329
0.473302
0.473303
0.473326
0.473342
0.473367
0.473389
0.473407
0.473422
0.473441
0.473454
0.473468
0.473481
0.473492
0.473489
0.473499
0.473497
0.473514
0.473521
0.473538
0.473549
0.473551
0.473573
0.473584
0.473605
0.47362
0.473644
0.473658
0.473669
0.473678
0.473695
0.473713
0.473728
0.47373
0.473741
0.473753
0.47377
0.473782
0.473817
0.473822
0.473824
0.473845
0.473867
0.473879
0.473883
0.473899
0.473913
0.473939
0.473973
0.473986
0.473999
0.474018
0.474026
0.474042
0.474055
0.474083
0.474089
0.474107
0.474124
0.474155
0.474167
0.474175
0.474193
0.474202
0.474225
0.474258
0.474289
0.474313
0.474334
0.474346
0.474371
0.474397
0.474423
0.474436
0.474443
0.47446
0.474469
0.474479
0.474499
0.474511
0.474525
0.474531
0.474546
0.474543
0.474557
0.474579
0.474596
0.474598
0.474599
0.47461
0.474624
0.474641
0.474664
0.47469
0.474715
0.47474
0.474757
0.474774
0.474783
0.474795
0.474809
0.474825
0.474839
0.474852
0.474863
0.474869
0.47488
0.47488
0.474903
0.474911
0.474921
0.474942
0.474961
0.474983
0.475001
0.475017
0.475041
0.475063
0.475083
0.475096
0.4751
0.475122
0.475128
0.475145
0.475166
0.475188
0.475204
0.475229
0.475249
0.475264
0.475286
0.47531
0.475326
0.475333
0.475368
0.475395
0.475421
0.475453
0.475468
0.475479
0.47548
0.475495
0.475518
0.475524
0.475522
0.47553
0.475545
0.475547
0.475572
0.475573
0.475587
0.475601
0.475611
0.475644
0.475649
0.47567
0.475687
0.475697
0.475702
0.475724
0.475739
0.475761
0.475779
0.475787
0.475803
0.475828
0.475833
0.475849
0.475865
0.475869
0.475886
0.475907
0.475936
0.475942
0.47596
0.475977
0.475985
0.475996
0.476009
0.47604
0.47606
0.476067
0.476079
0.476092
0.476094
0.476107
0.476125
0.476141
0.476158
0.476182
0.476216
0.476225
0.476234
0.476247
0.476275
0.47629
0.476298
0.476316
0.476336
0.476338
0.476352
0.476358
0.47637
0.476385
0.476396
0.476415
0.476423
0.476431
0.476463
0.476469
0.476487
0.47651
0.47652
0.476545
0.476566
0.476579
0.476587
0.476591
0.476598
0.476614
0.476621
0.476641
0.476663
0.476673
0.476679
0.476695
0.476707
0.476719
0.476722
0.476732
0.476725
0.476731
0.476737
0.476758
0.476791
0.476811
0.47682
0.47683
0.476841
0.476848
0.476867
0.476875
0.476904
0.476918
0.476928
0.476925
0.476936
0.476955
0.476953
0.476964
0.476988
0.476987
0.476986
0.477006
0.477032
0.47704
0.47705
0.477067
0.477083
0.477087
0.477092
0.477095
0.477112
0.477118
0.477147
0.477156
0.477175
0.477187
0.477194
0.477209
0.477222
0.477244
0.477259
0.477273
0.477296
0.477326
0.477326
0.477348
0.477365
0.477377
0.477407
0.477429
0.47744
0.47746
0.477478
0.477495
0.477496
0.477509
0.47754
0.477556
0.477568
0.477576
0.477598
0.477621
0.477627
0.477647
0.477657
0.477671
0.477689
0.477694
0.477709
0.477731
0.477749
0.477765
0.477772
0.477782
0.47779
0.477797
0.477815
0.477834
0.477847
0.477855
0.477874
0.477885
0.477902
0.477917
0.47793
0.477949
0.477959
0.477972
0.477981
0.478004
0.478018
0.478025
0.478044
0.478061
0.478073
0.478103
0.47812
0.478137
0.478131
0.478155
0.478168
0.478184
0.478203
0.47821
0.478223
0.478238
0.478262
0.47827
0.478269
0.478269
0.478282
0.478294
0.478307
0.478315
0.478328
0.478348
0.478358
0.478363
0.478376
0.478393
0.478406
0.478418
0.478444
0.478454
0.478474
0.47849
0.478495
0.478519
0.478536
0.478547
0.47857
0.478571
0.478586
0.478607
0.478624
0.478641
0.478646
0.478667
0.47868
0.478682
0.478691
0.478707
0.478731
0.478743
0.478742
0.478756
0.478778
0.478779
0.478787
0.478803
0.478826
0.47884
0.478858
0.478864
0.478879
0.478884
0.478895
0.478919
0.478929
0.47894
0.478957
0.478979
0.479
0.479013
0.479022
0.479053
0.479077
0.479086
0.479115
0.479129
0.479151
0.479164
0.479179
0.4792
0.479224
0.479235
0.479236
0.479244
0.479262
0.479287
0.47929
0.479298
0.47931
0.479324
0.479336
0.479338
0.47936
0.479358
0.479373
0.479403
0.479415
0.479442
0.479453
0.479477
0.479493
0.479517
0.479521
0.479528
0.479545
0.479555
0.479559
0.479573
0.47959
0.479599
0.479619
0.479646
0.479668
0.47968
0.479682
0.479698
0.479701
0.479716
0.479729
0.479748
0.479752
0.479774
0.479797
0.47981
0.479831
0.479843
0.479855
0.479878
0.479888
0.479906
0.479915
0.479938
0.479945
0.479954
0.479965
0.479977
0.479985
0.480002
0.480004
0.480014
0.480036
0.480054
0.480072
0.480097
0.480114
0.480141
0.480142
0.480152
0.480169
0.480181
0.480193
0.480205
0.480215
0.480226
0.480236
0.480258
0.480284
0.480298
0.480321
0.480336
0.480352
0.480363
0.480373
0.480392
0.48039
0.480393
0.480409
0.480424
0.480447
0.480451
0.48046
0.480472
0.480491
0.480495
0.480514
0.480529
0.480544
0.480563
0.48057
0.480592
0.480609
0.480624
0.480645
0.480656
0.480664
0.480702
0.480712
0.480727
0.48075
0.480764
0.480778
0.480795
0.480812
0.480826
0.480844
0.480864
0.480872
0.48089
0.480895
0.480902
0.480914
0.480924
0.480942
0.480956
0.480962
0.480973
0.480985
0.481007
0.48101
0.481034
0.481053
0.481057
0.481078
0.481095
0.481113
0.48112
0.481132
0.481147
0.481155
0.481163
0.481181
0.4812
0.4812
0.481209
0.481213
0.481214
0.481235
0.481263
0.481273
0.481289
0.481287
0.481298
0.481302
0.481315
0.481324
0.481338
0.481357
0.481366
0.481376
0.48138
0.4814
0.481426
0.481428
0.481439
0.48145
0.481473
0.481479
0.481498
0.48151
0.481515
0.481539
0.481546
0.481564
0.481584
0.481611
0.481623
0.481643
0.481664
0.481682
0.481685
0.481688
0.481703
0.481731
0.481745
0.481765
0.481783
0.481794
0.481801
0.481807
0.481825
0.481836
0.481852
0.481851
0.481872
0.481881
0.481896
0.481913
0.481929
0.481949
0.48198
0.481985
0.481996
0.482013
0.482012
0.482016
0.482031
0.482039
0.482042
0.482061
0.482081
0.482085
0.482097
0.482113
0.48211
0.48213
0.482149
0.48216
0.482173
0.482184
0.482191
0.482205
0.482207
0.48222
0.482219
0.482236
0.482244
0.482258
0.482268
0.482277
0.482292
0.482309
0.482317
0.482331
0.482348
0.482355
0.482365
0.482385
0.482393
0.482403
0.48242
0.482434
0.482441
0.482458
0.482473
0.482485
0.482495
0.482503
0.482515
0.482536
0.482547
0.482563
0.482578
0.482591
0.48259
0.482615
0.482626
0.482653
0.482664
0.482677
0.482675
0.482691
0.482713
0.482729
0.482748
0.482766
0.482773
0.482791
0.482797
0.48282
0.482836
0.482839
0.482856
0.482871
0.482896
0.482905
0.482917
0.482939
0.482966
0.482968
0.482987
0.482991
0.482986
0.482998
0.48302
0.483041
0.483056
0.483066
0.48308
0.483098
0.483106
0.483107
0.483114
0.483124
0.483136
0.483146
0.483157
0.483174
0.483185
0.483202
0.483202
0.48321
0.483221
0.483242
0.483251
0.483261
0.483266
0.483277
0.4833
0.483304
0.483323
0.483338
0.483358
0.483362
0.483375
0.483396
0.483418
0.483447
0.483453
0.48347
0.483476
0.483486
0.483498
0.483501
0.483514
0.483511
0.483531
0.483538
0.483555
0.483568
0.483581
0.483594
0.483605
0.483622
0.483634
0.483662
0.483679
0.483691
0.483713
0.483713
0.483722
0.483734
0.48376
0.483759
0.483774
0.483797
0.483818
0.483837
0.483854
0.483871
0.483884
0.483901
0.483915
0.48394
0.483946
0.483958
0.483978
0.483989
0.484009
0.484028
0.48404
0.484054
0.484055
0.484074
0.484097
0.484102
0.484108
0.484125
0.484129
0.484139
0.484153
0.484176
0.484187
0.4842
0.484207
0.484219
0.484233
0.484239
0.484258
0.484263
0.484287
0.484301
0.484311
0.484318
0.484337
0.484352
0.484369
0.484374
0.48438
0.484395
0.484403
0.484397
0.484403
0.484417
0.484438
0.484454
0.484475
0.48448
0.4845
0.484506
0.484515
0.484523
0.484516
0.484525
0.484535
0.484549
0.484555
0.484562
0.484572
0.484576
0.484586
0.484597
0.484603
0.484612
0.484612
0.484624
0.484625
0.484634
0.484652
0.484667
0.484678
0.484679
0.484689
0.484687
0.484695
0.484711
0.48472
0.484734
0.48474
0.484753
0.484759
0.484769
0.484772
0.484785
0.4848
0.484806
0.484811
0.484824
0.484842
0.484868
0.484873
0.484898
0.48491
0.484919
0.484921
0.484941
0.484951
0.484968
0.484964
0.484984
0.485007
0.485023
0.485032
0.485043
0.485051
0.485058
0.485077
0.485085
0.485086
0.485094
0.485116
0.485119
0.485132
0.48513
0.485136
0.485148
0.485174
0.485178
0.4852
0.485212
0.485215
0.485214
0.485216
0.485237
0.48526
0.485263
0.485275
0.485283
0.485295
0.485298
0.485323
0.485332
0.48535
0.485368
0.485366
0.485381
0.485393
0.485389
0.485405
0.485408
0.485425
0.485432
0.485438
0.485449
0.485462
0.485475
0.485483
0.485488
0.485508
0.485513
0.485522
0.485535
0.485545
0.485556
0.485561
0.485568
0.485569
0.485574
0.485592
0.485607
0.485616
0.485623
0.485645
0.485661
0.485669
0.485684
0.4857
0.485716
0.485732
0.485754
0.48577
0.485777
0.485787
0.485796
0.4858
0.485818
0.48583
0.485845
0.485853
0.485878
0.485894
0.48591
0.485915
0.485919
0.485945
0.485964
0.485967
0.485963
0.485962
0.485976
0.485993
0.486005
0.486016
0.486035
0.486043
0.486052
0.486063
0.48607
0.486091
0.486095
0.486108
0.486125
0.486141
0.486159
0.48617
0.486179
0.486183
0.486195
0.486212
0.48622
0.486223
0.486244
0.486256
0.486272
0.486293
0.486309
0.486313
0.486323
0.486332
0.486351
0.486369
0.486381
0.486399
0.486412
0.48643
0.486439
0.486452
0.486464
0.486479
0.486485
0.486503
0.486505
0.486523
0.486532
0.486538
0.486543
0.486548
0.486562
0.486569
0.48658
0.486583
0.486608
0.486622
0.486649
0.486651
0.486657
0.486667
0.486673
0.486684
0.486692
0.486703
0.486716
0.486725
0.486739
0.486748
0.486755
0.486778
0.486784
0.486793
0.486795
0.486798
0.486808
0.486814
0.486827
0.486838
0.486843
0.486855
0.486873
0.486886
0.486895
0.486909
0.48692
0.486927
0.486931
0.486939
0.486942
0.486955
0.486963
0.486984
0.48699
0.486999
0.487011
0.487026
0.487041
0.487055
0.487077
0.487087
0.487107
0.487118
0.487121
0.487137
0.48715
0.487169
0.487188
0.48719
0.487196
0.487211
0.48722
0.487227
0.487231
0.487254
0.487263
0.487273
0.487291
0.487304
0.487307
0.487316
0.487331
0.487339
0.48735
0.487357
0.487361
0.487369
0.487374
0.487383
0.487383
0.487395
0.487414
0.48743
0.487439
0.487446
0.487458
0.487455
0.487475
0.487466
0.487473
0.48749
0.487507
0.487516
0.487522
0.487532
0.487539
0.487544
0.487563
0.487565
0.487574
0.487591
0.487601
0.487623
0.487632
0.487642
0.487661
0.487663
0.487667
0.487681
0.487694
0.487712
0.487725
0.487731
0.48773
0.487725
0.487749
0.487767
0.487778
0.487785
0.487795
0.487805
0.48781
0.487817
0.487825
0.487842
0.487861
0.487864
0.487862
0.48787
0.487881
0.487888
0.487903
0.487914
0.487944
0.487944
0.487953
0.487969
0.487984
0.487984
0.487996
0.488006
0.488013
0.488013
0.488035
0.488037
0.488049
0.488059
0.488066
0.48809
0.488104
0.488119
0.488125
0.488134
0.48815
0.488145
0.488151
0.488152
0.488152
0.488151
0.488158
0.488172
0.488185
0.488191
0.488208
0.488218
0.488221
0.48824
0.488245
0.488259
0.488274
0.488285
0.488292
0.488297
0.48831
0.488326
0.488353
0.48837
0.48838
0.488397
0.488403
0.488409
0.488418
0.488416
0.488419
0.488422
0.488442
0.488449
0.488457
0.488452
0.488459
0.488474
0.488486
0.488503
0.48852
0.488529
0.48853
0.488529
0.488541
0.488545
0.488553
0.488549
0.488549
0.488566
0.488568
0.488586
0.488584
0.488588
0.488595
0.488605
0.488625
0.488639
0.488652
0.488667
0.488684
0.488694
0.488709
0.488727
0.488736
0.488753
0.488763
0.488767
0.488773
0.488791
0.488802
0.488822
0.48884
0.488857
0.488878
0.488886
0.488905
0.488923
0.488935
0.488934
0.488937
0.488951
0.488953
0.48897
0.488973
0.488991
0.489003
0.48902
0.489019
0.489024
0.489037
0.489053
0.489063
0.489072
0.48908
0.48909
0.489097
0.489103
0.489114
0.489126
0.489137
0.489142
0.489142
0.489142
0.489153
0.489164
0.489179
0.48919
0.4892
0.48921
0.489225
0.489232
0.489228
0.48923
0.489236
0.489244
0.489266
0.489272
0.489271
0.48928
0.48929
0.489295
0.489299
0.489297
0.489313
0.489309
0.48932
0.489326
0.48935
0.489369
0.489371
0.48939
0.489405
0.489414
0.489429
0.489437
0.489442
0.489444
0.489456
0.489461
0.489469
0.48948
0.489493
0.489502
0.489502
0.489517
0.489522
0.489529
0.489531
0.489552
0.489556
0.48957
0.489583
0.48959
0.489604
0.489616
0.489627
0.489649
0.489661
0.489683
0.489688
0.4897
0.489707
0.489714
0.489713
0.489728
0.489743
0.489747
0.489764
0.489768
0.489787
0.489793
0.4898
0.489809
0.489816
0.489831
0.489834
0.489833
0.489843
0.489857
0.489861
0.489878
0.489892
0.4899
0.489915
0.489924
0.489931
0.489943
0.489953
0.489954
0.489961
0.489975
0.489972
0.489979
0.489992
0.490004
0.490014
0.490025
0.490038
0.490054
0.490064
0.490073
0.490076
0.490088
0.490092
0.490097
0.490102
0.490095
0.490108
0.490122
0.490132
0.490145
0.49015
0.490167
0.490163
0.490175
0.490185
0.490196
0.490202
0.490207
0.490217
0.490224
0.490225
0.490235
0.49024
0.490253
0.490264
0.49028
0.490287
0.490291
0.490291
0.49031
0.490308
0.490313
0.490328
0.490335
0.490329
0.490327
0.490343
0.490354
0.490372
0.490384
0.490387
0.490407
0.490419
0.490432
0.49044
0.490447
0.490456
0.490456
0.490461
0.490462
0.490474
0.490483
0.490489
0.490502
0.490516
0.490525
0.490539
0.490553
0.490561
0.490574
0.490591
0.490594
0.490591
0.490599
0.490608
0.490617
0.490627
0.490629
0.490641
0.490648
0.490655
0.490661
0.490679
0.490679
0.490685
0.4907
0.490708
0.490715
0.49073
0.490733
0.490746
0.490753
0.490771
0.490779
0.490784
0.49079
0.490803
0.490822
0.490833
0.490859
0.490874
0.490889
0.490903
0.490924
0.490921
0.490936
0.49095
0.490961
0.490974
0.49098
0.490984
0.490991
0.490997
0.491007
0.49102
0.491037
0.491039
0.491044
0.491062
0.491069
0.491075
0.491084
0.491093
0.491102
0.49111
0.491119
0.491121
0.491131
0.49114
0.491146
0.491155
0.49117
0.491176
0.491181
0.491184
0.491199
0.49121
0.491209
0.491211
0.491218
0.491226
0.491231
0.491236
0.491243
0.491249
0.491265
0.491268
0.49128
0.491288
0.491303
0.491306
0.491312
0.491326
0.491329
0.491337
0.491352
0.491353
0.491359
0.491374
0.491385
0.491386
0.491391
0.491386
0.491387
0.491394
0.491406
0.491413
0.491416
0.491434
0.491447
0.491459
0.49147
0.491477
0.49149
0.491498
0.491504
0.491503
0.491504
0.491516
0.491517
0.491533
0.491548
0.491566
0.491575
0.491593
0.491589
0.4916
0.491605
0.491618
0.491634
0.49164
0.491643
0.491663
0.491681
0.491695
0.491716
0.491714
0.491723
0.491728
0.491741
0.49175
0.491758
0.491769
0.491775
0.491793
0.491794
0.491796
0.491798
0.491818
0.491829
0.491839
0.491846
0.491859
0.491863
0.491876
0.491883
0.491895
0.491911
0.491919
0.491937
0.491947
0.491954
0.491961
0.491973
0.491983
0.491991
0.491997
0.49201
0.492025
0.492034
0.492036
0.492054
0.492063
0.492071
0.49208
0.492083
0.492091
0.492099
0.492101
0.492108
0.492112
0.492127
0.492137
0.492144
0.492141
0.492158
0.492168
0.492179
0.492191
0.492192
0.492201
0.492207
0.492222
0.492219
0.492233
0.492253
0.492256
0.492273
0.492287
0.492298
0.492313
0.492325
0.492339
0.492355
0.492364
0.492375
0.492369
0.49238
0.492389
0.492399
0.492414
0.49242
0.49242
0.49243
0.492428
0.49243
0.492439
0.492448
0.492462
0.492451
0.492453
0.492461
0.492467
0.492477
0.492482
0.492491
0.492491
0.492506
0.492511
0.492517
0.492526
0.492535
0.49254
0.492543
0.492554
0.492564
0.492572
0.492588
0.492598
0.492604
0.492616
0.492614
0.49263
0.492636
0.492638
0.492648
0.492661
0.492682
0.492682
0.492686
0.492692
0.492709
0.492714
0.492725
0.492738
0.492745
0.492759
0.492769
0.49276
0.492775
0.492777
0.492796
0.49281
0.492816
0.492815
0.492819
0.492839
0.492849
0.49286
0.492862
0.492873
0.492891
0.492896
0.4929
0.492905
0.492911
0.492928
0.492939
0.492946
0.492949
0.492964
0.492983
0.492995
0.493007
0.493009
0.493016
0.493029
0.49304
0.493043
0.493046
0.49306
0.493071
0.49308
0.493091
0.493102
0.493105
0.493123
0.493135
0.493152
0.493163
0.49318
0.493189
0.493199
0.493216
0.493218
0.493227
0.493233
0.493231
0.493256
0.493258
0.493266
0.493272
0.493275
0.493288
0.493298
0.493298
0.493305
0.49331
0.493329
0.493331
0.493341
0.493344
0.493359
0.493363
0.493378
0.493378
0.49338
0.493389
0.493401
0.493403
0.493415
0.493432
0.493437
0.493451
0.493462
0.493469
0.493476
0.493476
0.493474
0.493488
0.493497
0.493511
0.493503
0.493519
0.493521
0.493535
0.49354
0.493549
0.493564
0.493575
0.493589
0.493609
0.49361
0.493627
0.493633
0.493638
0.493651
0.493655
0.493652
0.49366
0.49367
0.493682
0.493692
0.493702
0.493705
0.493721
0.493717
0.493715
0.493728
0.493745
0.493751
0.49376
0.493768
0.493772
0.493771
0.493788
0.493789
0.49379
0.493799
0.493805
0.493808
0.493817
0.493828
0.493849
0.493858
0.493871
0.493887
0.493898
0.493903
0.493907
0.493917
0.493925
0.493933
0.493941
0.493954
0.493957
0.493963
0.493964
0.493976
0.493992
0.493996
0.494006
0.494013
0.494012
0.494015
0.494018
0.494033
0.494038
0.494048
0.494057
0.494068
0.494082
0.494094
0.494106
0.494117
0.494121
0.494132
0.494146
0.494149
0.494151
0.494168
0.494172
0.494186
0.494186
0.494196
0.494204
0.49421
0.494212
0.494225
0.494239
0.494245
0.494249
0.494259
0.494265
0.494274
0.494288
0.494298
0.494308
0.494316
0.494321
0.494339
0.494339
0.494352
0.494356
0.494366
0.494372
0.49438
0.494385
0.49439
0.494395
0.4944
0.494411
0.494414
0.494418
0.494426
0.494432
0.494438
0.494452
0.494453
0.494466
0.494484
0.494489
0.494502
0.494518
0.494522
0.494524
0.49454
0.494557
0.494575
0.494584
0.494584
0.494589
0.494588
0.494596
0.494606
0.494618
0.494619
0.494623
0.494627
0.49463
0.494641
0.494649
0.494656
0.494662
0.494684
0.494684
0.494696
0.494705
0.494718
0.494728
0.494734
0.49475
0.494758
0.494762
0.494769
0.494778
0.49479
0.494806
0.494814
0.494824
0.494826
0.494841
0.494853
0.494862
0.49487
0.494886
0.494901
0.494905
0.494905
0.494916
0.494916
0.494922
0.494933
0.49494
0.494953
0.494953
0.494957
0.494962
0.494974
0.494982
0.494987
0.494997
0.494997
0.495009
0.495023
0.495034
0.495036
0.495048
0.495063
0.495066
0.495074
0.495082
0.495099
0.4951
0.495108
0.495119
0.495125
0.495139
0.495142
0.495155
0.495164
0.495172
0.495181
0.495197
0.495202
0.495213
0.495225
0.495237
0.495241
0.495246
0.495255
0.495269
0.495278
0.495296
0.49531
0.49532
0.495333
0.495344
0.49535
0.495361
0.495367
0.49538
0.495383
0.495391
0.495398
0.495404
0.495408
0.495415
0.495424
0.495443
0.495456
0.495476
0.49548
0.49549
0.495498
0.495515
0.495531
0.495543
0.495548
0.495565
0.495578
0.495586
0.495587
0.495589
0.495598
0.495612
0.495624
0.49563
0.49563
0.495639
0.49564
0.495644
0.495642
0.495656
0.495657
0.495668
0.495687
0.495693
0.495698
0.495716
0.495724
0.495726
0.495724
0.495733
0.495741
0.495747
0.495745
0.495753
0.495755
0.495767
0.495769
0.495771
0.495775
0.495779
0.495789
0.495807
0.495824
0.495825
0.495838
0.49584
0.495854
0.495872
0.495869
0.495867
0.495878
0.495883
0.495898
0.495914
0.495928
0.495926
0.49593
0.495932
0.495941
0.495957
0.495957
0.495964
0.495978
0.495989
0.496002
0.496005
0.496002
0.49601
0.496025
0.496029
0.496032
0.496041
0.496057
0.49607
0.496081
0.496092
0.496093
0.496102
0.496112
0.496126
0.496137
0.496143
0.496152
0.496164
0.496171
0.496199
0.496204
0.496205
0.496216
0.49622
0.496225
0.496225
0.49623
0.496238
0.496253
0.496263
0.49627
0.496277
0.496287
0.4963
0.496308
0.496311
0.496328
0.496338
0.496342
0.496345
0.496358
0.496365
0.496361
0.496381
0.496382
0.496391
0.496404
0.496421
0.496424
0.496424
0.496434
0.496448
0.496453
0.496473
0.496483
0.496498
0.496509
0.496517
0.496518
0.496521
0.496532
0.496537
0.49655
0.496561
0.496568
0.496574
0.496587
0.496587
0.496593
0.496599
0.496601
0.496616
0.496617
0.496625
0.496637
0.496639
0.496648
0.496659
0.496666
0.496668
0.49668
0.496695
0.496703
0.496708
0.496712
0.496709
0.496716
0.496725
0.496724
0.496731
0.496739
0.496753
0.496757
0.496768
0.496785
0.496784
0.496789
0.496802
0.49681
0.496811
0.49682
0.496823
0.49682
0.496826
0.496831
0.496834
0.496846
0.496847
0.496856
0.496868
0.496873
0.496885
0.496888
0.496891
0.496894
0.496903
0.496907
0.496918
0.496924
0.49693
0.496945
0.496954
0.496969
0.496973
0.496973
0.496974
0.496993
0.496997
0.497004
0.497008
0.497021
0.497032
0.497034
0.497025
0.497028
0.497023
0.497039
0.497047
0.497057
0.497054
0.497056
0.497064
0.497072
0.497085
0.497089
0.497097
0.497113
0.497116
0.497124
0.497129
0.497138
0.497151
0.497156
0.497158
0.497173
0.497182
0.497185
0.497203
0.497203
0.497213
0.497217
0.497224
0.497238
0.497236
0.497237
0.497244
0.497253
0.497259
0.497268
0.497282
0.497286
0.497306
0.497319
0.497331
0.497333
0.497338
0.497351
0.49737
0.497378
0.497387
0.497399
0.497413
0.497414
0.497425
0.497439
0.497443
0.49746
0.49747
0.497475
0.497489
0.497492
0.497494
0.497498
0.497504
0.497514
0.497514
0.497529
0.497534
0.497543
0.497559
0.497573
0.497588
0.497601
0.497618
0.497627
0.497636
0.497651
0.497661
0.497671
0.497684
0.497686
0.497695
0.497697
0.497699
0.497695
0.497702
0.49771
0.497712
0.497705
0.497708
0.497719
0.497731
0.497743
0.497753
0.497764
0.49778
0.497786
0.497791
0.497797
0.497811
0.497815
0.497815
0.497824
0.49783
0.497843
0.497845
0.497849
0.497861
0.49786
0.497867
0.49787
0.497885
0.497888
0.497905
0.497917
0.497927
0.497933
0.49794
0.497944
0.497946
0.497951
0.49796
0.497962
0.49797
0.497978
0.497991
0.497997
0.49801
0.498013
0.498026
0.498025
0.498037
0.49804
0.498055
0.49806
0.498073
0.498072
0.498076
0.498085
0.498105
0.498106
0.498113
0.498123
0.498132
0.498137
0.498142
0.498158
0.498178
0.498181
0.498187
0.498198
0.498212
0.498225
0.498228
0.498242
0.498245
0.498264
0.498268
0.498277
0.498286
0.498295
0.498307
0.498318
0.498328
0.498344
0.498354
0.498358
0.498369
0.498374
0.498386
0.498384
0.498387
0.498393
0.498404
0.498405
0.49841
0.498416
0.498426
0.498437
0.498448
0.498456
0.498464
0.498472
0.498472
0.498483
0.498495
0.4985
0.498511
0.498525
0.498528
0.498538
0.49855
0.498553
0.498565
0.498572
0.498573
0.498576
0.498588
0.498588
0.498592
0.498591
0.498605
0.498614
0.498621
0.498627
0.498633
0.498641
0.498654
0.498654
0.498665
0.498666
0.49866
0.498667
0.49868
0.498686
0.498687
0.498701
0.498713
0.498721
0.49873
0.498734
0.498743
0.49876
0.498767
0.498775
0.498781
0.498797
0.498806
0.498821
0.498822
0.498828
0.498836
0.498841
0.498853
0.498858
0.498864
0.498869
0.498872
0.498868
0.498871
0.498871
0.498888
0.498896
0.498907
0.498922
0.498927
0.498929
0.498929
0.498936
0.498937
0.498945
0.498956
0.498963
0.498968
0.498975
0.49899
0.499001
0.499
0.499004
0.499017
0.49903
0.499037
0.499044
0.499052
0.499065
0.499075
0.499081
0.499085
0.499091
0.499097
0.499097
0.499092
0.499106
0.499116
0.499117
0.499123
0.499128
0.499139
0.499143
0.499158
0.499162
0.499166
0.499172
0.499177
0.49918
0.499193
0.499193
0.499198
0.499203
0.499206
0.499216
0.499221
0.499232
0.499238
0.499247
0.499252
0.499258
0.499265
0.499269
0.499283
0.499294
0.4993
0.499302
0.499312
0.499321
0.499335
0.499347
0.499356
0.499355
0.499369
0.499383
0.499392
0.499396
0.499406
0.499407
0.499409
0.499419
0.499423
0.499429
0.49945
0.499454
0.49946
0.499454
0.49946
0.499464
0.499475
0.499487
0.499498
0.499496
0.499506
0.499511
0.499521
0.499519
0.499526
0.499535
0.499542
0.499544
0.499545
0.499542
0.499549
0.499555
0.499564
0.499569
0.499576
0.499587
0.499583
0.499595
0.499605
0.499613
0.499622
0.499631
0.499637
0.499647
0.499656
0.499661
0.499671
0.499672
0.499676
0.499679
0.499687
0.499694
0.499704
0.499714
0.499719
0.499729
0.499738
0.499745
0.499756
0.499763
0.49977
0.499772
0.499777
0.499781
0.499787
0.499798
0.499807
0.499816
0.499818
0.499827
0.499828
0.499838
0.499844
0.499847
0.499854
0.499866
0.499875
0.499883
0.49989
0.499893
0.499894
0.499902
0.499909
0.499919
0.499932
0.499944
0.499952
0.499959
0.499968
0.499982
0.499991
0.499998
0.500008
0.50002
0.500031
0.500036
0.500053
0.500058
0.500062
0.500079
0.500083
0.500091
0.500095
0.500106
0.500107
0.500115
0.500117
0.500127
0.500138
0.500149
0.50015
0.500154
0.500151
0.500157
0.50016
0.500162
0.500167
0.500169
0.500183
0.500189
0.500202
0.500211
0.50022
0.500228
0.500232
0.500244
0.500241
0.500253
0.500254
0.50027
0.500283
0.500292
0.500295
0.500304
0.500311
0.50032
0.500333
0.500336
0.500341
0.500353
0.500361
0.500377
0.500385
0.500386
0.500396
0.500405
0.50041
0.500415
0.500413
0.500413
0.500424
0.500436
0.50044
0.500439
0.500447
0.50045
0.500443
0.500453
0.500459
0.500462
0.500461
0.50047
0.500481
0.50048
0.500496
0.500505
0.50052
0.500526
0.500526
0.500533
0.500539
0.50055
0.500562
0.50057
0.500581
0.500588
0.500589
0.500595
0.500601
0.500611
0.500618
0.500625
0.500629
0.500636
0.500638
0.500649
0.500657
0.500665
0.500667
0.500673
0.50068
0.500684
0.500696
0.500697
0.500708
0.500708
0.500716
0.500723
0.500731
0.50074
0.500743
0.500755
0.500764
0.500771
0.500776
0.500774
0.500779
0.500782
0.500787
0.500791
0.5008
0.500809
0.500819
0.500833
0.500836
0.500837
0.500843
0.500854
0.500856
0.500862
0.500863
0.500866
0.500876
0.500886
0.500888
0.500905
0.500913
0.500914
0.500922
0.500926
0.500929
0.500935
0.500953
0.50096
0.500966
0.500972
0.50098
0.500986
0.500993
0.500999
0.501009
0.501013
0.50101
0.501019
0.501022
0.501028
0.50103
0.501031
0.501038
0.501041
0.501053
0.501061
0.501072
0.501072
0.501076
0.501084
0.50109
0.501095
0.501103
0.501106
0.501117
0.501123
0.501123
0.501128
0.501133
0.501146
0.501162
0.501172
0.501182
0.501187
0.501192
0.5012
0.501199
0.501209
0.501216
0.501212
0.50122
0.501227
0.50123
0.501235
0.501249
0.501262
0.501261
0.501268
0.501282
0.501294
0.501307
0.501317
0.501329
0.501331
0.501337
0.501343
0.501349
0.501355
0.501367
0.501369
0.501371
0.501376
0.501388
0.501393
0.501404
0.501415
0.501418
0.501431
0.50143
0.501435
0.50145
0.501458
0.501469
0.501471
0.50148
0.501487
0.501493
0.501495
0.501504
0.501512
0.501514
0.501521
0.501534
0.501541
0.501553
0.501562
0.50157
0.501571
0.501577
0.50158
0.501581
0.501589
0.501592
0.501599
0.501596
0.5016
0.501602
0.501607
0.501618
0.501619
0.501623
0.501623
0.501633
0.501636
0.501634
0.501638
0.50165
0.501661
0.501653
0.501662
0.501668
0.501679
0.501693
0.501696
0.501701
0.501711
0.501725
0.501734
0.501743
0.501744
0.501751
0.501762
0.501772
0.50178
0.501792
0.501799
0.501808
0.501814
0.501822
0.501817
0.501829
0.501837
0.501839
0.501841
0.501843
0.501851
0.501848
0.50185
0.501853
0.501864
0.501872
0.501883
0.501883
0.501889
0.501892
0.501904
0.501912
0.501923
0.501932
0.501928
0.501937
0.501944
0.501942
0.501947
0.501955
0.501957
0.501968
0.501974
0.501987
0.501989
0.501997
0.502002
0.502004
0.502012
0.502021
0.502024
0.502031
0.502043
0.502053
0.502059
0.502073
0.502079
0.502085
0.502091
0.50209
0.502094
0.5021
0.50211
0.502116
0.502119
0.502127
0.502127
0.502141
0.502143
0.50215
0.502153
0.502158
0.502161
0.502166
0.502168
0.502177
0.502183
0.502185
0.502197
0.502196
0.502197
0.502198
0.502205
0.50221
0.50222
0.502225
0.502228
0.502237
0.502249
0.502261
0.502259
0.502255
0.502256
0.502262
0.502263
0.502269
0.502273
0.502274
0.50228
0.502292
0.502292
0.502291
0.502294
0.502309
0.502317
0.502322
0.502332
0.502337
0.502342
0.502348
0.502345
0.502357
0.502362
0.50237
0.502378
0.502384
0.502391
0.502397
0.502407
0.502408
0.502415
0.50242
0.502428
0.502428
0.502439
0.502445
0.50245
0.502458
0.502469
0.502472
0.502475
0.502481
0.502482
0.502488
0.502495
0.502493
0.502496
0.502502
0.502506
0.502511
0.502518
0.502518
0.502521
0.502526
0.502532
0.50254
0.502553
0.502564
0.502564
0.502569
0.502581
0.502574
0.502585
0.502597
0.502606
0.502612
0.502612
0.502604
0.502608
0.502609
0.502614
0.502618
0.502626
0.502632
0.502638
0.502639
0.502646
0.502663
0.502669
0.502679
0.502689
0.502694
0.502699
0.502716
0.502719
0.502713
0.502715
0.502716
0.502724
0.502737
0.502739
0.502745
0.502747
0.50275
0.502757
0.502761
0.502769
0.502775
0.502779
0.502792
0.5028
0.502807
0.502815
0.502823
0.502832
0.50283
0.50284
0.502832
0.502831
0.502834
0.502846
0.502853
0.502857
0.502856
0.502861
0.502868
0.502877
0.502885
0.502887
0.502882
0.502882
0.502887
0.502892
0.502895
0.502898
0.502904
0.50291
0.502914
0.50292
0.502929
0.502942
0.502945
0.502949
0.502951
0.502961
0.50298
0.50298
0.50299
0.502993
0.503008
0.503012
0.503023
0.503028
0.503033
0.503041
0.503045
0.503054
0.503059
0.503061
0.503068
0.50307
0.503074
0.503078
0.503077
0.503092
0.503097
0.503101
0.503108
0.503121
0.503113
0.503127
0.503136
0.503145
0.503144
0.503158
0.503166
0.503171
0.503179
0.503179
0.503188
0.50319
0.503192
0.503199
0.503204
0.503209
0.503214
0.503232
0.503234
0.503252
0.503253
0.503261
0.503255
0.503257
0.503268
0.503277
0.503283
0.503287
0.503292
0.503302
0.503316
0.503326
0.503322
0.503328
0.503339
0.503337
0.503349
0.503356
0.503363
0.503373
0.503381
0.503378
0.503388
0.503391
0.503401
0.50341
0.503417
0.503422
0.503431
0.503437
0.503443
0.503453
0.503451
0.503457
0.50346
0.503463
0.503464
0.50347
0.503474
0.503478
0.503475
0.503478
0.503483
0.503489
0.503489
0.503493
0.503498
0.503503
0.503508
0.503513
0.50352
0.50352
0.503525
0.503536
0.503541
0.503543
0.503546
0.503548
0.503553
0.503562
0.503568
0.503572
0.503579
0.503582
0.503593
0.503596
0.503607
0.503608
0.503622
0.503618
0.503628
0.503629
0.503639
0.50364
0.503645
0.503649
0.503654
0.503657
0.503657
0.503667
0.503672
0.503679
0.503683
0.50369
0.503695
0.503704
0.503697
0.503693
0.503695
0.503702
0.503703
0.503706
0.503714
0.503712
0.503723
0.503739
0.503745
0.503755
0.503759
0.503764
0.503772
0.503772
0.503773
0.503784
0.503786
0.503786
0.503791
0.503794
0.503802
0.50381
0.503824
0.503836
0.503842
0.503844
0.503858
0.503862
0.503867
0.503874
0.503882
0.503885
0.50389
0.5039
0.503914
0.503917
0.503921
0.50392
0.503932
0.503938
0.503942
0.503952
0.503957
0.503965
0.503974
0.503977
0.503989
0.503989
0.503993
0.504004
0.504013
0.504022
0.504029
0.504049
0.504056
0.504064
0.504067
0.504076
0.504085
0.504091
0.504103
0.504109
0.504115
0.504112
0.504122
0.504118
0.504123
0.504132
0.504136
0.504144
0.504147
0.504154
0.504163
0.504176
0.50418
0.504191
0.504194
0.504203
0.504204
0.504204
0.504214
0.50422
0.504229
0.504233
0.504247
0.504259
0.504266
0.504275
0.504278
0.504285
0.504291
0.5043
0.504306
0.504315
0.504322
0.504317
0.504322
0.504331
0.504336
0.504337
0.504344
0.504351
0.504357
0.504365
0.504368
0.504382
0.504388
0.504397
0.504406
0.504404
0.504415
0.504416
0.504426
0.504437
0.504439
0.504443
0.504446
0.504444
0.504448
0.504456
0.504457
0.504464
0.504471
0.504485
0.504496
0.504505
0.504513
0.50452
0.504529
0.504534
0.504541
0.504545
0.504554
0.504563
0.504579
0.504585
0.50459
0.504601
0.5046
0.504608
0.504618
0.504622
0.504628
0.504639
0.504638
0.504646
0.504651
0.504662
0.504661
0.504667
0.504664
0.504673
0.50468
0.504687
0.504695
0.504703
0.504707
0.504706
0.504716
0.504718
0.504724
0.504732
0.504743
0.504755
0.504769
0.504775
0.50478
0.504784
0.504791
0.504789
0.5048
0.504798
0.504811
0.50482
0.504826
0.504837
0.504844
0.504843
0.504844
0.504848
0.504857
0.504863
0.504864
0.50487
0.504873
0.504874
0.50488
0.504889
0.5049
0.504905
0.504906
0.504907
0.504918
0.504924
0.504931
0.504931
0.50494
0.504951
0.504963
0.504959
0.504959
0.504962
0.504963
0.504967
0.504973
0.504977
0.504987
0.50499
0.504994
0.504995
0.505001
0.505009
0.505019
0.505017
0.505025
0.505038
0.505047
0.505054
0.505055
0.505053
0.505056
0.50506
0.505071
0.505074
0.505081
0.505094
0.505108
0.505116
0.505123
0.505125
0.505132
0.505131
0.50514
0.505148
0.505154
0.50516
0.505165
0.50517
0.505181
0.50519
0.5052
0.505204
0.505206
0.505211
0.505216
0.505222
0.505229
0.505222
0.505223
0.505235
0.505234
0.505237
0.505239
0.505245
0.505246
0.505249
0.505252
0.505259
0.505275
0.505281
0.505293
0.505301
0.505314
0.505321
0.505321
0.505323
0.505321
0.505317
0.505321
0.505324
0.505324
0.505325
0.505335
0.50534
0.505348
0.505351
0.505354
0.50536
0.505362
0.505378
0.505389
0.505389
0.505389
0.505393
0.505395
0.505399
0.505407
0.505405
0.505411
0.505411
0.505418
0.505427
0.505432
0.505442
0.505456
0.505464
0.505468
0.505473
0.505477
0.505485
0.505485
0.505487
0.50549
0.505496
0.505501
0.505503
0.505506
0.505507
0.505509
0.505522
0.505536
0.505541
0.505547
0.505548
0.505545
0.505552
0.505558
0.505559
0.50557
0.505577
0.505584
0.505598
0.505601
0.505598
0.50561
0.505619
0.505622
0.505628
0.505632
0.505637
0.505636
0.505642
0.505649
0.505657
0.505666
0.50567
0.505671
0.505683
0.50569
0.505694
0.505699
0.505704
0.505718
0.505727
0.50573
0.505732
0.505736
0.505739
0.505745
0.50575
0.505759
0.50576
0.505764
0.505767
0.505775
0.505785
0.505791
0.505798
0.505806
0.505809
0.505812
0.505813
0.505818
0.505815
0.505824
0.505831
0.505841
0.505847
0.50585
0.505863
0.505865
0.505866
0.505871
0.50589
0.50589
0.505895
0.505893
0.505903
0.505906
0.505902
0.505899
0.505902
0.505909
0.505913
0.505911
0.505919
0.505924
0.505929
0.505939
0.505944
0.505948
0.505956
0.505962
0.50597
0.505982
0.505988
0.505989
0.505992
0.505994
0.505996
0.506006
0.506013
0.506022
0.506031
0.506042
0.50605
0.506058
0.506062
0.506069
0.506079
0.506083
0.506088
0.506094
0.506104
0.506113
0.506114
0.506117
0.506124
0.506127
0.506134
0.506139
0.506142
0.506149
0.506151
0.50616
0.506158
0.506158
0.506162
0.506164
0.506165
0.50617
0.506178
0.506181
0.506192
0.506197
0.506207
0.506219
0.50623
0.506239
0.506234
0.506245
0.506249
0.506254
0.506262
0.506269
0.506268
0.50627
0.506281
0.506286
0.506294
0.506302
0.506303
0.506305
0.506306
0.506308
0.506317
0.506325
0.506331
0.506333
0.506341
0.50635
0.506353
0.50636
0.506363
0.506369
0.50637
0.506372
0.506374
0.506378
0.506381
0.506381
0.506387
0.506399
0.506409
0.506419
0.506427
0.506431
0.506441
0.506447
0.506449
0.506459
0.506458
0.506464
0.506466
0.50647
0.50648
0.506489
0.506494
0.506499
0.506508
0.506515
0.506521
0.506529
0.506526
0.506529
0.506535
0.50654
0.50654
0.506542
0.506548
0.506543
0.506556
0.506556
0.506565
0.506564
0.506575
0.506581
0.506592
0.506598
0.506597
0.506602
0.506609
0.506621
0.506616
0.506621
0.506626
0.506631
0.506633
0.506636
0.506634
0.506638
0.506647
0.506649
0.506653
0.506648
0.506654
0.50666
0.506664
0.506664
0.506668
0.506668
0.506666
0.506674
0.506679
0.506688
0.506689
0.506694
0.506696
0.506701
0.506705
0.506708
0.506714
0.506728
0.506728
0.50673
0.506737
0.506736
0.506732
0.506733
0.506739
0.506742
0.506754
0.506764
0.506765
0.506761
0.506761
0.506765
0.506779
0.506783
0.506783
0.506787
0.506801
0.506807
0.506814
0.506822
0.506827
0.506824
0.506832
0.506837
0.50684
0.506845
0.506849
0.506846
0.506849
0.506857
0.506862
0.506864
0.506863
0.506864
0.506868
0.506876
0.506871
0.506871
0.506874
0.506877
0.506885
0.506891
0.506898
0.506901
0.506905
0.506909
0.506913
0.506924
0.506937
0.506946
0.50696
0.506969
0.506969
0.506972
0.506972
0.506979
0.506981
0.506982
0.506985
0.506987
0.506992
0.506996
0.506996
0.506999
0.507001
0.507
0.507003
0.507011
0.507017
0.507023
0.507025
0.507028
0.507036
0.507039
0.507045
0.507046
0.50705
0.507057
0.507059
0.507068
0.507071
0.507076
0.507081
0.50709
0.507094
0.507098
0.5071
0.507099
0.507106
0.507115
0.507123
0.507133
0.507135
0.507136
0.507141
0.507145
0.507147
0.507151
0.507147
0.507138
0.507147
0.507155
0.507166
0.507167
0.507167
0.50717
0.507169
0.507174
0.507178
0.507183
0.507192
0.507189
0.507188
0.507188
0.507192
0.507196
0.507203
0.507207
0.507213
0.507219
0.507226
0.507235
0.507236
0.507241
0.507246
0.507249
0.50725
0.507248
0.507251
0.507256
0.507257
0.507261
0.507263
0.507275
0.507279
0.507287
0.507295
0.507299
0.507303
0.50731
0.507325
0.50733
0.507336
0.507339
0.507343
0.507349
0.507352
0.507358
0.507363
0.50737
0.50737
0.50738
0.507379
0.507385
0.507389
0.507402
0.507409
0.507416
0.507421
0.507429
0.507432
0.507436
0.50744
0.507451
0.507459
0.507466
0.507466
0.50747
0.507477
0.507488
0.507493
0.507498
0.507507
0.507507
0.507514
0.507514
0.507522
0.507531
0.507535
0.507541
0.507548
0.507549
0.507555
0.507565
0.50756
0.507564
0.507562
0.507568
0.507567
0.507579
0.50758
0.50758
0.507586
0.507588
0.507586
0.507589
0.507592
0.507596
0.507609
0.507607
0.507604
0.507607
0.507611
0.507618
0.507627
0.507641
0.507634
0.507644
0.507652
0.507657
0.507668
0.507669
0.50767
0.507676
0.507682
0.50769
0.507704
0.507708
0.507712
0.507716
0.50772
0.507721
0.507725
0.50774
0.507744
0.507745
0.507751
0.507762
0.507771
0.507773
0.507778
0.507787
0.507798
0.507806
0.507807
0.50781
0.507809
0.507811
0.507812
0.507807
0.507808
0.507807
0.507807
0.507817
0.507828
0.507834
0.50784
0.507843
0.507851
0.507861
0.507865
0.507867
0.507874
0.507875
0.507881
0.507886
0.507893
0.507897
0.5079
0.507906
0.507904
0.5079
0.507903
0.507903
0.507907
0.507915
0.507919
0.507925
0.507927
0.507937
0.507945
0.50795
0.507951
0.50796
0.507962
0.507965
0.507971
0.507976
0.507981
0.507983
0.507991
0.507996
0.507997
0.508003
0.508014
0.508025
0.508026
0.50803
0.508035
0.508041
0.50805
0.508052
0.508048
0.508047
0.508051
0.50806
0.508069
0.508075
0.508072
0.508081
0.508087
0.508097
0.508104
0.50811
0.508113
0.508123
0.508133
0.508145
0.508153
0.508153
0.508161
0.508162
0.508167
0.508172
0.508181
0.508187
0.508192
0.508195
0.508202
0.508212
0.508218
0.508221
0.508227
0.508233
0.508239
0.508242
0.508249
0.508245
0.508251
0.508257
0.508259
0.508261
0.508268
0.508271
0.508271
0.508278
0.508283
0.508291
0.508299
0.508303
0.508307
0.508306
0.508307
0.508307
0.508311
0.508317
0.508327
0.508326
0.50833
0.508338
0.508345
0.508347
0.508352
0.508355
0.508356
0.508366
0.508377
0.508382
0.508388
0.508386
0.508388
0.508388
0.508398
0.508399
0.508402
0.508404
0.508404
0.508409
0.508413
0.508416
0.508423
0.508426
0.508437
0.508433
0.508444
0.508448
0.508451
0.508449
0.508451
0.508458
0.508465
0.508471
0.508476
0.508484
0.508488
0.5085
0.508498
0.5085
0.508506
0.508511
0.508519
0.508529
0.508532
0.508531
0.508536
0.508543
0.508553
0.508559
0.508562
0.508568
0.508572
0.508581
0.508585
0.508584
0.508588
0.508594
0.508599
0.508604
0.508609
0.508618
0.508627
0.50863
0.508635
0.50864
0.508645
0.50865
0.508649
0.508656
0.508662
0.508673
0.508683
0.508679
0.508673
0.508682
0.508687
0.508689
0.508689
0.508691
0.508698
0.508703
0.508708
0.508715
0.508717
0.508721
0.508724
0.50873
0.508733
0.508735
0.508739
0.508739
0.50875
0.508752
0.508761
0.508768
0.508771
0.50878
0.508788
0.508803
0.508806
0.508808
0.508814
0.508822
0.508831
0.508835
0.508836
0.50885
0.508852
0.508857
0.508864
0.508868
0.508879
0.50888
0.508887
0.508885
0.508886
0.508888
0.508889
0.508896
0.508898
0.508899
0.508902
0.50891
0.508913
0.508919
0.508921
0.508925
0.508925
0.508929
0.508933
0.508941
0.508951
0.508959
0.508963
0.508969
0.508978
0.508979
0.50898
0.508982
0.508985
0.508991
0.508992
0.508997
0.508998
0.508996
0.509001
0.509006
0.509008
0.509015
0.509019
0.509028
0.509034
0.509038
0.50904
0.509039
0.509046
0.509047
0.509048
0.509048
0.509049
0.509053
0.509057
0.509065
0.509073
0.509079
0.509078
0.509077
0.509078
0.509086
0.509091
0.509099
0.509103
0.509103
0.509109
0.509114
0.509111
0.509122
0.509128
0.509139
0.509147
0.509155
0.509157
0.509167
0.509179
0.509185
0.509192
0.509199
0.509204
0.509204
0.509212
0.509225
0.509233
0.509236
0.50924
0.509246
0.509248
0.509254
0.509255
0.509258
0.509254
0.509256
0.509258
0.509262
0.509268
0.509273
0.509279
0.50929
0.509292
0.509296
0.509297
0.509299
0.509307
0.509315
0.50932
0.509321
0.509327
0.50933
0.509329
0.509335
0.509335
0.509339
0.509341
0.509347
0.509353
0.509357
0.509359
0.509359
0.509365
0.509372
0.509371
0.509373
0.50938
0.509384
0.509385
0.509391
0.509394
0.509396
0.509398
0.509393
0.509395
0.509404
0.509409
0.509414
0.509418
0.509422
0.509431
0.509429
0.509437
0.509437
0.509437
0.509435
0.509442
0.509451
0.50945
0.509455
0.509459
0.509461
0.509464
0.509465
0.509472
0.509473
0.509474
0.509481
0.509479
0.509485
0.509485
0.509486
0.509485
0.509492
0.509497
0.509503
0.509508
0.509511
0.509514
0.509521
0.509527
0.509528
0.509532
0.509545
0.509554
0.509562
0.509571
0.509572
0.509574
0.509581
0.509588
0.509593
0.509599
0.509599
0.509599
0.509609
0.509613
0.50962
0.509627
0.509632
0.509632
0.509632
0.50964
0.509644
0.509641
0.509644
0.509647
0.509648
0.509645
0.509646
0.509647
0.509647
0.509653
0.509662
0.509663
0.509668
0.509665
0.509676
0.509682
0.509686
0.509693
0.509692
0.509694
0.509697
0.509703
0.509697
0.509708
0.509707
0.509717
0.509723
0.509732
0.509735
0.509742
0.509742
0.509749
0.509752
0.509755
0.509757
0.509759
0.509768
0.509776
0.50978
0.509792
0.509801
0.509805
0.509812
0.509808
0.509814
0.509827
0.509826
0.509829
0.509826
0.509826
0.509832
0.509841
0.509843
0.509851
0.509849
0.509848
0.509849
0.509851
0.509859
0.509864
0.509872
0.509877
0.509882
0.50988
0.509877
0.509886
0.509885
0.509888
0.509896
0.509904
0.509912
0.509915
0.50992
0.509919
0.509923
0.509925
0.509926
0.509931
0.509936
0.509935
0.509937
0.50994
0.509949
0.509952
0.509957
0.509957
0.509959
0.50996
0.509967
0.509969
0.509978
0.509986
0.509989
0.509998
0.510006
0.510007
0.510015
0.510023
0.51003
0.510032
0.51004
0.510045
0.510049
0.510057
0.510069
0.510073
0.51008
0.51009
0.510094
0.510095
0.510104
0.51011
0.510116
0.510121
0.510121
0.510122
0.510122
0.510122
0.510127
0.51013
0.510139
0.510134
0.51014
0.510141
0.510148
0.510149
0.510157
0.51017
0.510175
0.510182
0.510182
0.510184
0.510194
0.510194
0.510196
0.510196
0.5102
0.510201
0.510205
0.510208
0.51021
0.510216
0.510217
0.510219
0.510224
0.51023
0.510236
0.510239
0.510246
0.510241
0.510249
0.510252
0.510254
0.510258
0.510259
0.510264
0.510266
0.510264
0.51027
0.51027
0.510275
0.510281
0.510282
0.510283
0.510286
0.510292
0.5103
0.510301
0.5103
0.510302
0.510305
0.510309
0.510317
0.510326
0.510327
0.510334
0.51034
0.510346
0.510349
0.510357
0.510363
0.51036
0.510365
0.510376
0.510381
0.510386
0.510392
0.510394
0.510394
0.510395
0.510401
0.510407
0.510415
0.510417
0.510427
0.510431
0.510431
0.510442
0.510452
0.510458
0.510465
0.510462
0.510463
0.510471
0.510478
0.510481
0.510487
0.510495
0.510496
0.510495
0.510504
0.510507
0.510511
0.510515
0.51052
0.510519
0.510527
0.510523
0.510535
0.510546
0.510556
0.510561
0.510566
0.510575
0.510575
0.510574
0.510578
0.510592
0.510598
0.510603
0.510606
0.510609
0.510617
0.510621
0.510624
0.510629
0.51063
0.510634
0.510635
0.510643
0.510646
0.510651
0.510654
0.510658
0.510656
0.51066
0.510661
0.510667
0.510673
0.510679
0.510682
0.510687
0.510685
0.510699
0.510704
0.510708
0.510714
0.510709
0.510708
0.510715
0.510723
0.510727
0.510731
0.510731
0.510738
0.510737
0.510744
0.510747
0.510751
0.510748
0.510753
0.510761
0.510766
0.510772
0.51078
0.510783
0.510783
0.510784
0.51078
0.510778
0.510782
0.510786
0.51079
0.510793
0.510801
0.510798
0.510802
0.510799
0.510807
0.510805
0.510811
0.510812
0.510818
0.510831
0.510834
0.510835
0.510834
0.510837
0.510844
0.510853
0.51086
0.51087
0.510876
0.510879
0.510882
0.510891
0.510895
0.510894
0.510897
0.510903
0.510904
0.510905
0.510909
0.510913
0.510922
0.510927
0.510932
0.510931
0.510935
0.510938
0.510938
0.510943
0.510947
0.510952
0.510957
0.510958
0.51096
0.51097
0.510973
0.510979
0.510983
0.510984
0.510988
0.510986
0.510995
0.511006
0.511005
0.511009
0.511012
0.511024
0.511025
0.51103
0.51103
0.511032
0.51104
0.511046
0.511045
0.511048
0.511052
0.511061
0.511063
0.51107
0.511072
0.511075
0.511079
0.511087
0.511087
0.511096
0.511097
0.511104
0.511109
0.511114
0.511116
0.511115
0.511113
0.511115
0.511114
0.511118
0.511126
0.511133
0.51113
0.511132
0.511138
0.511141
0.511147
0.511154
0.511159
0.511166
0.511167
0.511174
0.511182
0.511183
0.51119
0.511197
0.5112
0.511207
0.511208
0.51121
0.511214
0.511222
0.511227
0.511232
0.511228
0.511239
0.511247
0.511249
0.511248
0.511258
0.511269
0.51127
0.51127
0.511273
0.511273
0.511275
0.511281
0.511286
0.511288
0.511296
0.511304
0.511317
0.511326
0.51133
0.511336
0.511335
0.511328
0.51133
0.511329
0.511332
0.511335
0.511337
0.511337
0.511343
0.511344
0.511345
0.511344
0.511352
0.511352
0.511357
0.511357
0.511362
0.511366
0.511366
0.511373
0.51138
0.511384
0.511388
0.511393
0.511401
0.511401
0.511399
0.511408
0.511412
0.511414
0.511417
0.511416
0.511421
0.511425
0.511429
0.511432
0.511432
0.511436
0.511437
0.511442
0.511444
0.511448
0.511455
0.511458
0.511458
0.511467
0.511472
0.511471
0.511477
0.511485
0.511493
0.511491
0.511493
0.511491
0.511496
0.511503
0.511506
0.511511
0.511515
0.511516
0.511515
0.511514
0.511519
0.51152
0.51152
0.511527
0.51153
0.511539
0.511541
0.511541
0.511539
0.511543
0.511546
0.51155
0.511548
0.511554
0.511556
0.51156
0.511565
0.511566
0.511569
0.511573
0.511584
0.511592
0.511594
0.511604
0.511611
0.511618
0.511621
0.511622
0.511635
0.511635
0.511642
0.511645
0.511646
0.511647
0.511653
0.511657
0.511657
0.511662
0.511659
0.511662
0.511674
0.511679
0.51168
0.51168
0.511685
0.511692
0.511697
0.5117
0.5117
0.511705
0.51171
0.511713
0.511712
0.51172
0.511723
0.51173
0.511729
0.511735
0.511736
0.511744
0.511747
0.51175
0.511757
0.511763
0.511767
0.511771
0.511779
0.511785
0.511788
0.511793
0.5118
0.511797
0.511795
0.511795
0.511797
0.5118
0.511804
0.511803
0.51181
0.511814
0.511822
0.511827
0.511833
0.511837
0.511832
0.511832
0.511832
0.511831
0.511834
0.511844
0.511849
0.511854
0.511854
0.51186
0.511866
0.511872
0.511877
0.511882
0.511886
0.511889
0.511887
0.511892
0.511896
0.511901
0.511901
0.511899
0.511902
0.511913
0.511918
0.51193
0.511932
0.511942
0.511946
0.511945
0.511951
0.511962
0.511965
0.511966
0.511966
0.511971
0.511971
0.51198
0.511983
0.511988
0.511986
0.511985
0.511989
0.511993
0.511989
0.511996
0.512005
0.512006
0.512008
0.512014
0.512018
0.512019
0.51202
0.512029
0.512033
0.512035
0.512038
0.512048
0.512046
0.51205
0.512055
0.512058
0.512062
0.512064
0.512065
0.512072
0.512078
0.51208
0.512082
0.512086
0.512089
0.512094
0.512103
0.512114
0.512122
0.512128
0.512133
0.512134
0.51214
0.512149
0.512152
0.512155
0.512158
0.512165
0.512165
0.512165
0.512169
0.512178
0.512182
0.512188
0.512192
0.512199
0.512198
0.512207
0.51221
0.512219
0.51222
0.512226
0.512231
0.512234
0.512242
0.512242
0.512242
0.512246
0.512248
0.512253
0.512255
0.512261
0.512264
0.512269
0.512272
0.512273
0.512278
0.51228
0.512282
0.512284
0.512289
0.512298
0.512304
0.512313
0.512316
0.512321
0.512332
0.512333
0.512338
0.512338
0.512348
0.512351
0.512355
0.512361
0.512374
0.512376
0.512379
0.512387
0.51239
0.512393
0.512402
0.512402
0.512408
0.51241
0.512412
0.512415
0.512419
0.512419
0.512423
0.512431
0.512433
0.512438
0.512441
0.512445
0.512445
0.512449
0.512454
0.512463
0.512468
0.512473
0.512477
0.51248
0.512489
0.512496
0.512502
0.51251
0.512515
0.512518
0.512521
0.512529
0.512533
0.512538
0.512541
0.512547
0.512547
0.512555
0.512557
0.512561
0.512565
0.512574
0.512577
0.512577
0.512579
0.512584
0.512593
0.51259
0.512588
0.512597
0.512597
0.512598
0.512603
0.512604
0.512601
0.51261
0.512611
0.512612
0.512618
0.512622
0.512626
0.512624
0.512628
0.512631
0.512633
0.512642
0.512646
0.51265
0.512655
0.512657
0.512654
0.512662
0.512663
0.512661
0.512667
0.512672
0.512674
0.512681
0.512685
0.512691
0.51269
0.512696
0.512703
0.512708
0.512715
0.512725
0.512727
0.512735
0.512741
0.512747
0.512755
0.512762
0.512764
0.512772
0.512768
0.512777
0.512781
0.512787
0.512791
0.5128
0.512802
0.512804
0.512813
0.512817
0.512818
0.512826
0.512831
0.51283
0.512829
0.512835
0.512838
0.512836
0.512843
0.512847
0.512849
0.512855
0.512855
0.512856
0.512864
0.512869
0.512871
0.512879
0.512884
0.51289
0.512891
0.51289
0.512893
0.512901
0.512901
0.512909
0.512914
0.512916
0.51292
0.512925
0.512923
0.512927
0.512935
0.512943
0.512949
0.512956
0.512959
0.512964
0.51297
0.512972
0.51297
0.512977
0.512982
0.512987
0.512994
0.512999
0.512998
0.513
0.513004
0.51301
0.513014
0.513016
0.513017
0.513028
0.513029
0.513034
0.513038
0.513044
0.513048
0.513055
0.513062
0.513068
0.513072
0.513071
0.513072
0.513078
0.513082
0.51308
0.513086
0.513088
0.513089
0.513091
0.513093
0.513097
0.513103
0.51311
0.51311
0.513115
0.513117
0.513128
0.51313
0.513136
0.513145
0.513156
0.513158
0.51316
0.513165
0.513171
0.513178
0.513185
0.513185
0.513192
0.51319
0.513191
0.513195
0.513199
0.513198
0.513202
0.513206
0.513209
0.513216
0.513221
0.513222
0.513224
0.513225
0.513223
0.513231
0.513235
0.513237
0.513243
0.513248
0.513249
0.513249
0.513252
0.513259
0.513263
0.513267
0.51327
0.513276
0.513279
0.513283
0.513285
0.513294
0.513293
0.513297
0.513303
0.51331
0.513317
0.513319
0.513324
0.513327
0.513336
0.513339
0.513346
0.513346
0.513348
0.513355
0.513356
0.513359
0.513367
0.513375
0.513385
0.513391
0.513391
0.513394
0.513392
0.513397
0.513397
0.513399
0.513402
0.513406
0.513406
0.513406
0.51341
0.513412
0.513416
0.513423
0.513423
0.513435
0.513443
0.513443
0.513443
0.513449
0.513458
0.513467
0.513467
0.513475
0.513475
0.513481
0.513483
0.513483
0.513485
0.513491
0.513494
0.513501
0.51351
0.513512
0.513515
0.513514
0.513521
0.513526
0.513535
0.513539
0.513544
0.513547
0.51355
0.513556
0.513559
0.513561
0.513564
0.513569
0.513574
0.513578
0.513585
0.513588
0.513593
0.513595
0.513599
0.513606
0.51361
0.513613
0.513615
0.513616
0.513619
0.51362
0.513624
0.513639
0.513645
0.513648
0.51365
0.513653
0.513661
0.513667
0.513671
0.513678
0.513688
0.513692
0.5137
0.513705
0.51371
0.513712
0.513718
0.513719
0.513723
0.513725
0.513728
0.513732
0.513735
0.513738
0.513741
0.513748
0.51375
0.513757
0.513761
0.513762
0.51377
0.513772
0.513775
0.513774
0.513779
0.513783
0.513784
0.513782
0.513784
0.513786
0.513792
0.513794
0.513786
0.513785
0.513789
0.513796
0.513796
0.5138
0.5138
0.513806
0.513808
0.513813
0.513816
0.513823
0.513826
0.51383
0.513838
0.513842
0.513847
0.513848
0.513852
0.513859
0.51387
0.513871
0.513865
0.513866
0.513869
0.513872
0.513873
0.513878
0.513878
0.513877
0.51388
0.513888
0.513893
0.513893
0.513901
0.513905
0.513907
0.513912
0.513911
0.513917
0.513921
0.513923
0.513925
0.513929
0.513931
0.513937
0.513942
0.513945
0.513945
0.51395
0.513954
0.513963
0.513969
0.513973
0.513978
0.513981
0.513985
0.513983
0.513986
0.513986
0.513984
0.513984
0.51398
0.513987
0.513987
0.513995
0.513999
0.514004
0.514005
0.514005
0.51401
0.514017
0.514017
0.514024
0.514027
0.514033
0.514037
0.514038
0.514044
0.514046
0.514046
0.514048
0.514046
0.514044
0.514051
0.514055
0.514058
0.514062
0.514069
0.514067
0.514069
0.514068
0.514071
0.514077
0.514078
0.514082
0.514084
0.514086
0.514087
0.514089
0.514088
0.514093
0.514098
0.514103
0.514109
0.51411
0.514109
0.514119
0.514127
0.514131
0.514137
0.514143
0.514148
0.514152
0.514155
0.514159
0.514158
0.514166
0.514172
0.51418
0.514188
0.514188
0.514191
0.514196
0.514198
0.514205
0.514211
0.514215
0.514226
0.514233
0.514235
0.514243
0.514247
0.514253
0.514256
0.514258
0.51426
0.51426
0.514261
0.514269
0.514277
0.514281
0.514284
0.514289
0.514292
0.514296
0.514301
0.514303
0.514303
0.514308
0.514308
0.514312
0.51432
0.51433
0.514325
0.514329
0.514332
0.514337
0.514347
0.514349
0.514356
0.514365
0.514369
0.514377
0.514377
0.514379
0.514382
0.514389
0.514395
0.514403
0.514408
0.514411
0.514413
0.514417
0.51442
0.514423
0.514428
0.514436
0.514436
0.514439
0.514444
0.514446
0.514452
0.514453
0.51446
0.514468
0.514471
0.514482
0.514483
0.514488
0.514493
0.5145
0.514503
0.51451
0.514514
0.514519
0.514525
0.51452
0.514521
0.514525
0.514527
0.514524
0.514528
0.51453
0.51454
0.514548
0.514548
0.514553
0.514559
0.514564
0.514574
0.514571
0.514576
0.514582
0.514586
0.514591
0.514594
0.514594
0.514601
0.514605
0.514602
0.51461
0.51461
0.51461
0.514617
0.514628
0.514627
0.514625
0.514632
0.514634
0.51464
0.514643
0.514646
0.514648
0.514651
0.514658
0.514664
0.514675
0.514676
0.514683
0.514688
0.514688
0.514694
0.5147
0.514704
0.514705
0.514707
0.514706
0.514713
0.514714
0.514714
0.514717
0.514719
0.514727
0.514734
0.514739
0.514743
0.514745
0.514755
0.514759
0.514761
0.514766
0.514769
0.514771
0.514774
0.514778
0.514783
0.514788
0.514792
0.514797
0.514797
0.514807
0.514811
0.51482
0.514822
0.514824
0.514826
0.514832
0.514841
0.514843
0.514847
0.514848
0.514862
0.514861
0.514867
0.514872
0.514874
0.514866
0.514872
0.514875
0.514884
0.514894
0.514897
0.514903
0.51491
0.514913
0.514919
0.514922
0.514928
0.514927
0.514931
0.514935
0.514947
0.514945
0.514949
0.51495
0.514952
0.514955
0.514964
0.514968
0.514969
0.514976
0.514978
0.514985
0.514988
0.514989
0.514992
0.514996
0.514998
0.515004
0.515005
0.51501
0.515018
0.51502
0.515027
0.515026
0.515028
0.515035
0.515038
0.515044
0.515049
0.515048
0.515055
0.515057
0.515063
0.515064
0.515069
0.515073
0.515077
0.515084
0.515092
0.515096
0.515095
0.5151
0.515108
0.515111
0.515115
0.51512
0.515121
0.515128
0.515133
0.515134
0.515137
0.515139
0.515142
0.51515
0.515155
0.515153
0.515162
0.515167
0.51517
0.515172
0.515174
0.515177
0.515182
0.515188
0.51519
0.515193
0.515192
0.515194
0.515196
0.515199
0.515207
0.515215
0.515222
0.515223
0.515222
0.515234
0.515237
0.51524
0.515247
0.515251
0.515256
0.51526
0.515263
0.515267
0.515269
0.515275
0.515278
0.515282
0.515287
0.51529
0.51529
0.515291
0.515291
0.5153
0.515301
0.515305
0.515311
0.515312
0.515315
0.515318
0.51532
0.515322
0.515322
0.515321
0.515324
0.515328
0.515329
0.515335
0.515343
0.515349
0.515349
0.515351
0.515355
0.515359
0.515365
0.515366
0.515369
0.51537
0.515366
0.515368
0.515368
0.515374
0.515375
0.515381
0.515386
0.515386
0.51539
0.51539
0.515391
0.515387
0.515397
0.515394
0.515401
0.515406
0.515412
0.515414
0.51542
0.515424
0.515429
0.51543
0.515429
0.515435
0.515433
0.515437
0.515443
0.515446
0.515451
0.515456
0.515459
0.515466
0.515475
0.515483
0.51549
0.515496
0.515501
0.51551
0.515516
0.515521
0.515528
0.51553
0.515526
0.515529
0.515528
0.515534
0.515539
0.515542
0.515544
0.515545
0.515549
0.515547
0.515545
0.515551
0.515552
0.515559
0.515559
0.515564
0.515567
0.515568
0.515572
0.515578
0.515582
0.515587
0.51559
0.515595
0.515599
0.515599
0.515598
0.515601
0.5156
0.515601
0.515603
0.515601
0.515605
0.515613
0.515619
0.515626
0.515629
0.515633
0.515635
0.515636
0.515637
0.51564
0.515649
0.515651
0.515652
0.515663
0.515669
0.51567
0.515675
0.51568
0.515689
0.515693
0.51569
0.515693
0.5157
0.515705
0.515706
0.515703
0.515705
0.515706
0.515711
0.515715
0.515716
0.515718
0.51572
0.515725
0.515728
0.515735
0.515737
0.515733
0.515731
0.515736
0.515739
0.515744
0.515743
0.515743
0.515749
0.515759
0.515762
0.515768
0.515767
0.515776
0.515779
0.51578
0.515787
0.515787
0.515786
0.515793
0.515798
0.515807
0.515814
0.515821
0.515823
0.515825
0.515826
0.515825
0.515835
0.51584
0.515843
0.515847
0.515848
0.515854
0.515857
0.515862
0.515863
0.515866
0.515869
0.515878
0.515882
0.515887
0.515888
0.515895
0.515897
0.515903
0.515905
0.515905
0.515913
0.515917
0.515918
0.515925
0.515933
0.515938
0.515939
0.515941
0.515944
0.515946
0.515946
0.515954
0.515955
0.515954
0.515955
0.515958
0.515959
0.515961
0.515961
0.515971
0.51598
0.515985
0.515986
0.515987
0.515995
0.515999
0.516006
0.516008
0.516011
0.516013
0.516016
0.516018
0.516019
0.516021
0.516019
0.516028
0.516029
0.51603
0.51603
0.516035
0.516042
0.516048
0.51605
0.516048
0.516048
0.516048
0.516049
0.516054
0.516057
0.516059
0.516069
0.516074
0.516078
0.516089
0.516093
0.516098
0.516104
0.516108
0.516117
0.51612
0.516121
0.516125
0.516127
0.516136
0.516144
0.516147
0.516148
0.516152
0.516154
0.516156
0.516154
0.516154
0.516159
0.516164
0.516169
0.51618
0.516182
0.516183
0.516188
0.516192
0.516196
0.516202
0.516211
0.516212
0.516217
0.516215
0.516219
0.516226
0.516229
0.516234
0.516232
0.516229
0.516235
0.516237
0.516242
0.516245
0.516246
0.516243
0.516249
0.516256
0.516266
0.516268
0.516274
0.516278
0.516281
0.516284
0.516289
0.516294
0.516298
0.516301
0.516302
0.516307
0.51631
0.516313
0.516314
0.516318
0.51632
0.516319
0.516322
0.516327
0.516333
0.516337
0.516345
0.516344
0.51635
0.516354
0.516358
0.51636
0.516364
0.516368
0.516366
0.516376
0.516381
0.516388
0.51639
0.516395
0.516397
0.516401
0.51641
0.516418
0.516418
0.516428
0.51643
0.516438
0.516439
0.516442
0.516446
0.516452
0.516457
0.51646
0.516462
0.516461
0.516459
0.516464
0.516461
0.51646
0.516464
0.516468
0.516473
0.516478
0.516478
0.516484
0.516487
0.516493
0.516494
0.5165
0.516505
0.516508
0.516516
0.51652
0.516527
0.516531
0.516541
0.516547
0.51655
0.516551
0.516557
0.516559
0.516558
0.516564
0.516568
0.516571
0.516574
0.516576
0.516579
0.516581
0.516582
0.516586
0.516588
0.516596
0.516597
0.516605
0.516602
0.516604
0.516602
0.516606
0.516609
0.516613
0.516615
0.516613
0.516614
0.516618
0.51662
0.516619
0.516623
0.516629
0.516634
0.516643
0.516639
0.516638
0.516641
0.516645
0.516645
0.516648
0.516651
0.516654
0.516659
0.516667
0.516672
0.516676
0.516682
0.516682
0.516686
0.516689
0.516693
0.516692
0.516697
0.516703
0.516707
0.516709
0.516716
0.516721
0.516725
0.516729
0.51673
0.516738
0.51674
0.516745
0.516752
0.516759
0.516766
0.516765
0.516768
0.516771
0.51678
0.516781
0.516785
0.516788
0.516792
0.516798
0.5168
0.516809
0.516815
0.516814
0.516816
0.516817
0.516817
0.516825
0.51683
0.516838
0.516841
0.516848
0.516856
0.516857
0.516856
0.516864
0.516866
0.516871
0.516875
0.516881
0.516886
0.516887
0.516889
0.516895
0.516902
0.516904
0.516904
0.51691
0.516911
0.516916
0.516914
0.516916
0.51692
0.51692
0.516927
0.516934
0.516938
0.516937
0.51694
0.516942
0.516943
0.516944
0.516947
0.516953
0.516952
0.516956
0.516957
0.516963
0.516966
0.516975
0.516984
0.516984
0.516985
0.516986
0.516987
0.516992
0.516997
0.517001
0.517002
0.517009
0.517014
0.517019
0.517021
0.517025
0.517024
0.51703
0.517036
0.517037
0.517037
0.517042
0.517046
0.51705
0.517056
0.517056
0.517063
0.517069
0.517073
0.517078
0.517084
0.51709
0.51709
0.517091
0.517091
0.517097
0.517103
0.517115
0.517121
0.51712
0.51712
0.517126
0.517132
0.517134
0.517137
0.517148
0.517154
0.51716
0.517163
0.517168
0.517176
0.517179
0.517182
0.517185
0.517186
0.51719
0.517188
0.517198
0.517201
0.517205
0.517209
0.517211
0.517217
0.517224
0.517224
0.517231
0.517237
0.517242
0.517247
0.517247
0.517248
0.517249
0.517258
0.517259
0.517262
0.517264
0.517271
0.517275
0.517286
0.517286
0.517293
0.517295
0.517294
0.517295
0.517299
0.517307
0.517309
0.517309
0.517312
0.517314
0.517315
0.517318
0.517322
0.517324
0.517326
0.517326
0.517331
0.517337
0.517338
0.517345
0.517346
0.517349
0.517357
0.51736
0.517364
0.517367
0.517371
0.517378
0.517376
0.517383
0.517391
0.517391
0.517396
0.5174
0.517402
0.517408
0.517407
0.517412
