3.179681211055503697e-09	-1.211154969526848507e-14	6.979585816115999398e-15	1.000000000000000000e+00
6.359362422111006567e-09	-1.504315983537849044e-14	1.389242733303268552e-14	1.000000000000000000e+00
9.539043633166510678e-09	-1.901539719945618775e-13	1.881000470546527117e-13	1.000000000000000000e+00
1.271872484422201313e-08	4.350481115559568716e-13	3.728348629336327931e-13	1.000000000000000000e+00
1.589840605527751724e-08	3.562586778215215827e-13	2.293912124950972365e-13	1.000000000000000000e+00
1.907808726633302136e-08	1.043494165686966891e-13	1.353719733761012124e-13	1.000000000000000000e+00
2.225776847738852216e-08	3.357286653232234709e-12	7.190667266576531982e-13	1.000000000000000000e+00
2.543744968844402627e-08	-1.826551216513513116e-15	6.094095340583218489e-15	1.000000000000000000e+00
2.861713089949953038e-08	4.750945079214042614e-15	3.656053190705166840e-15	1.000000000000000000e+00
3.179681211055503449e-08	3.118544252223079855e-15	2.704787770515497256e-15	1.000000000000000000e+00
3.497649332161053860e-08	2.301170080827639201e-15	2.014962438327099619e-15	1.000000000000000000e+00
3.815617453266604271e-08	1.019057836104851400e-15	1.507676715940279676e-15	1.000000000000000000e+00
4.133585574372154020e-08	8.975558560550873515e-16	1.428550160101793311e-15	1.000000000000000000e+00
4.451553695477704431e-08	2.338466322904056315e-16	1.100921517010620151e-15	1.000000000000000000e+00
4.769521816583254842e-08	1.565140870597662192e-15	9.646630048963145205e-16	1.000000000000000000e+00
5.087489937688805254e-08	1.194940525840896095e-15	8.617766615790405718e-16	1.000000000000000000e+00
5.405458058794355665e-08	1.546428641049244379e-15	8.148482681732735877e-16	1.000000000000000000e+00
5.723426179899906076e-08	2.437543503044261293e-16	7.936620545430877083e-16	1.000000000000000000e+00
6.041394301005456487e-08	5.558057669851298398e-16	6.484977909705753993e-16	1.000000000000000000e+00
6.359362422111006898e-08	1.494551015398035757e-15	6.762769993785203550e-16	1.000000000000000000e+00
