3.179681211055455307e-09	1.495447207782507738e-16	3.158686654252149477e-16	1.000000000000000000e+00
6.359362422110910614e-09	1.116551443885541002e-15	4.160542765113711097e-16	1.000000000000000000e+00
9.539043633166366748e-09	2.377080046008868054e-16	3.162327236986370355e-16	1.000000000000000000e+00
1.271872484422182123e-08	-2.836064284923599410e-16	3.196222676930079757e-16	1.000000000000000000e+00
1.589840605527727571e-08	8.919632467707517450e-16	4.755010171414478780e-16	1.000000000000000000e+00
1.907808726633273019e-08	-1.708769768138316563e-16	5.382387479011506346e-16	1.000000000000000000e+00
2.225776847738818798e-08	3.644115748705213028e-16	4.451528414040054952e-16	1.000000000000000000e+00
2.543744968844364246e-08	-1.396529735064915989e-16	3.672330358217502414e-16	1.000000000000000000e+00
2.861713089949909694e-08	-1.740730829920061358e-16	3.159325992537830550e-16	1.000000000000000000e+00
3.179681211055455142e-08	-3.394325229582805731e-16	3.720497452945744646e-16	1.000000000000000000e+00
3.497649332161000920e-08	3.567930166307842680e-16	3.158728415391600457e-16	1.000000000000000000e+00
3.815617453266546699e-08	-3.142249754703933181e-16	3.158868639263795502e-16	1.000000000000000000e+00
4.133585574372092478e-08	-2.320315135285006957e-16	3.189913868812444054e-16	1.000000000000000000e+00
4.451553695477637595e-08	-2.071043441257306130e-16	4.720067167451685342e-16	1.000000000000000000e+00
4.769521816583183374e-08	7.055124108720842614e-17	3.166466799289679903e-16	1.000000000000000000e+00
5.087489937688728491e-08	4.333516698028459362e-17	3.177655942154633233e-16	1.000000000000000000e+00
5.405458058794274270e-08	-1.657530343302208307e-16	3.159439887962135761e-16	1.000000000000000000e+00
5.723426179899820049e-08	-8.203857255141654476e-17	3.168455506599588381e-16	1.000000000000000000e+00
6.041394301005365166e-08	-3.644273269543868451e-16	3.460051459683880579e-16	1.000000000000000000e+00
6.359362422110910283e-08	-3.067286287324645657e-16	3.768232692902672478e-16	1.000000000000000000e+00
