cos_gwtheta	cos_gwtheta_ll	cos_gwtheta_ul	cos_inc	cos_inc_ll	cos_inc_ul	gwphi	gwphi_ll	gwphi_ul	log10_Mc	log10_Mc_ll	log10_Mc_ul	log10_fgw	log10_fgw_ll	log10_fgw_ul	log10_h	log10_h_ll	log10_h_ul	phase0	phase0_ll	phase0_ul	psi	psi_ll	psi_ul
-0.009071735033389823	-0.010549241478284177	-0.0064880979575706954	-0.014110581649658302	-0.016800045035807436	-0.010455687742082836	5.654756259430557	5.654524635554714	5.654735918181342	8.215018173710677	7.06266253699693	9.409878254897112	-7.914100284540829	-7.91462776502066	-7.913665051119511	-11.718256514707138	-11.773046075351406	-11.566137528227362	5.291553994219857	2.6771704645931695	3.4380422577366945	0.803408953625493	0.7993077036272824	0.8078286321655108
-0.605480095068849	-0.6066279410097117	-0.6039198658586733	-0.6079435720493334	-0.6114167111765645	-0.6030229366517699	0.030184895026203383	0.028399887481703762	0.031679632780043765	9.824943392481838	7.0773565867403825	9.437167555629875	-7.65560836248253	-7.6556501455297665	-7.655545988758478	-12.463567964502491	-12.465651854691263	-12.460976891273278	3.7854445100134075	3.729212328815335	3.881117170613198	2.2810073922403498	2.275214230764199	2.289086719035702
0.5388497719872875	0.5376196764721904	0.5404349150782893	0.6692139796054899	0.6652728977633018	0.6770690219104641	6.255467177353554	6.253964880464041	6.256881204244892	7.1649476306655835	7.061520124981623	9.433168223032629	-7.655230871319542	-7.6552905231946	-7.655190307321696	-12.515812649553364	-12.519286871744962	-12.512903999025458	0.12851889343957143	0.050646461193472755	0.20007519888629421	2.5198237705322453	2.51140921476204	2.53331778008013
0.0035918531021819277	0.0033369631042852862	0.005562151055745564	0.0037874503943998643	0.0034647581909641872	0.005780840808514262	1.3900342677445154	1.38737005175796	1.3932062015961502	6.710038857069765	7.062789207420414	9.456804002127004	-8.003913877432824	-8.004288320592167	-8.003408089033197	-11.593497084633606	-11.717679770148536	-11.495939693790557	0.8029897861942772	0.5454877854911325	1.1050090434609732	2.360174338058422	2.3597598191009044	2.3621290533376005
0.6087161864307492	0.6070772248465152	0.6098102978772364	0.6484352892657426	0.6432139650703198	0.653420475489721	6.279865518502398	6.278382260988052	6.28167985276239	8.564984292396527	7.094692246641683	9.458322173971899	-7.650163988654718	-7.65021776182383	-7.650116500621061	-12.500481564624545	-12.50276872532697	-12.497342202978466	0.12063680749043612	0.06682199226986174	0.215621460270737	1.9475765075175484	1.9382916805101273	1.956615026494636
-0.5773856422667608	-0.5787268534956888	-0.5759393483821122	-0.6483305510767033	-0.6547678662261001	-0.643981435544624	6.2467516831559395	6.2449290068167365	6.248394355788008	8.215021468028512	7.0585495765678585	9.41080892622179	-7.652240265932581	-7.652296217313026	-7.652185384720581	-12.50791328599738	-12.510438371688432	-12.504670799713413	1.5021349269125164	1.4340894539256985	1.5944381252089486	0.32135017133147203	0.31088661617627467	0.33018315318158536
-0.5878387757280484	-0.5890259287209687	-0.5864425453889015	-0.6584077037466551	-0.6645149369730537	-0.6534250923015316	6.239033225342617	6.2375780221134125	6.24096045239664	6.9199982515460166	7.044238579106013	9.428569178226661	-7.649026648473015	-7.649072083426413	-7.648966576728791	-12.506287104271568	-12.508957758624584	-12.503042310390612	2.4543656202266377	2.379581219049663	2.5360232029842935	3.108621391239135	3.0983378467723695	3.116903041764236
-0.5927820400353019	-0.5941723788205086	-0.5915103315556183	-0.6369163530519351	-0.6414986723077551	-0.6313497788499486	6.240032436049843	6.238439310533629	6.242057525458739	6.6752644115513835	7.0551284138724615	9.440497499736901	-7.649221000708609	-7.64926384114744	-7.649156651438716	-12.497545997255582	-12.499776618034797	-12.494350811389694	5.596989923457865	5.524442474258934	5.681568217328777	1.4052213790697148	1.3976155027869828	1.4139498669985813
-0.5799416588944565	-0.581358673074188	-0.5786247399608047	-0.7536329331319952	-0.7621641781192174	-0.7444798821327323	0.017965571185837744	0.01616875330441009	0.019389995029872657	6.850233499225909	7.048347348177978	9.427913879365686	-7.650680071759912	-7.650734017827914	-7.650629404959007	-12.547286113698725	-12.55081210107943	-12.541924996329382	3.6875197702267117	3.6128425635213377	3.7797793576105385	2.6154301734572747	2.597239039982957	2.6388069469526556
-0.5817848057052615	-0.5830763566034357	-0.5804875163830379	-0.8105552855638858	-0.824995568737009	-0.799115589913215	6.2692454856633395	6.267902892921926	6.2711485621867755	8.005165148736193	7.062165293201545	9.449181674801249	-7.652701030508946	-7.652754298809571	-7.652652978476471	-12.567744376740604	-12.57420856341289	-12.561745970545315	1.889865328557609	1.773424833232806	1.976780583603389	0.16501302356563757	0.1431255575700485	0.21444699990683336
-0.9975888125954004	-0.9978718869494408	-0.9968701726355577	0.23259135182211016	0.22984772271379503	0.23476004463181188	5.7987797325046735	5.7366562924298234	5.854211649433421	6.605087576354484	7.049271598198192	9.427298031726004	-8.02199767872672	-8.022191378104544	-8.0216787028543	-12.893010590490759	-12.895147663043682	-12.89119265373248	2.7795487076440497	2.6072683855170027	2.9241540010937475	1.158717271639321	1.0959080272473711	1.2141294654484582
-0.3097217172891709	-0.3114584388192096	-0.3077110914391153	0.012116233233255806	0.011394482599737474	0.013443037203553996	0.5013615793066631	0.49983264362384405	0.503721784781236	6.920239835403173	7.0451872639647375	9.437275549724536	-7.97905055344385	-7.979049970822459	-7.978974779306732	-12.720993013392668	-12.722500802594494	-12.719239635181934	6.280551246197073	6.226034502740597	6.277570916903783	1.9517892068622387	1.948685503708928	1.9556231532639345
0.005123655184913754	0.004074974151317019	0.008135616234372525	-0.016514520089640966	-0.026092612265830213	-0.013027680205697103	1.715827561149648e-05	1.306125379644741e-05	5.2238777030863254e-05	8.984961669532748	7.084904796260926	9.437947635583559	-7.851212408772707	-7.851213455577673	-7.851091458145361	-11.302963931302397	-11.498085317490286	-11.196290491958035	6.2747815189204506	6.1562062905056925	6.273225396969017	0.7872499028947759	0.7869481593951859	0.7885646095602179
0.6033093339798755	0.6020557305248296	0.6047492437775762	0.6284679475094537	0.6243219965598019	0.6341604035077375	6.263319743892656	6.2616864928434	6.2653231834049095	9.334908797495553	7.0678223304523895	9.425572147660187	-7.648828343236829	-7.648881089618238	-7.6487707007330386	-12.494150768154906	-12.496531653575232	-12.491225871417896	4.940350400786563	4.861947479018878	5.0254591939395965	1.747558081818431	1.7384959333276435	1.7542383176126344
0.5821573687563923	0.5808845733857212	0.5835242484478995	0.6540181592905174	0.6486464206626471	0.6589398101678525	6.236213549214916	6.234393983054893	6.237654072879812	7.724953869082626	7.06676268991836	9.441857813127196	-7.651212597965213	-7.651254117633168	-7.651151815124374	-12.488769931182413	-12.491624787317733	-12.486056851121162	0.21790206233405363	0.1629437544508803	0.31446289011088685	2.705853322929921	2.6976671984319607	2.7167931805294976
-0.5874193493846541	-0.5890697590166271	-0.5863117985161946	-0.5818673098676407	-0.5848501920762813	-0.5771069003285478	0.021035789817371038	0.01937258696818718	0.022805387120814452	7.515038938596914	7.068739773372525	9.452772044153429	-7.656611261199255	-7.656617428190603	-7.656556404370086	-12.476506117144762	-12.478378799232194	-12.473984534331487	6.27723899621386	6.182265918921662	6.27003862981915	2.753976014333823	2.748016797536174	2.760316112914426
-0.6118920416794812	-0.613382996460815	-0.610541341571125	-0.7423669691327934	-0.7520068883151912	-0.7347639709627035	0.022329412092563148	0.020599112710011226	0.02432715460513474	6.675095240801742	7.064285450317664	9.44411616376041	-7.649601139708948	-7.649650857273387	-7.649535512887941	-12.556098549095726	-12.561477060662455	-12.552791550561732	0.5278709606845879	0.4590177642554587	0.6365436583873882	1.798787561717253	1.7833188029893512	1.8212752840619386
0.5993188642355177	0.5980160600359451	0.6008326677323281	0.676456199742774	0.6701396062268984	0.6831092848305719	6.275977661529386	6.274271842446858	6.27802276339696	9.964961157939523	7.047704162653827	9.451808729498653	-7.650937992745348	-7.6509906557606575	-7.6508712842963025	-12.53416567369413	-12.537674724632618	-12.530916335155853	5.22263983643611	5.133410577851529	5.30806399275203	0.006859745537313246	0.003519240411605971	0.019934377176094524
0.5863847043287579	0.5848342737940535	0.5875430118215114	0.6310750038388324	0.6272458111032156	0.6365079391126374	0.0020521454977242585	0.0009322502096409083	0.0038439531406594804	8.774996129320344	7.044883548590052	9.443035445132537	-7.6515238530787215	-7.65157895813702	-7.65147519525688	-12.478156369141658	-12.48105727631391	-12.476032595064487	3.595844935533796	3.539130518015268	3.6906764615953658	1.2120205743968966	1.2036724882983343	1.2197594643337963
0.01781806534565948	0.013762770657171332	0.021059825368680406	0.09159431068462998	0.06416038223284834	0.10040912991825766	0.6680745076944011	0.6661630656052345	0.6692902099971585	6.849997841590397	7.048052366751367	9.45499828660838	-7.921886204311625	-7.9221774142778045	-7.921494287670729	-12.571400188581817	-12.575017618853202	-12.407170304485412	1.826735205577945	1.5511983547679782	2.071541078252826	2.5090385207828128	2.467856820928925	2.5187133731761286
-0.5915119367706057	-0.5930727719901076	-0.590354918538405	-0.6832600148738982	-0.6899101596746575	-0.6776327623331355	6.2777327707612764	6.276013763002837	6.279319029405282	7.025045683576002	7.04981459295451	9.432962165238099	-7.651575771803789	-7.651617379130936	-7.651506192433111	-12.494777610948626	-12.497525848617794	-12.491058999832504	3.8060374212212134	3.7054029691110184	3.8796012867433145	1.9978823793912617	1.982177991407611	2.0077233971261887
-0.6092351590957147	-0.6108410336191207	-0.6080417423073611	-0.645622288417496	-0.6498493269370674	-0.6395186374895332	6.274527362711997	6.273129403059494	6.276770269783051	8.530073562970589	7.072062851859049	9.413511678673911	-7.649442233380736	-7.649499966531462	-7.649388542141077	-12.502545920592096	-12.505138887601827	-12.499606538936064	2.273460573102842	2.192985730361085	2.3598100309956385	2.775863696089762	2.766543077313897	2.7848285180026617
0.5915768498844994	0.5902517278193845	0.5929236189341222	0.6311598442762584	0.6272247176614344	0.6372653854194412	6.279787928700145	6.278455129986133	6.281728628190438	9.68488949195262	7.060161962566314	9.447089795093293	-7.647423030862964	-7.647475011829267	-7.647365916399908	-12.495763887822653	-12.498399012722283	-12.492984394221164	3.0788781566485355	2.9948705084407328	3.1558686700579552	1.6609914030208415	1.6521958747659877	1.6682074500727955
0.5753015928853092	0.5738681352057493	0.5765709490590107	0.7505789192141675	0.7418143698407389	0.7615100078025805	6.276951078335713	6.2752222155914135	6.278654702998444	7.7600746117785295	7.064546204622506	9.42338464675921	-7.6495300484391615	-7.649592722554871	-7.6494761993892935	-12.56724140154938	-12.571031554726307	-12.561278898086627	3.1310538962899543	3.0590984471844966	3.2279153631198865	3.1415198487298586	3.140164744238105	3.1414557828036704
-0.5448991223257579	-0.5458393999672839	-0.5431049938217275	-0.7236930898847769	-0.7305468162173333	-0.7152164113795512	6.27154869717348	6.270281822453574	6.273277058245512	8.040012905656253	7.0605104296347605	9.435787007597215	-7.655803040460973	-7.655845771008865	-7.6557368951329305	-12.539763582930794	-12.542841392604057	-12.534992301409003	0.5748666489915558	0.48555699942837277	0.6518957540591231	0.45819458474716274	0.4411215922767474	0.47408449104727723
0.5992172765958405	0.5975893617955617	0.6002962224492688	0.6012988914111417	0.596846711600562	0.6054312307932097	6.21591979369688	6.266393554525814	6.272350231839636	8.180006370323406	7.066803133394103	9.436977744559567	-7.647817263743302	-7.647864026133352	-7.647761143221804	-12.470006375575807	-12.472018262179517	-12.467274485396697	0.6614278049538865	0.5869127874091188	0.7431411648956148	5.930133838136849e-05	0.01771471290229208	3.140408693954529
-0.6033768750276277	-0.6048277194542516	-0.6020518202340939	-0.7790924537059306	-0.7924950560984295	-0.7702985965184889	6.283128177212115	6.281489473761824	6.28299835503539	6.605012828709288	7.068752455714695	9.448450721186497	-7.6511862549330925	-7.651238675160287	-7.651124001947252	-12.577184411327595	-12.58254853625145	-12.571684913309184	5.56471808976363	5.466006447862306	5.6336284790070374	3.1408110054866523	3.1225242447747865	3.1395196082250294
-0.6181987254400504	-0.6195067212287814	-0.6167925067941203	-0.7034506633814791	-0.7108662374735654	-0.691428012179834	6.220353437035502	6.278283145769575	6.282071108627103	8.634880067549124	7.060416417257277	9.424580494254021	-7.648175575067907	-7.648219601773683	-7.648116484272299	-12.521619855363069	-12.523104435743926	-12.513032168228413	1.1828637908977002	1.1111581296948143	1.4052736991087524	3.1101769995425594	0.1181166216136553	3.141264618744052
0.5682406865617475	0.5668129359430504	0.5696566503281579	0.7975055057605117	0.788746925354127	0.814128359074775	0.033901923995055976	0.03248720772496155	0.03583211121201903	6.605075898479961	7.063850053668727	9.43322399004223	-7.652841719966321	-7.652884207338647	-7.652764536035793	-12.591114474155518	-12.599342588081084	-12.587131919239924	4.507090077871017	4.3782833602506335	4.594956826770159	1.68001213630971	1.64804078495493	1.7143421652991937
-0.5926306080784486	-0.5943531283612207	-0.5912505429451325	-0.7462995659093425	-0.7580260813922587	-0.7389199584027866	6.2690443871889405	6.267792778496874	6.271016502188115	9.054995491162355	7.056460460571924	9.449227216240914	-7.651743985293628	-7.651773273247835	-7.651270781673878	-12.523144594024014	-12.528741711402953	-12.519230191142364	6.220368686754454	0.8507971207619314	6.276031930700025	0.42925740077690994	0.31367457695464385	0.44169476388263357
0.5693124596692911	0.56824945027276	0.570985015255804	0.6111584281999989	0.6074965431229062	0.6163301419248263	6.252802532160288	6.2512937955513355	6.254489509333799	9.964964283771714	7.062180482068821	9.455532368978785	-7.655847085080347	-7.655900050649894	-7.655793352891933	-12.475410765920227	-12.477716021687113	-12.472779145816972	1.0725696081963072	1.008189667687564	1.1649481653380602	2.468504545967397	2.4612291876754258	2.4763364002135324
0.005241594892012275	0.005512742052756549	0.010823349488577851	-0.001073790111565861	-0.002308577585262203	-0.0011746795919916678	4.7979514229819	4.795604475503515	4.800736279849549	8.424999820449724	7.086759506611976	9.449396953596304	-8.005163922543574	-8.00556819935438	-8.00475977320788	-11.730418610602179	-11.80888113987799	-11.516823064327752	4.958994254465143	4.724920132820451	5.241524948502212	0.7853948341424024	0.7852755506560566	0.7855483205295115
-0.6171249485038272	-0.6182403797641732	-0.6155586719316414	-0.7418131252624925	-0.7512424636683441	-0.7347444945832028	6.2343798798150685	6.233088437339139	6.236840751345929	6.885270064432594	7.07342673147741	9.43479434670424	-7.652347812185982	-7.652401571266417	-7.652291280107474	-12.548702771079975	-12.552048428948154	-12.543759643748176	1.159429047788095	1.0652710225276776	1.237341898184279	0.055154407568332765	0.041062190401000516	0.07723878663373346
0.00012354055115052648	0.00010087603601730803	0.0024003294312454748	0.01417086780617886	0.014262104016497447	0.06790517681958803	6.265489065732225	6.270119226601546	6.282328985494991	6.885039204209789	7.012215245263983	9.399616489152613	-7.8292915039755036	-7.832134707303273	-7.829269052553375	-11.644262431108212	-12.28366609029352	-11.623207027707267	4.606037795141599e-06	0.0046775771833084704	2.7409119735609386	0.7608224513795993	0.6804065167108729	0.7632696731162788
0.5957419563615701	0.5945128557967964	0.5972758665697016	0.6487945360106282	0.6441498070315902	0.6549092055434328	6.269076030665677	6.267247283976227	6.2708080778426725	7.445021729843029	7.064708056943155	9.427143001827364	-7.646112395145217	-7.646157010504761	-7.646044342909216	-12.506218176773544	-12.509264577488553	-12.503532909493066	0.9947694483948912	0.9185628729790299	1.0885367512719706	1.728556022181695	1.7174450761668365	1.7359249755596773
0.008766683041824255	0.009327949251503036	0.015216967736753375	0.0006822529886416973	0.0006556476831345981	0.0010705822393015897	7.805071803e-13	6.111564581871936e-09	8.35100437367682e-08	9.75499556215203	7.0854060460644135	9.47614580761875	-7.886057602352311	-7.888222073998809	-7.885898246626785	-11.005966762532681	-11.235409346873025	-11.022928173863123	3.3066646891106837	3.2002578886476902	5.150261828731661	2.3555905128216192	2.355207598746384	2.355585535391389
0.01002637390532236	0.011115165400600422	0.03968960505462092	0.00522202148398147	0.0057322781019299995	0.020561307586349463	6.282704335382203	6.2801447036399605	6.2829485114204795	6.711017088772895	7.032132368798955	9.428136265590094	-7.8436397438039265	-7.8438554969722	-7.843392888329418	-11.191706855637559	-11.736256437072603	-11.18363971584013	3.085232026469373	2.8681099376615786	3.306052239892885	0.7887676147022564	0.7890446689990462	0.7986425946363632
0.5531757537246662	0.551736573507012	0.5545169217201197	0.6152562372180489	0.612546418576485	0.6216063000386396	0.03251193731614912	0.0311638231561409	0.0340426457949266	8.565014287474916	7.043750081087918	9.405472146561072	-7.657088915631315	-7.6571405777099235	-7.6570620652051264	-12.481477462353086	-12.483402084435413	-12.478363447674008	0.06303945880810961	0.026737095135504277	0.1439289196955172	0.6556536934036028	0.6487880780582079	0.6638773946498359
-0.5884665842833405	-0.5894570036049491	-0.5868264184850273	-0.7602552432226257	-0.7713213682446548	-0.7529216461210071	6.220353289272995	0.0003129957388846182	6.281250954556396	7.86501977549697	7.073536625911002	9.441325481257486	-7.649850705752511	-7.649897621541431	-7.64979346864563	-12.545067400240178	-12.54934560332804	-12.540110033590043	4.459266479184539	4.3731765083197995	4.5509525518050085	0.44086397208085704	0.41786107821962853	0.4626116385969367
0.6041301881556905	0.6026758268727825	0.6052192333966051	0.9977113444650307	0.9859203732905603	0.9978968159424139	6.220353299631347	0.000935978040549237	6.282609502347516	9.824948911662698	7.049119402168738	9.467787401527882	-7.656075632999058	-7.656085715445026	-7.656070920930715	-12.673286751860939	-12.67504608103676	-12.669750057255902	2.504743150302108e-07	0.0013714321235797993	0.014052571564835576	3.1701042406363e-09	0.0006299912602225277	0.007033245755032039
-0.5882068142606407	-0.5952903756836456	-0.5874773086599399	-0.6375453515491851	-0.9933130990009733	-0.6342588780602525	6.220352771663046	6.271624103867541	6.2809634645954375	7.025035093311663	7.056590901131564	9.417103849834616	-7.651707241832565	-7.651705647375664	-7.650616681468561	-12.469302689925955	-12.641415265705643	-12.467366994115212	7.792836777112657e-07	0.0022797047433818014	2.8050429140514	3.1297220895772995	2.0762605061024493	3.140451391504951
0.5872050398647135	0.5859293611825613	0.5886617545982689	0.6620052959077333	0.6571701734886544	0.6682669871730473	0.00023347895034512767	0.012333385685996682	6.283047529561183	6.955004671711804	7.06057672321048	9.452023436260395	-7.655410203102774	-7.65546318522937	-7.655357527135617	-12.488729836535642	-12.491897523681631	-12.485961959815628	3.6127357615278366	3.5349135827234632	3.689663538912741	0.836943932634783	0.8314057458034191	0.8719601549048557
0.015830280314341947	0.010600130039137555	0.01919596880924389	0.0048867696064171144	0.004882453978892972	0.008847512703124744	1.884901897104518	1.8847903176163423	1.8849055518958349	6.605010152129116	7.0507658012772785	9.428675073620779	-8.015484490055169	-8.015332889902815	-8.014357999465654	-11.740155726166044	-11.822010653728757	-11.564290336798576	2.9480102224332683	2.269540391643757	2.879890660566618	2.344968324722248	2.3426977815101666	2.3487364856356163
-0.5816205308462419	-0.583360383186362	-0.580555491855643	-0.7547230407132494	-0.7671043377715054	-0.7487187650777778	6.275743493965269	6.274096685605963	6.277401703728093	6.850075290244466	7.055518548143663	9.426772210722543	-7.649920966265521	-7.64997145239892	-7.649865331675323	-12.551143481973176	-12.555692486178511	-12.546461897959327	5.450057806848379	5.372377065034815	5.542703307166635	0.888390335647885	0.866517019421569	0.9101087014816676
0.0025726911832234106	0.0031995670338592045	0.007440593231616778	0.0017283778882837167	0.001704943477102132	0.003968473942219826	1.8849730330397714	1.884981147153994	1.8850925488010961	7.585476895815312	7.074550345329255	9.431756350816462	-7.997792659539775	-8.003747103662452	-7.9976701185328505	-11.008165110607498	-11.438127538147699	-11.072515127305971	9.022501644357153e-07	2.9992882115808213	5.813234035979615	2.3526807271501835	2.346750221510405	2.352137975128675
-0.5813820635379113	-0.5826035752749447	-0.5797401803333603	-0.7404863069034227	-0.7458764949068711	-0.7126848781574586	6.264648944129265	6.262856787902784	6.26674995162977	9.194999750391563	7.06696579380239	9.444157866099966	-7.646571609348777	-7.646619644614208	-7.6465022007716925	-12.548187018868612	-12.55146082945376	-12.534938683817703	5.136979224078036	4.761686648417446	5.21730176098718	1.70219631170313e-08	0.0005617321450198023	2.9911233614074644
0.607608358851028	0.6061009121367784	0.6088257680556187	0.6459614464196699	0.6402341987596575	0.6508868029114515	0.04475715993342031	0.04344246515788491	0.047081393609511364	7.900142778275913	7.057769624869532	9.450125331830046	-7.648439370792994	-7.648499362301192	-7.648392060331248	-12.500975432736645	-12.50344830558694	-12.497778373078711	4.670805452813795	4.590317455136419	4.747669114155425	1.55809066954615	1.5509433866668894	1.5681186542594636
0.5876174875333482	0.5864227476514691	0.5891058828461703	0.8197225762624074	0.8104259297486328	0.8389481583994373	0.0070070679261413004	0.005515132309878612	0.008835251050032125	9.475007631173167	7.077143811186103	9.44539862837731	-7.650058089415485	-7.650100873463668	-7.649997917581908	-12.576954922205648	-12.582910233012683	-12.569284698341868	1.9869996039161513	1.8809459356490807	2.1089126977108448	0.9230035333202263	0.8824413796741549	0.9694209312813155
0.5837572312608852	0.5822833283132748	0.5850053627602383	0.6649977352706209	0.6598894735916436	0.6718976882987175	6.25936502356395	6.257753840911519	6.261278497318806	8.075119972573704	7.040726945572681	9.438045924715075	-7.65250598211835	-7.652565290542051	-7.652448936676783	-12.521168674485324	-12.524759175784705	-12.518491487606372	4.641274353533229	4.5716582380548	4.74195722168805	1.4363207780192115	1.4241610558658233	1.4450259439987445
-1.2882696595702727e-05	-3.910277267434013e-05	-9.631643172285489e-06	-0.059271026970553115	-0.06340112967525503	-0.05158251194738511	5.550940962864946e-05	4.293812062471359e-05	0.0001617454017974842	8.285060507999455	7.0832892529962335	9.4160563742763	-7.889302131172787	-7.889319105536514	-7.889288216034719	-12.38774371235596	-12.41329046580098	-12.32694361021369	1.154614334242395e-06	0.002028922195575144	0.02553304956555047	2.1453973572970613	2.131887390016077	2.1746643156201166
