0.884086
0.642715
0.54576
0.493803
0.477371
0.453223
0.443724
0.435054
0.428824
0.420812
0.417807
0.410115
0.407855
0.402937
0.401155
0.399708
0.399269
0.397438
0.393451
0.391924
0.390823
0.390465
0.389819
0.388381
0.385678
0.384112
0.383095
0.382557
0.381015
0.379657
0.378874
0.37824
0.378627
0.378309
0.377571
0.376932
0.377063
0.377494
0.377582
0.376233
0.376057
0.375129
0.375406
0.374835
0.375016
0.374514
0.3725
0.371513
0.371633
0.371398
0.371138
0.371051
0.370672
0.371269
0.370552
0.370847
0.370677
0.371587
0.370739
0.370557
0.369277
0.369102
0.36886
0.368409
0.369018
0.369
0.368196
0.367924
0.36802
0.368543
0.36858
0.367622
0.368689
0.3688
0.368748
0.369674
0.369862
0.369364
0.368968
0.368868
0.368393
0.367951
0.367507
0.367819
0.367295
0.367189
0.366828
0.367384
0.367546
0.367076
0.366506
0.3663
0.366137
0.366227
0.366149
0.366093
0.365421
0.365678
0.365178
0.364651
0.365183
0.365078
0.365153
0.365017
0.365159
0.365022
0.365338
0.365846
0.366404
0.366705
0.366577
0.366579
0.366917
0.366563
0.366531
0.36651
0.366458
0.366215
0.365948
0.365791
0.36536
0.365572
0.365861
0.366068
0.366069
0.366386
0.366381
0.366164
0.366158
0.366558
0.366621
0.36649
0.36665
0.36675
0.366688
0.366676
0.366827
0.366796
0.366889
0.36678
0.367279
0.367797
0.367796
0.367806
0.367909
0.368226
0.368315
0.368341
0.368585
0.369089
0.369423
0.369321
0.368937
0.369339
0.369454
0.369667
0.36981
0.370041
0.370028
0.36998
0.370118
0.370295
0.37047
0.370332
0.370447
0.370733
0.371224
0.371406
0.37164
0.371975
0.371827
0.372067
0.371911
0.372392
0.372329
0.372542
0.372815
0.373112
0.373233
0.37302
0.373176
0.372973
0.372958
0.372765
0.37294
0.373095
0.373177
0.373249
0.373148
0.373137
0.373161
0.373379
0.373199
0.373782
0.374172
0.374172
0.374224
0.37418
0.374426
0.374565
0.374557
0.374523
0.374801
0.374926
0.374709
0.375087
0.375172
0.375303
0.375153
0.375146
0.374983
0.374915
0.375444
0.375279
0.37546
0.375663
0.375794
0.376002
0.375826
0.375793
0.376032
0.376197
0.376377
0.376685
0.376754
0.37718
0.377231
0.377283
0.377316
0.377463
0.377202
0.377267
0.377303
0.37737
0.377701
0.377718
0.377979
0.377821
0.377759
0.377608
0.37766
0.377686
0.377737
0.377945
0.378095
0.378175
0.378175
0.378408
0.378464
0.378241
0.378156
0.378005
0.378069
0.378205
0.378379
0.378616
0.3787
0.378668
0.378765
0.379025
0.379204
0.379418
0.379617
0.379969
0.379942
0.380045
0.380123
0.379976
0.380019
0.380219
0.380274
0.380137
0.380368
0.380672
0.380768
0.380959
0.381161
0.381289
0.381286
0.381385
0.381477
0.381789
0.381894
0.381853
0.381778
0.381892
0.381942
0.382167
0.382191
0.382175
0.382268
0.382416
0.382563
0.382689
0.382739
0.382866
0.382892
0.382982
0.383033
0.383056
0.383201
0.383176
0.383281
0.383432
0.383616
0.383635
0.383581
0.383417
0.383402
0.383499
0.383516
0.383342
0.383561
0.383591
0.383689
0.383593
0.383536
0.383601
0.383628
0.383609
0.383576
0.383641
0.38372
0.383858
0.383918
0.383916
0.383915
0.383998
0.383876
0.383813
0.383706
0.383976
0.384073
0.384014
0.384006
0.384111
0.384267
0.384426
0.384561
0.38444
0.38447
0.384562
0.384627
0.384741
0.384859
0.385005
0.384917
0.384939
0.385066
0.385161
0.38527
0.385255
0.38519
0.385337
0.385319
0.385484
0.385451
0.385586
0.38561
0.385753
0.385636
0.385552
0.385644
0.38576
0.385853
0.385986
0.386058
0.386069
0.386103
0.38609
0.386275
0.386332
0.386564
0.386599
0.386799
0.386955
0.387141
0.3872
0.387284
0.387346
0.387402
0.387448
0.387459
0.387496
0.387582
0.387518
0.387715
0.387708
0.387744
0.387779
0.387826
0.387876
0.387969
0.388064
0.388102
0.388044
0.388101
0.388126
0.388285
0.388298
0.388316
0.388343
0.388442
0.388599
0.3886
0.388513
0.388684
0.388807
0.388969
0.388874
0.389035
0.38916
0.389286
0.389196
0.389215
0.389397
0.389297
0.389382
0.389475
0.389582
0.389521
0.389726
0.389771
0.389927
0.38996
0.389991
0.390033
0.39012
0.390215
0.390257
0.390375
0.390367
0.390386
0.390424
0.390385
0.39041
0.390531
0.390597
0.390689
0.390725
0.390785
0.390829
0.390835
0.390803
0.390718
0.390746
0.390747
0.390727
0.390735
0.390788
0.39078
0.390714
0.39084
0.390961
0.391006
0.391001
0.390958
0.391068
0.391073
0.391031
0.391157
0.391181
0.391194
0.391343
0.391419
0.3915
0.391583
0.391655
0.391758
0.39177
0.391778
0.391998
0.391985
0.392133
0.392216
0.392309
0.392362
0.392285
0.392317
0.392516
0.392521
0.39255
0.392681
0.392746
0.392887
0.392905
0.392835
0.392962
0.393114
0.393128
0.393186
0.39332
0.393417
0.393604
0.393565
0.393653
0.393661
0.393727
0.393753
0.393818
0.393928
0.393977
0.393952
0.393984
0.393945
0.394086
0.394045
0.393988
0.393995
0.394006
0.393963
0.393975
0.394022
0.394114
0.394033
0.394128
0.394228
0.394375
0.394381
0.394367
0.394365
0.394242
0.394266
0.394394
0.394384
0.394398
0.394306
0.394355
0.394499
0.394475
0.394521
0.394443
0.394437
0.394422
0.394424
0.394429
0.394435
0.394402
0.394543
0.394592
0.394656
0.39473
0.394749
0.394704
0.394667
0.39481
0.394755
0.394793
0.394827
0.394989
0.39493
0.394888
0.394884
0.394852
0.394847
0.394813
0.395003
0.395007
0.395126
0.395171
0.395183
0.395315
0.395389
0.395319
0.395267
0.395505
0.395668
0.395701
0.395742
0.395794
0.395882
0.395961
0.396094
0.396131
0.396197
0.396263
0.396323
0.39641
0.396417
0.396477
0.396614
0.396682
0.3967
0.396729
0.396731
0.396772
0.396848
0.396962
0.397053
0.397167
0.397098
0.397057
0.397056
0.397087
0.397042
0.397085
0.397122
0.397094
0.397185
0.397194
0.39732
0.397408
0.397444
0.39753
0.397515
0.397566
0.397584
0.397617
0.397656
0.397696
0.397771
0.397817
0.397841
0.397845
0.397909
0.397927
0.397935
0.397893
0.39789
0.397884
0.397831
0.397907
0.397915
0.397972
0.398007
0.398049
0.398004
0.398205
0.39826
0.398297
0.39825
0.398233
0.39833
0.398428
0.398448
0.398465
0.39846
0.398549
0.398674
0.398741
0.398836
0.398882
0.398912
0.399009
0.399119
0.399151
0.399149
0.399205
0.399207
0.399169
0.399211
0.399206
0.399229
0.399213
0.399275
0.399305
0.399256
0.399258
0.399292
0.39935
0.399443
0.399536
0.399685
0.399693
0.399811
0.399873
0.39983
0.399814
0.399897
0.400041
0.400038
0.400139
0.400177
0.400296
0.400308
0.400345
0.400387
0.400394
0.400465
0.40056
0.400605
0.400592
0.40063
0.400634
0.40068
0.400809
0.400878
0.40084
0.400873
0.401014
0.401053
0.40117
0.401223
0.401164
0.401204
0.401206
0.401241
0.401232
0.401197
0.40121
0.401245
0.401266
0.401301
0.40139
0.401388
0.401475
0.401538
0.401624
0.401613
0.401634
0.401686
0.401759
0.401835
0.401857
0.401934
0.401903
0.401951
0.401993
0.402036
0.401979
0.40201
0.402053
0.40206
0.402076
0.402111
0.40209
0.402072
0.402095
0.402134
0.402174
0.402149
0.402158
0.402146
0.402185
0.402267
0.402342
0.402347
0.402337
0.402308
0.402337
0.402435
0.402317
0.40236
0.402418
0.402483
0.402586
0.402628
0.402689
0.402755
0.402777
0.402738
0.402808
0.402886
0.402944
0.402993
0.403071
0.403139
0.403153
0.403211
0.403322
0.403335
0.403422
0.403424
0.403512
0.403536
0.403559
0.40363
0.403683
0.403726
0.403849
0.403949
0.403978
0.40411
0.404226
0.404287
0.404437
0.404552
0.404511
0.40446
0.404523
0.404506
0.404533
0.404595
0.40464
0.404666
0.40469
0.40469
0.404723
0.404719
0.404755
0.404795
0.404778
0.404811
0.404882
0.404845
0.404945
0.404981
0.405011
0.405059
0.405096
0.405167
0.405195
0.405244
0.405249
0.405284
0.405301
0.40534
0.405337
0.405392
0.405471
0.405523
0.405482
0.405533
0.405626
0.405665
0.405701
0.405706
0.405832
0.405912
0.406
0.406035
0.406138
0.406181
0.406272
0.406318
0.406377
0.406423
0.406424
0.406467
0.406485
0.406561
0.406624
0.406668
0.406703
0.406753
0.406672
0.406705
0.406763
0.406814
0.406825
0.406804
0.40678
0.406799
0.406899
0.406936
0.407013
0.407061
0.407061
0.407057
0.407111
0.407082
0.407131
0.407166
0.407182
0.407238
0.407293
0.407379
0.407447
0.407459
0.407451
0.407509
0.407542
0.40757
0.407564
0.407624
0.407641
0.407657
0.40765
0.407689
0.407752
0.407802
0.407895
0.407936
0.407983
0.408046
0.408091
0.408095
0.408153
0.40813
0.408133
0.408178
0.408148
0.408182
0.408237
0.408291
0.408344
0.408403
0.408416
0.408455
0.408563
0.408608
0.40871
0.40876
0.408744
0.4088
0.408786
0.40886
0.408913
0.408921
0.408965
0.409009
0.409049
0.409136
0.409194
0.40924
0.409341
0.409416
0.409488
0.409495
0.409579
0.409561
0.409597
0.409677
0.409771
0.409784
0.409846
0.409908
0.409983
0.409997
0.410041
0.410055
0.410145
0.410192
0.410233
0.410306
0.410298
0.410278
0.410336
0.410381
0.410318
0.410315
0.410367
0.410396
0.410495
0.410526
0.410555
0.410526
0.410554
0.410585
0.410606
0.410666
0.410676
0.410707
0.410762
0.410831
0.410894
0.410877
0.41094
0.410945
0.410991
0.41105
0.411086
0.411162
0.411211
0.411225
0.411239
0.411252
0.411297
0.411333
0.411375
0.411359
0.411403
0.411467
0.411533
0.411532
0.411539
0.411566
0.41158
0.411543
0.411579
0.411621
0.411661
0.411681
0.411653
0.411668
0.411674
0.411737
0.411827
0.411867
0.411925
0.41189
0.411929
0.411961
0.412025
0.412042
0.412012
0.412024
0.412062
0.412117
0.412178
0.412232
0.412288
0.412335
0.412375
0.412376
0.412394
0.41246
0.41256
0.412621
0.412644
0.412647
0.412734
0.412789
0.412785
0.412833
0.412889
0.41294
0.412989
0.412986
0.413055
0.413072
0.413103
0.413148
0.413211
0.413268
0.413343
0.413413
0.413431
0.413444
0.413433
0.413457
0.41352
0.413487
0.413492
0.413557
0.413635
0.413705
0.413758
0.413777
0.413839
0.413877
0.413933
0.413983
0.41405
0.414094
0.414077
0.414044
0.414074
0.414108
0.414161
0.414247
0.414275
0.414319
0.414261
0.414289
0.414319
0.41437
0.414335
0.414425
0.414434
0.414543
0.414538
0.414568
0.414572
0.414572
0.414572
0.414599
0.414622
0.414616
0.414692
0.41471
0.414763
0.414759
0.414797
0.414825
0.41486
0.414865
0.414894
0.414865
0.414878
0.414853
0.414928
0.414976
0.414956
0.414974
0.414985
0.415027
0.415032
0.415094
0.415122
0.415201
0.415255
0.415273
0.41529
0.41529
0.415281
0.415248
0.415287
0.415301
0.415323
0.415319
0.415354
0.415362
0.415365
0.415372
0.415433
0.41547
0.415452
0.415466
0.415472
0.415495
0.415502
0.415482
0.415522
0.415575
0.415601
0.415578
0.415643
0.415652
0.415706
0.415738
0.415753
0.415761
0.41578
0.415833
0.415843
0.415929
0.415954
0.415963
0.415993
0.416059
0.416086
0.416151
0.416139
0.416146
0.416209
0.416253
0.416289
0.416319
0.416338
0.416381
0.416408
0.4164
0.416422
0.416439
0.416471
0.416432
0.416471
0.416537
0.416553
0.416568
0.416574
0.416602
0.416616
0.416631
0.416638
0.416632
0.416632
0.41658
0.416612
0.416693
0.416745
0.416808
0.416845
0.416818
0.416831
0.416878
0.416878
0.416913
0.416998
0.41703
0.416989
0.417009
0.417072
0.417074
0.417139
0.417181
0.417206
0.417222
0.41727
0.417321
0.417348
0.417424
0.417459
0.417438
0.417467
0.417493
0.417532
0.417553
0.41759
0.417631
0.417611
0.41766
0.417719
0.41774
0.417774
0.417741
0.417798
0.417815
0.417852
0.417905
0.417931
0.417926
0.41795
0.417988
0.418028
0.418059
0.418121
0.41815
0.418162
0.41816
0.418233
0.41824
0.418236
0.418278
0.41829
0.41828
0.41832
0.418338
0.418394
0.418418
0.418384
0.418386
0.418475
0.418523
0.418518
0.418581
0.41861
0.418644
0.418687
0.418705
0.41876
0.418821
0.418873
0.418918
0.418958
0.419036
0.419091
0.419151
0.419208
0.419198
0.419182
0.419209
0.419251
0.419288
0.41929
0.419335
0.419326
0.419402
0.419448
0.419441
0.419454
0.419504
0.419494
0.4195
0.419524
0.419544
0.419565
0.419591
0.419649
0.419636
0.419683
0.419684
0.41971
0.419777
0.419831
0.419816
0.41983
0.419802
0.419815
0.419863
0.419859
0.419896
0.419947
0.419959
0.419987
0.420004
0.420029
0.420025
0.420108
0.420085
0.420064
0.420107
0.420096
0.420122
0.420163
0.420155
0.42018
0.420224
0.420213
0.42023
0.420232
0.420259
0.420285
0.420348
0.420317
0.420386
0.420417
0.420389
0.420398
0.420396
0.420407
0.420457
0.4205
0.420535
0.420562
0.420573
0.420635
0.42065
0.420665
0.420664
0.420674
0.42073
0.420742
0.420734
0.42076
0.420738
0.420739
0.420815
0.420862
0.420874
0.420885
0.420934
0.42089
0.420904
0.420916
0.420921
0.420975
0.420962
0.421018
0.421054
0.421061
0.421094
0.421116
0.421158
0.421188
0.421234
0.421287
0.421264
0.421289
0.421298
0.421321
0.421337
0.421359
0.421357
0.421371
0.421416
0.421407
0.421392
0.421417
0.421436
0.421466
0.421428
0.421421
0.421459
0.421456
0.421446
0.421469
0.421493
0.421514
0.42158
0.421626
0.421645
0.42169
0.421661
0.421749
0.421805
0.421832
0.421826
0.421872
0.421912
0.421925
0.421926
0.421964
0.421964
0.421991
0.422033
0.422057
0.422023
0.422122
0.422132
0.422147
0.422243
0.422279
0.42229
0.422302
0.422307
0.422345
0.422392
0.422423
0.422466
0.422442
0.422461
0.422453
0.422495
0.422508
0.422503
0.42254
0.422581
0.422614
0.422643
0.422664
0.422683
0.42272
0.42273
0.422767
0.422818
0.422854
0.422863
0.422925
0.422975
0.422974
0.423057
0.423074
0.423105
0.423138
0.423182
0.423238
0.4233
0.423314
0.423332
0.423353
0.423402
0.423437
0.423473
0.423474
0.423472
0.423516
0.423544
0.423537
0.423539
0.42356
0.423601
0.423605
0.423636
0.4237
0.423736
0.423783
0.423799
0.423795
0.423809
0.42384
0.42381
0.423806
0.423822
0.423816
0.423836
0.423862
0.42393
0.423972
0.424014
0.424048
0.424082
0.424116
0.424096
0.424143
0.42422
0.42423
0.424255
0.424285
0.42431
0.424307
0.424318
0.424347
0.424334
0.424366
0.424359
0.42441
0.424463
0.424515
0.424518
0.424539
0.424552
0.424574
0.424613
0.424684
0.42469
0.424745
0.424724
0.424725
0.424777
0.424783
0.424827
0.424877
0.424865
0.424883
0.424911
0.424925
0.424922
0.424942
0.424997
0.425014
0.424998
0.425029
0.425069
0.425116
0.425139
0.425141
0.425167
0.425187
0.42522
0.425206
0.425262
0.425258
0.42525
0.42527
0.425286
0.425318
0.425351
0.425337
0.425351
0.425403
0.425413
0.425439
0.425422
0.42543
0.425471
0.425506
0.425562
0.425552
0.425558
0.425527
0.42558
0.425608
0.425627
0.425645
0.425674
0.425732
0.425796
0.425817
0.425839
0.425868
0.425884
0.425907
0.425914
0.425942
0.425959
0.425971
0.426007
0.426026
0.426026
0.426049
0.42605
0.426107
0.426114
0.42615
0.426193
0.426194
0.426251
0.426228
0.426204
0.426238
0.426278
0.426333
0.426356
0.426375
0.426374
0.426436
0.426428
0.426412
0.426405
0.426454
0.426499
0.426518
0.426524
0.426562
0.4266
0.426603
0.426629
0.426654
0.426687
0.426731
0.426739
0.426771
0.42681
0.426786
0.426824
0.426827
0.426832
0.426863
0.426877
0.426876
0.426902
0.426914
0.426924
0.426994
0.427019
0.42703
0.427015
0.427012
0.42705
0.42708
0.427059
0.427073
0.42709
0.427068
0.427088
0.427123
0.427139
0.427169
0.427151
0.427159
0.427167
0.427195
0.427219
0.427259
0.427302
0.427297
0.427305
0.42735
0.427347
0.427372
0.427401
0.427437
0.427465
0.427474
0.42751
0.427476
0.427527
0.427568
0.427573
0.427578
0.427625
0.42765
0.42769
0.427747
0.427808
0.42783
0.427855
0.427873
0.427886
0.427917
0.427931
0.427925
0.427918
0.427933
0.427965
0.428011
0.42803
0.428061
0.428069
0.428081
0.42812
0.428152
0.428168
0.428168
0.428224
0.428258
0.42827
0.428304
0.42833
0.428355
0.428356
0.428311
0.428312
0.42834
0.428359
0.428352
0.428342
0.428394
0.428451
0.428488
0.428518
0.428533
0.428579
0.428598
0.428627
0.428655
0.428686
0.428704
0.428744
0.428744
0.428783
0.428812
0.42885
0.428889
0.428925
0.42898
0.429005
0.429017
0.429068
0.429099
0.429158
0.429145
0.429186
0.429171
0.429189
0.429208
0.429221
0.42925
0.429273
0.429308
0.429359
0.429403
0.429391
0.429425
0.429426
0.429479
0.429499
0.429519
0.429504
0.429545
0.429574
0.429588
0.429621
0.429664
0.429684
0.4297
0.429728
0.429732
0.429738
0.429741
0.429717
0.429732
0.429753
0.429753
0.429752
0.429772
0.429786
0.429788
0.429783
0.429828
0.42985
0.429869
0.429878
0.429903
0.429903
0.429943
0.429973
0.429972
0.429995
0.42999
0.429979
0.429981
0.429992
0.430038
0.430068
0.430078
0.430063
0.430052
0.43005
0.430057
0.430106
0.430128
0.430117
0.430146
0.430191
0.43022
0.430267
0.430293
0.430319
0.430321
0.430342
0.430349
0.430365
0.430365
0.430376
0.430411
0.430406
0.430454
0.430455
0.430484
0.430481
0.430495
0.430529
0.430547
0.430597
0.430607
0.430643
0.430655
0.430712
0.43076
0.430761
0.430798
0.430797
0.430808
0.430836
0.430847
0.43083
0.430837
0.430885
0.430891
0.4309
0.430886
0.43095
0.430971
0.430977
0.430992
0.431007
0.431025
0.431034
0.431054
0.431065
0.431072
0.431062
0.431075
0.431085
0.431089
0.431112
0.431126
0.43116
0.431139
0.431155
0.43118
0.431185
0.431218
0.431251
0.431263
0.431295
0.431307
0.431327
0.43137
0.431376
0.43139
0.431422
0.431442
0.431464
0.431468
0.431477
0.431515
0.431549
0.431564
0.431566
0.431593
0.431607
0.43163
0.431692
0.431722
0.431736
0.43178
0.431771
0.43175
0.431775
0.431823
0.431836
0.43184
0.431863
0.431918
0.431966
0.432014
0.432066
0.432089
0.432122
0.432144
0.432177
0.432193
0.432204
0.432211
0.432233
0.432219
0.432247
0.432263
0.432296
0.432295
0.432335
0.432353
0.432343
0.432343
0.432359
0.432357
0.432356
0.432396
0.432415
0.432433
0.432458
0.432494
0.432527
0.43254
0.432538
0.432546
0.432563
0.432582
0.432592
0.432626
0.432644
0.432681
0.432688
0.432695
0.432732
0.432758
0.432778
0.432809
0.432826
0.432871
0.432859
0.432863
0.432863
0.432877
0.432903
0.432892
0.432934
0.432978
0.433008
0.433027
0.433014
0.433025
0.433023
0.433016
0.433021
0.433075
0.433074
0.433126
0.433137
0.433155
0.433194
0.433191
0.43321
0.433196
0.43324
0.433246
0.433254
0.433251
0.433269
0.433307
0.433294
0.433312
0.433322
0.433317
0.43332
0.43331
0.433328
0.433357
0.433374
0.433391
0.433439
0.433462
0.433432
0.43343
0.433409
0.433442
0.433442
0.433467
0.433488
0.433494
0.433502
0.433464
0.433497
0.433516
0.433527
0.43354
0.433558
0.433598
0.433623
0.433624
0.433644
0.433648
0.43364
0.43364
0.433615
0.433618
0.433613
0.433642
0.433656
0.433679
0.43371
0.433723
0.433738
0.433765
0.433781
0.43378
0.433759
0.43377
0.433767
0.433787
0.433824
0.433836
0.433815
0.433816
0.433785
0.433814
0.433811
0.433828
0.433855
0.433837
0.43387
0.433891
0.433911
0.433935
0.433917
0.433941
0.433972
0.433993
0.433995
0.434023
0.434025
0.434043
0.434036
0.434043
0.434073
0.434071
0.434085
0.434102
0.434134
0.434161
0.434193
0.434189
0.434163
0.434186
0.434231
0.434245
0.434278
0.434295
0.434316
0.434331
0.434343
0.434376
0.43439
0.434419
0.434457
0.43447
0.434492
0.434523
0.434543
0.434501
0.43451
0.434529
0.434543
0.434552
0.434554
0.434569
0.434597
0.434612
0.434595
0.434642
0.434647
0.434663
0.434691
0.434715
0.434738
0.434769
0.434768
0.43478
0.434807
0.434824
0.434843
0.434844
0.434845
0.434857
0.434872
0.43487
0.434852
0.434833
0.434847
0.434878
0.434869
0.4349
0.434913
0.434939
0.434935
0.434939
0.434942
0.434967
0.434974
0.434984
0.434974
0.434984
0.435007
0.435026
0.435042
0.435031
0.435044
0.435065
0.435098
0.435121
0.435162
0.435156
0.435153
0.435165
0.435183
0.435219
0.43526
0.435291
0.435329
0.435319
0.435321
0.435339
0.435357
0.43535
0.435401
0.43543
0.435467
0.435488
0.435498
0.435513
0.435501
0.435503
0.435486
0.435494
0.435534
0.435575
0.435579
0.4356
0.435611
0.435635
0.435659
0.435689
0.435696
0.435702
0.435704
0.435709
0.435706
0.43572
0.435751
0.435749
0.435748
0.435755
0.435766
0.435777
0.43578
0.435776
0.435787
0.435817
0.435826
0.43585
0.435852
0.435842
0.435889
0.435915
0.435923
0.435913
0.435906
0.435966
0.435986
0.436014
0.436016
0.436032
0.436053
0.436074
0.436103
0.436127
0.436145
0.436183
0.43623
0.436228
0.436251
0.436261
0.436276
0.436293
0.436309
0.43635
0.436397
0.436392
0.436398
0.436422
0.436431
0.436439
0.436453
0.436457
0.436489
0.436522
0.436517
0.436537
0.436554
0.436574
0.436587
0.43661
0.436625
0.436658
0.436711
0.436691
0.436692
0.436714
0.436731
0.436729
0.436761
0.436753
0.436752
0.436765
0.436773
0.436795
0.436819
0.436831
0.436823
0.436842
0.436845
0.436861
0.436879
0.436873
0.436875
0.436929
0.436949
0.436964
0.436952
0.436965
0.436973
0.436999
0.437026
0.43704
0.437069
0.437061
0.437067
0.437069
0.437067
0.437069
0.437041
0.437064
0.437091
0.437111
0.437134
0.437165
0.437168
0.437179
0.437198
0.437188
0.437201
0.43721
0.437212
0.437212
0.437192
0.437219
0.437231
0.437238
0.43723
0.437202
0.437205
0.437184
0.4372
0.437221
0.437246
0.437281
0.437283
0.437313
0.437356
0.437374
0.437422
0.437445
0.437455
0.437467
0.437474
0.437514
0.43753
0.437527
0.437523
0.43755
0.437544
0.437555
0.437588
0.437611
0.437635
0.437641
0.437657
0.437673
0.43772
0.437763
0.437762
0.437756
0.437759
0.437767
0.437797
0.437827
0.437833
0.437824
0.437841
0.437857
0.437857
0.43787
0.437878
0.43789
0.437903
0.437911
0.437922
0.437948
0.43793
0.437963
0.437972
0.437962
0.437974
0.437986
0.438012
0.438043
0.43806
0.438081
0.438088
0.438104
0.438114
0.438128
0.438131
0.438141
0.438167
0.438202
0.438211
0.438216
0.438234
0.43823
0.438238
0.438259
0.438291
0.438292
0.43829
0.438298
0.438326
0.438329
0.438331
0.438368
0.438404
0.438438
0.438451
0.438453
0.438443
0.438462
0.438471
0.43849
0.438495
0.438514
0.438517
0.438541
0.438563
0.438578
0.438604
0.438622
0.438645
0.438653
0.438649
0.438675
0.438696
0.438708
0.438746
0.438753
0.438769
0.438754
0.438746
0.438741
0.438748
0.438763
0.438766
0.438776
0.438763
0.438776
0.438774
0.43878
0.438803
0.438808
0.438827
0.43885
0.438862
0.438876
0.438896
0.438896
0.438907
0.438913
0.438928
0.438939
0.438963
0.43898
0.439008
0.439023
0.439032
0.439079
0.439093
0.4391
0.439134
0.439135
0.439155
0.439171
0.439179
0.439197
0.439198
0.4392
0.4392
0.43922
0.439222
0.439239
0.439241
0.439247
0.439274
0.439283
0.439296
0.4393
0.439312
0.439321
0.439356
0.439367
0.439382
0.439397
0.439427
0.439458
0.439465
0.439466
0.43949
0.439507
0.439538
0.439568
0.439556
0.439562
0.439563
0.439565
0.439595
0.4396
0.439615
0.439606
0.439609
0.439611
0.439622
0.439653
0.439658
0.439649
0.439671
0.439666
0.439694
0.439707
0.439724
0.439717
0.439729
0.439743
0.439744
0.439768
0.439774
0.4398
0.439824
0.439851
0.439856
0.43983
0.439842
0.439871
0.439887
0.439891
0.439886
0.439897
0.43991
0.439941
0.439943
0.439936
0.43996
0.439945
0.439968
0.43999
0.439998
0.439999
0.440036
0.440033
0.440032
0.440011
0.440026
0.44002
0.440017
0.440008
0.440019
0.440015
0.44002
0.440029
0.440046
0.440065
0.440075
0.440062
0.440067
0.44007
0.440062
0.440079
0.440094
0.440117
0.440108
0.440118
0.440142
0.440163
0.440163
0.440185
0.440211
0.440222
0.44024
0.440252
0.440256
0.440253
0.440256
0.440291
0.440296
0.440304
0.440293
0.44029
0.440288
0.440284
0.440274
0.440292
0.440287
0.4403
0.440322
0.440327
0.440353
0.44037
0.440394
0.440417
0.44042
0.44043
0.44044
0.440451
0.44048
0.440515
0.440542
0.440551
0.44057
0.440581
0.440599
0.440604
0.440614
0.44061
0.440615
0.44063
0.440667
0.44067
0.440702
0.440698
0.440714
0.440746
0.440753
0.440761
0.44076
0.440769
0.440759
0.440761
0.440772
0.440803
0.440812
0.440819
0.440847
0.44085
0.440873
0.440863
0.440892
0.440897
0.440888
0.440886
0.440884
0.440912
0.440904
0.440923
0.440944
0.440944
0.440984
0.440965
0.440967
0.440954
0.440969
0.440965
0.44101
0.441013
0.441055
0.441082
0.441085
0.441098
0.441133
0.441137
0.441157
0.441165
0.4412
0.441217
0.441229
0.441249
0.441277
0.441269
0.441286
0.441306
0.441321
0.441331
0.44135
0.441354
0.441369
0.441391
0.441371
0.441357
0.441383
0.4414
0.441416
0.441432
0.441432
0.44144
0.44144
0.44146
0.44147
0.441488
0.441498
0.441505
0.441537
0.441549
0.441572
0.441574
0.44156
0.441572
0.441569
0.441596
0.44161
0.441612
0.441642
0.441655
0.441647
0.441666
0.441673
0.441699
0.441746
0.441747
0.441761
0.441767
0.441751
0.441748
0.441759
0.441791
0.44179
0.441787
0.441816
0.441818
0.44184
0.44185
0.441842
0.441826
0.441829
0.44183
0.441841
0.441836
0.441826
0.441844
0.44187
0.441893
0.441911
0.441947
0.44197
0.441979
0.441996
0.442008
0.442011
0.442033
0.442031
0.442049
0.442069
0.442103
0.442105
0.442108
0.442123
0.442127
0.442133
0.442145
0.442154
0.442181
0.442183
0.442173
0.442187
0.442178
0.442187
0.442207
0.442211
0.442221
0.442232
0.44225
0.442279
0.442294
0.442314
0.442311
0.442327
0.442326
0.44234
0.442358
0.44237
0.442368
0.442347
0.442337
0.44234
0.442349
0.442344
0.442346
0.442359
0.442352
0.442366
0.442393
0.442391
0.442415
0.442427
0.442427
0.442426
0.442437
0.442441
0.442453
0.44248
0.442491
0.442506
0.44251
0.442508
0.442494
0.442518
0.442533
0.442552
0.442566
0.442561
0.442561
0.442541
0.442565
0.442565
0.442557
0.442581
0.442561
0.442577
0.44258
0.442598
0.44261
0.442627
0.442635
0.442645
0.442665
0.442679
0.442692
0.442702
0.44271
0.442723
0.442743
0.44275
0.442754
0.442764
0.442772
0.442781
0.44279
0.442783
0.442787
0.442821
0.442845
0.442859
0.442869
0.442887
0.442888
0.442904
0.442963
0.442986
0.443002
0.443017
0.443037
0.443041
0.443047
0.443044
0.44304
0.443067
0.443077
0.443077
0.443092
0.443134
0.443154
0.443163
0.443167
0.443186
0.443198
0.443234
0.443254
0.443279
0.44327
0.443258
0.443272
0.443281
0.443286
0.443299
0.443314
0.443323
0.443335
0.443354
0.443386
0.443386
0.443375
0.443366
0.443365
0.443386
0.443382
0.4434
0.44343
0.443441
0.44343
0.443429
0.44347
0.443495
0.443524
0.443522
0.443545
0.443573
0.443578
0.443592
0.443588
0.443593
0.443593
0.443606
0.443602
0.443608
0.443629
0.443641
0.443644
0.443644
0.443661
0.443667
0.44367
0.443692
0.443694
0.443706
0.443712
0.443728
0.443744
0.443779
0.443801
0.443827
0.443819
0.443816
0.443828
0.443842
0.443833
0.443833
0.443831
0.443849
0.443846
0.443859
0.443888
0.443893
0.443901
0.443909
0.443909
0.443934
0.443946
0.443966
0.443966
0.443982
0.443973
0.443971
0.443987
0.444003
0.444022
0.444021
0.444006
0.444032
0.444059
0.444069
0.444076
0.444074
0.444078
0.444073
0.444092
0.444093
0.444112
0.44414
0.44416
0.444173
0.444161
0.444174
0.444182
0.444203
0.444221
0.444223
0.44426
0.444279
0.444293
0.444319
0.444331
0.444343
0.444364
0.444378
0.444368
0.444387
0.444412
0.444413
0.44441
0.444426
0.444426
0.444452
0.444438
0.444429
0.444448
0.444483
0.444484
0.444495
0.4445
0.444525
0.444516
0.444537
0.444546
0.444556
0.444566
0.444564
0.444573
0.444581
0.444574
0.444585
0.444612
0.444607
0.444635
0.444636
0.444625
0.444628
0.444623
0.444627
0.444625
0.444606
0.444609
0.444615
0.444628
0.444637
0.444646
0.444667
0.44469
0.444682
0.444684
0.444686
0.444701
0.444721
0.444701
0.444687
0.444706
0.444723
0.444726
0.444733
0.444735
0.444746
0.444748
0.444767
0.444773
0.444785
0.444772
0.444791
0.444799
0.444804
0.444829
0.444818
0.444825
0.444826
0.444824
0.444808
0.444824
0.444823
0.444815
0.444822
0.444822
0.444821
0.444817
0.444828
0.444819
0.444823
0.444822
0.444834
0.44483
0.444835
0.44484
0.444854
0.444866
0.444893
0.444912
0.44492
0.444922
0.444937
0.444944
0.444937
0.444941
0.444946
0.444973
0.444975
0.444988
0.445003
0.445025
0.445041
0.445057
0.445064
0.445077
0.445084
0.445087
0.445106
0.445127
0.445138
0.445153
0.445149
0.445162
0.445159
0.445177
0.4452
0.445213
0.445227
0.445252
0.445247
0.445243
0.445232
0.44524
0.445252
0.445244
0.44524
0.445239
0.445236
0.445264
0.445282
0.445295
0.445279
0.445296
0.445309
0.445306
0.445305
0.445295
0.4453
0.445309
0.445336
0.445343
0.445361
0.44538
0.445388
0.445385
0.445404
0.445406
0.445409
0.445407
0.445416
0.445418
0.44542
0.44543
0.445416
0.445433
0.44543
0.44544
0.445458
0.445456
0.445458
0.445477
0.445491
0.445502
0.445508
0.445518
0.44554
0.44554
0.445562
0.44557
0.445583
0.445593
0.445607
0.445611
0.445615
0.445608
0.445613
0.44563
0.44563
0.44565
0.445656
0.445645
0.445635
0.445643
0.445657
0.445671
0.445691
0.445706
0.445718
0.445706
0.445709
0.445737
0.445753
0.445773
0.445798
0.445819
0.445825
0.445843
0.44586
0.445853
0.445851
0.445867
0.445864
0.445867
0.445862
0.445862
0.445854
0.445876
0.445886
0.445888
0.445888
0.44588
0.445874
0.445889
0.445898
0.445895
0.445889
0.445872
0.445891
0.445903
0.445909
0.445911
0.44592
0.445932
0.445941
0.445962
0.445954
0.445964
0.445966
0.445959
0.445956
0.445958
0.44595
0.445968
0.445958
0.445958
0.445985
0.446009
0.446028
0.446028
0.446037
0.446048
0.446049
0.446068
0.44608
0.446115
0.446118
0.446123
0.446125
0.446135
0.446144
0.446135
0.446138
0.446141
0.446142
0.446145
0.446154
0.446154
0.446155
0.446173
0.446186
0.446178
0.446185
0.44618
0.446182
0.446189
0.446184
0.4462
0.446221
0.44624
0.446228
0.446251
0.446263
0.446265
0.446278
0.44627
0.446275
0.446279
0.446285
0.446311
0.446324
0.446345
0.446355
0.446374
0.446374
0.446378
0.446379
0.446377
0.446373
0.446372
0.446385
0.446407
0.446415
0.446432
0.446457
0.446469
0.446484
0.446473
0.446467
0.446462
0.446481
0.446514
0.44649
0.446525
0.446532
0.44652
0.446524
0.446542
0.446532
0.446524
0.446534
0.44655
0.446559
0.446558
0.446575
0.446587
0.44659
0.446594
0.446581
0.44658
0.446591
0.446603
0.446612
0.446609
0.446644
0.44667
0.446691
0.446682
0.446687
0.446686
0.446704
0.446724
0.446744
0.446748
0.446766
0.446763
0.446772
0.44678
0.446784
0.446796
0.446806
0.446829
0.446853
0.446873
0.446897
0.446918
0.446909
0.446921
0.44693
0.446938
0.44694
0.446957
0.446975
0.446986
0.446999
0.446998
0.447005
0.447014
0.447025
0.447027
0.447029
0.447027
0.447045
0.447057
0.447061
0.447068
0.447083
0.447078
0.44708
0.447081
0.44708
0.447086
0.447097
0.447105
0.447112
0.447117
0.447141
0.447156
0.447155
0.447175
0.447176
0.447182
0.447182
0.447195
0.447209
0.447211
0.447217
0.447221
0.447229
0.447235
0.447226
0.447233
0.447243
0.447247
0.447253
0.447258
0.447279
0.447264
0.447261
0.447268
0.447268
0.447271
0.447269
0.447269
0.447279
0.447285
0.447296
0.447297
0.447311
0.447326
0.447339
0.447333
0.447343
0.447341
0.447343
0.447373
0.44738
0.447375
0.447386
0.44737
0.447371
0.447371
0.447376
0.447386
0.447392
0.447404
0.447413
0.447436
0.447438
0.447445
0.447465
0.447481
0.447483
0.447483
0.447503
0.447514
0.447512
0.447511
0.447518
0.447536
0.447557
0.447558
0.447554
0.447563
0.447587
0.447601
0.447611
0.44763
0.447648
0.447657
0.447674
0.447675
0.447676
0.447683
0.447686
0.447681
0.447688
0.447701
0.44771
0.44774
0.447726
0.447732
0.44774
0.447757
0.447753
0.447759
0.447788
0.447787
0.447797
0.447821
0.447807
0.447809
0.447817
0.447802
0.447798
0.447802
0.447813
0.447833
0.447847
0.447865
0.44788
0.447888
0.447892
0.447888
0.447899
0.447907
0.447919
0.447916
0.447918
0.447939
0.447943
0.447941
0.447942
0.447955
0.447964
0.447967
0.447977
0.448001
0.448007
0.448023
0.448021
0.448037
0.448057
0.448061
0.448068
0.448081
0.448094
0.448104
0.448108
0.448093
0.448109
0.448115
0.448124
0.448116
0.448133
0.448126
0.448128
0.448139
0.448141
0.448162
0.448174
0.448186
0.448212
0.44822
0.448212
0.448221
0.448231
0.448238
0.448258
0.448279
0.448293
0.448297
0.448292
0.448294
0.448288
0.448305
0.448309
0.448314
0.448322
0.448322
0.448317
0.448323
0.448331
0.448332
0.448345
0.44836
0.448368
0.448376
0.448401
0.448405
0.448409
0.448413
0.44842
0.448434
0.448439
0.448449
0.448466
0.448472
0.448492
0.448499
0.448509
0.448519
0.448526
0.448541
0.448552
0.448561
0.448567
0.448573
0.448582
0.448596
0.448593
0.448612
0.448609
0.448625
0.448635
0.448652
0.448668
0.448688
0.448703
0.44871
0.448742
0.448777
0.448799
0.448821
0.448838
0.448849
0.448837
0.448843
0.44887
0.448874
0.44888
0.44888
0.448879
0.448896
0.448902
0.448897
0.44892
0.448918
0.448931
0.448943
0.448978
0.449004
0.44901
0.449007
0.449007
0.449005
0.448995
0.448991
0.448995
0.449003
0.448991
0.448983
0.44899
0.449006
0.449017
0.44903
0.449057
0.449077
0.449095
0.449082
0.449078
0.449082
0.449107
0.449102
0.449116
0.449124
0.449146
0.449159
0.449181
0.449186
0.4492
0.449213
0.449229
0.449237
0.449259
0.44927
0.449282
0.449289
0.449283
0.449278
0.449285
0.449311
0.449318
0.44933
0.449342
0.449355
0.449361
0.449367
0.449372
0.44939
0.449383
0.449387
0.44939
0.449395
0.449402
0.449413
0.449436
0.449432
0.449435
0.449459
0.449464
0.449465
0.449475
0.449478
0.449488
0.449488
0.449485
0.449478
0.449483
0.449488
0.44949
0.449493
0.449495
0.449499
0.449522
0.449525
0.449524
0.44953
0.449543
0.44955
0.449559
0.449571
0.449591
0.449594
0.449613
0.449633
0.449639
0.44963
0.449631
0.449647
0.449658
0.449656
0.449657
0.449655
0.44967
0.449684
0.449694
0.4497
0.449709
0.449734
0.44973
0.449726
0.44974
0.449758
0.449744
0.449755
0.449733
0.449737
0.449747
0.449756
0.449769
0.449781
0.449772
0.449775
0.449778
0.449795
0.449813
0.449823
0.449835
0.449844
0.449854
0.449848
0.449866
0.449863
0.449857
0.449866
0.449872
0.449885
0.449896
0.449903
0.44992
0.449908
0.449924
0.449934
0.449951
0.449948
0.449955
0.44997
0.449974
0.449961
0.449971
0.449982
0.449998
0.449996
0.449992
0.449996
0.450015
0.450026
0.450036
0.450028
0.450043
0.450039
0.450063
0.450086
0.450091
0.450094
0.450107
0.450122
0.450114
0.450124
0.450143
0.450143
0.450153
0.450172
0.450175
0.45019
0.450192
0.450195
0.450206
0.450211
0.450225
0.450254
0.450271
0.450277
0.450279
0.450293
0.450311
0.450305
0.450305
0.450301
0.450318
0.450319
0.45031
0.450314
0.45034
0.450339
0.450344
0.450375
0.450381
0.450393
0.45039
0.450407
0.450417
0.450432
0.450424
0.450438
0.450441
0.450447
0.450466
0.450474
0.450465
0.450463
0.450478
0.450482
0.450489
0.450503
0.450506
0.450516
0.450534
0.450541
0.45054
0.450559
0.450574
0.45058
0.450572
0.450579
0.450585
0.450587
0.4506
0.450604
0.450607
0.4506
0.450603
0.450619
0.450618
0.450624
0.450627
0.450638
0.45064
0.450661
0.450685
0.450689
0.450698
0.450704
0.450712
0.450743
0.45076
0.450764
0.45077
0.450762
0.450771
0.450782
0.45078
0.450786
0.450794
0.45079
0.450808
0.450819
0.450816
0.450829
0.450821
0.450823
0.450837
0.450839
0.450851
0.450873
0.450904
0.450917
0.450929
0.450944
0.450961
0.450962
0.450959
0.450968
0.450988
0.451003
0.451006
0.451011
0.451027
0.451031
0.451039
0.451038
0.451047
0.451054
0.451062
0.451069
0.451072
0.451073
0.451089
0.451105
0.451114
0.451123
0.451127
0.45113
0.451148
0.451171
0.451176
0.451186
0.451192
0.451207
0.451222
0.451219
0.451223
0.451238
0.451239
0.451241
0.451246
0.451261
0.451268
0.451255
0.451269
0.451279
0.451277
0.451288
0.451302
0.451312
0.451317
0.451331
0.451349
0.451361
0.451372
0.451392
0.451403
0.451403
0.451418
0.451425
0.451436
0.451442
0.451439
0.451454
0.451466
0.451451
0.451467
0.45148
0.451491
0.451499
0.451514
0.451528
0.451527
0.451535
0.451546
0.451554
0.451545
0.45155
0.451563
0.451554
0.451561
0.451559
0.451564
0.45157
0.45158
0.45159
0.451618
0.451625
0.451621
0.451639
0.45165
0.45167
0.451694
0.4517
0.451711
0.451702
0.451707
0.451702
0.451716
0.451704
0.451707
0.451722
0.451721
0.451724
0.451731
0.451738
0.451752
0.451753
0.451742
0.451753
0.451783
0.451806
0.451822
0.451821
0.451834
0.451839
0.451851
0.451865
0.451862
0.451868
0.451875
0.451889
0.451915
0.451921
0.451928
0.451941
0.451955
0.451946
0.451952
0.451975
0.45198
0.451987
0.451998
0.45201
0.452019
0.452037
0.452046
0.452057
0.45206
0.452058
0.452045
0.452044
0.452055
0.452082
0.452092
0.452105
0.452105
0.452115
0.452128
0.452126
0.452148
0.452155
0.452171
0.452189
0.452189
0.452188
0.452194
0.45221
0.452226
0.45224
0.452254
0.45226
0.452276
0.452275
0.452275
0.452293
0.452298
0.452319
0.452328
0.45233
0.452334
0.452337
0.452344
0.45236
0.452368
0.452381
0.452382
0.4524
0.452412
0.452421
0.452425
0.452425
0.452436
0.452453
0.452475
0.452459
0.452471
0.452476
0.452487
0.452494
0.452502
0.452514
0.452525
0.452535
0.45255
0.452558
0.452563
0.452567
0.45258
0.452594
0.452605
0.452613
0.452615
0.452648
0.452639
0.452641
0.452662
0.452684
0.452685
0.452693
0.452701
0.452692
0.452693
0.452698
0.452704
0.452705
0.452714
0.452727
0.45273
0.452743
0.452751
0.452767
0.452784
0.452795
0.452815
0.452806
0.452808
0.452822
0.452841
0.452852
0.452877
0.452892
0.452915
0.452916
0.452928
0.452937
0.452931
0.452939
0.45294
0.452947
0.452958
0.452961
0.452958
0.452973
0.452988
0.45301
0.453017
0.453015
0.453037
0.453047
0.453055
0.453054
0.453076
0.453087
0.453088
0.453097
0.453103
0.453113
0.453119
0.453138
0.453139
0.453153
0.45315
0.453142
0.45316
0.453156
0.45316
0.453167
0.453167
0.453178
0.45319
0.453186
0.453205
0.453229
0.453232
0.453243
0.453249
0.453263
0.453284
0.45328
0.453274
0.453293
0.453306
0.453305
0.453312
0.453324
0.453338
0.453357
0.453369
0.453391
0.45339
0.453398
0.453395
0.453418
0.453445
0.453448
0.453458
0.453483
0.45349
0.453496
0.453497
0.453518
0.453539
0.45354
0.45356
0.453571
0.453572
0.453586
0.45359
0.453589
0.453605
0.453609
0.453608
0.453608
0.453618
0.453607
0.453606
0.453604
0.453615
0.453634
0.453638
0.453648
0.453645
0.453654
0.45366
0.453674
0.453684
0.453685
0.453702
0.453719
0.453709
0.453723
0.453721
0.453734
0.453746
0.45376
0.453753
0.453759
0.453757
0.453765
0.453774
0.453777
0.45378
0.453796
0.453802
0.453796
0.453793
0.453803
0.453808
0.453822
0.453835
0.453841
0.453846
0.453848
0.453836
0.453863
0.45389
0.453901
0.453893
0.453886
0.453884
0.45387
0.453882
0.453895
0.4539
0.453908
0.453904
0.453914
0.453933
0.453925
0.453928
0.453952
0.45396
0.45398
0.453993
0.454004
0.454002
0.454012
0.454016
0.454022
0.454035
0.454058
0.454054
0.454059
0.454063
0.454074
0.454079
0.454089
0.454105
0.454108
0.454118
0.454122
0.454138
0.454131
0.454125
0.454127
0.454144
0.454144
0.454154
0.454154
0.454149
0.454145
0.454156
0.454181
0.454175
0.454168
0.454165
0.454172
0.454183
0.45419
0.454197
0.454215
0.454221
0.454198
0.454199
0.454199
0.454209
0.454212
0.45422
0.45423
0.454258
0.454287
0.454306
0.45431
0.454323
0.454338
0.454351
0.454353
0.454356
0.45437
0.45437
0.454373
0.454387
0.454393
0.454398
0.454399
0.454399
0.454418
0.454433
0.454447
0.454453
0.454463
0.454479
0.454485
0.454502
0.454497
0.454491
0.454505
0.45452
0.454539
0.454544
0.454552
0.454557
0.454565
0.454581
0.454583
0.45458
0.454604
0.454605
0.454619
0.454635
0.454655
0.454657
0.454663
0.454667
0.454672
0.454681
0.454691
0.454695
0.454696
0.454695
0.454694
0.454705
0.45472
0.454719
0.454725
0.454735
0.454739
0.454741
0.454736
0.454731
0.454737
0.45475
0.454763
0.454766
0.454778
0.454783
0.454784
0.45479
0.454823
0.454838
0.454851
0.454859
0.454856
0.454859
0.454865
0.454879
0.454882
0.45487
0.454875
0.454886
0.454899
0.4549
0.454906
0.454912
0.454932
0.454941
0.454955
0.454959
0.454954
0.454946
0.454954
0.45496
0.454973
0.454972
0.45499
0.455014
0.455012
0.455016
0.455017
0.455032
0.455021
0.455018
0.455019
0.455045
0.455041
0.455046
0.455066
0.455081
0.455082
0.455088
0.455093
0.45511
0.455102
0.455105
0.45511
0.455115
0.455115
0.455131
0.455151
0.455163
0.455171
0.455178
0.455179
0.455185
0.45521
0.455213
0.455224
0.455237
0.45525
0.45526
0.45526
0.455273
0.455287
0.455307
0.455308
0.455322
0.455335
0.455334
0.455344
0.455343
0.455351
0.455371
0.455373
0.455365
0.455367
0.455376
0.455388
0.45541
0.455415
0.45542
0.45543
0.455451
0.455462
0.45546
0.455483
0.455498
0.455515
0.455525
0.455529
0.455543
0.455554
0.455576
0.455606
0.455595
0.455599
0.455616
0.45562
0.455631
0.455656
0.45567
0.45568
0.455702
0.45572
0.455732
0.455739
0.455738
0.455747
0.455746
0.45576
0.45578
0.455791
0.455798
0.455804
0.455814
0.455822
0.45582
0.455834
0.455833
0.455836
0.455842
0.455855
0.455868
0.455876
0.455887
0.455889
0.455885
0.455892
0.455903
0.455917
0.455917
0.455928
0.455927
0.455927
0.455933
0.455943
0.455958
0.455959
0.455954
0.455964
0.455965
0.455984
0.455992
0.455986
0.455983
0.455979
0.455987
0.455975
0.455969
0.455973
0.455986
0.455998
0.455999
0.456013
0.456005
0.456003
0.456019
0.45604
0.456043
0.456046
0.456062
0.456069
0.456089
0.456089
0.456091
0.456095
0.456104
0.456122
0.456137
0.456138
0.456141
0.456143
0.456155
0.45616
0.456171
0.456179
0.456176
0.456175
0.456189
0.45619
0.456201
0.456215
0.45622
0.456228
0.456239
0.456241
0.456239
0.456241
0.45625
0.456252
0.456271
0.456282
0.456286
0.456288
0.456291
0.456292
0.456283
0.456295
0.456299
0.456303
0.456311
0.456315
0.456315
0.456317
0.456325
0.45634
0.456331
0.456338
0.456348
0.456354
0.456361
0.456372
0.45638
0.456383
0.456399
0.456405
0.4564
0.456399
0.456397
0.456389
0.456393
0.456409
0.456426
0.456428
0.456439
0.45644
0.456442
0.456453
0.456458
0.45646
0.456465
0.456475
0.456478
0.456483
0.456491
0.456497
0.456499
0.456519
0.456527
0.45654
0.456552
0.456573
0.45657
0.456567
0.456561
0.456552
0.456569
0.456579
0.456584
0.456596
0.456597
0.456604
0.456615
0.456626
0.456633
0.456647
0.456655
0.456671
0.456675
0.456674
0.456682
0.4567
0.456714
0.456713
0.456714
0.456727
0.456726
0.456753
0.456766
0.456765
0.456776
0.456782
0.456804
0.456811
0.456835
0.456834
0.456841
0.456854
0.456849
0.456858
0.45686
0.456858
0.456878
0.456891
0.456902
0.45691
0.456912
0.456927
0.456918
0.456926
0.45694
0.456946
0.456966
0.456972
0.456976
0.456988
0.457012
0.457016
0.457018
0.45702
0.457019
0.457027
0.45702
0.457008
0.457001
0.457
0.457005
0.457004
0.457006
0.457003
0.457004
0.457016
0.457019
0.457027
0.457035
0.457039
0.45704
0.457042
0.457057
0.457053
0.457047
0.457057
0.457047
0.457053
0.457045
0.457055
0.457066
0.457074
0.457069
0.457082
0.45708
0.457092
0.457094
0.457088
0.457087
0.457089
0.457095
0.457103
0.457109
0.457125
0.457125
0.457135
0.457148
0.457155
0.457172
0.457172
0.457188
0.457185
0.457201
0.457206
0.457218
0.457229
0.457246
0.457253
0.457257
0.457263
0.457266
0.457248
0.457263
0.457268
0.457288
0.45729
0.457303
0.457307
0.457308
0.457317
0.457317
0.457313
0.457321
0.45733
0.45734
0.457346
0.457356
0.45736
0.457367
0.457369
0.457392
0.457409
0.457406
0.457407
0.457406
0.457419
0.457426
0.457428
0.457429
0.457439
0.457434
0.457441
0.45746
0.457467
0.457491
0.457488
0.457475
0.457478
0.457487
0.457493
0.457491
0.457499
0.457514
0.457514
0.457517
0.457534
0.457541
0.457548
0.457543
0.457537
0.457546
0.457558
0.457558
0.457566
0.457574
0.457586
0.457593
0.457608
0.457614
0.457611
0.457617
0.457626
0.457623
0.457623
0.457627
0.457638
0.457644
0.457657
0.457653
0.457657
0.457664
0.457665
0.457679
0.457679
0.457678
0.457679
0.457667
0.457671
0.457674
0.457686
0.4577
0.457712
0.45772
0.457705
0.457709
0.457723
0.457734
0.457731
0.457744
0.457734
0.457738
0.457737
0.457758
0.457768
0.457778
0.457788
0.457784
0.457785
0.457795
0.457805
0.4578
0.457798
0.457797
0.457805
0.457804
0.45781
0.457813
0.457808
0.457818
0.457821
0.457833
0.457836
0.457844
0.457838
0.457844
0.457847
0.45785
0.45786
0.457874
0.457888
0.457899
0.457898
0.457904
0.457908
0.457922
0.457935
0.457955
0.45796
0.457988
0.458
0.458013
0.458027
0.458026
0.458038
0.458033
0.458032
0.45805
0.458052
0.458061
0.458074
0.458072
0.458072
0.458086
0.458095
0.458104
0.458091
0.458094
0.458107
0.458116
0.458114
0.458108
0.458119
0.45813
0.458131
0.458131
0.458129
0.458135
0.458138
0.458145
0.45816
0.458165
0.458176
0.458179
0.458183
0.458189
0.458201
0.458208
0.458217
0.458213
0.458225
0.458225
0.458236
0.458255
0.458274
0.458276
0.45829
0.458293
0.4583
0.458307
0.458318
0.458326
0.458336
0.458348
0.458351
0.458364
0.458378
0.458386
0.458393
0.458405
0.458404
0.458411
0.458425
0.458422
0.458437
0.45844
0.458451
0.458455
0.458453
0.458458
0.458469
0.458472
0.458479
0.458491
0.458499
0.458511
0.458525
0.458527
0.458535
0.458543
0.458543
0.458538
0.458549
0.458554
0.45857
0.458581
0.458575
0.458567
0.458584
0.458601
0.458605
0.458612
0.45861
0.458628
0.458634
0.458634
0.458636
0.458643
0.458648
0.458648
0.458662
0.458671
0.458679
0.458676
0.458677
0.458676
0.458677
0.458678
0.458692
0.458702
0.458713
0.458709
0.458716
0.45872
0.458721
0.45872
0.458722
0.45872
0.458721
0.458736
0.45874
0.458734
0.458746
0.458768
0.458771
0.458773
0.458772
0.458777
0.458786
0.458781
0.45878
0.458786
0.458796
0.458794
0.458805
0.458802
0.458809
0.45881
0.458824
0.45883
0.458843
0.458853
0.458868
0.458879
0.458893
0.458894
0.458892
0.4589
0.458897
0.458907
0.458907
0.458898
0.458896
0.458897
0.4589
0.458905
0.458907
0.458922
0.458927
0.458948
0.458956
0.458967
0.458976
0.458994
0.459009
0.459018
0.459025
0.459031
0.459021
0.459019
0.459019
0.459039
0.459054
0.459055
0.459069
0.459082
0.459089
0.459101
0.45911
0.459104
0.459109
0.45911
0.459119
0.459137
0.459154
0.459183
0.459185
0.459194
0.45919
0.459188
0.459196
0.4592
0.459217
0.459231
0.459244
0.459249
0.459264
0.459271
0.459271
0.459277
0.459281
0.459287
0.459288
0.459308
0.459309
0.459309
0.459313
0.459336
0.459333
0.459331
0.459347
0.459343
0.459339
0.459341
0.459344
0.459344
0.459338
0.459346
0.459347
0.459361
0.459366
0.459366
0.459361
0.459366
0.459365
0.459368
0.459368
0.459379
0.45939
0.4594
0.4594
0.4594
0.459396
0.459406
0.459411
0.459414
0.459415
0.459426
0.459434
0.459439
0.459429
0.459433
0.459441
0.459456
0.459465
0.459475
0.459484
0.459487
0.459504
0.459501
0.459499
0.459509
0.459511
0.459528
0.459526
0.459532
0.459545
0.459547
0.459565
0.459587
0.459588
0.459603
0.459611
0.459621
0.459628
0.459632
0.45963
0.459651
0.459662
0.459667
0.459669
0.459673
0.459671
0.459676
0.459686
0.459688
0.459691
0.459689
0.45969
0.459692
0.459695
0.459697
0.459691
0.459709
0.459704
0.459717
0.459721
0.459726
0.459728
0.459727
0.459736
0.459744
0.459754
0.459757
0.459761
0.459764
0.459762
0.459755
0.459764
0.459759
0.45976
0.45976
0.459759
0.459765
0.459775
0.45979
0.459785
0.459805
0.459811
0.459816
0.459818
0.459829
0.459827
0.45983
0.459831
0.459832
0.459833
0.459836
0.459842
0.459845
0.459845
0.459849
0.459859
0.459855
0.459859
0.459858
0.459855
0.459866
0.459881
0.459891
0.459905
0.459907
0.459911
0.459921
0.459918
0.459911
0.459926
0.459926
0.459927
0.45993
0.459927
0.459928
0.459935
0.459933
0.45994
0.459951
0.459948
0.45996
0.459976
0.45998
0.459984
0.459983
0.459994
0.459998
0.460003
0.459988
0.459995
0.460002
0.460003
0.46002
0.460036
0.460038
0.460046
0.460054
0.46006
0.460062
0.460068
0.460067
0.460082
0.46009
0.460094
0.460097
0.460106
0.460131
0.460138
0.460138
0.460134
0.460145
0.460146
0.460159
0.460151
0.460147
0.460156
0.460169
0.460174
0.460185
0.460186
0.46019
0.460194
0.460204
0.460209
0.460215
0.460227
0.460239
0.460257
0.460261
0.460269
0.460269
0.460272
0.460269
0.460275
0.460288
0.460305
0.460311
0.460326
0.460338
0.460345
0.460353
0.460361
0.460369
0.460377
0.460381
0.460386
0.460385
0.460388
0.460387
0.460396
0.46041
0.460411
0.460408
0.460412
0.460419
0.460426
0.460435
0.460429
0.460432
0.460425
0.460422
0.460431
0.460434
0.460444
0.460462
0.460463
0.460477
0.46048
0.460489
0.46049
0.460491
0.460495
0.460509
0.46051
0.460504
0.460504
0.460506
0.460513
0.460513
0.460508
0.460524
0.460528
0.460545
0.460552
0.460559
0.46057
0.460577
0.460582
0.460594
0.460604
0.460614
0.460622
0.460631
0.46064
0.460642
0.460642
0.460643
0.460647
0.460656
0.460664
0.460672
0.460673
0.460684
0.4607
0.460702
0.460714
0.460721
0.460736
0.46075
0.46076
0.460768
0.460759
0.460767
0.460776
0.460781
0.460784
0.460793
0.460809
0.460818
0.460823
0.460833
0.460841
0.46084
0.460849
0.460841
0.460852
0.460852
0.460845
0.460846
0.46085
0.460859
0.460862
0.460868
0.460874
0.460888
0.460895
0.460903
0.460902
0.460912
0.460914
0.460913
0.460927
0.460927
0.460928
0.460926
0.460929
0.460933
0.460935
0.460944
0.460948
0.460958
0.460956
0.460964
0.460959
0.46097
0.460982
0.460986
0.46099
0.460995
0.461005
0.461002
0.460988
0.461001
0.46102
0.46103
0.461033
0.461032
0.461059
0.461059
0.461059
0.461057
0.461053
0.461062
0.461073
0.461079
0.461074
0.461074
0.461072
0.461087
0.461089
0.461099
0.461094
0.461104
0.461106
0.461118
0.46112
0.461122
0.461124
0.461137
0.461152
0.461151
0.461149
0.461159
0.461171
0.46117
0.46117
0.461178
0.461178
0.46119
0.461189
0.461208
0.461209
0.461217
0.461223
0.461232
0.46123
0.461229
0.461244
0.461248
0.461249
0.461251
0.461255
0.461269
0.461284
0.461296
0.461299
0.461307
0.461312
0.461314
0.461309
0.461323
0.461323
0.461333
0.461352
0.461361
0.461361
0.461368
0.461361
0.461373
0.461375
0.46138
0.461391
0.461406
0.461417
0.461424
0.461423
0.461431
0.461433
0.461438
0.461441
0.461447
0.461453
0.461465
0.46148
0.461485
0.461494
0.4615
0.461513
0.461528
0.461536
0.461544
0.461539
0.461545
0.461544
0.461554
0.46156
0.46156
0.461568
0.461571
0.461585
0.461593
0.461604
0.461601
0.461599
0.461597
0.461598
0.461607
0.461596
0.461602
0.461601
0.461611
0.461616
0.461623
0.461626
0.461626
0.461636
0.461634
0.461637
0.461635
0.461631
0.461627
0.461634
0.46163
0.461637
0.46164
0.46165
0.46166
0.461663
0.461661
0.461669
0.461678
0.461686
0.461689
0.461685
0.461694
0.461696
0.461692
0.461701
0.461708
0.461722
0.461728
0.461719
0.461728
0.461733
0.461723
0.461734
0.461738
0.461729
0.461732
0.461745
0.461754
0.461755
0.461758
0.461761
0.461757
0.461758
0.461768
0.461771
0.461774
0.461767
0.461764
0.461767
0.461774
0.46178
0.461779
0.461772
0.461779
0.461778
0.461784
0.461793
0.461789
0.461792
0.461799
0.461808
0.46181
0.461808
0.461814
0.46182
0.461832
0.46184
0.461848
0.461856
0.461856
0.46186
0.461863
0.461863
0.461866
0.461869
0.461876
0.461875
0.461878
0.461884
0.461893
0.461893
0.461913
0.461911
0.461904
0.461908
0.461918
0.461922
0.461924
0.461925
0.46192
0.461928
0.461929
0.461926
0.461933
0.461935
0.461944
0.461949
0.461963
0.461968
0.461984
0.461986
0.462005
0.462011
0.462019
0.462018
0.462027
0.462023
0.462021
0.462033
0.462037
0.462046
0.462047
0.462054
0.462059
0.462059
0.462062
0.462066
0.462068
0.46208
0.462086
0.462084
0.462092
0.46209
0.462077
0.462089
0.462094
0.462106
0.462109
0.462103
0.46211
0.462115
0.46212
0.462124
0.462126
0.46212
0.462109
0.462117
0.462117
0.462123
0.462131
0.462143
0.462142
0.462149
0.46216
0.462169
0.462176
0.462182
0.462187
0.462173
0.462168
0.462174
0.462177
0.462185
0.462182
0.46219
0.46219
0.462198
0.462197
0.462201
0.462213
0.462229
0.46225
0.462261
0.46227
0.462275
0.462289
0.462285
0.4623
0.462305
0.462306
0.462313
0.462325
0.462327
0.462327
0.462337
0.462352
0.462352
0.462358
0.462366
0.462374
0.462396
0.462407
0.462409
0.462409
0.462406
0.462412
0.462415
0.462427
0.462431
0.462433
0.46244
0.462439
0.462454
0.462459
0.46246
0.462475
0.462478
0.462484
0.462494
0.462499
0.462505
0.462514
0.462523
0.462524
0.462522
0.462532
0.462537
0.462535
0.462545
0.462547
0.46255
0.462556
0.462565
0.462576
0.462575
0.462564
0.462569
0.462569
0.462572
0.46258
0.462581
0.462589
0.462612
0.462624
0.462627
0.462632
0.462637
0.462641
0.462639
0.462641
0.462642
0.462641
0.462643
0.462658
0.462657
0.462665
0.462674
0.462696
0.462706
0.462708
0.462716
0.462726
0.462725
0.462733
0.46274
0.462746
0.462762
0.462764
0.462757
0.462762
0.462764
0.462763
0.462766
0.462761
0.462763
0.462772
0.462781
0.462777
0.462771
0.462775
0.462788
0.462793
0.4628
0.462791
0.462794
0.462806
0.462816
0.462815
0.462821
0.462822
0.462834
0.462834
0.462843
0.462854
0.462849
0.462852
0.462852
0.462849
0.462852
0.462862
0.462863
0.462865
0.462872
0.462878
0.462878
0.462888
0.4629
0.462895
0.462901
0.462907
0.462907
0.462914
0.462916
0.462918
0.462936
0.462939
0.462948
0.462955
0.462961
0.46297
0.462974
0.462975
0.46298
0.462984
0.462994
0.463005
0.463011
0.463008
0.463013
0.463025
0.463025
0.463025
0.463033
0.463039
0.463051
0.463046
0.463057
0.463057
0.463058
0.463075
0.463083
0.463081
0.463087
0.463087
0.46309
0.463099
0.463101
0.463106
0.463112
0.463119
0.463122
0.463121
0.463138
0.46314
0.463134
0.46314
0.463147
0.46315
0.463164
0.463169
0.463172
0.463181
0.463187
0.463196
0.463202
0.463203
0.463212
0.463218
0.463229
0.463239
0.46324
0.463256
0.463262
0.463265
0.463267
0.463278
0.463286
0.463293
0.463292
0.463288
0.463288
0.46329
0.463295
0.463307
0.46332
0.46333
0.463339
0.463346
0.463356
0.463359
0.463361
0.463373
0.463378
0.463381
0.463387
0.463398
0.463406
0.463415
0.46342
0.463426
0.463424
0.46343
0.463433
0.463432
0.463434
0.463442
0.463444
0.463454
0.463466
0.463469
0.463478
0.463479
0.463478
0.463481
0.463474
0.463477
0.463493
0.4635
0.463513
0.463513
0.463512
0.46351
0.463508
0.463514
0.463521
0.463516
0.463519
0.463531
0.46353
0.463524
0.463522
0.463532
0.463534
0.463547
0.463552
0.463551
0.463554
0.463557
0.463565
0.463568
0.463571
0.463579
0.463568
0.463581
0.463589
0.463601
0.46361
0.463612
0.463629
0.463642
0.463644
0.463644
0.463642
0.463646
0.46365
0.463662
0.463664
0.463669
0.463672
0.463673
0.463677
0.463683
0.463691
0.463694
0.463694
0.463692
0.4637
0.463703
0.463708
0.463709
0.46372
0.463728
0.463724
0.463732
0.46373
0.463745
0.463759
0.463764
0.463763
0.463768
0.463778
0.463775
0.463785
0.463789
0.463794
0.463804
0.463813
0.463822
0.463825
0.463823
0.463826
0.463825
0.463828
0.463844
0.463858
0.463867
0.46388
0.463884
0.463891
0.463897
0.463908
0.463919
0.463925
0.463926
0.463935
0.463939
0.463946
0.463949
0.463947
0.463956
0.46396
0.463966
0.46397
0.463974
0.46397
0.463979
0.46399
0.463995
0.463995
0.464003
0.464013
0.464021
0.46402
0.464023
0.464037
0.464037
0.464046
0.464053
0.464067
0.464066
0.464073
0.464077
0.46408
0.464073
0.464078
0.464082
0.464079
0.464088
0.4641
0.464105
0.464111
0.464101
0.464113
0.464112
0.464109
0.464108
0.464114
0.464128
0.464122
0.464132
0.464126
0.46413
0.46414
0.46414
0.464147
0.464159
0.464164
0.464168
0.464179
0.464191
0.4642
0.464207
0.464209
0.464207
0.464209
0.464214
0.464214
0.464221
0.464237
0.464237
0.464229
0.464235
0.464236
0.46424
0.464252
0.464265
0.464271
0.464285
0.464285
0.46429
0.46429
0.464301
0.46431
0.464319
0.464326
0.464335
0.464333
0.464336
0.464345
0.46434
0.46434
0.464345
0.464348
0.46435
0.464363
0.464365
0.464367
0.464379
0.464382
0.464376
0.464379
0.464379
0.464385
0.464389
0.464391
0.464385
0.46439
0.464398
0.464413
0.464419
0.464424
0.464421
0.464437
0.464452
0.464457
0.464459
0.464466
0.464465
0.464463
0.464474
0.464491
0.464491
0.464498
0.464513
0.464511
0.464511
0.464516
0.464521
0.464526
0.464523
0.464533
0.464542
0.464549
0.46456
0.464574
0.464578
0.464581
0.464585
0.464587
0.464591
0.464593
0.464596
0.464601
0.464602
0.464609
0.46462
0.464621
0.464631
0.464637
0.464647
0.464656
0.464665
0.464673
0.464675
0.464677
0.464678
0.464681
0.464694
0.464686
0.464697
0.464707
0.464718
0.464726
0.464738
0.464739
0.464749
0.464762
0.464773
0.464777
0.464792
0.464786
0.464792
0.464803
0.464807
0.464815
0.464831
0.464841
0.464854
0.464849
0.464849
0.464862
0.464872
0.464879
0.464882
0.464893
0.464896
0.464906
0.46491
0.464913
0.464915
0.464922
0.464933
0.464947
0.464946
0.464955
0.464958
0.464959
0.464964
0.464976
0.464978
0.464991
0.464999
0.464997
0.465001
0.465
0.46501
0.465028
0.465044
0.465054
0.46506
0.465067
0.465074
0.465076
0.465068
0.465076
0.465093
0.465102
0.465101
0.465107
0.465115
0.465118
0.465118
0.465112
0.465113
0.46512
0.465126
0.46512
0.465124
0.465135
0.465152
0.465151
0.465151
0.465152
0.465158
0.465167
0.465167
0.465171
0.465173
0.465176
0.465182
0.465186
0.465197
0.465202
0.465212
0.465218
0.465211
0.465223
0.465221
0.46523
0.465228
0.46524
0.465244
0.465242
0.465248
0.465256
0.465263
0.465268
0.465264
0.46528
0.465283
0.465295
0.465293
0.465295
0.46529
0.465298
0.4653
0.465303
0.465303
0.465316
0.465322
0.465327
0.465324
0.465329
0.465334
0.465334
0.465341
0.465358
0.465361
0.465373
0.465375
0.46537
0.465368
0.465379
0.465376
0.465382
0.465389
0.465391
0.465385
0.465387
0.465391
0.465395
0.465403
0.465397
0.4654
0.465401
0.465399
0.4654
0.465403
0.465401
0.465398
0.465402
0.465409
0.465413
0.465413
0.465421
0.465421
0.46543
0.465427
0.465428
0.46543
0.465437
0.465439
0.465446
0.465456
0.465461
0.465466
0.465467
0.465475
0.465484
0.465479
0.465473
0.465478
0.465477
0.465484
0.465492
0.465497
0.46551
0.465513
0.465521
0.465528
0.465538
0.465547
0.465557
0.46556
0.465566
0.465567
0.465573
0.465584
0.465585
0.465589
0.465593
0.465598
0.465606
0.465607
0.465608
0.465609
0.465618
0.46562
0.465631
0.46563
0.465629
0.465638
0.46564
0.465653
0.465659
0.465661
0.465656
0.465656
0.465661
0.465662
0.465665
0.465665
0.465673
0.465682
0.465684
0.465686
0.465687
0.465683
0.46569
0.465683
0.465695
0.465705
0.465714
0.465716
0.465719
0.46572
0.465721
0.465727
0.465731
0.465741
0.465741
0.465756
0.465757
0.465766
0.465768
0.465778
0.465783
0.465799
0.4658
0.465816
0.465822
0.465834
0.465838
0.465842
0.465853
0.46586
0.465865
0.465864
0.465871
0.46588
0.465888
0.465899
0.465901
0.465914
0.465909
0.465918
0.465918
0.465926
0.465935
0.465949
0.465953
0.465957
0.465966
0.465973
0.46598
0.465989
0.465998
0.466008
0.466017
0.466021
0.466027
0.466029
0.466038
0.466041
0.466039
0.466043
0.466037
0.466044
0.466044
0.466059
0.466063
0.466071
0.466081
0.466079
0.466086
0.466088
0.46609
0.46609
0.466091
0.4661
0.46611
0.466121
0.466124
0.466129
0.466139
0.466147
0.46615
0.466154
0.466159
0.466172
0.466176
0.466177
0.466176
0.466179
0.466187
0.466189
0.466191
0.466199
0.466202
0.466214
0.466225
0.46623
0.466224
0.466225
0.466238
0.466241
0.466246
0.466254
0.466258
0.466265
0.466272
0.466277
0.46629
0.466294
0.466306
0.466304
0.466307
0.466308
0.46631
0.466322
0.466327
0.466322
0.466329
0.466334
0.466338
0.466358
0.466353
0.466351
0.466354
0.466359
0.466363
0.466364
0.466358
0.466359
0.466359
0.466371
0.466374
0.466372
0.466376
0.466377
0.466374
0.466375
0.466372
0.466368
0.466379
0.46638
0.46639
0.466393
0.466398
0.466402
0.4664
0.466406
0.466402
0.466412
0.466422
0.466429
0.466426
0.466435
0.466442
0.466437
0.466435
0.466443
0.466438
0.466441
0.466438
0.46644
0.466439
0.466439
0.46644
0.466434
0.466436
0.466438
0.466432
0.466438
0.466443
0.466435
0.466434
0.46643
0.466424
0.466426
0.466429
0.466441
0.466448
0.466461
0.466456
0.466461
0.466463
0.46647
0.466469
0.46646
0.466468
0.466474
0.466482
0.466486
0.466494
0.466494
0.466505
0.466505
0.466502
0.466509
0.466507
0.466521
0.466525
0.466531
0.466532
0.46654
0.466551
0.466561
0.466565
0.466567
0.466573
0.466578
0.466572
0.466574
0.466582
0.466581
0.46659
0.466596
0.466606
0.46661
0.466619
0.466636
0.466634
0.466645
0.466654
0.466661
0.466664
0.466667
0.466677
0.466676
0.466674
0.466685
0.466694
0.466696
0.466699
0.4667
0.466709
0.466705
0.466713
0.466711
0.466715
0.466727
0.466731
0.466732
0.46673
0.466739
0.46674
0.466742
0.466757
0.466767
0.46677
0.466771
0.466764
0.466766
0.466767
0.466772
0.466785
0.46679
0.466798
0.466793
0.466798
0.466798
0.466806
0.466803
0.466796
0.466807
0.466816
0.466811
0.466815
0.46682
0.466829
0.466834
0.466845
0.46685
0.466856
0.466863
0.466873
0.466873
0.466875
0.466872
0.466879
0.466878
0.466894
0.466906
0.466901
0.466903
0.466903
0.466905
0.466905
0.466903
0.466917
0.466913
0.466913
0.466916
0.46692
0.466929
0.466931
0.466937
0.466934
0.466937
0.466949
0.466956
0.466973
0.466972
0.466972
0.466977
0.466977
0.466978
0.466991
0.466998
0.466995
0.467004
0.467011
0.467016
0.46701
0.467008
0.467015
0.467011
0.467017
0.467013
0.467015
0.467023
0.467026
0.467029
0.467027
0.467032
0.467042
0.467045
0.46705
0.46706
0.467064
0.46707
0.467067
0.467079
0.467081
0.467079
0.467074
0.467069
0.467076
0.467083
0.467091
0.467089
0.467096
0.467096
0.467093
0.467095
0.467099
0.467095
0.467104
0.467116
0.467116
0.467129
0.467134
0.467132
0.467131
0.467137
0.467151
0.467159
0.467166
0.467163
0.467168
0.467172
0.467179
0.467196
0.46719
0.467201
0.467209
0.467208
0.467208
0.467213
0.46722
0.467227
0.467226
0.467228
0.46723
0.467235
0.467238
0.467237
0.467242
0.467247
0.467252
0.46726
0.467268
0.467276
0.46728
0.467283
0.467292
0.467296
0.467297
0.467309
0.467318
0.46732
0.467322
0.467329
0.467338
0.467346
0.467343
0.467344
0.467347
0.467362
0.467362
0.467356
0.467363
0.467368
0.467371
0.467371
0.467377
0.467388
0.46739
0.467393
0.467397
0.467401
0.46741
0.467414
0.46741
0.467417
0.467415
0.46742
0.467425
0.467431
0.467442
0.467437
0.467441
0.46745
0.467452
0.467457
0.467465
0.467459
0.467475
0.467485
0.467493
0.467497
0.467501
0.467508
0.467514
0.46752
0.467528
0.46753
0.467528
0.467529
0.467532
0.467535
0.467529
0.467532
0.467534
0.46754
0.467535
0.467544
0.467552
0.467552
0.467554
0.467558
0.467555
0.467563
0.46756
0.467567
0.467571
0.467582
0.467596
0.467605
0.467609
0.467619
0.467616
0.467613
0.467624
0.467625
0.467632
0.467627
0.467631
0.467636
0.467649
0.467653
0.467662
0.467666
0.467668
0.467678
0.467685
0.467689
0.467694
0.467694
0.467705
0.467714
0.467721
0.467729
0.467733
0.467744
0.467745
0.467749
0.467746
0.46775
0.467758
0.46776
0.467765
0.467768
0.467771
0.467773
0.467774
0.467769
0.467778
0.467782
0.467795
0.467799
0.467808
0.467813
0.467817
0.467819
0.467821
0.467828
0.46785
0.467847
0.467854
0.46785
0.467862
0.467867
0.467873
0.467874
0.467874
0.467885
0.467889
0.467887
0.46789
0.467879
0.467874
0.467875
0.467881
0.467877
0.46787
0.467872
0.467879
0.467889
0.467891
0.467904
0.467911
0.467912
0.467919
0.46792
0.467918
0.467924
0.467925
0.467936
0.467945
0.467952
0.467955
0.467966
0.467968
0.467973
0.467975
0.467982
0.467994
0.468
0.468013
0.468021
0.468014
0.468009
0.468016
0.468017
0.468028
0.468039
0.468037
0.468042
0.468051
0.468046
0.468049
0.468055
0.46806
0.468058
0.468062
0.468064
0.468081
0.468079
0.468079
0.468074
0.468072
0.468077
0.468086
0.468089
0.4681
0.468098
0.468104
0.468111
0.468109
0.468115
0.468114
0.468116
0.468124
0.468128
0.468138
0.468136
0.468145
0.468152
0.468147
0.468149
0.468155
0.468162
0.468169
0.468174
0.468174
0.468173
0.468177
0.468179
0.468186
0.468199
0.468206
0.468213
0.468213
0.468224
0.468226
0.468223
0.468227
0.468233
0.468241
0.468237
0.468254
0.468261
0.468268
0.468264
0.468275
0.468284
0.468287
0.468298
0.468306
0.468303
0.468301
0.468307
0.46831
0.468305
0.468305
0.4683
0.468307
0.468308
0.468302
0.468317
0.46832
0.468324
0.468329
0.46833
0.468326
0.468339
0.468346
0.468347
0.468359
0.468363
0.468369
0.468379
0.468392
0.468397
0.468402
0.468413
0.468415
0.468423
0.468425
0.468428
0.468436
0.46844
0.468436
0.46844
0.468439
0.468438
0.468436
0.468435
0.468439
0.468443
0.468448
0.468451
0.468444
0.468456
0.468463
0.468471
0.468477
0.468488
0.468485
0.468485
0.468488
0.468494
0.468498
0.468501
0.468512
0.46852
0.468527
0.468531
0.468546
0.468552
0.468557
0.46856
0.468561
0.468562
0.468568
0.468572
0.468583
0.468592
0.468601
0.468602
0.468605
0.468611
0.468615
0.468628
0.468631
0.468625
0.468627
0.468639
0.468642
0.468647
0.468653
0.468654
0.468652
0.46865
0.468653
0.468659
0.468662
0.468672
0.468671
0.468674
0.468681
0.46869
0.46869
0.468695
0.468704
0.468706
0.468709
0.468712
0.468719
0.46872
0.468715
0.468708
0.468717
0.468722
0.468726
0.468724
0.468732
0.468737
0.468735
0.468731
0.468742
0.468746
0.468747
0.468752
0.468755
0.468755
0.468758
0.46876
0.468763
0.468766
0.468775
0.468768
0.468772
0.46878
0.468785
0.468788
0.468788
0.468786
0.4688
0.4688
0.468802
0.468813
0.468815
0.46882
0.46883
0.468831
0.468834
0.468842
0.468845
0.468852
0.468852
0.468853
0.468857
0.468869
0.468867
0.468875
0.468878
0.468882
0.468889
0.468888
0.468885
0.468895
0.4689
0.468905
0.468912
0.468913
0.468912
0.468915
0.468917
0.468931
0.468936
0.468942
0.468946
0.468946
0.468948
0.468958
0.468962
0.46896
0.468971
0.468971
0.468976
0.468982
0.468986
0.468986
0.468985
0.468988
0.468994
0.468995
0.468997
0.469004
0.469002
0.469019
0.469025
0.469038
0.469041
0.469041
0.469039
0.469035
0.469037
0.469035
0.469044
0.46905
0.469046
0.469054
0.469052
0.46906
0.469064
0.46907
0.469069
0.469081
0.469083
0.469088
0.469085
0.469091
0.469101
0.469114
0.469129
0.469136
0.469143
0.469147
0.469152
0.46916
0.469155
0.46915
0.469162
0.469173
0.469172
0.469179
0.469174
0.469179
0.469183
0.469189
0.469186
0.469185
0.469193
0.469196
0.469204
0.4692
0.46921
0.46922
0.469232
0.469237
0.469245
0.469243
0.469242
0.469254
0.469261
0.469272
0.469274
0.469275
0.46928
0.469278
0.469287
0.469292
0.469299
0.4693
0.469307
0.46931
0.46931
0.469311
0.469319
0.469326
0.469331
0.469341
0.469343
0.469353
0.46937
0.469374
0.469382
0.469386
0.469397
0.469405
0.469403
0.469408
0.469414
0.469415
0.469425
0.469429
0.469417
0.469426
0.469434
0.469444
0.469445
0.469455
0.469456
0.469462
0.469467
0.469466
0.469468
0.469475
0.469475
0.469481
0.469488
0.469492
0.469497
0.469499
0.469507
0.469516
0.469512
0.469514
0.469512
0.469512
0.469514
0.469519
0.469537
0.469538
0.469543
0.469544
0.469552
0.469554
0.469554
0.469553
0.469556
0.469558
0.469564
0.469564
0.469567
0.469574
0.469571
0.46957
0.46958
0.469585
0.469587
0.469594
0.469596
0.469595
0.469595
0.469593
0.4696
0.469609
0.469619
0.469625
0.469638
0.469644
0.46964
0.469647
0.469655
0.469662
0.469669
0.469674
0.469672
0.469677
0.469682
0.469684
0.469698
0.469701
0.46971
0.469722
0.469721
0.469727
0.469728
0.469728
0.469737
0.469742
0.469749
0.469746
0.469742
0.469745
0.469748
0.469758
0.469768
0.469774
0.469783
0.469787
0.469798
0.469806
0.469802
0.469802
0.469805
0.46981
0.469808
0.469808
0.46981
0.469821
0.469835
0.46984
0.46985
0.469844
0.469852
0.469862
0.469864
0.469866
0.469874
0.469875
0.469882
0.46988
0.469881
0.469886
0.469898
0.469904
0.469906
0.469913
0.46992
0.469926
0.469931
0.469943
0.469944
0.46995
0.469949
0.469959
0.469968
0.469971
0.469972
0.469979
0.469985
0.469994
0.469998
0.469994
0.469995
0.470001
0.470005
0.47001
0.470022
0.470018
0.470014
0.470019
0.470018
0.470026
0.470028
0.470031
0.470037
0.470031
0.470035
0.470037
0.470039
0.47005
0.470055
0.470057
0.470057
0.470053
0.470055
0.470058
0.470066
0.470074
0.470077
0.470078
0.470083
0.470084
0.470091
0.470087
0.470086
0.470082
0.470085
0.470092
0.470095
0.470098
0.470097
0.470099
0.470105
0.470097
0.4701
0.47011
0.470107
0.470111
0.470113
0.470122
0.470119
0.470124
0.470122
0.470117
0.470119
0.470118
0.470115
0.470121
0.470124
0.470128
0.470133
0.47013
0.47013
0.470136
0.470137
0.470144
0.470151
0.470152
0.470152
0.470154
0.470155
0.470158
0.47016
0.470158
0.470164
0.47017
0.470171
0.470178
0.470179
0.470181
0.470181
0.470185
0.470192
0.470188
0.470187
0.470186
0.470194
0.470186
0.470204
0.470205
0.470214
0.47022
0.470214
0.470213
0.470225
0.470231
0.470235
0.470239
0.470244
0.470261
0.47027
0.470269
0.470272
0.470272
0.470263
0.470266
0.470263
0.470272
0.470273
0.470279
0.470292
0.470298
0.470302
0.470306
0.470313
0.470323
0.470324
0.47033
0.470332
0.470343
0.47035
0.470356
0.470367
0.470371
0.470378
0.470378
0.47038
0.470389
0.470394
0.470398
0.470402
0.470403
0.470404
0.470408
0.470408
0.470406
0.470407
0.470414
0.470416
0.470418
0.470422
0.470421
0.470418
0.470418
0.470421
0.470426
0.470424
0.470433
0.470441
0.47045
0.470451
0.470459
0.470467
0.47048
0.470481
0.470486
0.470488
0.470491
0.470492
0.470497
0.470503
0.470506
0.470508
0.470515
0.470518
0.47052
0.470521
0.470532
0.470532
0.470532
0.47053
0.470528
0.470535
0.470534
0.470534
0.470542
0.47055
0.47055
0.470553
0.470557
0.470569
0.470568
0.470575
0.470582
0.470588
0.470592
0.470597
0.470596
0.470599
0.470602
0.470594
0.470597
0.4706
0.470596
0.4706
0.470601
0.470597
0.470597
0.4706
0.470599
0.470603
0.470606
0.470618
0.47062
0.470623
0.470624
0.470614
0.470619
0.470617
0.47062
0.470622
0.470633
0.470632
0.470631
0.470634
0.470636
0.470636
0.470638
0.470647
0.470648
0.470643
0.470647
0.470654
0.470655
0.470658
0.470663
0.470668
0.470684
0.470694
0.470706
0.470712
0.470709
0.470711
0.470713
0.470715
0.470723
0.470731
0.47073
0.470733
0.470735
0.470745
0.470744
0.47075
0.470753
0.470753
0.470759
0.470764
0.470771
0.470779
0.470792
0.470797
0.470797
0.470801
0.470805
0.47081
0.47082
0.470825
0.470821
0.470827
0.470828
0.470831
0.470838
0.470846
0.47085
0.47085
0.470856
0.470856
0.47086
0.47086
0.470857
0.47086
0.470867
0.470881
0.470884
0.470896
0.470898
0.47091
0.470914
0.470914
0.470911
0.470905
0.470905
0.470906
0.470907
0.47091
0.470915
0.470924
0.470924
0.470923
0.470925
0.470925
0.470926
0.47093
0.470927
0.470931
0.470935
0.470933
0.47093
0.470938
0.47094
0.470942
0.470943
0.47095
0.470946
0.470949
0.470952
0.470964
0.470965
0.47097
0.470973
0.470978
0.470978
0.470989
0.470992
0.471
0.471004
0.471013
0.47102
0.471023
0.471026
0.471029
0.471028
0.471033
0.471035
0.471034
0.471041
0.471043
0.47105
0.471058
0.471058
0.471069
0.471072
0.471074
0.471079
0.471085
0.471087
0.471089
0.471092
0.471097
0.471104
0.471109
0.47111
0.471103
0.471109
0.471109
0.47112
0.471125
0.471123
0.471126
0.471132
0.471133
0.471139
0.471139
0.471141
0.471147
0.471153
0.471158
0.471162
0.471167
0.471174
0.471174
0.471179
0.471177
0.471177
0.471177
0.471182
0.47119
0.471196
0.471193
0.471197
0.471197
0.471203
0.471216
0.471213
0.471207
0.471215
0.471214
0.471215
0.471221
0.471229
0.47123
0.471226
0.471218
0.471223
0.471229
0.471239
0.47124
0.471245
0.471251
0.471259
0.471262
0.47127
0.471274
0.471274
0.471287
0.471293
0.471294
0.471299
0.471301
0.471305
0.471307
0.471309
0.471308
0.471314
0.471316
0.471315
0.471317
0.471324
0.471324
0.471335
0.47134
0.471341
0.471349
0.471349
0.471357
0.471364
0.471368
0.471382
0.471388
0.471393
0.47139
0.471403
0.471408
0.471407
0.471413
0.471419
0.471426
0.471436
0.471435
0.471437
0.471438
0.471446
0.471449
0.471459
0.471461
0.471459
0.471469
0.471478
0.471486
0.47148
0.471482
0.471495
0.471494
0.471495
0.471505
0.471514
0.471524
0.471536
0.471538
0.471541
0.471546
0.471549
0.47155
0.471549
0.471554
0.471552
0.471559
0.471567
0.471572
0.471574
0.471577
0.471577
0.471582
0.471584
0.471597
0.471599
0.471603
0.4716
0.471603
0.471606
0.471615
0.471618
0.471626
0.471626
0.471627
0.471632
0.471636
0.471647
0.471644
0.471645
0.471651
0.47165
0.471655
0.471655
0.471662
0.471656
0.471654
0.471652
0.471652
0.471652
0.471657
0.471667
0.471671
0.47168
0.471679
0.471678
0.471676
0.471678
0.471678
0.47168
0.471684
0.47169
0.471694
0.471699
0.47169
0.471692
0.471693
0.471691
0.471691
0.471694
0.471699
0.471699
0.471705
0.471707
0.471711
0.471715
0.471724
0.471726
0.471735
0.471736
0.471738
0.47174
0.471746
0.471745
0.471747
0.471746
0.471742
0.471746
0.471756
0.471756
0.471758
0.471761
0.471764
0.471763
0.471764
0.471774
0.471777
0.471783
0.471781
0.471787
0.471784
0.471787
0.471793
0.471793
0.4718
0.471804
0.471812
0.471815
0.471814
0.471824
0.471832
0.471838
0.471841
0.471834
0.471846
0.47185
0.471848
0.471858
0.471858
0.471859
0.471858
0.47186
0.471864
0.471863
0.471863
0.471865
0.47187
0.471873
0.471878
0.471881
0.471884
0.47189
0.471893
0.471895
0.471903
0.471904
0.471914
0.471909
0.471914
0.471922
0.471932
0.471931
0.471932
0.47193
0.471927
0.47193
0.471931
0.471934
0.471944
0.471947
0.471948
0.471952
0.471955
0.471962
0.471958
0.471959
0.471962
0.471965
0.471968
0.47197
0.471968
0.471975
0.471978
0.471977
0.471981
0.471986
0.471983
0.471978
0.47198
0.471976
0.471979
0.471982
0.471984
0.471991
0.471996
0.471993
0.472
0.472007
0.472007
0.472012
0.472015
0.472019
0.472023
0.472026
0.472031
0.472032
0.472035
0.472036
0.472041
0.472042
0.472046
0.472044
0.472046
0.472054
0.472053
0.472057
0.472067
0.472073
0.47208
0.472083
0.472085
0.472086
0.472092
0.472093
0.472084
0.472094
0.472099
0.472101
0.472105
0.472104
0.472104
0.472107
0.472108
0.472113
0.472114
0.472117
0.472114
0.472117
0.472122
0.472117
0.472122
0.472126
0.472134
0.472138
0.472144
0.472147
0.472154
0.47216
0.47217
0.472168
0.472172
0.472173
0.472181
0.472188
0.472197
0.472197
0.472199
0.472202
0.472207
0.472218
0.472224
0.472231
0.472225
0.472224
0.472226
0.472235
0.472241
0.472244
0.472246
0.472245
0.47225
0.472247
0.472244
0.472251
0.472255
0.472256
0.472265
0.472263
0.472272
0.472271
0.47228
0.472284
0.472285
0.472287
0.47229
0.472297
0.472301
0.472305
0.472311
0.472317
0.47232
0.472321
0.472334
0.472336
0.472337
0.472339
0.472333
0.472334
0.472339
0.47234
0.472333
0.472329
0.472335
0.47234
0.47234
0.472341
0.47235
0.472359
0.472365
0.472371
0.472384
0.472385
0.472392
0.472393
0.472387
0.47239
0.472397
0.472403
0.47241
0.472412
0.472411
0.472416
0.472428
0.472425
0.472429
0.472434
0.472433
0.472434
0.47244
0.472441
0.472452
0.472454
0.472457
0.472461
0.472464
0.472469
0.47247
0.472477
0.47248
0.472476
0.472484
0.472488
0.472491
0.472491
0.472502
0.47251
0.472521
0.472526
0.472527
0.47254
0.472537
0.472544
0.472552
0.472559
0.472555
0.47256
0.472566
0.472566
0.472575
0.472572
0.472569
0.47257
0.472574
0.472581
0.472585
0.472587
0.472584
0.472584
0.472584
0.472586
0.47259
0.472586
0.472599
0.472601
0.472605
0.472617
0.472628
0.472631
0.472635
0.47264
0.472647
0.472651
0.472659
0.472662
0.472666
0.472671
0.472679
0.472685
0.472685
0.472689
0.472691
0.47269
0.472692
0.472694
0.472693
0.472695
0.472693
0.472698
0.472707
0.472714
0.47272
0.472733
0.472738
0.472741
0.472741
0.47275
0.472753
0.472759
0.472762
0.472764
0.472775
0.472786
0.472789
0.472789
0.472798
0.472799
0.472806
0.472808
0.472807
0.472811
0.472814
0.472818
0.472813
0.472812
0.472816
0.472816
0.472817
0.472826
0.472828
0.472834
0.472838
0.472838
0.472842
0.472847
0.472856
0.472862
0.472866
0.472873
0.47287
0.472874
0.472877
0.472877
0.472883
0.472888
0.472896
0.472896
0.4729
0.472908
0.472916
0.472916
0.472917
0.472916
0.472919
0.472922
0.472928
0.47293
0.472935
0.472933
0.472932
0.472937
0.472944
0.472943
0.472951
0.472959
0.472961
0.472968
0.472966
0.472968
0.472966
0.472971
0.472976
0.472983
0.472988
0.472991
0.473002
0.473001
0.473004
0.473006
0.473013
0.473019
0.473025
0.473023
0.473031
0.473036
0.473046
0.473048
0.473055
0.473067
0.47307
0.473065
0.473072
0.473075
0.473075
0.47308
0.473082
0.47308
0.473082
0.473085
0.47309
0.47309
0.473096
0.473094
0.473096
0.473094
0.473102
0.473101
0.473105
0.473113
0.473116
0.473124
0.473128
0.473133
0.473135
0.473142
0.473139
0.473135
0.473137
0.473136
0.473142
0.473137
0.473141
0.473146
0.473147
0.473153
0.473155
0.473161
0.473167
0.473165
0.473171
0.473179
0.473191
0.473189
0.473194
0.473205
0.473211
0.473209
0.473209
0.473206
0.473212
0.473222
0.473225
0.473219
0.473221
0.473222
0.473229
0.473228
0.473234
0.47324
0.473248
0.473256
0.473259
0.473259
0.473262
0.473268
0.473274
0.473278
0.473276
0.473283
0.473282
0.473286
0.473292
0.473293
0.473297
0.473308
0.473313
0.473321
0.473322
0.47332
0.473326
0.473332
0.473325
0.473327
0.473337
0.473341
0.473343
0.473343
0.473343
0.473344
0.473343
0.473349
0.473352
0.473352
0.47336
0.473366
0.47337
0.473374
0.473373
0.473379
0.473378
0.473385
0.47339
0.473395
0.473394
0.473396
0.473402
0.473405
0.473408
0.473408
0.473415
0.47342
0.473421
0.473426
0.473432
0.47343
0.473432
0.473435
0.473445
0.473447
0.473449
0.473451
0.473458
0.473462
0.473454
0.473459
0.473463
0.473471
0.473473
0.473475
0.473477
0.473484
0.473489
0.473492
0.473499
0.473499
0.473503
0.473504
0.473511
0.47352
0.473523
0.473535
0.473534
0.473538
0.473535
0.473541
0.473542
0.473543
0.473544
0.473549
0.473549
0.473556
0.473558
0.473555
0.473558
0.473561
0.473564
0.473567
0.473563
0.473569
0.473574
0.473581
0.473582
0.473587
0.473586
0.473597
0.473604
0.473605
0.473619
0.473615
0.473615
0.473612
0.473619
0.473625
0.473626
0.473631
0.473628
0.473626
0.473633
0.473628
0.473635
0.473638
0.473647
0.473652
0.473662
0.473663
0.473662
0.473657
0.473665
0.473675
0.473673
0.473672
0.473676
0.473682
0.473683
0.473679
0.473686
0.473694
0.473689
0.473695
0.473705
0.47371
0.473716
0.473717
0.473726
0.473733
0.473734
0.473739
0.473745
0.473752
0.473757
0.473762
0.47377
0.473776
0.473778
0.473781
0.473782
0.473789
0.473789
0.473795
0.473792
0.4738
0.473802
0.473806
0.473806
0.473808
0.473813
0.473814
0.473812
0.473819
0.47382
0.473822
0.473832
0.473843
0.473851
0.473859
0.473856
0.473864
0.473873
0.473875
0.473876
0.473877
0.473877
0.473883
0.473885
0.473893
0.473901
0.473906
0.473908
0.473909
0.473914
0.473919
0.473923
0.473925
0.473928
0.473929
0.473933
0.473932
0.473935
0.473944
0.473936
0.473942
0.473947
0.473946
0.473956
0.473962
0.473969
0.473973
0.473971
0.473971
0.473977
0.473976
0.473973
0.47397
0.473975
0.473981
0.473979
0.473985
0.47399
0.473991
0.473995
0.474002
0.474008
0.47401
0.474013
0.474021
0.474024
0.474032
0.474031
0.474032
0.474034
0.474039
0.474043
0.474046
0.474053
0.47405
0.474054
0.474054
0.474061
0.474059
0.474062
0.474055
0.474052
0.474052
0.474056
0.474056
0.47406
0.474061
0.474066
0.474065
0.474069
0.474072
0.474076
0.474083
0.47408
0.474077
0.474076
0.47408
0.474084
0.474088
0.47409
0.474086
0.474089
0.474088
0.47409
0.474099
0.474097
0.474097
0.474102
0.474108
0.474103
0.474108
0.474116
0.474116
0.474116
0.474125
0.474136
0.474138
0.474135
0.474142
0.474148
0.47415
0.474154
0.474158
0.474164
0.474172
0.474168
0.474176
0.47418
0.474185
0.474191
0.474195
0.474199
0.474203
0.474212
0.474215
0.474219
0.474224
0.474228
0.474233
0.474234
0.474232
0.474236
0.474237
0.474248
0.474258
0.474264
0.47426
0.474259
0.474268
0.474277
0.474281
0.474278
0.474278
0.474282
0.474292
0.474291
0.474303
0.474303
0.474312
0.474316
0.474319
0.474327
0.474329
0.474331
0.474338
0.474339
0.474347
0.474349
0.474349
0.474359
0.474367
0.474373
0.474383
0.474384
0.474391
0.474397
0.474401
0.474405
0.47441
0.474413
0.474421
0.47442
0.474427
0.474428
0.474432
0.47444
0.474438
0.474438
0.474442
0.474444
0.474447
0.474454
0.474454
0.474459
0.474461
0.474466
0.474475
0.474487
0.474491
0.474491
0.47449
0.474496
0.474502
0.474502
0.474505
0.474506
0.47451
0.474515
0.474523
0.474525
0.474524
0.474526
0.474529
0.47453
0.474535
0.474538
0.474545
0.474549
0.474553
0.474561
0.474562
0.474565
0.474563
0.474568
0.474573
0.474579
0.47458
0.474586
0.474589
0.474593
0.474598
0.474605
0.474608
0.474615
0.474614
0.474611
0.474615
0.474615
0.474614
0.474612
0.47462
0.474623
0.474627
0.474632
0.474637
0.474641
0.474639
0.474651
0.474654
0.474656
0.474663
0.474666
0.474666
0.474662
0.474658
0.474662
0.47466
0.474672
0.474673
0.474673
0.474677
0.474681
0.474682
0.474686
0.47469
0.474692
0.474692
0.474694
0.474698
0.474702
0.474704
0.474705
0.474708
0.474712
0.474719
0.474727
0.474732
0.474738
0.474741
0.474744
0.474749
0.474751
0.474755
0.474767
0.474771
0.474776
0.47478
0.474774
0.474775
0.474779
0.474783
0.474783
0.474789
0.474796
0.4748
0.474807
0.474806
0.474804
0.474816
0.474822
0.474833
0.474839
0.474837
0.474847
0.474844
0.474853
0.474861
0.474869
0.474877
0.474872
0.474878
0.474882
0.474888
0.47489
0.474889
0.474892
0.474891
0.474895
0.474899
0.474894
0.474897
0.474901
0.474905
0.474904
0.474905
0.474898
0.474902
0.474906
0.47491
0.474915
0.474913
0.474914
0.474917
0.474921
0.474926
0.474932
0.47494
0.47494
0.47494
0.474945
0.474945
0.474949
0.474951
0.474955
0.474959
0.474962
0.474964
0.474967
0.474973
0.474975
0.474978
0.474981
0.474981
0.474987
0.474992
0.47499
0.474992
0.474993
0.474998
0.475001
0.475002
0.475008
0.475014
0.475017
0.47502
0.475023
0.47503
0.475033
0.475039
0.475032
0.475033
0.475036
0.475038
0.475038
0.475042
0.475047
0.475044
0.475044
0.475043
0.475044
0.475048
0.475046
0.475048
0.475053
0.475052
0.475062
0.47507
0.475069
0.475076
0.47508
0.475076
0.475083
0.475086
0.475087
0.475087
0.475087
0.475091
0.475102
0.475108
0.475112
0.475115
0.475116
0.475124
0.475135
0.475134
0.475135
0.475138
0.475136
0.475137
0.475138
0.475145
0.475145
0.475141
0.475144
0.475146
0.475147
0.475147
0.475147
0.475149
0.475155
0.47516
0.475161
0.475164
0.47517
0.475176
0.475187
0.475187
0.475192
0.475195
0.475199
0.475202
0.475206
0.475206
0.475212
0.475217
0.475223
0.475234
0.475241
0.475245
0.475243
0.475244
0.475241
0.475245
0.475243
0.475239
0.475237
0.475241
0.475252
0.47525
0.47525
0.475245
0.475248
0.475255
0.47526
0.475264
0.475265
0.475272
0.475272
0.475271
0.47527
0.475268
0.475273
0.475277
0.47528
0.475278
0.475278
0.475282
0.47529
0.475288
0.475285
0.475294
0.475299
0.4753
0.475304
0.475308
0.475307
0.475311
0.475318
0.475318
0.475321
0.475322
0.475326
0.47533
0.475331
0.475336
0.47533
0.475333
0.475339
0.475346
0.475349
0.475355
0.475362
0.475363
0.475368
0.475368
0.475374
0.475378
0.475378
0.475383
0.475387
0.475392
0.475399
0.475399
0.475403
0.475409
0.475418
0.475424
0.475427
0.475434
0.475438
0.475444
0.475447
0.475449
0.475452
0.475452
0.475453
0.475461
0.475458
0.475459
0.47547
0.475475
0.475479
0.475486
0.475486
0.475494
0.475495
0.475495
0.475498
0.475509
0.475514
0.475519
0.475522
0.475524
0.475532
0.475538
0.47554
0.475532
0.475533
0.475536
0.47554
0.475542
0.475547
0.475548
0.475547
0.475552
0.475554
0.475556
0.475559
0.475565
0.475573
0.475579
0.475583
0.47559
0.475594
0.475599
0.4756
0.475592
0.475592
0.475596
0.475593
0.475595
0.475595
0.475598
0.475609
0.475614
0.475615
0.475619
0.475619
0.47562
0.475623
0.475628
0.475633
0.47563
0.475633
0.475641
0.475642
0.475657
0.475661
0.475655
0.47566
0.475665
0.475666
0.475666
0.475668
0.475676
0.475684
0.475686
0.475687
0.475688
0.475696
0.475699
0.475701
0.475708
0.475707
0.475711
0.475715
0.475717
0.475713
0.475717
0.475718
0.475722
0.475723
0.475723
0.475724
0.475733
0.475728
0.475734
0.475737
0.475737
0.475738
0.475737
0.475739
0.475742
0.475749
0.47575
0.475757
0.475765
0.475769
0.475772
0.475775
0.475781
0.475783
0.475788
0.475791
0.475795
0.475799
0.475804
0.475804
0.475811
0.475813
0.475816
0.47582
0.475821
0.475819
0.475824
0.475826
0.47583
0.475836
0.475837
0.475837
0.47584
0.47584
0.475843
0.475846
0.475851
0.475857
0.475864
0.475869
0.475872
0.475867
0.475868
0.475874
0.475886
0.475893
0.475897
0.4759
0.475906
0.475914
0.475922
0.475924
0.475932
0.475937
0.475939
0.475937
0.475937
0.475938
0.475941
0.475952
0.475954
0.475954
0.47596
0.475965
0.475963
0.475964
0.475969
0.475973
0.475969
0.475977
0.475978
0.475985
0.475982
0.475989
0.475991
0.476
0.476008
0.47601
0.476016
0.47602
0.476026
0.476027
0.476036
0.476034
0.476033
0.476029
0.476031
0.47603
0.476028
0.476032
0.476035
0.476037
0.476046
0.476048
0.476051
0.476051
0.476059
0.476063
0.476068
0.476071
0.476082
0.476083
0.476084
0.476081
0.476086
0.476088
0.476092
0.476097
0.476101
0.476107
0.476106
0.476109
0.476114
0.476118
0.476123
0.476128
0.476136
0.476136
0.476133
0.476139
0.476138
0.476131
0.476131
0.476134
0.476138
0.476137
0.476141
0.476139
0.476143
0.476143
0.476147
0.47615
0.476154
0.476162
0.476169
0.476169
0.47618
0.476179
0.476183
0.476183
0.476187
0.476183
0.476184
0.476188
0.476188
0.476193
0.47619
0.476192
0.476196
0.476196
0.4762
0.476205
0.476199
0.476204
0.476204
0.476206
0.476209
0.476209
0.476211
0.47621
0.47621
0.476212
0.476218
0.476222
0.476227
0.476233
0.476238
0.476239
0.476242
0.476244
0.47625
0.476248
0.476243
0.476243
0.476241
0.476241
0.476242
0.476246
0.476251
0.476252
0.476257
0.476258
0.476263
0.476268
0.476271
0.476273
0.476279
0.476285
0.476287
0.476289
0.476288
0.476287
0.476288
0.47629
0.476297
0.4763
0.476305
0.476303
0.476305
0.476304
0.476303
0.476301
0.476301
0.476305
0.476299
0.4763
0.476308
0.476305
0.476302
0.476302
0.476309
0.476312
0.476318
0.476328
0.476335
0.476341
0.476345
0.476346
0.476345
0.476354
0.476361
0.476363
0.476366
0.476373
0.476374
0.476375
0.476375
0.476377
0.476384
0.476386
0.476389
0.47639
0.476392
0.476397
0.476402
0.476399
0.4764
0.476406
0.47641
0.476417
0.47642
0.476426
0.476427
0.476426
0.47643
0.47644
0.476445
0.476455
0.476457
0.476455
0.476455
0.476457
0.47646
0.476463
0.476464
0.476473
0.476474
0.476474
0.476484
0.476487
0.476491
0.476498
0.476499
0.476501
0.47651
0.47652
0.476527
0.476534
0.476528
0.476535
0.476539
0.47654
0.476543
0.476545
0.476551
0.476552
0.476554
0.476553
0.476554
0.476552
0.476553
0.476556
0.47656
0.476559
0.47656
0.476564
0.476567
0.476568
0.476568
0.476571
0.476574
0.476575
0.476581
0.47658
0.476578
0.476583
0.47658
0.476581
0.476586
0.476586
0.476599
0.476602
0.476605
0.476606
0.476608
0.476611
0.47661
0.47661
0.476612
0.476614
0.476627
0.476625
0.476626
0.476632
0.476632
0.47663
0.476629
0.476629
0.476632
0.476632
0.47663
0.476633
0.476635
0.476637
0.476644
0.476649
0.476647
0.47665
0.476649
0.476647
0.476652
0.476653
0.47666
0.476661
0.476658
0.476658
0.476664
0.476665
0.476668
0.476675
0.476677
0.476687
0.476688
0.476699
0.476706
0.476704
0.476711
0.476715
0.47672
0.476719
0.476715
0.47672
0.476723
0.476726
0.476727
0.476731
0.476739
0.476742
0.476746
0.476746
0.47675
0.476756
0.476763
0.476761
0.476763
0.476769
0.476773
0.476774
0.476775
0.476779
0.476787
0.476786
0.476789
0.476794
0.476797
0.476798
0.476797
0.476795
0.476797
0.476805
0.47681
0.476809
0.476805
0.476807
0.4768
0.476805
0.476811
0.476817
0.476823
0.47682
0.476819
0.476827
0.476836
0.476839
0.476839
0.476847
0.476851
0.476853
0.476859
0.476859
0.476855
0.476856
0.476859
0.476857
0.476861
0.476868
0.476873
0.476881
0.476886
0.476885
0.476883
0.476885
0.476891
0.476894
0.476897
0.4769
0.476901
0.476902
0.4769
0.476904
0.476904
0.476899
0.476903
0.4769
0.476896
0.4769
0.476907
0.476907
0.476916
0.476918
0.476919
0.47692
0.476923
0.476926
0.476922
0.476926
0.476929
0.476926
0.476928
0.476929
0.476932
0.476932
0.476935
0.476934
0.476938
0.476939
0.476936
0.476937
0.476943
0.476947
0.476948
0.476952
0.476955
0.476956
0.476959
0.476958
0.476961
0.476964
0.476962
0.476961
0.476963
0.47697
0.476975
0.476981
0.476982
0.476984
0.476985
0.476987
0.476992
0.476995
0.476995
0.477
0.477005
0.477008
0.477007
0.477012
0.477018
0.47702
0.477024
0.477029
0.477031
0.477038
0.477048
0.477052
0.477056
0.477064
0.47706
0.47706
0.477063
0.47707
0.477068
0.477072
0.477078
0.477083
0.477087
0.477089
0.477091
0.477102
0.477106
0.477105
0.477107
0.477116
0.477122
0.477126
0.477131
0.477132
0.477136
0.477137
0.47714
0.47714
0.477142
0.477145
0.477148
0.477147
0.477145
0.477145
0.477148
0.477156
0.477156
0.477161
0.477162
0.477167
0.477172
0.477181
0.477187
0.477182
0.477187
0.477191
0.477196
0.477197
0.477197
0.477201
0.477204
0.477208
0.47721
0.47721
0.477216
0.477222
0.477221
0.477221
0.477227
0.477224
0.477223
0.477223
0.477226
0.477227
0.477232
0.477236
0.477241
0.47724
0.477248
0.477247
0.477254
0.477257
0.477261
0.477265
0.477267
0.477261
0.477266
0.477268
0.477274
0.477275
0.477277
0.477279
0.477278
0.477286
0.477282
0.477281
0.477289
0.477288
0.477289
0.47729
0.477295
0.477296
0.477302
0.477298
0.477298
0.477305
0.477305
0.477307
0.477301
0.477301
0.477301
0.4773
0.477303
0.477306
0.477306
0.477306
0.477311
0.477315
0.477318
0.477319
0.477325
0.477322
0.477326
0.477322
0.477327
0.477324
0.477322
0.477322
0.477324
0.477322
0.477321
0.477319
0.477314
0.477318
0.477317
0.477317
0.477317
0.477326
0.477326
0.477332
0.477334
0.477331
0.477338
0.47734
0.477342
0.477347
0.47735
0.47735
0.47735
0.477351
0.477357
0.477361
0.477361
0.477361
0.477367
0.477369
0.477367
0.477371
0.47738
0.477386
0.477388
0.477387
0.477379
0.477383
0.47739
0.477393
0.477395
0.477406
0.477406
0.477406
0.47741
0.47742
0.477418
0.477421
0.477426
0.477428
0.47743
0.477432
0.477438
0.477437
0.477437
0.477438
0.477443
0.477447
0.477445
0.47745
0.477453
0.477455
0.47746
0.477459
0.477466
0.477464
0.477461
0.47746
0.477458
0.477458
0.477464
0.477464
0.477471
0.477471
0.477475
0.477476
0.477477
0.477487
0.477493
0.477496
0.477495
0.477503
0.477507
0.477506
0.477507
0.47751
0.477511
0.477512
0.47752
0.477522
0.477528
0.477527
0.47753
0.477532
0.477532
0.477534
0.477533
0.477539
0.477537
0.477536
0.477539
0.477541
0.47754
0.477542
0.477549
0.47755
0.47755
0.477547
0.477548
0.477547
0.477549
0.477554
0.477556
0.47756
0.47756
0.477567
0.477568
0.477573
0.477578
0.477574
0.477576
0.477582
0.477588
0.477592
0.477591
0.477593
0.477594
0.477591
0.477591
0.47759
0.477591
0.477597
0.4776
0.477602
0.477602
0.477602
0.477605
0.477613
0.477615
0.477609
0.477614
0.477612
0.477614
0.47762
0.477623
0.477624
0.477632
0.477636
0.477636
0.477642
0.477642
0.47764
0.477638
0.477638
0.477642
0.477647
0.477641
0.477643
0.477644
0.477645
0.477644
0.477642
0.477649
0.477655
0.47766
0.477659
0.477661
0.477671
0.477675
0.477676
0.477675
0.477681
0.477683
0.477682
0.477681
0.477681
0.477683
0.477686
0.477685
0.477685
0.477688
0.477684
0.477681
0.477679
0.477683
0.477687
0.477689
0.477696
0.477693
0.477692
0.477689
0.477685
0.477678
0.477675
0.47768
0.477683
0.477684
0.477691
0.477694
0.477694
0.477698
0.477704
0.477709
0.477712
0.477709
0.477717
0.477724
0.477736
0.477737
0.477738
0.477741
0.477744
0.477743
0.477749
0.477751
0.477756
0.477761
0.477765
0.477765
0.477771
0.477776
0.477779
0.477779
0.477777
0.477783
0.477793
0.477792
0.47779
0.477791
0.477795
0.47779
0.477793
0.477796
0.477789
0.477792
0.4778
0.477805
0.477808
0.477806
0.477804
0.47781
0.477813
0.477814
0.477816
0.477817
0.477824
0.477826
0.477831
0.477836
0.477838
0.477842
0.477846
0.47785
0.477851
0.477859
0.477862
0.477864
0.477866
0.477867
0.477875
0.477877
0.477875
0.477876
0.477875
0.477875
0.477875
0.47788
0.477881
0.477887
0.477889
0.477885
0.47789
0.477888
0.477889
0.477889
0.477897
0.477899
0.477904
0.477908
0.477914
0.477914
0.47792
0.477924
0.477921
0.477921
0.477919
0.477915
0.477924
0.477924
0.477928
0.477933
0.477935
0.477939
0.47794
0.477937
0.477934
0.477929
0.477928
0.477933
0.477932
0.477936
0.477938
0.477938
0.47794
0.477947
0.47795
0.477957
0.477956
0.47796
0.47796
0.47796
0.47796
0.477968
0.477972
0.477969
0.477972
0.47797
0.477979
0.477976
0.477973
0.477977
0.477982
0.477983
0.477981
0.47798
0.477977
0.477981
0.477982
0.477981
0.477982
0.477979
0.477977
0.477979
0.477973
0.477976
0.477977
0.47798
0.477982
0.477982
0.477981
0.477979
0.477979
0.477977
0.477984
0.47799
0.477994
0.477995
0.477995
0.477998
0.478001
0.477999
0.477999
0.478001
0.478006
0.478012
0.478013
0.478015
0.478016
0.478013
0.478018
0.478018
0.478026
0.478028
0.478028
0.478034
0.478033
0.478038
0.478038
0.47804
0.47804
0.478042
0.478047
0.478045
0.47804
0.478043
0.478048
0.478054
0.47806
0.478064
0.478063
0.478063
0.478066
0.478071
0.478075
0.478075
0.47808
0.47809
0.478095
0.478094
0.478097
0.478095
0.4781
0.4781
0.478102
0.47811
0.478109
0.478114
0.47812
0.478121
