3.179681211055465233e-09	-7.806403335972629397e-15	1.038891959121072565e-14	1.000000000000000000e+00
6.359362422110930466e-09	-2.033850811241047846e-14	1.883865461965428102e-14	1.000000000000000000e+00
9.539043633166396527e-09	-2.013346604284047662e-13	2.030322240464680954e-13	1.000000000000000000e+00
1.271872484422186093e-08	-3.197798721785221757e-13	3.619616905857041459e-13	1.000000000000000000e+00
1.589840605527732534e-08	-5.078131224691273408e-13	2.275350055081770181e-13	1.000000000000000000e+00
1.907808726633278974e-08	-2.082487010387958982e-14	1.247846663233908447e-13	1.000000000000000000e+00
2.225776847738825746e-08	2.964766289610640165e-12	6.642426609671820477e-13	1.000000000000000000e+00
2.543744968844372187e-08	7.169493768136551766e-15	6.230739075362198503e-15	1.000000000000000000e+00
2.861713089949918627e-08	1.068845850292553564e-15	2.914216181972727094e-15	1.000000000000000000e+00
3.179681211055465068e-08	1.501295446891441331e-15	2.183863629383261926e-15	1.000000000000000000e+00
3.497649332161011508e-08	-3.040081743422745166e-16	1.190371494346927281e-15	1.000000000000000000e+00
3.815617453266557949e-08	1.734861651294373082e-15	1.028578490150002017e-15	1.000000000000000000e+00
4.133585574372105051e-08	4.110363770139927368e-16	1.113613176016273121e-15	1.000000000000000000e+00
4.451553695477651492e-08	2.652320638261378528e-15	6.986487001974900066e-16	1.000000000000000000e+00
4.769521816583197932e-08	-2.097390045511159227e-16	7.447106626705442384e-16	1.000000000000000000e+00
5.087489937688744373e-08	3.591941978983330053e-16	4.678467874139571525e-16	1.000000000000000000e+00
5.405458058794290814e-08	1.144325372053550131e-15	5.279297716634208229e-16	1.000000000000000000e+00
5.723426179899837254e-08	1.226132489082293667e-16	6.420319366401948103e-16	1.000000000000000000e+00
6.041394301005383695e-08	5.224059633991547826e-16	4.690702439974804603e-16	1.000000000000000000e+00
6.359362422110930135e-08	1.844868593302983237e-16	4.912242085145955777e-16	1.000000000000000000e+00
