3.179681211055445794e-09	2.845101985746082419e-16	3.158687558347206639e-16	1.000000000000000000e+00
6.359362422110891589e-09	-1.871351661633080839e-16	4.241198004935286027e-16	1.000000000000000000e+00
9.539043633166336970e-09	-4.454126940931756766e-16	3.163999474431465318e-16	1.000000000000000000e+00
1.271872484422178318e-08	2.515842979020517333e-17	3.158721547902794545e-16	1.000000000000000000e+00
1.589840605527722939e-08	-1.141449217542152815e-16	3.158697410768702654e-16	1.000000000000000000e+00
1.907808726633267394e-08	-6.459663671249261095e-16	3.158902769046679650e-16	1.000000000000000000e+00
2.225776847738811849e-08	9.341843020348737466e-16	1.150350548938506543e-15	1.000000000000000000e+00
2.543744968844356636e-08	-5.739974263330009160e-17	3.158657311714997340e-16	1.000000000000000000e+00
2.861713089949901091e-08	2.250690055757864770e-16	3.158750744564353603e-16	1.000000000000000000e+00
3.179681211055445877e-08	2.750438948077490923e-16	3.158712887053898249e-16	1.000000000000000000e+00
3.497649332160990332e-08	-4.107577892857893931e-16	3.631613136301619987e-16	1.000000000000000000e+00
3.815617453266534788e-08	-2.351891036546826224e-16	3.158670584210140202e-16	1.000000000000000000e+00
4.133585574372079243e-08	-6.247776200466339336e-17	3.159190008809793945e-16	1.000000000000000000e+00
4.451553695477623699e-08	-4.080288266412741808e-16	4.093135664266648947e-16	1.000000000000000000e+00
4.769521816583168816e-08	1.680620534139594856e-17	3.158788439029925502e-16	1.000000000000000000e+00
5.087489937688713271e-08	-4.364047399004943534e-16	3.622362268943473405e-16	1.000000000000000000e+00
5.405458058794257726e-08	-2.181295329322354818e-17	3.195393390032893156e-16	1.000000000000000000e+00
5.723426179899802182e-08	-2.735977201993001018e-16	3.610530159593385482e-16	1.000000000000000000e+00
6.041394301005346637e-08	-1.218412348156889340e-16	3.159847851950587619e-16	1.000000000000000000e+00
6.359362422110891754e-08	-7.235657481652407985e-16	4.203339584963255508e-16	1.000000000000000000e+00
