0.909091
0.661339
0.557832
0.506706
0.477967
0.467224
0.451082
0.441509
0.43132
0.426263
0.418761
0.411839
0.409044
0.404844
0.40387
0.406932
0.407619
0.405103
0.40449
0.403325
0.402578
0.400422
0.400181
0.400066
0.397697
0.397025
0.397975
0.398113
0.398658
0.396694
0.396646
0.395998
0.395049
0.39493
0.394497
0.394776
0.394739
0.395564
0.394431
0.394558
0.39373
0.393939
0.393504
0.394048
0.395134
0.395234
0.395321
0.394999
0.395195
0.395222
0.394683
0.394849
0.395052
0.395531
0.395447
0.395066
0.395407
0.394705
0.394946
0.395171
0.395952
0.395775
0.395843
0.395671
0.395464
0.394821
0.394342
0.393761
0.393614
0.394834
0.394622
0.394773
0.394326
0.3943
0.394425
0.394837
0.39494
0.394433
0.39466
0.39463
0.394335
0.394216
0.394626
0.394378
0.394781
0.394366
0.394476
0.395272
0.39515
0.394958
0.395591
0.395554
0.394854
0.394935
0.395126
0.394696
0.395093
0.395141
0.395479
0.395793
0.39653
0.396847
0.396606
0.397126
0.397508
0.397768
0.397419
0.397205
0.397499
0.397775
0.397506
0.397544
0.397739
0.397764
0.397771
0.397734
0.397828
0.398126
0.398248
0.398229
0.399143
0.399286
0.398907
0.398998
0.399011
0.398429
0.398783
0.398913
0.399483
0.400035
0.400426
0.400539
0.400579
0.400881
0.401266
0.401319
0.401717
0.402377
0.402125
0.402252
0.402073
0.40263
0.402612
0.402631
0.40268
0.403008
0.402896
0.402817
0.402831
0.402952
0.402811
0.402733
0.403025
0.403295
0.403421
0.403733
0.403466
0.403396
0.40371
0.403908
0.404136
0.403993
0.404088
0.40418
0.404356
0.404368
0.404231
0.404501
0.404768
0.405269
0.405295
0.40534
0.405628
0.405774
0.405811
0.405793
0.4058
0.405891
0.406052
0.406028
0.406083
0.406079
0.406228
0.406511
0.406633
0.40646
0.406682
0.406415
0.406612
0.406874
0.406938
0.406965
0.407006
0.407064
0.407055
0.407228
0.407258
0.40712
0.407364
0.407522
0.40787
0.408295
0.408375
0.408484
0.408831
0.408818
0.409079
0.409316
0.409475
0.40975
0.409711
0.409748
0.409683
0.409852
0.409949
0.40971
0.409727
0.40965
0.409789
0.409951
0.409801
0.409936
0.409921
0.409786
0.40992
0.409899
0.410237
0.410292
0.410313
0.410385
0.410517
0.410679
0.410751
0.41088
0.410946
0.411238
0.411526
0.411854
0.411854
0.411915
0.412159
0.411948
0.412118
0.412206
0.412433
0.412706
0.412912
0.412999
0.413078
0.413152
0.413554
0.413659
0.413566
0.413628
0.413872
0.41408
0.414351
0.414584
0.414427
0.414604
0.414533
0.414523
0.414488
0.414619
0.414593
0.414554
0.414544
0.41464
0.414714
0.414785
0.41474
0.414858
0.414993
0.415044
0.415181
0.415289
0.415326
0.41532
0.415333
0.415412
0.415512
0.415442
0.41549
0.415507
0.415525
0.415498
0.415704
0.41568
0.415685
0.415861
0.415962
0.4161
0.416205
0.416252
0.416235
0.416175
0.416277
0.416577
0.416811
0.417078
0.417164
0.417187
0.417212
0.417278
0.417256
0.416976
0.417342
0.417364
0.417394
0.417482
0.417663
0.417648
0.417561
0.41756
0.41754
0.417562
0.417812
0.417974
0.418003
0.418258
0.418392
0.418422
0.418618
0.418616
0.418748
0.418705
0.418653
0.418547
0.418476
0.41853
0.418782
0.418946
0.419069
0.419061
0.419133
0.419259
0.419162
0.419141
0.4191
0.41907
0.419176
0.419302
0.419328
0.419278
0.419367
0.419443
0.419442
0.419365
0.419381
0.419485
0.419627
0.419775
0.419909
0.42004
0.42007
0.42012
0.420177
0.420244
0.420216
0.42028
0.420342
0.420348
0.420478
0.420661
0.420626
0.420781
0.420795
0.420979
0.421153
0.421273
0.4213
0.421397
0.42141
0.421534
0.421572
0.421808
0.421934
0.421966
0.421949
0.422083
0.42208
0.422425
0.422519
0.422525
0.422609
0.422632
0.422803
0.422907
0.422839
0.422956
0.422976
0.423016
0.423034
0.422956
0.422965
0.422931
0.42301
0.423067
0.423137
0.42318
0.423236
0.423307
0.423313
0.423401
0.423469
0.423603
0.423688
0.423712
0.423762
0.423757
0.423817
0.423813
0.423795
0.423882
0.423986
0.424164
0.424133
0.424279
0.424229
0.424164
0.424207
0.424305
0.424317
0.424441
0.424416
0.424463
0.424344
0.424364
0.424515
0.424533
0.424436
0.424474
0.424482
0.424498
0.424587
0.424694
0.424727
0.424808
0.424862
0.424807
0.424873
0.424896
0.424844
0.424863
0.424728
0.424687
0.424857
0.424888
0.424906
0.424887
0.424909
0.424935
0.424971
0.425014
0.425211
0.425305
0.425324
0.425397
0.425368
0.425569
0.425666
0.425736
0.425897
0.425983
0.426026
0.425931
0.425936
0.425888
0.425856
0.426023
0.426108
0.426184
0.426267
0.426355
0.426365
0.4264
0.426484
0.426688
0.42669
0.426672
0.426662
0.426652
0.426639
0.426756
0.426643
0.426749
0.426857
0.427014
0.427013
0.427028
0.427009
0.426988
0.427026
0.427103
0.427126
0.427135
0.427255
0.427317
0.427291
0.42737
0.427393
0.427461
0.427533
0.427685
0.427681
0.427706
0.427642
0.427751
0.427798
0.42786
0.428026
0.428119
0.428242
0.428249
0.428316
0.428402
0.428476
0.428498
0.42846
0.428516
0.428544
0.428416
0.428461
0.428571
0.428623
0.428739
0.428878
0.428983
0.429096
0.429105
0.429187
0.429295
0.429345
0.429431
0.429541
0.429534
0.429649
0.429687
0.429765
0.429754
0.429814
0.429884
0.429958
0.430015
0.430086
0.430165
0.43016
0.430239
0.430246
0.430367
0.430399
0.430491
0.430563
0.430643
0.430658
0.430745
0.430736
0.430724
0.43083
0.430821
0.430937
0.430907
0.430986
0.430938
0.43113
0.431157
0.431227
0.43125
0.431324
0.431342
0.431487
0.431575
0.431607
0.431658
0.431691
0.431577
0.431633
0.431769
0.431876
0.431905
0.431941
0.431883
0.43192
0.431991
0.432018
0.432098
0.43213
0.432024
0.432166
0.432279
0.432382
0.43244
0.43256
0.432516
0.432605
0.432687
0.432739
0.432752
0.432854
0.432856
0.432848
0.432913
0.432855
0.432893
0.432991
0.433017
0.433093
0.433131
0.433233
0.433217
0.433211
0.433239
0.43334
0.433409
0.433561
0.433644
0.433632
0.433633
0.433657
0.433722
0.433766
0.433803
0.433941
0.434
0.433923
0.433973
0.434042
0.434059
0.434078
0.4341
0.434093
0.434193
0.434216
0.434206
0.43427
0.434336
0.434316
0.434384
0.434494
0.434519
0.434613
0.434693
0.434798
0.43485
0.434888
0.434917
0.43505
0.435188
0.435253
0.43533
0.435402
0.435481
0.435484
0.435545
0.435684
0.43569
0.435773
0.435823
0.435887
0.435945
0.435938
0.436038
0.436038
0.436091
0.436103
0.43618
0.436131
0.436163
0.436263
0.436353
0.436371
0.436472
0.436483
0.436539
0.436509
0.436597
0.436575
0.436635
0.436767
0.436802
0.436855
0.436914
0.436992
0.437048
0.437056
0.43707
0.4371
0.437141
0.437199
0.437184
0.437279
0.437305
0.437394
0.437411
0.437434
0.437549
0.437622
0.437647
0.437732
0.43778
0.437791
0.437746
0.437731
0.437844
0.437889
0.437878
0.437906
0.437888
0.437921
0.438014
0.438054
0.438124
0.438115
0.43814
0.438201
0.438309
0.438316
0.438356
0.438404
0.438369
0.438366
0.43848
0.438576
0.438623
0.438597
0.438575
0.438593
0.438612
0.43866
0.438578
0.438649
0.438693
0.43877
0.438851
0.438938
0.438972
0.439027
0.439072
0.43911
0.439152
0.439272
0.439303
0.439335
0.439369
0.439439
0.439502
0.439484
0.439532
0.439603
0.439624
0.439572
0.439589
0.43967
0.439723
0.439749
0.43973
0.4398
0.439885
0.439943
0.440061
0.44013
0.440175
0.440269
0.440284
0.440336
0.440383
0.440331
0.440405
0.440514
0.44056
0.440676
0.440743
0.440801
0.440823
0.440844
0.440849
0.440961
0.441081
0.441157
0.441158
0.441131
0.441233
0.44129
0.441263
0.441361
0.44136
0.44137
0.441397
0.44143
0.441409
0.441457
0.441519
0.441532
0.441486
0.441514
0.441582
0.441672
0.441691
0.441687
0.441678
0.441721
0.441858
0.441879
0.441875
0.441883
0.441958
0.441957
0.442033
0.442073
0.442043
0.442085
0.442162
0.442173
0.442169
0.442207
0.442243
0.442254
0.442273
0.442356
0.442425
0.44245
0.442507
0.442516
0.44253
0.442627
0.44264
0.442682
0.442781
0.442819
0.442852
0.44295
0.442964
0.442947
0.443013
0.443032
0.443054
0.443113
0.443159
0.443221
0.443251
0.443278
0.443319
0.44331
0.443388
0.443365
0.443301
0.443302
0.443363
0.443406
0.443414
0.443425
0.443414
0.443472
0.443538
0.443608
0.443674
0.443703
0.443741
0.443763
0.44379
0.443862
0.443865
0.443876
0.443932
0.443935
0.44397
0.444033
0.444087
0.444115
0.444144
0.444174
0.444263
0.444333
0.444302
0.444338
0.444318
0.444431
0.444452
0.444503
0.444513
0.444544
0.44459
0.444622
0.444661
0.444697
0.44469
0.444775
0.444766
0.444785
0.44477
0.444854
0.444938
0.44503
0.445067
0.445087
0.445126
0.445117
0.445037
0.445093
0.445159
0.445221
0.445264
0.445312
0.445375
0.445424
0.445495
0.445567
0.445595
0.445559
0.445612
0.445649
0.445598
0.445675
0.445692
0.44569
0.445686
0.445735
0.445691
0.445714
0.445733
0.44578
0.445775
0.445819
0.445872
0.445899
0.445911
0.445901
0.445869
0.44589
0.44591
0.445943
0.445993
0.446022
0.446056
0.446081
0.446092
0.44613
0.446219
0.446325
0.446365
0.44634
0.446368
0.446419
0.446392
0.446437
0.446485
0.446562
0.446658
0.446697
0.446711
0.44676
0.446791
0.446857
0.44691
0.446893
0.446963
0.447012
0.446998
0.446976
0.447039
0.447003
0.447086
0.447137
0.447125
0.447142
0.447206
0.447255
0.44724
0.447229
0.447301
0.44732
0.447305
0.447296
0.447307
0.447305
0.447315
0.447382
0.447421
0.44748
0.447489
0.44745
0.447483
0.447581
0.447582
0.447592
0.44764
0.44774
0.447771
0.447799
0.447801
0.447851
0.447835
0.447843
0.447844
0.447888
0.447927
0.448012
0.448077
0.448152
0.448171
0.448238
0.448297
0.448395
0.448409
0.448376
0.448429
0.448453
0.448483
0.44852
0.44847
0.448433
0.448488
0.448519
0.44859
0.448628
0.448699
0.448766
0.448767
0.448768
0.448783
0.448848
0.448898
0.448946
0.448968
0.44897
0.448955
0.448993
0.44904
0.449026
0.44904
0.449065
0.449099
0.449105
0.449153
0.449243
0.4493
0.449351
0.449343
0.449341
0.449385
0.449431
0.449452
0.449477
0.4495
0.449571
0.449592
0.449612
0.449617
0.449677
0.449706
0.449752
0.449801
0.449859
0.449903
0.449916
0.449949
0.449991
0.449965
0.449964
0.450051
0.450083
0.450093
0.450131
0.450176
0.450242
0.450245
0.450324
0.450366
0.45037
0.450315
0.45033
0.450362
0.450354
0.450398
0.450412
0.450435
0.450415
0.450452
0.450478
0.450555
0.450614
0.450619
0.450552
0.450578
0.450667
0.450713
0.450742
0.450746
0.450728
0.450662
0.450671
0.450752
0.450812
0.450822
0.450837
0.450869
0.450874
0.450892
0.450925
0.450964
0.450973
0.450992
0.450976
0.450992
0.45097
0.450996
0.450966
0.451038
0.451076
0.451096
0.451123
0.451129
0.451135
0.451155
0.451163
0.451165
0.451153
0.451163
0.451189
0.451195
0.451238
0.451258
0.451285
0.451299
0.451336
0.451378
0.45141
0.451409
0.451423
0.451481
0.451474
0.451523
0.451525
0.451566
0.451624
0.451672
0.451686
0.451713
0.451752
0.451791
0.451897
0.451893
0.451898
0.451931
0.451973
0.451984
0.452034
0.45206
0.452127
0.452142
0.452195
0.452213
0.45224
0.452243
0.45225
0.45228
0.452332
0.452391
0.452431
0.452468
0.452532
0.452594
0.45262
0.452673
0.452685
0.452661
0.452671
0.452679
0.452745
0.452802
0.452795
0.452831
0.452818
0.45286
0.452892
0.452871
0.452875
0.452866
0.452916
0.45296
0.45299
0.453022
0.453026
0.453103
0.453135
0.453181
0.453224
0.453241
0.45328
0.453273
0.453296
0.453332
0.453388
0.453413
0.453466
0.453519
0.453551
0.453561
0.453596
0.453592
0.453561
0.453591
0.453585
0.453633
0.453695
0.45368
0.453681
0.453763
0.4538
0.453816
0.453852
0.45388
0.453871
0.453937
0.453898
0.453958
0.454001
0.454
0.454078
0.454127
0.454147
0.454158
0.454182
0.45419
0.454189
0.454236
0.454235
0.454193
0.454251
0.454301
0.454366
0.454413
0.45451
0.454578
0.454656
0.454676
0.454725
0.454767
0.4548
0.454815
0.454883
0.454884
0.454916
0.454973
0.455006
0.45504
0.455096
0.455153
0.455171
0.455216
0.45521
0.455231
0.45526
0.455263
0.455314
0.455303
0.455343
0.455363
0.455404
0.455426
0.45541
0.455493
0.455522
0.455573
0.455613
0.455592
0.455587
0.4556
0.455672
0.455713
0.455692
0.455682
0.455687
0.455722
0.455769
0.455703
0.455749
0.455764
0.455809
0.455867
0.455893
0.455914
0.455903
0.455929
0.455949
0.455995
0.456039
0.456065
0.456112
0.456159
0.456151
0.456185
0.456207
0.456214
0.456224
0.456214
0.456263
0.45629
0.456278
0.456345
0.456357
0.456348
0.456327
0.456383
0.456419
0.456454
0.456464
0.456505
0.45655
0.45659
0.456616
0.456577
0.456585
0.456615
0.456662
0.456685
0.456689
0.456743
0.456774
0.456819
0.45683
0.456895
0.456897
0.456914
0.456932
0.456956
0.456988
0.45697
0.456922
0.456985
0.457007
0.45703
0.457073
0.45712
0.457154
0.457182
0.457234
0.457205
0.457212
0.457229
0.457225
0.457249
0.457267
0.457276
0.45731
0.457352
0.457369
0.457423
0.45747
0.457465
0.457524
0.457525
0.457516
0.45752
0.457521
0.457521
0.457552
0.457549
0.457576
0.457632
0.457671
0.457699
0.457729
0.457762
0.457739
0.457713
0.457735
0.457726
0.457773
0.457817
0.457808
0.457833
0.457869
0.457869
0.45789
0.457915
0.457959
0.457973
0.458039
0.458086
0.458128
0.458158
0.458157
0.458146
0.458155
0.458153
0.458166
0.45818
0.458216
0.458186
0.458206
0.458234
0.458254
0.458256
0.458265
0.458281
0.458253
0.458276
0.458299
0.458348
0.458317
0.458305
0.458301
0.458312
0.458315
0.458317
0.458346
0.458334
0.458377
0.458413
0.458442
0.458463
0.458472
0.458501
0.458538
0.458552
0.458583
0.458595
0.458636
0.458682
0.458707
0.458756
0.458731
0.458734
0.458766
0.458804
0.458786
0.458798
0.458836
0.458865
0.458884
0.458932
0.458943
0.45899
0.459004
0.459016
0.459039
0.459054
0.459068
0.45909
0.459095
0.459107
0.459131
0.459155
0.459157
0.459172
0.459179
0.459208
0.459256
0.459285
0.459296
0.459304
0.459304
0.459305
0.459326
0.459327
0.459344
0.45934
0.459358
0.459403
0.45944
0.459444
0.459494
0.459475
0.459521
0.459538
0.459529
0.459531
0.45955
0.459548
0.459577
0.459582
0.459596
0.459625
0.459661
0.459701
0.459725
0.459764
0.459816
0.459791
0.459777
0.459813
0.459846
0.459884
0.459907
0.45993
0.459934
0.459913
0.459925
0.459944
0.459957
0.459976
0.459997
0.459981
0.459984
0.459971
0.45997
0.459991
0.460016
0.46002
0.460062
0.460128
0.460147
0.460172
0.460181
0.460253
0.460248
0.460228
0.460249
0.460264
0.460272
0.46024
0.46027
0.46031
0.460346
0.460332
0.46035
0.460406
0.46044
0.460498
0.460518
0.460478
0.4605
0.460508
0.460534
0.460568
0.460567
0.460595
0.460608
0.460617
0.460649
0.460693
0.460726
0.460735
0.460782
0.460786
0.460804
0.460842
0.460831
0.460849
0.460845
0.46088
0.460885
0.460906
0.460971
0.46099
0.461009
0.461007
0.461009
0.461003
0.461005
0.461042
0.461042
0.461064
0.461118
0.461111
0.461149
0.461154
0.461144
0.461188
0.461195
0.461232
0.461261
0.461273
0.461298
0.46131
0.461345
0.461384
0.461412
0.461453
0.461493
0.461533
0.461547
0.461579
0.461597
0.461612
0.461648
0.461664
0.461639
0.46168
0.461708
0.461708
0.461742
0.461755
0.461767
0.461776
0.461787
0.461765
0.461753
0.461758
0.461777
0.461755
0.461782
0.461801
0.461805
0.461805
0.461804
0.461804
0.461811
0.461804
0.461888
0.461902
0.461905
0.461899
0.461918
0.461921
0.461956
0.461943
0.461985
0.462021
0.462031
0.462049
0.462063
0.462084
0.462116
0.462128
0.462119
0.462132
0.462145
0.462153
0.462182
0.462199
0.462234
0.46227
0.462288
0.462331
0.462335
0.462372
0.462395
0.462437
0.462442
0.46249
0.462491
0.46248
0.462501
0.462521
0.462562
0.462562
0.46258
0.462612
0.462601
0.46264
0.462675
0.462683
0.462739
0.462763
0.462788
0.462836
0.462831
0.462844
0.462851
0.462889
0.462868
0.462882
0.462884
0.462906
0.462916
0.462905
0.46293
0.462967
0.463015
0.463003
0.463035
0.46304
0.46302
0.46307
0.463069
0.463073
0.46308
0.463074
0.463117
0.463131
0.463159
0.463166
0.463158
0.463157
0.463147
0.463193
0.463216
0.463234
0.46325
0.46327
0.463262
0.463283
0.463307
0.463333
0.463343
0.463363
0.463389
0.463408
0.463408
0.463423
0.463485
0.463477
0.463518
0.463534
0.463532
0.463573
0.463559
0.463555
0.46356
0.463592
0.463633
0.463655
0.463672
0.463666
0.463674
0.463681
0.463722
0.463718
0.46377
0.463778
0.463799
0.463788
0.463795
0.463796
0.46382
0.463803
0.463796
0.463813
0.463822
0.463827
0.463858
0.463907
0.46392
0.463919
0.463941
0.463937
0.463953
0.463931
0.46395
0.46398
0.464005
0.464016
0.46406
0.464069
0.464147
0.46412
0.464123
0.464104
0.464116
0.464132
0.464167
0.464219
0.464249
0.464266
0.464278
0.464282
0.464281
0.464274
0.464294
0.464319
0.464316
0.4643
0.464285
0.464276
0.4643
0.464327
0.464322
0.464327
0.464337
0.464359
0.464379
0.464372
0.464374
0.46438
0.464384
0.464394
0.464351
0.464368
0.464368
0.46435
0.464345
0.464341
0.46435
0.464374
0.464391
0.464419
0.464471
0.464464
0.464512
0.464547
0.464598
0.464572
0.464568
0.464555
0.464574
0.464615
0.464621
0.46464
0.464659
0.46467
0.464691
0.464704
0.464714
0.464745
0.464771
0.464817
0.464836
0.464882
0.464899
0.464938
0.464963
0.464967
0.465006
0.465025
0.465022
0.465063
0.4651
0.465131
0.465123
0.465114
0.465116
0.465118
0.46514
0.465181
0.465165
0.46516
0.465138
0.465156
0.465177
0.465176
0.465188
0.465211
0.465196
0.465213
0.465223
0.465223
0.465244
0.465266
0.465295
0.465321
0.465343
0.465369
0.465378
0.465375
0.465378
0.465407
0.4654
0.465428
0.465446
0.465477
0.46546
0.465482
0.465508
0.465526
0.465537
0.465533
0.465571
0.465586
0.465599
0.465617
0.465616
0.465634
0.465644
0.465679
0.465693
0.465687
0.465684
0.465692
0.465716
0.465736
0.465773
0.465774
0.46579
0.465834
0.46587
0.465898
0.465931
0.465928
0.46597
0.465974
0.465974
0.466007
0.466022
0.466037
0.466048
0.466076
0.466074
0.466087
0.466062
0.466112
0.466111
0.466114
0.466145
0.466135
0.46615
0.466166
0.466169
0.46621
0.466219
0.466219
0.466227
0.466228
0.46625
0.466272
0.466283
0.466306
0.466348
0.46637
0.466393
0.466422
0.466446
0.466457
0.466481
0.466506
0.466527
0.46657
0.466592
0.466607
0.466596
0.466616
0.466636
0.466658
0.466664
0.466702
0.466719
0.46675
0.466783
0.466799
0.466774
0.466765
0.466769
0.466764
0.466777
0.466769
0.466802
0.46681
0.466835
0.466863
0.46687
0.466912
0.46691
0.466906
0.466915
0.466909
0.46691
0.466905
0.466914
0.466928
0.466944
0.466952
0.466974
0.466983
0.466991
0.466978
0.467007
0.467032
0.467047
0.467065
0.467076
0.467073
0.46709
0.467087
0.467101
0.467102
0.467095
0.467101
0.467102
0.467118
0.46712
0.467132
0.467144
0.46716
0.467149
0.467164
0.4672
0.467228
0.46727
0.467278
0.467279
0.467291
0.467322
0.467319
0.467325
0.467354
0.467383
0.467382
0.46738
0.467401
0.467409
0.467441
0.46745
0.467468
0.467495
0.467508
0.467499
0.467517
0.467545
0.467555
0.467532
0.467553
0.467569
0.46759
0.467594
0.467612
0.467629
0.467617
0.467619
0.467612
0.467614
0.467612
0.4676
0.467595
0.467594
0.46763
0.467655
0.467694
0.467716
0.467707
0.467719
0.46776
0.46777
0.467768
0.46779
0.467805
0.467793
0.467771
0.467767
0.467777
0.467828
0.467811
0.467833
0.467856
0.467851
0.467863
0.467858
0.467833
0.467852
0.467887
0.467906
0.467901
0.467885
0.467901
0.467909
0.467916
0.467914
0.467927
0.467933
0.467937
0.467938
0.467956
0.467972
0.468007
0.468
0.467991
0.467998
0.46801
0.468037
0.468027
0.468039
0.46807
0.468071
0.468081
0.468073
0.468079
0.468106
0.468134
0.468176
0.468203
0.468223
0.468217
0.468233
0.468239
0.468266
0.468272
0.468266
0.468263
0.468263
0.468266
0.468284
0.468281
0.468268
0.468272
0.468291
0.468298
0.468309
0.468334
0.46835
0.468343
0.468358
0.468355
0.468351
0.468359
0.468342
0.468387
0.468418
0.468436
0.46844
0.468453
0.468449
0.468473
0.468454
0.468481
0.468507
0.468548
0.468556
0.468573
0.468587
0.468622
0.46864
0.468625
0.468636
0.468668
0.468679
0.46871
0.468745
0.468769
0.46878
0.468806
0.46882
0.468814
0.468792
0.468808
0.468862
0.46886
0.468886
0.468877
0.468877
0.468876
0.468892
0.468905
0.468888
0.4689
0.46892
0.468932
0.468953
0.468968
0.468989
0.468998
0.468981
0.469001
0.469008
0.469009
0.469035
0.469053
0.469055
0.469082
0.469109
0.469127
0.469166
0.469176
0.469153
0.469196
0.469187
0.469205
0.469214
0.469215
0.469195
0.469183
0.469183
0.469194
0.469211
0.469209
0.469218
0.469229
0.469222
0.469228
0.469257
0.46926
0.469272
0.469299
0.46931
0.469301
0.469304
0.46932
0.469355
0.469338
0.469347
0.469354
0.469365
0.469383
0.469399
0.469407
0.469438
0.469457
0.469478
0.469494
0.469527
0.469522
0.469534
0.469538
0.46956
0.469551
0.469562
0.469579
0.469563
0.469577
0.469603
0.469626
0.469639
0.469633
0.469671
0.469684
0.469719
0.469733
0.469746
0.469751
0.469772
0.46977
0.469777
0.469782
0.469788
0.469797
0.469811
0.46984
0.469858
0.469865
0.469855
0.469859
0.469888
0.469921
0.469955
0.46998
0.469986
0.469991
0.469996
0.470016
0.47003
0.470077
0.470124
0.470136
0.470156
0.470152
0.470147
0.470157
0.470172
0.470182
0.470218
0.470238
0.470255
0.470235
0.470229
0.470228
0.470201
0.470223
0.470246
0.470239
0.470243
0.470246
0.470275
0.470282
0.470274
0.470305
0.470332
0.470348
0.470383
0.470423
0.470436
0.470429
0.470438
0.47046
0.470461
0.470474
0.470467
0.470494
0.470489
0.47049
0.470524
0.470544
0.470557
0.470555
0.470582
0.470613
0.470642
0.470651
0.470661
0.47067
0.4707
0.470696
0.470712
0.470731
0.470746
0.470767
0.470774
0.4708
0.470809
0.470848
0.470826
0.470837
0.47084
0.470846
0.470859
0.470861
0.470866
0.470892
0.470912
0.470929
0.470957
0.470961
0.470964
0.470971
0.470975
0.470987
0.470992
0.470997
0.471025
0.471039
0.471042
0.471086
0.471108
0.471138
0.471145
0.471122
0.471135
0.47117
0.471168
0.471185
0.471225
0.471234
0.47122
0.471249
0.47128
0.471279
0.471299
0.471334
0.47135
0.471344
0.471364
0.471362
0.47137
0.471356
0.471369
0.471378
0.471384
0.471376
0.471397
0.471413
0.471416
0.471431
0.471452
0.471458
0.471489
0.471513
0.471546
0.471527
0.47155
0.471573
0.471593
0.471612
0.471665
0.471694
0.471706
0.47171
0.471684
0.471666
0.471676
0.471692
0.471723
0.471748
0.471774
0.471795
0.471793
0.471809
0.471824
0.471868
0.47188
0.47191
0.471909
0.47192
0.471931
0.471948
0.471954
0.471961
0.471961
0.471949
0.471957
0.471983
0.471985
0.47202
0.472032
0.47204
0.472025
0.47203
0.472033
0.472066
0.472073
0.472095
0.472101
0.472088
0.472126
0.472133
0.472136
0.472133
0.472162
0.472188
0.472176
0.472182
0.472202
0.472231
0.472251
0.472275
0.472292
0.472292
0.472307
0.472311
0.472325
0.472331
0.47233
0.472353
0.472363
0.472369
0.472366
0.47239
0.472411
0.472413
0.472425
0.472457
0.472457
0.472465
0.472487
0.472501
0.472517
0.472526
0.472539
0.472551
0.472561
0.472588
0.472584
0.47262
0.472624
0.472623
0.472634
0.472638
0.472684
0.472709
0.472706
0.472708
0.472736
0.47275
0.472762
0.47278
0.472782
0.472798
0.472804
0.472835
0.472851
0.47285
0.472871
0.472864
0.472885
0.4729
0.472898
0.472905
0.472908
0.472909
0.472941
0.472974
0.472952
0.472943
0.472949
0.472968
0.472992
0.473017
0.473049
0.473063
0.473082
0.473096
0.473121
0.473095
0.473086
0.473103
0.473107
0.473113
0.473118
0.473122
0.473125
0.47317
0.473192
0.473215
0.473223
0.473246
0.473229
0.473239
0.473247
0.47327
0.473275
0.47328
0.473279
0.473301
0.473312
0.473311
0.473285
0.473309
0.473329
0.473333
0.473359
0.473348
0.473383
0.47338
0.473399
0.473427
0.473439
0.473424
0.473444
0.473457
0.47345
0.473436
0.473451
0.473474
0.473484
0.473521
0.473554
0.473567
0.473569
0.473574
0.473562
0.473572
0.473586
0.473602
0.473606
0.473625
0.473644
0.473624
0.473644
0.473623
0.473635
0.473653
0.473676
0.473698
0.473733
0.473734
0.473739
0.473742
0.473747
0.473769
0.473773
0.473782
0.473775
0.473784
0.473797
0.473812
0.473802
0.473821
0.47382
0.47383
0.47384
0.473851
0.473855
0.473855
0.47386
0.473868
0.473878
0.473894
0.473911
0.473916
0.473924
0.473936
0.473939
0.47396
0.473968
0.473971
0.473961
0.473967
0.473973
0.47398
0.473982
0.473997
0.474017
0.474043
0.474069
0.474059
0.474058
0.474085
0.474091
0.474088
0.474081
0.474104
0.474108
0.474106
0.474107
0.474107
0.474127
0.474137
0.474173
0.474188
0.474205
0.474225
0.474232
0.474258
0.474268
0.47428
0.474283
0.47429
0.474303
0.474315
0.474331
0.474348
0.474365
0.474358
0.474351
0.474366
0.474372
0.474403
0.474416
0.474422
0.474412
0.474417
0.474422
0.474425
0.474429
0.474434
0.474444
0.474458
0.474468
0.474479
0.474507
0.474497
0.474508
0.474536
0.47454
0.474554
0.474574
0.47457
0.474569
0.474591
0.474595
0.474624
0.474622
0.47463
0.474627
0.474646
0.474663
0.474673
0.474694
0.474689
0.47469
0.474712
0.474735
0.474745
0.474757
0.474769
0.47479
0.474808
0.474823
0.474818
0.474816
0.47483
0.47483
0.474848
0.474873
0.47487
0.474874
0.474903
0.474923
0.474934
0.47495
0.474959
0.47496
0.474942
0.474943
0.474959
0.474985
0.474992
0.475009
0.475014
0.475005
0.475014
0.475033
0.475057
0.475058
0.475068
0.475088
0.475075
0.475093
0.475113
0.475123
0.475117
0.475112
0.475099
0.475101
0.475101
0.47512
0.475142
0.475161
0.475172
0.475188
0.475203
0.475203
0.475225
0.475249
0.47529
0.475285
0.475318
0.475339
0.475337
0.475343
0.475354
0.47538
0.475379
0.475392
0.475405
0.475412
0.475448
0.47546
0.475475
0.475488
0.475492
0.475491
0.475482
0.475492
0.475517
0.475517
0.475502
0.47552
0.475538
0.475553
0.475569
0.475584
0.475594
0.475604
0.475593
0.475614
0.475634
0.475641
0.475626
0.475648
0.475682
0.475689
0.47569
0.475706
0.475704
0.475685
0.475702
0.475723
0.475734
0.475741
0.475759
0.475773
0.475784
0.475801
0.475807
0.475809
0.475819
0.475835
0.475834
0.475865
0.475853
0.475861
0.475871
0.475893
0.475913
0.47593
0.475955
0.475955
0.475971
0.475976
0.475961
0.475995
0.476003
0.476004
0.476017
0.476034
0.476033
0.476057
0.4761
0.476107
0.476118
0.476159
0.476181
0.476194
0.476196
0.476209
0.476216
0.476212
0.476205
0.476234
0.476255
0.476258
0.476265
0.476289
0.476307
0.476322
0.476342
0.476331
0.476328
0.476356
0.476367
0.476371
0.476386
0.476394
0.476408
0.476411
0.476409
0.476421
0.476414
0.476428
0.476458
0.476454
0.476459
0.476454
0.476471
0.476481
0.476477
0.47649
0.476492
0.476505
0.476511
0.476528
0.476544
0.476542
0.476549
0.47658
0.476567
0.476587
0.476587
0.476577
0.476548
0.476543
0.476537
0.47655
0.476571
0.476569
0.476598
0.476632
0.476648
0.476676
0.476705
0.476703
0.476706
0.476704
0.476713
0.476742
0.47674
0.476749
0.476763
0.476791
0.47682
0.476819
0.476837
0.476851
0.476866
0.476886
0.476874
0.476894
0.476906
0.476908
0.476903
0.476905
0.47688
0.476886
0.476918
0.476946
0.47694
0.476931
0.47695
0.476958
0.476957
0.476964
0.47696
0.47698
0.476979
0.476997
0.477006
0.477008
0.477015
0.477028
0.477039
0.477059
0.477072
0.477069
0.477073
0.477088
0.477081
0.477086
0.477101
0.477102
0.477111
0.477122
0.477123
0.477139
0.477147
0.477158
0.477153
0.477162
0.477168
0.477165
0.477179
0.477186
0.477218
0.47723
0.477225
0.477232
0.477241
0.477277
0.477271
0.477274
0.477273
0.477281
0.477288
0.47729
0.477299
0.477291
0.477312
0.47733
0.477336
0.477349
0.477357
0.477347
0.477354
0.47736
0.477372
0.477397
0.477413
0.477426
0.477433
0.47745
0.477465
0.477462
0.477475
0.477464
0.477465
0.477472
0.47747
0.477481
0.477481
0.477486
0.477484
0.477468
0.477488
0.477513
0.477503
0.477524
0.477529
0.477526
0.477546
0.477548
0.477542
0.47755
0.477558
0.47758
0.477587
0.477602
0.477607
0.477606
0.477612
0.477606
0.477599
0.477612
0.477629
0.477646
0.477663
0.477667
0.477692
0.477674
0.477669
0.477687
0.477699
0.477703
0.477728
0.477719
0.477726
0.477737
0.477722
0.477736
0.47775
0.47777
0.477778
0.477779
0.477805
0.477829
0.477832
0.477856
0.477873
0.477891
0.477901
0.477913
0.477908
0.477925
0.477931
0.477953
0.477947
0.477947
0.477957
0.477941
0.477948
0.477965
0.477981
0.477981
0.477987
0.47798
0.477995
0.478008
0.477992
0.477988
0.477991
0.477994
0.478001
0.47801
0.478032
0.478048
0.478061
0.478062
0.478062
0.478043
0.478047
0.478048
0.478061
0.478085
0.478072
0.478084
0.478094
0.478106
0.478109
0.478121
0.478141
0.478141
0.478149
0.478171
0.478163
0.478184
0.478194
0.47821
0.478208
0.47821
0.478215
0.478237
0.478236
0.47824
0.478251
0.478246
0.47825
0.478279
0.478283
0.478267
0.478289
0.478301
0.4783
0.478306
0.478312
0.478308
0.478292
0.478317
0.478328
0.478347
0.478367
0.478378
0.478396
0.478408
0.478386
0.478401
0.478407
0.478401
0.478427
0.478428
0.478448
0.478456
0.478475
0.478477
0.478486
0.478494
0.478479
0.478494
0.478478
0.478479
0.478473
0.478469
0.478481
0.478474
0.47848
0.478487
0.478496
0.478493
0.478498
0.478511
0.47852
0.478538
0.478564
0.478572
0.47858
0.478587
0.4786
0.478625
0.478653
0.478642
0.47865
0.478659
0.47866
0.478664
0.478664
0.478681
0.478695
0.478707
0.47873
0.478751
0.478757
0.478778
0.478791
0.478782
0.478776
0.478776
0.478786
0.478784
0.478775
0.478782
0.478777
0.478805
0.478797
0.478805
0.47883
0.478822
0.478846
0.478862
0.478868
0.478867
0.478878
0.478876
0.478883
0.47888
0.478882
0.478899
0.478902
0.47891
0.478917
0.478925
0.478933
0.478937
0.478942
0.47895
0.478956
0.478959
0.478956
0.478956
0.478977
0.478988
0.479003
0.47902
0.479032
0.47903
0.479041
0.479036
0.479048
0.479065
0.479071
0.479082
0.479103
0.479107
0.479123
0.479124
0.479143
0.479159
0.479161
0.479159
0.479151
0.479172
0.479166
0.479176
0.479178
0.479192
0.479192
0.479196
0.479208
0.479212
0.479208
0.479216
0.479215
0.479204
0.479216
0.479219
0.479237
0.479246
0.479245
0.479255
0.479256
0.479279
0.47929
0.47931
0.479308
0.479332
0.479345
0.479343
0.479349
0.479345
0.479351
0.479376
0.479387
0.4794
0.479415
0.479415
0.479431
0.479447
0.479451
0.479455
0.479463
0.479469
0.479477
0.479491
0.479486
0.479479
0.479486
0.47949
0.479486
0.479491
0.479505
0.479518
0.479532
0.479521
0.479527
0.479535
0.479536
0.479533
0.479567
0.479584
0.479596
0.479596
0.479594
0.479609
0.479618
0.479644
0.479654
0.479658
0.479652
0.47965
0.479652
0.479657
0.479663
0.479667
0.479672
0.479678
0.479702
0.47971
0.479728
0.479745
0.479765
0.479772
0.479794
0.47979
0.479792
0.4798
0.47981
0.479798
0.479808
0.479804
0.479812
0.479812
0.479821
0.479814
0.479828
0.479845
0.479851
0.479855
0.479841
0.479856
0.479864
0.479867
0.479874
0.479881
0.479865
0.479876
0.479871
0.479893
0.479896
0.4799
0.479911
0.479924
0.479935
0.47993
0.479926
0.479945
0.479947
0.479941
0.479951
0.479953
0.47996
0.479966
0.479968
0.479971
0.479976
0.479979
0.479988
0.479989
0.480007
0.480023
0.480042
0.480037
0.480035
0.480051
0.480059
0.480088
0.480107
0.480123
0.480119
0.480135
0.480142
0.480143
0.480139
0.48014
0.480155
0.480164
0.480158
0.480156
0.480167
0.480179
0.48018
0.480189
0.480199
0.48022
0.480221
0.480237
0.480229
0.480223
0.480225
0.480219
0.48023
0.480241
0.480259
0.480267
0.480285
0.480292
0.480302
0.480298
0.480301
0.480302
0.480325
0.480348
0.480358
0.480374
0.480372
0.480383
0.480397
0.480394
0.48039
0.480394
0.480421
0.480414
0.480418
0.480428
0.480432
0.480439
0.48042
0.480434
0.48045
0.480446
0.480446
0.480456
0.480463
0.480471
0.480494
0.480504
0.480518
0.480539
0.480532
0.480543
0.480531
0.480548
0.480566
0.480581
0.480602
0.480619
0.480627
0.480624
0.480627
0.480628
0.480652
0.480658
0.480672
0.480683
0.480684
0.480688
0.480696
0.480713
0.480718
0.480724
0.480721
0.480711
0.480716
0.480717
0.480719
0.480726
0.480744
0.480738
0.480743
0.480752
0.480749
0.480748
0.480756
0.480761
0.480764
0.480783
0.480786
0.48078
0.480775
0.480789
0.480796
0.4808
0.480793
0.480784
0.480794
0.480823
0.480816
0.480814
0.480818
0.480811
0.480814
0.48081
0.48083
0.480842
0.480848
0.480874
0.480894
0.480912
0.480918
0.48093
0.480945
0.48095
0.480956
0.480962
0.480964
0.480968
0.480998
0.481011
0.481023
0.481031
0.48104
0.481049
0.481048
0.481065
0.481058
0.481064
0.481072
0.481074
0.481087
0.481099
0.481084
0.481085
0.481083
0.481101
0.481107
0.481104
0.481126
0.481122
0.481134
0.481153
0.481167
0.481178
0.48117
0.481178
0.481183
0.481178
0.48118
0.481183
0.481191
0.481185
0.481187
0.481179
0.481187
0.481203
0.481195
0.481189
0.481202
0.481212
0.481213
0.481224
0.481223
0.481226
0.481223
0.481234
0.481246
0.481256
0.481263
0.481257
0.481259
0.481254
0.481262
0.481267
0.481284
0.481281
0.481283
0.48131
0.481309
0.481304
0.481301
0.481296
0.481315
0.481328
0.481338
0.48133
0.481334
0.481338
0.481335
0.48135
0.481384
0.481396
0.481398
0.481393
0.481401
0.481417
0.481437
0.481438
0.481434
0.481434
0.481439
0.481435
0.481428
0.48144
0.48145
0.481462
0.481462
0.481454
0.481464
0.481463
0.481464
0.481472
0.48149
0.481488
0.481515
0.481529
0.481528
0.481527
0.481534
0.481537
0.481538
0.481552
0.481562
0.481555
0.481556
0.481552
0.481549
0.48154
0.481549
0.481543
0.481563
0.481591
0.481601
0.481595
0.481609
0.481623
0.48164
0.481628
0.481617
0.48163
0.481633
0.481633
0.48165
0.481659
0.481668
0.481679
0.481681
0.481678
0.481687
0.481692
0.481711
0.481722
0.481736
0.481738
0.481747
0.481761
0.481774
0.481787
0.48181
0.481822
0.481835
0.481858
0.481863
0.48186
0.48187
0.481873
0.481869
0.481877
0.481878
0.481886
0.481892
0.481905
0.481929
0.481916
0.481921
0.481921
0.481924
0.481942
0.481938
0.481947
0.481937
0.481948
0.481944
0.481952
0.481943
0.481953
0.481971
0.481975
0.48199
0.481985
0.482001
0.481985
0.482
0.482007
0.482037
0.482022
0.482021
0.482021
0.482019
0.482028
0.482037
0.482044
0.482056
0.482067
0.482065
0.482078
0.482083
0.482105
0.482107
0.48211
0.482129
0.482128
0.482138
0.482153
0.482163
0.482161
0.482163
0.482177
0.482195
0.482206
0.482208
0.482192
0.482197
0.482198
0.482209
0.482216
0.48223
0.482242
0.482253
0.482263
0.482266
0.482262
0.482264
0.482267
0.482259
0.482274
0.482286
0.482288
0.482301
0.482305
0.482322
0.48232
0.48233
0.482333
0.482331
0.482344
0.482351
0.482354
0.482356
0.482346
0.482356
0.482353
0.482368
0.482382
0.482391
0.482401
0.482407
0.482419
0.482412
0.482419
0.482421
0.482411
0.482417
0.482427
0.482436
0.482445
0.482439
0.482451
0.482457
0.482469
0.482473
0.482481
0.482477
0.482484
0.482488
0.482491
0.482514
0.48251
0.48251
0.482519
0.482536
0.482544
0.482549
0.482551
0.482556
0.48256
0.482561
0.482543
0.482539
0.482545
0.482542
0.482534
0.482545
0.48255
0.48255
0.482554
0.482562
0.482564
0.482579
0.482583
0.482595
0.482601
0.482585
0.482577
0.482586
0.482598
0.482617
0.482625
0.482635
0.482626
0.482626
0.482615
0.482626
0.482625
0.482647
0.482666
0.482667
0.482665
0.482672
0.482677
0.48268
0.482689
0.482684
0.482683
0.482681
0.482684
0.482684
0.482679
0.482677
0.482676
0.482699
0.482703
0.48271
0.482714
0.482704
0.482715
0.482735
0.482753
0.482759
0.482761
0.482771
0.482774
0.482785
0.482788
0.482791
0.482803
0.482801
0.482805
0.482808
0.482809
0.482819
0.482826
0.482843
0.482837
0.482847
0.482849
0.482854
0.482864
0.482866
0.482872
0.482866
0.482875
0.482888
0.482886
0.482882
0.482876
0.482878
0.482893
0.482897
0.48291
0.482922
0.482937
0.482943
0.482948
0.482955
0.482971
0.482976
0.482978
0.482977
0.482983
0.482991
0.482992
0.482997
0.483001
0.482999
0.482993
0.482995
0.482999
0.482996
0.483001
0.483008
0.483019
0.483016
0.483027
0.483023
0.483023
0.483041
0.483036
0.483045
0.483051
0.48305
0.483064
0.483068
0.483081
0.483093
0.483115
0.483116
0.483124
0.483132
0.483124
0.48313
0.483135
0.483153
0.483161
0.483165
0.483165
0.483176
0.483188
0.483179
0.483178
0.483179
0.48318
0.483193
0.483212
0.483202
0.483205
0.483213
0.483215
0.483217
0.483225
0.483225
0.483237
0.483258
0.483254
0.483266
0.483274
0.483281
0.483294
0.48329
0.483282
0.483274
0.483284
0.483296
0.483313
0.483307
0.48331
0.483317
0.483326
0.483319
0.483324
0.48333
0.483325
0.483332
0.483349
0.483346
0.483341
0.483343
0.483357
0.483362
0.48338
0.483379
0.48338
0.483389
0.483398
0.483399
0.483393
0.483392
0.483397
0.483399
0.483402
0.483416
0.483416
0.483436
0.483431
0.483441
0.48345
0.483455
0.483457
0.483462
0.483471
0.483487
0.483499
0.483521
0.483529
0.483529
0.483544
0.483537
0.483538
0.483547
0.483555
0.483553
0.483559
0.483554
0.483555
0.483574
0.483582
0.483567
0.48356
0.483565
0.483576
0.483577
0.483566
0.483561
0.483567
0.483575
0.483588
0.483593
0.483621
0.483615
0.483609
0.483609
0.483615
0.483622
0.483623
0.483638
0.483636
0.483645
0.48366
0.483669
0.483673
0.483665
0.483677
0.48369
0.483687
0.483684
0.483678
0.4837
0.483707
0.483719
0.483725
0.483748
0.483751
0.483749
0.483753
0.48376
0.483756
0.48376
0.483775
0.483788
0.483796
0.48381
0.483815
0.483816
0.483821
0.483814
0.483811
0.483809
0.483814
0.483807
0.483801
0.48381
0.48382
0.483827
0.483829
0.483837
0.48382
0.483813
0.483824
0.483835
0.483829
0.483826
0.483835
0.483836
0.483835
0.48383
0.483847
0.483868
0.483871
0.483881
0.483885
0.483894
0.483913
0.483912
0.483907
0.483923
0.483938
0.483933
0.483952
0.483957
0.483955
0.483955
0.483952
0.483957
0.483962
0.483961
0.483968
0.48397
0.483973
0.483984
0.483999
0.484003
0.484007
0.484024
0.484026
0.484032
0.484015
0.48402
0.484028
0.484031
0.484036
0.484045
0.484054
0.484057
0.484078
0.484089
0.484105
0.484109
0.484113
0.484114
0.484112
0.484107
0.484122
0.484116
0.484131
0.484135
0.484137
0.484128
0.484139
0.484126
0.484122
0.48412
0.484125
0.484139
0.484153
0.484144
0.484153
0.484144
0.484163
0.484176
0.484186
0.484202
0.484201
0.484194
0.484205
0.48421
0.48421
0.484219
0.484218
0.484216
0.484209
0.484222
0.484233
0.484235
0.48424
0.484241
0.484229
0.484238
0.484226
0.484226
0.484236
0.484241
0.484251
0.484249
0.484263
0.484269
0.484276
0.484286
0.484293
0.484302
0.484307
0.484312
0.484315
0.484322
0.484327
0.484328
0.484328
0.484338
0.484333
0.484331
0.484341
0.484351
0.484357
0.484356
0.48438
0.484371
0.484385
0.484387
0.484393
0.484402
0.484405
0.484411
0.484422
0.484423
0.484429
0.484436
0.484441
0.484461
0.484461
0.484457
0.484471
0.484469
0.484472
0.484474
0.484483
0.484486
0.484488
0.484489
0.484504
0.484507
0.4845
0.484517
0.484528
0.484551
0.484551
0.484565
0.484563
0.484573
0.484584
0.484595
0.484591
0.484595
0.484604
0.484603
0.484602
0.484595
0.48461
0.484617
0.484622
0.484617
0.484601
0.484604
0.484593
0.484594
0.484597
0.484599
0.484603
0.484594
0.484599
0.484606
0.484613
0.484607
0.484601
0.484592
0.484598
0.484606
0.48462
0.48463
0.484643
0.484659
0.484671
0.484677
0.484669
0.484665
0.484667
0.484677
0.484676
0.484689
0.48469
0.484696
0.484702
0.484713
0.484722
0.484735
0.48474
0.484741
0.484763
0.484759
0.48477
0.484769
0.484773
0.484774
0.484777
0.48478
0.484799
0.484797
0.484798
0.484798
0.484805
0.484811
0.484811
0.484814
0.484809
0.484815
0.484821
0.484833
0.48485
0.484855
0.484837
0.484848
0.484854
0.484863
0.484856
0.484851
0.484837
0.484844
0.484843
0.484844
0.484863
0.484875
0.48488
0.484882
0.484909
0.484915
0.484924
0.484927
0.484935
0.484943
0.484951
0.484959
0.48496
0.48497
0.484991
0.48499
0.484983
0.485002
0.485004
0.485012
0.485007
0.485009
0.485009
0.485026
0.485043
0.485051
0.485047
0.485057
0.485073
0.485076
0.485097
0.485121
0.485115
0.485129
0.485141
0.485133
0.485136
0.485144
0.485144
0.485166
0.485176
0.485172
0.48518
0.485194
0.485192
0.485202
0.485203
0.485203
0.485206
0.485207
0.485217
0.48523
0.485234
0.485235
0.485237
0.485249
0.485244
0.485253
0.48527
0.485269
0.485272
0.485283
0.485302
0.485325
0.485321
0.485323
0.485327
0.485318
0.485329
0.48533
0.485343
0.48536
0.48537
0.485389
0.485394
0.485394
0.485401
0.485396
0.485397
0.485395
0.4854
0.485408
0.48541
0.48541
0.485426
0.485428
0.485421
0.485421
0.485436
0.485441
0.485449
0.485459
0.485474
0.485478
0.485476
0.485479
0.485482
0.485476
0.485479
0.485489
0.485496
0.485495
0.485499
0.485513
0.485508
0.485521
0.485534
0.485535
0.485539
0.48555
0.485554
0.485552
0.485549
0.485549
0.485556
0.48557
0.485574
0.485579
0.485596
0.485597
0.485597
0.485605
0.485605
0.485613
0.485617
0.485631
0.485649
0.485644
0.48564
0.485651
0.485648
0.485649
0.485655
0.485654
0.485666
0.485672
0.485683
0.485687
0.485693
0.485705
0.485712
0.485711
0.485714
0.485706
0.485704
0.485714
0.485718
0.485722
0.485728
0.485732
0.485725
0.485732
0.485746
0.485752
0.485773
0.485781
0.485778
0.485791
0.485804
0.485804
0.485815
0.485819
0.485828
0.48584
0.485848
0.485856
0.485866
0.485892
0.485894
0.485881
0.485891
0.485891
0.485892
0.485901
0.485897
0.485904
0.485906
0.485924
0.485936
0.485937
0.485946
0.485956
0.485956
0.485957
0.485974
0.485989
0.486002
0.486009
0.486003
0.486007
0.486005
0.485998
0.486005
0.486011
0.486018
0.486025
0.48603
0.486033
0.486037
0.486035
0.486046
0.48606
0.486063
0.486075
0.486079
0.486078
0.486093
0.48609
0.486092
0.486095
0.486086
0.486098
0.4861
0.486113
0.486118
0.486114
0.486111
0.486127
0.486138
0.486142
0.48615
0.486164
0.486177
0.48618
0.486183
0.486184
0.486176
0.486182
0.486182
0.486189
0.486199
0.486215
0.486227
0.486237
0.486243
0.48625
0.486254
0.486257
0.486272
0.486288
0.486299
0.486302
0.486309
0.486325
0.486333
0.486331
0.486335
0.486342
0.486343
0.48636
0.486362
0.486375
0.486374
0.486376
0.486385
0.48639
0.486396
0.486404
0.486415
0.486417
0.486423
0.486417
0.486424
0.486431
0.486435
0.486439
0.486448
0.486451
0.486458
0.486463
0.486472
0.486472
0.486461
0.486473
0.486472
0.486483
0.486479
0.486483
0.4865
0.4865
0.486512
0.48652
0.486526
0.486519
0.486521
0.486517
0.486526
0.486539
0.486548
0.486556
0.486539
0.48655
0.48655
0.486556
0.486566
0.486569
0.486591
0.486598
0.486603
0.486602
0.486608
0.486617
0.486623
0.486627
0.486631
0.486627
0.486635
0.486648
0.486656
0.486675
0.486685
0.486684
0.48669
0.486703
0.486702
0.48671
0.48671
0.486708
0.486725
0.486725
0.486733
0.48674
0.486751
0.486756
0.486762
0.486772
0.486778
0.486781
0.486786
0.486792
0.486808
0.486805
0.486806
0.486823
0.486827
0.486833
0.486834
0.486847
0.486851
0.486863
0.48687
0.486861
0.486866
0.486873
0.486877
0.486878
0.486891
0.486899
0.486905
0.48691
0.486926
0.486934
0.486941
0.48696
0.486971
0.486977
0.486989
0.486989
0.487
0.486997
0.487003
0.487001
0.487003
0.487013
0.487011
0.487017
0.48702
0.48701
0.487025
0.487031
0.487029
0.487035
0.487047
0.487061
0.487064
0.487069
0.487075
0.487082
0.4871
0.487117
0.487121
0.487128
0.487129
0.487146
0.487142
0.487155
0.487166
0.487171
0.48718
0.487203
0.48721
0.487207
0.487213
0.487204
0.487203
0.487213
0.487229
0.487234
0.487223
0.487222
0.487222
0.487219
0.48723
0.487223
0.487224
0.487237
0.487232
0.487226
0.487227
0.487227
0.487243
0.487248
0.487247
0.487249
0.487237
0.487245
0.487257
0.487256
0.487258
0.487249
0.48726
0.487253
0.487256
0.487263
0.487266
0.487254
0.487249
0.487256
0.487256
0.487274
0.487279
0.487281
0.4873
0.487299
0.4873
0.487296
0.48729
0.487282
0.487284
0.487291
0.487291
0.487309
0.48731
0.487324
0.487329
0.487331
0.487338
0.487342
0.487341
0.487345
0.487359
0.487371
0.487385
0.487389
0.487392
0.487402
0.487392
0.487401
0.487409
0.487411
0.487418
0.487419
0.487435
0.487435
0.487442
0.487437
0.487445
0.48746
0.487467
0.48748
0.487475
0.487466
0.487463
0.487467
0.487474
0.487471
0.487482
0.487486
0.487483
0.487496
0.487496
0.487497
0.487511
0.487511
0.487524
0.487519
0.487513
0.487516
0.487509
0.487508
0.487506
0.487507
0.487504
0.48751
0.487527
0.487532
0.487532
0.487526
0.487528
0.487544
0.487553
0.487554
0.487566
0.487566
0.487571
0.487586
0.487582
0.487578
0.487585
0.487579
0.487583
0.487592
0.487602
0.487614
0.487629
0.487635
0.487632
0.487629
0.487637
0.487643
0.487636
0.487638
0.487641
0.487661
0.487676
0.487689
0.487691
0.487705
0.48771
0.487726
0.487727
0.487726
0.487724
0.48773
0.487733
0.487736
0.487737
0.487752
0.487768
0.487776
0.487778
0.487777
0.487782
0.487787
0.487783
0.487789
0.487804
0.487799
0.487808
0.487807
0.48781
0.487818
0.487818
0.487828
0.487838
0.487834
0.487838
0.48784
0.487836
0.487835
0.487837
0.487844
0.487853
0.487868
0.487855
0.487864
0.487879
0.487888
0.48789
0.487894
0.48789
0.487904
0.487902
0.487908
0.487924
0.487931
0.487934
0.48794
0.487951
0.487951
0.48796
0.487977
0.487969
0.48797
0.487978
0.487979
0.487994
0.488003
0.488001
0.488007
0.488002
0.487997
0.487996
0.488007
0.488006
0.488016
0.488023
0.488016
0.488021
0.488025
0.488025
0.488028
0.488028
0.488033
0.488033
0.488042
0.488051
0.488054
0.488054
0.488045
0.48804
0.488047
0.488053
0.48805
0.488057
0.488065
0.488071
0.488089
0.488097
0.488089
0.488098
0.488106
0.488104
0.488124
0.488129
0.488138
0.488152
0.488158
0.488165
0.488167
0.488167
0.488163
0.488164
0.488166
0.488173
0.48817
0.488185
0.488191
0.488194
0.488185
0.488191
0.4882
0.488207
0.488219
0.488223
0.488224
0.488235
0.488236
0.488249
0.488256
0.488259
0.488266
0.488273
0.488279
0.488284
0.48829
0.488294
0.488301
0.488311
0.488314
0.488314
0.488315
0.488331
0.488326
0.488327
0.488336
0.488338
0.488357
0.488362
0.488363
0.488367
0.488364
0.488372
0.488374
0.488367
0.488373
0.488385
0.488384
0.488399
0.4884
0.488405
0.488417
0.488423
0.488429
0.488434
0.488448
0.488448
0.488452
0.488455
0.488474
0.488485
0.488476
0.488493
0.488497
0.488512
0.488524
0.488531
0.488539
0.488544
0.488547
0.488549
0.488566
0.48857
0.488588
0.488595
0.488598
0.488612
0.48861
0.488614
0.488632
0.488644
0.488653
0.488648
0.488639
0.488637
0.488642
0.488646
0.48864
0.488645
0.488655
0.488666
0.48867
0.488673
0.488679
0.488682
0.488681
0.488683
0.488685
0.488693
0.4887
0.488694
0.488703
0.488705
0.488713
0.48872
0.488742
0.488753
0.48876
0.488762
0.488763
0.488779
0.488772
0.488793
0.488803
0.488808
0.488811
0.488815
0.488826
0.488826
0.48884
0.488833
0.488844
0.488851
0.488872
0.488878
0.488882
0.48888
0.488877
0.48888
0.488884
0.488885
0.488894
0.488894
0.488896
0.488903
0.488914
0.488927
0.488935
0.488935
0.488937
0.488946
0.48895
0.488963
0.488961
0.488959
0.488962
0.488968
0.488969
0.488975
0.488985
0.488988
0.488991
0.488988
0.488982
0.488994
0.489004
0.489014
0.489022
0.489019
0.489032
0.489034
0.489048
0.48905
0.489049
0.489057
0.489066
0.489079
0.489077
0.489079
0.489081
0.48909
0.489087
0.489092
0.489096
0.489099
0.48911
0.489115
0.489118
0.489131
0.489131
0.489134
0.489137
0.489138
0.489135
0.489131
0.489135
0.489135
0.489137
0.489138
0.489148
0.489168
0.489182
0.489177
0.489178
0.489185
0.489199
0.4892
0.489197
0.489192
0.489198
0.489207
0.489224
0.48923
0.489236
0.489242
0.489226
0.489231
0.489239
0.489248
0.489256
0.489268
0.489281
0.489291
0.489294
0.489308
0.489314
0.489309
0.489321
0.48932
0.489327
0.489324
0.489333
0.489333
0.489333
0.48934
0.489342
0.489348
0.489352
0.489362
0.48937
0.489379
0.489383
0.489383
0.489382
0.489393
0.489403
0.489401
0.489416
0.489424
0.489433
0.48944
0.489429
0.489438
0.489445
0.489446
0.489445
0.489447
0.48944
0.489444
0.489451
0.489464
0.489466
0.489479
0.489485
0.489491
0.489501
0.489512
0.489514
0.489526
0.489535
0.48954
0.489545
0.489548
0.489554
0.489556
0.489556
0.489564
0.48957
0.489586
0.489585
0.489583
0.489584
0.48959
0.489595
0.489597
0.489602
0.489598
0.4896
0.489601
0.489598
0.489593
0.489598
0.489603
0.489603
0.489595
0.4896
0.48961
0.489624
0.48963
0.489635
0.489638
0.48964
0.489653
0.489657
0.489658
0.489665
0.489664
0.489675
0.489685
0.489682
0.489677
0.489674
0.489688
0.489687
0.489693
0.489698
0.489708
0.48972
0.489716
0.48973
0.489754
0.489765
0.489766
0.489764
0.489764
0.489769
0.489777
0.489785
0.48979
0.489795
0.489804
0.489802
0.48981
0.48982
0.489831
0.489831
0.489845
0.48985
0.489862
0.489872
0.489874
0.489877
0.489884
0.489892
0.48989
0.489887
0.489892
0.489906
0.489919
0.48993
0.489927
0.489943
0.489939
0.489941
0.489949
0.489948
0.48995
0.489947
0.489951
0.489951
0.489967
0.489973
0.489971
0.489981
0.489991
0.489999
0.490014
0.490014
0.490016
0.49002
0.49002
0.490018
0.490029
0.490021
0.490024
0.490033
0.490038
0.490048
0.49005
0.490063
0.490065
0.490066
0.490079
0.490084
0.490099
0.490115
0.490113
0.490117
0.490126
0.490134
0.490147
0.490165
0.49017
0.490168
0.490174
0.490171
0.490176
0.490178
0.490173
0.49017
0.490168
0.490171
0.490178
0.490186
0.490187
0.49019
0.4902
0.490204
0.490213
0.490212
0.49022
0.490219
0.49023
0.490233
0.490234
0.490234
0.490243
0.490248
0.49025
0.490257
0.490257
0.490262
0.490255
0.490262
0.490276
0.490282
0.490281
0.490269
0.490268
0.490272
0.490281
0.490292
0.490306
0.490313
0.490317
0.490335
0.490339
0.490345
0.490349
0.490348
0.490354
0.490363
0.490361
0.49036
0.490358
0.49036
0.490371
0.490378
0.490395
0.49041
0.490415
0.490422
0.490433
0.490437
0.490426
0.490421
0.490426
0.490433
0.490438
0.490446
0.49044
0.49044
0.490439
0.490438
0.490437
0.490437
0.490439
0.490437
0.490441
0.490448
0.490454
0.490464
0.490482
0.490476
0.490478
0.490481
0.490487
0.490485
0.490493
0.490498
0.490511
0.490503
0.490505
0.490518
0.490519
0.490525
0.490539
0.490548
0.490557
0.490549
0.490559
0.490565
0.490571
0.490566
0.490575
0.490579
0.490586
0.490597
0.49061
0.490616
0.49062
0.490632
0.490635
0.490649
0.490651
0.490651
0.490657
0.490657
0.490671
0.490679
0.490687
0.49069
0.490705
0.490709
0.490711
0.490708
0.490714
0.490709
0.490715
0.490718
0.490724
0.490737
0.490749
0.490756
0.490753
0.49075
0.490748
0.490749
0.490755
0.490765
0.490768
0.490769
0.490769
0.490772
0.490771
0.490775
0.490771
0.490778
0.490778
0.490793
0.490793
0.490798
0.490803
0.490803
0.490811
0.49082
0.490825
0.490833
0.490831
0.490836
0.490837
0.490846
0.490856
0.490863
0.490867
0.49086
0.490869
0.49088
0.49088
0.490884
0.490886
0.4909
0.490899
0.490914
0.49091
0.490911
0.490921
0.490924
0.490931
0.490935
0.490937
0.490944
0.490939
0.490947
0.490952
0.490959
0.490966
0.490965
0.490963
0.490958
0.490953
0.490956
0.490962
0.490976
0.490986
0.490986
0.490993
0.490996
0.491004
0.491005
0.491003
0.491004
0.490997
0.491015
0.491024
0.49104
0.491046
0.49105
0.491066
0.491063
0.491072
0.491091
0.491097
0.491089
0.491086
0.491093
0.491099
0.491103
0.491106
0.491106
0.491124
0.491104
0.491106
0.49111
0.491122
0.491127
0.491133
0.491135
0.491141
0.491155
0.491156
0.491143
0.491145
0.491146
0.491142
0.491148
0.491159
0.491153
0.491165
0.491168
0.491181
0.491187
0.491191
0.491194
0.491202
0.491212
0.491214
0.491209
0.491212
0.491217
0.491225
0.49122
0.491229
0.491239
0.491241
0.491244
0.49124
0.491245
0.491247
0.491245
0.491251
0.491265
0.491273
0.491273
0.49127
0.491274
0.491269
0.49126
0.491267
0.49127
0.491266
0.491268
0.49127
0.49128
0.491289
0.491298
0.491298
0.4913
0.491291
0.491305
0.491308
0.4913
0.491309
0.49132
0.491326
0.491331
0.491336
0.491339
0.491348
0.491345
0.491354
0.491364
0.491367
0.491365
0.491372
0.491372
0.491387
0.491388
0.491395
0.491399
0.491394
0.491394
0.491392
0.491403
0.491408
0.491419
0.491428
0.49143
0.491439
0.49144
0.491437
0.491446
0.491454
0.491462
0.49147
0.491476
0.491478
0.491487
0.491481
0.491492
0.491507
0.491512
0.491501
0.491512
0.491524
0.491525
0.491533
0.491539
0.491555
0.491554
0.491558
0.491559
0.491559
0.491552
0.491562
0.491571
0.491568
0.49157
0.49158
0.491582
0.491577
0.49159
0.491601
0.49162
0.491629
0.491627
0.491643
0.491654
0.491655
0.49165
0.491652
0.491653
0.491657
0.491665
0.491664
0.491671
0.491668
0.49167
0.491682
0.491691
0.491695
0.491701
0.491697
0.491693
0.491691
0.491701
0.491706
0.491706
0.49171
0.491726
0.491738
0.491742
0.491744
0.491743
0.491757
0.491767
0.491775
0.491786
0.491789
0.49179
0.491794
0.4918
0.4918
0.491797
0.49181
0.49181
0.491808
0.491823
0.491827
0.491847
0.491851
0.491854
0.491857
0.49186
0.491865
0.491876
0.49187
0.491864
0.491864
0.49186
0.491856
0.491861
0.491857
0.491858
0.491846
0.491847
0.491856
0.491863
0.491868
0.491868
0.491885
0.491885
0.491896
0.491898
0.491903
0.491906
0.491903
0.491906
0.491891
0.491894
0.491906
0.491912
0.491917
0.491921
0.491922
0.491923
0.491933
0.491945
0.491945
0.49195
0.491952
0.491968
0.49198
0.491983
0.491983
0.491992
0.491993
0.492
0.491996
0.491986
0.49198
0.491978
0.491981
0.491999
0.492002
0.492019
0.492025
0.492031
0.492035
0.492043
0.492055
0.492052
0.492067
0.49207
0.492076
0.492081
0.492086
0.492078
0.492076
0.492082
0.492088
0.492092
0.492085
0.49209
0.492101
0.492103
0.492112
0.492118
0.492119
0.492118
0.49213
0.492137
0.492146
0.492152
0.492148
0.492144
0.492146
0.492147
0.492152
0.492157
0.492161
0.492162
0.492159
0.492159
0.492169
0.492168
0.492176
0.492177
0.492182
0.492191
0.492194
0.492204
0.49221
0.492216
0.492228
0.492232
0.492236
0.492232
0.492219
0.492213
0.49222
0.492225
0.492225
0.492236
0.492243
0.492246
0.492251
0.492255
0.492262
0.492269
0.492276
0.492281
0.49229
0.492288
0.492289
0.492284
0.492285
0.492279
0.492284
0.492284
0.492289
0.492293
0.492302
0.492311
0.492312
0.492312
0.492323
0.492328
0.492324
0.49232
0.492321
0.492318
0.492323
0.492318
0.492322
0.492334
0.49234
0.492339
0.492348
0.492355
0.492359
0.49236
0.492359
0.492362
0.492358
0.492366
0.492376
0.492374
0.492375
0.492385
0.492384
0.492393
0.492398
0.492406
0.492414
0.492417
0.492411
0.492411
0.492418
0.492421
0.492419
0.492424
0.492428
0.492433
0.492438
0.492443
0.492455
0.492461
0.492459
0.492453
0.492471
0.492475
0.492483
0.492484
0.492486
0.492486
0.492487
0.49249
0.492497
0.492513
0.492512
0.492511
0.492513
0.492505
0.492514
0.492507
0.492508
0.492499
0.492503
0.492495
0.492498
0.492491
0.492492
0.492494
0.492502
0.492506
0.4925
0.492508
0.49251
0.492514
0.492527
0.492519
0.492516
0.492525
0.492526
0.492532
0.492542
0.492544
0.492544
0.492544
0.492549
0.492548
0.492548
0.492556
0.492565
0.492568
0.49257
0.492578
0.492578
0.492584
0.492591
0.4926
0.492603
0.492608
0.492614
0.492618
0.492619
0.492626
0.492629
0.492635
0.492636
0.492647
0.492648
0.49266
0.492674
0.492676
0.492689
0.492691
0.492698
0.4927
0.492702
0.492707
0.492699
0.492706
0.492708
0.492709
0.492718
0.49272
0.492718
0.49273
0.49274
0.492732
0.492725
0.492724
0.49273
0.492726
0.492733
0.492743
0.492753
0.492758
0.492761
0.492762
0.492769
0.49277
0.492764
0.492771
0.492775
0.492784
0.492798
0.492807
0.492815
0.492827
0.492832
0.492832
0.492835
0.49284
0.492849
0.492857
0.492859
0.492872
0.492875
0.492883
0.492892
0.492901
0.492911
0.492902
0.492903
0.492903
0.492907
0.49291
0.492909
0.492911
0.492909
0.492907
0.492914
0.492914
0.492918
0.492933
0.492933
0.492933
0.492935
0.492944
0.492944
0.492961
0.492958
0.492953
0.492958
0.492952
0.492955
0.492967
0.492981
0.492976
0.492978
0.49298
0.492987
0.49299
0.492997
0.493003
0.493002
0.493008
0.493007
0.493011
0.493016
0.493009
0.493018
0.493014
0.493015
0.493011
0.493019
0.493026
0.493043
0.493052
0.493053
0.493051
0.493057
0.49306
0.493058
0.493056
0.493059
0.493062
0.493062
0.49307
0.493071
0.493078
0.493084
0.493098
0.493108
0.493101
0.493102
0.493109
0.493107
0.493115
0.493124
0.493142
0.493135
0.493143
0.493154
0.493156
0.493166
0.493167
0.493172
0.493178
0.493184
0.493183
0.493186
0.493193
0.493202
0.493202
0.493208
0.493215
0.493222
0.493228
0.49323
0.493237
0.493244
0.493247
0.493241
0.493252
0.493252
0.493255
0.493266
0.493269
0.493285
0.493284
0.493286
0.493292
0.493293
0.493284
0.493288
0.493298
0.493303
0.493308
0.493317
0.493319
0.49332
0.493329
0.493334
0.493334
0.493338
0.493343
0.493347
0.49335
0.493352
0.493361
0.493368
0.49338
0.493384
0.493375
0.493371
0.493382
0.493385
0.493391
0.493389
0.493393
0.4934
0.493402
0.493407
0.493415
0.493412
0.493415
0.493419
0.493434
0.493439
0.493436
0.493439
0.493447
0.493457
0.493456
0.493462
0.493458
0.493468
0.49347
0.493473
0.493471
0.493483
0.493487
0.493492
0.493503
0.493506
0.493521
0.493525
0.493524
0.493517
0.493517
0.493525
0.493532
0.493536
0.49353
0.493533
0.493529
0.493528
0.493534
0.493539
0.493538
0.493535
0.49354
0.49354
0.493542
0.493547
0.493546
0.493558
0.49357
0.493575
0.493581
0.49358
0.493579
0.493575
0.493581
0.493583
0.493591
0.493599
0.493608
0.493614
0.49362
0.493623
0.49362
0.493622
0.49362
0.493626
0.493628
0.493636
0.493645
0.493643
0.493646
0.49365
0.493661
0.493668
0.493673
0.493669
0.493672
0.493675
0.493693
0.493702
0.493707
0.493715
0.493722
0.493726
0.493729
0.49373
0.493727
0.49373
0.493735
0.493752
0.493746
0.49376
0.493764
0.493771
0.493777
0.493783
0.493782
0.493787
0.493785
0.493785
0.493788
0.493798
0.493796
0.493807
0.493809
0.49382
0.493827
0.493824
0.493836
0.493846
0.493844
0.493849
0.493855
0.493854
0.493852
0.493865
0.493869
0.493866
0.493875
0.49388
0.493883
0.493883
0.493888
0.493896
0.493906
0.493905
0.493906
0.493913
0.493925
0.49393
0.493922
0.493929
0.493932
0.493941
0.493949
0.493949
0.493957
0.493971
0.493981
0.493984
0.49398
0.493977
0.493981
0.493984
0.493987
0.493998
0.494004
0.494005
0.494009
0.49401
0.494014
0.494016
0.494017
0.494018
0.494016
0.494031
0.49403
0.494029
0.494029
0.494024
0.494027
0.494038
0.49404
0.494045
0.49403
0.494028
0.494033
0.494037
0.494031
0.494039
0.494041
0.494046
0.494048
0.494049
0.494046
0.494044
0.494053
0.494051
0.494051
0.494055
0.494052
0.494054
0.494069
0.494063
0.494076
0.494086
0.494096
0.494106
0.494105
0.494108
0.494118
0.494134
0.494145
0.494145
0.49415
0.49415
0.494154
0.494163
0.494166
0.494169
0.494173
0.494171
0.494176
0.494175
0.494179
0.49418
0.494189
0.494195
0.494201
0.494208
0.494211
0.494207
0.49421
0.494217
0.494219
0.49422
0.494222
0.494227
0.494237
0.494228
0.494227
0.49423
0.494232
0.494232
0.494233
0.494241
0.494247
0.494259
0.494269
0.494266
0.494266
0.494264
0.494264
0.494268
0.494273
0.494264
0.494275
0.494274
0.494275
0.494279
0.494283
0.494288
0.494285
0.494283
0.494283
0.49429
0.494299
0.494303
0.494305
0.494311
0.494324
0.494324
0.494334
0.494338
0.49434
0.494351
0.494353
0.494355
0.494362
0.494364
0.494366
0.494375
0.494378
0.494384
0.494383
0.49439
0.494399
0.494398
0.494407
0.494414
0.494412
0.494412
0.494402
0.494409
0.494406
0.494414
0.494426
0.494434
0.494437
0.494438
0.494437
0.494438
0.494441
0.494444
0.494447
0.494457
0.494459
0.494462
0.49447
0.49447
0.494471
0.494476
0.494487
0.494496
0.494502
0.494505
0.494519
0.494519
0.494531
0.494533
0.494537
0.494544
0.49455
0.494556
0.494556
0.494565
0.494565
0.494564
0.494566
0.49457
0.494572
0.494578
0.494584
0.494593
0.494598
0.494592
0.494593
0.494603
0.494606
0.494611
0.494623
0.494627
0.49463
0.49463
0.494639
0.494652
0.494655
0.494654
0.494658
0.494656
0.494656
0.49465
0.494664
0.494661
0.494667
0.494668
0.49467
0.494673
0.494686
0.494692
0.494695
0.494701
0.494712
0.494715
0.494725
0.494726
0.494729
0.494734
0.494732
0.494743
0.494747
0.494749
0.494754
0.494762
0.494763
0.494765
0.494777
0.494794
0.4948
0.494801
0.494812
0.494822
0.494837
0.494844
0.494844
0.494852
0.494852
0.49485
0.494858
0.494861
0.494867
0.494865
0.494863
0.494878
0.494882
0.494894
0.494891
0.494896
0.494901
0.494907
0.494912
0.494917
0.494923
0.494932
0.49493
0.494937
0.494942
0.494946
0.494945
0.494956
0.494963
0.494963
0.494961
0.494971
0.494972
0.49498
0.494992
0.494998
0.494998
0.495002
0.495002
0.495019
0.495017
0.495025
0.495026
0.495018
0.49502
0.49503
0.495032
0.495035
0.49504
0.495046
0.495042
0.495047
0.495056
0.495062
0.495066
0.495068
0.495065
0.495068
0.495079
0.495082
0.49509
0.49509
0.495096
0.495096
0.49509
0.495101
0.495106
0.495112
0.495111
0.495118
0.49513
0.495139
0.495148
0.495157
0.495159
0.495166
0.495169
0.495167
0.49517
0.495176
0.495168
0.495176
0.495187
0.495194
0.495197
0.495194
0.495205
0.495214
0.495219
0.495222
0.495221
0.495228
0.495234
0.495236
0.495236
0.495242
0.495247
0.495248
0.495253
0.495259
0.495264
0.495268
0.49528
0.495281
0.495286
0.495284
0.495282
0.495285
0.495293
0.495298
0.495304
0.495305
0.495309
0.495303
0.49531
0.49531
0.495318
0.495317
0.49532
0.495317
0.495314
0.495319
0.495317
0.495316
0.49531
0.495314
0.495317
0.495327
0.495324
0.495327
0.495335
0.495343
0.495338
0.495345
0.495347
0.495352
0.495352
0.495355
0.495364
0.495372
0.495376
0.495392
0.495399
0.495409
0.495415
0.495417
0.495421
0.495419
0.495417
0.495427
0.495428
0.495435
0.495447
0.495456
0.495453
0.495453
0.495452
0.495454
0.495458
0.495455
0.495466
0.495462
0.495466
0.495468
0.495479
0.495478
0.495476
0.495486
0.495487
0.495491
0.495495
0.495504
0.495513
0.495521
0.495528
0.495532
0.495537
0.495545
0.495552
0.495567
0.495568
0.495569
0.495574
0.495578
0.495578
0.49559
0.495589
0.495591
0.495594
0.495598
0.495596
0.4956
0.495609
0.495613
0.495613
0.495622
0.495621
0.495627
0.495633
0.495636
0.495642
0.495649
0.495654
0.495654
0.495653
0.495659
0.495664
0.495664
0.495669
0.495675
0.495685
0.495688
0.495691
0.495699
0.495704
0.495703
0.495706
0.495696
0.495703
0.495701
0.49571
0.49571
0.495716
0.495719
0.495714
0.495722
0.495733
0.495741
0.495755
0.495753
0.495765
0.495765
0.49577
0.49577
0.495767
0.495781
0.495789
0.495797
0.495791
0.495801
0.495813
0.495806
0.495811
0.495818
0.495821
0.495826
0.495826
0.495827
0.495824
0.495826
0.495828
0.495835
0.495846
0.495845
0.495854
0.495861
0.495867
0.495877
0.495885
0.4959
0.495908
0.49591
0.495919
0.495919
0.495923
0.495927
0.495937
0.495945
0.495948
0.495952
0.495959
0.495965
0.49598
0.495984
0.495987
0.495994
0.495999
0.496005
0.496007
0.496008
0.496014
0.496018
0.496026
0.496036
0.496042
0.49604
0.496048
0.496046
0.496051
0.496057
0.496047
0.496048
0.496045
0.496049
0.496065
0.496067
0.496067
0.49607
0.496075
0.496078
0.496082
0.496086
0.496083
0.49609
0.496083
0.496086
0.496084
0.496087
0.496097
0.496092
0.496087
0.496094
0.496102
0.496104
0.496114
0.496116
0.496123
0.496127
0.49613
0.496133
0.496136
0.496135
0.496138
0.49614
0.496142
0.496139
0.496139
0.496146
0.496153
0.496162
0.496168
0.496176
0.496179
0.496187
0.496193
0.496195
0.496195
0.4962
0.496207
0.496214
0.496219
0.496224
0.49623
0.496236
0.496246
0.496245
0.496242
0.496246
0.496248
0.496253
0.496248
0.496253
0.49626
0.49626
0.496267
0.496281
0.496291
0.496292
0.496302
0.496314
0.496316
0.496324
0.496328
0.496333
0.496338
0.496338
0.496345
0.496347
0.496338
0.496337
0.496343
0.496341
0.496349
0.496356
0.496363
0.496366
0.496375
0.496374
0.496376
0.496372
0.496379
0.49638
0.496381
0.496392
0.496396
0.4964
0.496402
0.4964
0.496407
0.496414
0.496408
0.496414
0.496414
0.496421
0.496421
0.496423
0.496434
0.496437
0.49644
0.496444
0.496443
0.496442
0.496449
0.496455
0.496459
0.496458
0.496461
0.496461
0.496465
0.496473
0.496478
0.496478
0.496491
0.496491
0.496491
0.496498
0.496506
0.496517
0.496515
0.496512
0.496512
0.496515
0.496521
0.496527
0.496533
0.496533
0.496536
0.496541
0.496542
0.496547
0.496552
0.496561
0.496565
0.496565
0.49657
0.496584
0.496584
0.496593
0.4966
0.496597
0.496601
0.496599
0.496594
0.496604
0.496603
0.496604
0.496607
0.496608
0.49662
0.496625
0.496632
0.496642
0.496647
0.496663
0.496662
0.49666
0.496661
0.496661
0.496667
0.496673
0.496671
0.496671
0.496677
0.49668
0.496684
0.496685
0.496698
0.49671
0.496713
0.49671
0.496709
0.496719
0.496729
0.496734
0.496741
0.49675
0.496753
0.496753
0.496764
0.496768
0.496772
0.496775
0.496782
0.496797
0.496803
0.49681
0.496813
0.496818
0.496822
0.496824
0.496832
0.496837
0.496847
0.496854
0.49686
0.496858
0.496867
0.496871
0.496884
0.496885
0.496894
0.496894
0.4969
0.496906
0.49691
0.496911
0.49692
0.49692
0.496927
0.496923
0.496926
0.496923
0.496934
0.496943
0.496942
0.496951
0.496954
0.496952
0.496952
0.49695
0.496958
0.496961
0.49697
0.49697
0.49698
0.496986
0.496995
0.496992
0.496998
0.497001
0.497004
0.497007
0.497009
0.497016
0.497025
0.497032
0.497036
0.497047
0.497052
0.497056
0.497057
0.497056
0.497063
0.497061
0.497064
0.497064
0.49707
0.497073
0.497073
0.497079
0.497079
0.497086
0.497088
0.497085
0.497093
0.497097
0.497093
0.497102
0.497106
0.497105
0.497107
0.497115
0.497118
0.497117
0.497123
0.497126
0.497125
0.497132
0.497145
0.497157
0.497156
0.497162
0.497169
0.497175
0.497181
0.497181
0.497181
0.497181
0.497193
0.497206
0.497205
0.497201
0.497197
0.497196
0.497209
0.497214
0.497216
0.497221
0.497217
0.497214
0.497221
0.497231
0.497238
0.497245
0.497245
0.497248
0.497255
0.497251
0.497253
0.497257
0.497258
0.497263
0.497269
0.497271
0.497275
0.497279
0.497289
0.497294
0.497301
0.497305
0.497316
0.497312
0.497312
0.497322
0.497325
0.497323
0.49732
0.497324
0.497336
0.497343
0.497347
0.497356
0.497356
0.497364
0.497373
0.497379
0.497381
0.497384
0.497388
0.497394
0.497399
0.497409
0.497412
0.497416
0.497411
0.497421
0.497422
0.497436
0.497432
0.49743
0.497444
0.497452
0.497458
0.497456
0.497455
0.49746
0.497461
0.497468
0.497468
0.497477
0.497485
0.497484
0.497491
0.497495
0.4975
0.497496
0.497494
0.497504
0.497499
0.497508
0.497507
0.497517
0.497524
0.497532
0.497534
0.497537
0.497537
0.497543
0.497546
0.497544
0.497552
0.497559
0.497565
0.497565
0.497568
0.497576
0.497575
0.497573
0.497572
0.497579
0.497579
0.497581
0.49758
0.497584
0.497591
0.497597
0.497586
0.49759
0.497602
0.497614
0.497619
0.497621
0.497627
0.497626
0.497624
0.497627
0.497636
0.497644
0.497644
0.497645
0.497648
0.497661
0.497664
0.497667
0.497672
0.497684
0.497695
0.497702
0.497702
0.497709
0.497722
0.49773
0.497736
0.497734
0.497736
0.497743
0.497739
0.497746
0.497744
0.497746
0.497752
0.497751
0.497759
0.497765
0.497767
0.497761
0.497758
0.497753
0.49775
0.497753
0.497759
0.497756
0.497768
0.497774
0.497781
0.497783
0.497783
0.497793
0.497794
0.497797
0.497796
0.497802
0.497802
0.497802
0.497811
0.497823
0.497822
0.497827
0.49783
0.497836
0.49784
0.497849
0.497849
0.497845
0.497845
0.49785
0.497854
0.497859
0.49786
0.497862
0.497861
0.497862
0.497864
0.49787
0.49788
0.497874
0.497888
0.497901
0.497908
0.497906
0.497916
0.497925
0.497932
0.497935
0.497947
0.497955
0.497953
0.497955
0.497952
0.497951
0.497948
0.497952
0.497957
0.497961
0.497968
0.497977
0.497981
0.497984
0.497985
0.497978
0.497986
0.498
0.498003
0.498003
0.498007
0.498014
0.498028
0.498025
0.498034
0.498044
0.498049
0.498048
0.498052
0.498059
0.498052
0.498062
0.498072
0.49807
0.498072
0.49808
0.498083
0.498084
0.498083
0.498084
0.498086
0.498093
0.498089
0.49809
0.49809
0.498092
0.498092
0.498101
0.498105
0.498108
0.498112
0.498121
0.498118
0.498119
0.49812
0.498119
0.498125
0.498126
0.498122
0.498128
0.498124
0.498131
0.498132
0.498136
0.498142
0.49814
0.498143
0.498146
0.498143
0.498151
0.498152
0.498156
0.49816
0.498163
0.498162
0.498163
0.498165
0.498174
0.498178
0.498177
0.49818
0.498177
0.498181
0.498187
0.498192
0.498199
0.498195
0.498193
0.498195
0.498199
0.4982
0.498206
0.498207
0.498209
0.498214
0.498218
0.498221
0.498226
0.498227
0.49823
0.498235
0.49824
0.498245
0.498245
0.49825
0.498253
0.498255
0.498251
0.498254
0.498249
0.498256
0.49826
0.498266
0.49827
0.498279
0.498286
0.498292
0.498294
0.498298
0.498306
0.498316
0.49832
0.498322
0.498328
0.49833
0.498335
0.498348
0.498353
0.498353
0.49836
0.498366
0.498368
0.49837
0.498368
0.49837
0.498369
0.498366
0.49836
0.498371
0.498367
0.498372
0.498381
0.498381
0.498386
0.498391
0.498395
0.498397
0.498408
0.498405
0.498406
0.498401
0.498406
0.498411
0.498414
0.498421
0.498424
0.498432
0.498437
0.498439
0.49844
0.498452
0.498462
0.498465
0.498474
0.498483
0.498486
0.498493
0.498499
0.4985
0.498507
0.498514
0.498521
0.498527
0.498535
0.498546
0.498555
0.498555
0.49856
0.498565
0.498568
0.498571
0.498577
0.498578
0.498592
0.498593
0.498606
0.498603
0.498606
0.498603
0.498602
0.498608
0.498604
0.498598
0.498599
0.498602
0.498607
0.49861
0.498612
0.498616
0.498619
0.498618
0.498626
0.49863
0.498632
0.498637
0.498643
0.498645
0.498649
0.498645
0.498648
0.498648
0.498652
0.498662
0.498665
0.498671
0.498681
0.498688
0.498697
0.498701
0.4987
0.498703
0.498715
0.498716
0.498723
0.498724
0.49873
0.49873
0.49873
0.498735
0.498737
0.498747
0.498752
0.498757
0.498756
0.498761
0.498762
0.49876
0.498765
0.498763
0.498773
0.498777
0.498785
0.498788
0.498794
0.498792
0.498795
0.498801
0.498803
0.498802
0.498804
0.498809
0.498816
0.498825
0.498831
0.498835
0.498834
0.498838
0.498843
0.498851
0.498855
0.498864
0.498869
0.498874
0.498877
0.498882
0.49888
0.498882
0.498876
0.498881
0.498885
0.498888
0.498893
0.498898
0.498898
0.498908
0.498913
0.498914
0.49892
0.49892
0.498927
0.498925
0.49893
0.498934
0.49894
0.498941
0.498949
0.498951
0.498948
0.498954
0.498948
0.49895
0.498957
0.49896
0.498965
0.498964
0.498969
0.498965
0.498968
0.498972
0.498978
0.498988
0.498997
0.49899
0.498999
0.499005
0.499001
0.499001
0.499003
0.499015
0.49902
0.499026
0.499027
0.499036
0.499033
0.499037
0.499038
0.499046
0.499052
0.49906
0.499061
0.499065
0.499065
0.499075
0.499076
0.49907
0.499072
0.499076
0.499083
0.49909
0.499099
0.499101
0.499102
0.49911
0.499121
0.499127
0.499126
0.499133
0.49914
0.499142
0.499145
0.499146
0.499152
0.499157
0.499157
0.499164
0.499165
0.499173
0.499185
0.499188
0.499193
0.499202
0.49922
0.499219
0.499224
0.499231
0.499242
0.499244
0.499255
0.499253
0.499256
0.49926
0.499258
0.49927
0.499274
0.49928
0.499286
0.499284
0.49929
0.499291
0.499293
0.499294
0.499296
0.499296
0.499299
0.499302
0.499304
0.499314
0.499325
0.499325
0.499328
0.499322
0.499329
0.499333
0.499332
0.499343
0.499352
0.49936
0.499365
0.499371
0.499369
0.499375
0.499382
0.499385
0.499387
0.499389
0.499399
0.499404
0.499404
0.499408
0.499404
0.499416
0.499423
0.499423
0.499431
0.499437
0.499436
0.499438
0.499437
0.499437
0.499443
0.499457
0.499459
0.499455
0.49946
0.49946
0.499473
0.499477
0.499471
0.499481
0.499488
0.499493
0.499495
0.499488
0.499497
0.499497
0.499503
0.499508
0.499516
0.499521
0.499527
0.499526
0.499528
0.499526
0.499531
0.499534
0.499534
0.499537
0.49954
0.499541
0.499553
0.499562
0.499564
0.499566
0.499566
0.499567
0.499575
0.499582
0.499583
0.499585
0.499592
0.499598
0.499601
0.499602
0.499604
0.499606
0.499607
0.499613
0.499617
0.499625
0.499627
0.499628
0.499629
0.499629
0.499631
0.499637
0.499639
0.499639
0.499647
0.499654
0.499653
0.499657
0.499666
0.49968
0.499677
0.499677
0.499677
0.499681
0.499679
0.499675
0.499687
0.499692
0.499692
0.499698
0.499697
0.499706
0.499706
0.499711
0.499722
0.499727
0.499732
0.499742
0.499747
0.499751
0.499758
0.499764
0.499765
0.499771
0.499778
0.49979
0.499795
0.499797
0.499805
0.499812
0.499823
0.499833
0.499837
0.499839
0.499843
0.499848
0.499847
0.49985
0.49986
0.499863
0.499865
0.499874
0.499881
0.499879
0.499881
0.499886
0.499893
0.499894
0.499896
0.499905
0.499902
0.499908
0.49991
0.499911
0.499921
0.499926
0.499921
0.499928
0.499929
0.499932
0.499938
0.499937
0.499936
0.499939
0.499948
0.499953
0.499965
0.499966
0.499973
0.499977
0.499986
0.49999
0.499996
0.5
0.500007
0.500007
0.500007
0.500015
0.500021
0.500026
0.500028
0.500028
0.500028
0.500031
0.500034
0.500034
0.500032
0.50004
0.500043
0.500043
0.500045
0.500048
0.50005
0.500063
0.500068
0.500067
0.500075
0.500078
0.50008
0.500087
0.500087
0.50009
0.500097
0.500099
0.500103
0.500111
0.500116
0.50012
0.500129
0.500134
0.500138
0.500136
0.500137
0.50015
0.500162
0.500164
0.500167
0.50017
0.500175
0.50018
0.50018
0.500184
0.500192
0.500192
0.500195
0.5002
0.500205
0.500214
0.500216
0.500217
0.500228
0.500226
0.50023
0.500233
0.500236
0.500246
0.500245
0.500245
0.50025
0.500257
0.500259
0.50026
0.500264
0.500268
0.500269
0.500265
0.500277
0.500276
0.500278
0.500284
0.500292
0.500293
0.500294
0.500298
0.500302
0.500304
0.500308
0.500306
0.500308
0.500316
0.50033
0.500334
0.500331
0.500326
0.500329
0.500327
0.500334
0.500338
0.500338
0.500336
0.500337
0.500343
0.500344
0.500347
0.500351
0.500351
0.500361
0.500368
0.500376
0.500382
0.500385
0.500392
0.50039
0.500394
0.500386
0.500388
0.500391
0.500395
0.500401
0.500401
0.500405
0.50041
0.500409
0.500413
0.500414
0.500417
0.500421
0.500422
0.500427
0.500437
0.50044
0.50044
0.500446
0.50045
0.500452
0.500459
0.500463
0.500462
0.500461
0.500463
0.500474
0.500475
0.500483
0.500487
0.500488
0.50049
0.500492
0.500489
0.500494
0.500498
0.500497
0.500501
0.500506
0.500502
0.500503
0.50051
0.500514
0.500519
0.500517
0.500524
0.500524
0.500527
0.50053
0.500532
0.500534
0.50054
0.500542
0.500542
0.500545
0.500548
0.500556
0.50056
0.500559
0.500559
0.500558
0.500559
0.500561
0.500563
0.500574
0.500572
0.500588
0.500594
0.500594
0.500595
0.500603
0.500608
0.500607
0.500611
0.500615
0.500621
0.500623
0.50063
0.50063
0.500631
0.500631
0.500631
0.500631
0.500635
0.500643
0.500645
0.500653
0.500659
0.500667
0.500669
0.500676
0.500684
0.500689
0.500695
0.500697
0.500696
0.500705
0.500702
0.500702
0.500707
0.500712
0.500721
0.500721
0.50073
0.500732
0.500734
0.500731
0.500737
0.500751
0.500758
0.500755
0.500752
0.500758
0.500766
0.500772
0.500781
0.500783
0.500787
0.500793
0.500796
0.500801
0.500806
0.500811
0.500812
0.500813
0.50082
0.500819
0.500818
0.500818
0.500824
0.500825
0.50083
0.50083
0.500835
0.500832
0.500838
0.500838
0.500836
0.500839
0.500842
0.500843
0.500849
0.500851
0.500855
0.500863
0.500861
0.500867
0.500873
0.500873
0.500875
0.500878
0.500884
0.500893
0.500898
0.500907
0.500913
0.500919
0.500917
0.500908
0.500915
0.500921
0.50092
0.500928
0.50093
0.500932
0.500935
0.500935
0.500937
0.500937
0.50094
0.500949
0.500953
0.500953
0.500961
0.500965
0.500969
0.500968
0.500966
0.500974
0.500974
0.500976
0.500973
0.500978
0.500985
0.500989
0.500994
0.500988
0.500993
0.501001
0.501003
0.501003
0.501011
0.501011
0.501021
0.501022
0.501025
0.501025
0.501027
0.50103
0.501027
0.501032
0.501031
0.501031
0.501035
0.501034
0.501043
0.501049
0.501054
0.501067
0.501076
0.501076
0.501083
0.501084
0.50109
0.5011
0.501106
0.501109
0.501107
0.501117
0.501123
0.501124
0.501128
0.50113
0.50113
0.501128
0.501134
0.50114
0.501142
0.501147
0.50115
0.501156
0.501152
0.501161
0.501167
0.501172
0.501168
0.501166
0.501167
0.50117
0.501178
0.501186
0.501192
0.501192
0.501197
0.501203
0.501203
0.501201
0.501202
0.501211
0.501212
0.501212
0.501218
0.501216
0.501222
0.501222
0.501225
0.501236
0.501227
0.501231
0.501234
0.501238
0.50124
0.501249
0.501252
0.501258
0.50126
0.501259
0.501261
0.501259
0.501261
0.501265
0.501271
0.50128
0.501282
0.501289
0.501291
0.501295
0.501298
0.501303
0.501307
0.501312
0.501321
0.501329
0.501327
0.501325
0.501334
0.501329
0.501331
0.501339
0.501339
0.50134
0.50135
0.501352
0.501362
0.501364
0.501373
0.501376
0.501376
0.501378
0.501385
0.501389
0.501387
0.50139
0.501398
0.501404
0.501407
0.501409
0.501414
0.501416
0.501421
0.501425
0.501428
0.501431
0.501433
0.501433
0.501436
0.501433
0.501435
0.501441
0.501444
0.501447
0.501445
0.501447
0.501458
0.501459
0.501454
0.501455
0.501462
0.501466
0.501473
0.501469
0.501471
0.501468
0.501467
0.501471
0.501478
0.50149
0.501492
0.501497
0.501493
0.501494
0.501495
0.5015
0.501502
0.50151
0.501516
0.501515
0.501524
0.501526
0.501536
0.501539
0.501546
0.501543
0.501542
0.501537
0.501534
0.501537
0.501539
0.501544
0.501541
0.501542
0.501545
0.501539
0.50154
0.501546
0.501544
0.50155
0.501556
0.501561
0.501572
0.501565
0.501566
0.501564
0.501569
0.50157
0.501571
0.501574
0.501577
0.501583
0.501585
0.501588
0.501594
0.501592
0.501598
0.501597
0.501595
0.501593
0.501601
0.5016
0.501603
0.501609
0.501609
0.501617
0.501612
0.501617
0.501626
0.501629
0.501634
0.501632
0.501641
0.50165
0.501658
0.501659
0.501669
0.501674
0.501684
0.501686
0.501688
0.501698
0.501699
0.501706
0.50171
0.501715
0.501721
0.501723
0.501729
0.501734
0.501736
0.501736
0.501738
0.501743
0.50175
0.501757
0.501748
0.50175
0.501757
0.501758
0.50176
0.501766
0.501777
0.501772
0.501767
0.501773
0.501778
0.501781
0.501785
0.501782
0.501789
0.501786
0.501784
0.501793
0.501791
0.501801
0.501811
0.501823
0.501828
0.501829
0.501835
0.501843
0.501845
0.501842
0.501836
0.501841
0.501838
0.50184
0.501841
0.501837
0.501835
0.501841
0.501846
0.501848
0.501852
0.501854
0.501855
0.501858
0.501855
0.501853
0.501858
0.501855
0.501858
0.501857
0.501858
0.501855
0.501863
0.501872
0.501876
0.501878
0.501877
0.501875
0.501879
0.50188
0.501885
0.501891
0.501899
0.501905
0.501913
0.501914
0.501915
0.501922
0.501923
0.501931
0.501938
0.501939
0.501944
0.501948
0.501954
0.50196
0.501966
0.501973
0.501978
0.501977
0.501979
0.501985
0.502
0.502007
0.502016
0.502015
0.502018
0.502023
0.502023
0.502032
0.502035
0.502039
0.502043
0.502039
0.502046
0.502043
0.502056
0.502054
0.502057
0.502061
0.502063
0.502067
0.502067
0.502071
0.502071
0.502075
0.50208
0.502082
0.502082
0.502082
0.502091
0.502094
0.502099
0.502103
0.502104
0.502101
0.5021
0.5021
0.502106
0.502111
0.502109
0.502117
0.502121
0.502118
0.502119
0.502122
0.502127
0.502135
0.502136
0.502142
0.502148
0.502154
0.502158
0.502158
0.502159
0.502163
0.502161
0.502168
0.50217
0.502174
0.502173
0.502178
0.502182
0.502183
0.502193
0.5022
0.502203
0.502207
0.502208
0.502211
0.502214
0.502217
0.502221
0.502223
0.502223
0.502221
0.502224
0.502231
0.502227
0.502229
0.502231
0.502241
0.50225
0.502257
0.502264
0.502267
0.502267
0.502268
0.502271
0.502281
0.502286
0.50229
0.50229
0.502291
0.502293
0.502293
0.502297
0.502298
0.502298
0.502299
0.502308
0.502311
0.502316
0.502317
0.502321
0.502321
0.502323
0.502323
0.502323
0.502323
0.502329
0.502333
0.502338
0.502344
0.502351
0.502355
0.50236
0.502365
0.502362
0.502369
0.502374
0.502379
0.502377
0.502385
0.502383
0.502395
0.502394
0.502397
0.502399
0.5024
0.502406
0.502412
0.502416
0.50242
0.502418
0.502419
0.502415
0.502414
0.502418
0.502425
0.502433
0.502439
0.502445
0.502448
0.50245
0.502449
0.502456
0.50246
0.502466
0.502471
0.502473
0.502479
0.50248
0.502479
0.502489
0.502488
0.50249
0.502495
0.502498
0.502508
0.502509
0.502504
0.502511
0.502512
0.502523
0.502523
0.502528
0.502533
0.502537
0.50254
0.50255
0.502563
0.502563
0.502571
0.502576
0.502577
0.502585
0.502587
0.502589
0.502587
0.502591
0.502594
0.502595
0.502591
0.502597
0.502602
0.502604
0.502607
0.502608
0.502614
0.502616
0.502621
0.502622
0.502627
0.502627
0.502628
0.50263
0.502632
0.50263
0.50263
0.502631
0.502634
0.502641
0.502647
0.502652
0.502656
0.502659
0.502663
0.502666
0.502663
0.502662
0.502666
0.502668
0.502667
0.502672
0.502676
0.502679
0.502686
0.502688
0.502695
0.502695
0.502704
0.5027
0.502699
0.502707
0.502706
0.502701
0.502706
0.502712
0.502714
0.502716
0.502714
0.502726
0.502731
0.502737
0.502747
0.50275
0.502753
0.502755
0.502755
0.50276
0.502764
0.502761
0.502767
0.502768
0.502777
0.502781
0.502785
0.502787
0.502786
0.502791
0.502794
0.502797
0.502801
0.502804
0.502807
0.502813
0.502818
0.502818
0.502823
0.502828
0.502833
0.502835
0.502832
0.502835
0.502835
0.50284
0.502844
0.502847
0.502851
0.502857
0.50286
0.502864
0.502864
0.502861
0.502864
0.502862
0.50287
0.50287
0.502873
0.502874
0.502873
0.502872
0.502877
0.502881
0.502882
0.502887
0.502892
0.502901
0.502904
0.50291
0.502913
0.502919
0.50292
0.50292
0.502922
0.502923
0.502917
0.502919
0.502929
0.502939
0.502945
0.502947
0.502951
0.502951
0.502953
0.50295
0.502957
0.502967
0.502967
0.502971
0.502982
0.502985
0.502991
0.502991
0.502995
0.502993
0.503002
0.503003
0.503006
0.503012
0.503016
0.503021
0.503024
0.503018
0.503015
0.503011
0.503014
0.503015
0.503013
0.503019
0.503027
0.503031
0.503028
0.503032
0.503039
0.503043
0.50305
0.503052
0.503056
0.503056
0.503055
0.503056
0.503056
0.503062
0.503067
0.503066
0.503071
0.503075
0.503074
0.503082
0.503086
0.503093
0.503096
0.503096
0.5031
0.503106
0.503111
0.503118
0.503121
0.503122
0.503121
0.503125
0.503126
0.503133
0.503134
0.503135
0.503141
0.503148
0.503152
0.503158
0.503159
0.503159
0.503161
0.503166
0.503168
0.503168
0.503172
0.50318
0.503182
0.503189
0.503187
0.503192
0.503194
0.503199
0.5032
0.503199
0.503203
0.503205
0.503199
0.503203
0.50321
0.503212
0.503212
0.503212
0.503211
0.503215
0.50322
0.503223
0.503229
0.503226
0.503229
0.503235
0.503243
0.50324
0.503242
0.503254
0.503256
0.503264
0.503268
0.503268
0.503276
0.503274
0.503277
0.503282
0.503283
0.503287
0.503292
0.503294
0.503296
0.503297
0.503293
0.503293
0.503295
0.503298
0.503304
0.503305
0.503316
0.503318
0.503318
0.503322
0.503329
0.50333
0.503339
0.503343
0.503341
0.50335
0.503354
0.503356
0.503354
0.503361
0.503359
0.50336
0.503363
0.503365
0.503371
0.503373
0.503375
0.503378
0.503382
0.503396
0.5034
0.503404
0.503413
0.503409
0.50341
0.503415
0.503417
0.503419
0.503418
0.503417
0.503425
0.503429
0.503429
0.503431
0.503436
0.503435
0.503437
0.503443
0.503453
0.503453
0.503459
0.503462
0.503466
0.50347
0.503473
0.503476
0.50348
0.503482
0.503484
0.503485
0.503482
0.503484
0.503487
0.503492
0.503498
0.503503
0.503511
0.503519
0.503522
0.503524
0.503532
0.50353
0.50353
0.503534
0.503537
0.503542
0.503548
0.50355
0.503548
0.503545
0.503551
0.503548
0.50355
0.503554
0.503554
0.503564
0.503572
0.503571
0.503575
0.503579
0.503582
0.503582
0.503588
0.50359
0.503596
0.503601
0.503602
0.503601
0.503602
0.503601
0.503603
0.503601
0.503603
0.503609
0.50361
0.503612
0.503611
0.503619
0.503621
0.503622
0.503627
0.503631
0.503625
0.503628
0.503633
0.503636
0.503638
0.503642
0.503639
0.503644
0.503641
0.503642
0.503648
0.50365
0.503652
0.503653
0.503652
0.50366
0.503668
0.503666
0.503671
0.503674
0.503673
0.503671
0.503675
0.503679
0.503682
0.503682
0.503687
0.503688
0.503689
0.503694
0.503697
0.503696
0.503701
0.5037
0.503704
0.503706
0.503702
0.503703
0.503699
0.503704
0.503708
0.503709
0.50371
0.503713
0.503712
0.503713
0.503717
0.503719
0.503724
0.503726
0.503728
0.503729
0.503729
0.503732
0.503738
0.503739
0.503738
0.50374
0.503741
0.503744
0.503747
0.503752
0.50375
0.503752
0.503756
0.503756
0.503754
0.503755
0.503756
0.503756
0.503756
0.503757
0.503761
0.503765
0.503766
0.503772
0.503775
0.503775
0.50377
0.503774
0.503779
0.503786
0.503792
0.503797
0.503799
0.5038
0.503806
0.503809
0.50381
0.503809
0.503812
0.503823
0.503821
0.503824
0.503827
0.503834
0.50384
0.50384
0.503844
0.503846
0.503848
0.503846
0.503848
0.50385
0.503853
0.503856
0.503857
0.503857
0.503853
0.503855
0.503855
0.503857
0.503859
0.50386
0.50386
0.503866
0.503872
0.503871
0.503872
0.503879
0.503887
0.503893
0.503891
0.503898
0.503904
0.503901
0.503897
0.503901
0.503899
0.503898
0.503901
0.503907
0.50391
0.503911
0.503917
0.503922
0.503927
0.503929
0.503931
0.503943
0.503945
0.503948
0.50395
0.503952
0.503946
0.503948
0.50395
0.503953
0.503951
0.50395
0.503955
0.503962
0.50396
0.503961
0.503954
0.503957
0.503962
0.503965
0.50397
0.503973
0.503981
0.503979
0.503983
0.503984
0.503987
0.503994
0.503997
0.504004
0.504007
0.504004
0.504009
0.504004
0.50401
0.504015
0.504018
0.504023
0.504019
0.504017
0.504018
0.504018
0.504021
0.50402
0.504029
0.504031
0.504033
0.504038
0.50404
0.504046
0.504049
0.504052
0.50406
0.504056
0.504058
0.504063
0.504059
0.504053
0.504054
0.504051
0.504059
0.504051
0.504052
0.504058
0.504056
0.504059
0.504061
0.504063
0.504067
0.504067
0.504061
0.504067
0.504068
0.504076
0.504076
0.504082
0.504083
0.504091
0.504091
0.504093
0.504095
0.504094
0.504098
0.504105
0.504107
0.504106
0.504114
0.504117
0.504124
0.504125
0.504123
0.504121
0.504128
0.504132
0.504138
0.504143
0.504143
0.504147
0.504156
0.504155
0.504155
0.504163
0.504166
0.50417
0.50417
0.504173
0.504172
0.504181
0.504187
0.504189
0.504194
0.504197
0.504201
0.504203
0.504208
0.504213
0.504213
0.50422
0.504226
0.504232
0.504237
0.504238
0.504248
0.504251
0.504258
0.504261
0.504262
0.50427
0.504267
0.504262
0.504262
0.504262
0.504262
0.504262
0.504265
0.504266
0.504266
0.504267
0.504273
0.504276
0.504275
0.504276
0.504284
0.504288
0.504292
0.504294
0.504297
0.5043
0.504304
0.504305
0.504312
0.504313
0.504314
0.504322
0.504329
0.504329
0.504336
0.504337
0.504344
0.50435
0.504358
0.504355
0.504355
0.504363
0.504366
0.504369
0.50437
0.504371
0.504369
0.504375
0.504367
0.504369
0.504372
0.504373
0.50438
0.504388
0.504396
0.5044
0.504406
0.504406
0.504409
0.504411
0.504413
0.504414
0.504417
0.504421
0.504421
0.504416
0.504415
0.504413
0.504413
0.504421
0.504426
0.50442
0.504428
0.504428
0.504435
0.504438
0.504432
0.504435
0.504438
0.504433
0.504429
0.504434
0.504432
0.504435
0.504439
0.504442
0.504443
0.504447
0.504447
0.504448
0.504449
0.50445
0.50445
0.504449
0.50445
0.504448
0.504453
0.504456
0.504458
0.504465
0.504469
0.504471
0.504482
0.504483
0.504481
0.504485
0.504487
0.504493
0.504496
0.504503
0.504502
0.504511
0.504511
0.504515
0.504515
0.504522
0.504525
0.504529
0.504525
0.50453
0.504533
0.504539
0.504543
0.504539
0.504548
0.504548
0.504549
0.504551
0.504555
0.50455
0.504552
0.504554
0.504559
0.50456
0.504566
0.504574
0.50457
0.504575
0.504577
0.504574
0.504578
0.504578
0.504586
0.504584
0.504588
0.504586
0.504592
0.5046
0.504607
0.504602
0.504604
0.504612
0.504615
0.504618
0.504615
0.504617
0.504617
0.504617
0.504617
0.50462
0.504619
0.504627
0.504628
0.504632
0.504633
0.504635
0.504636
0.504637
0.504639
0.504644
0.504652
0.504655
0.504654
0.504652
0.50465
0.504645
0.504649
0.504654
0.504658
0.50466
0.50466
0.504664
0.504661
0.504661
0.504663
0.504664
0.504662
0.504668
0.504669
0.504671
0.504673
0.504676
0.504676
0.504677
0.504683
0.504681
0.504685
0.50469
0.504696
0.504699
0.504703
0.504706
0.504706
0.504722
0.504722
0.504721
0.504726
0.504734
0.504734
0.504731
0.504732
0.504733
0.504734
0.504733
0.504735
0.504731
0.504732
0.504734
0.504739
0.504743
0.504744
0.504744
0.504749
0.504753
0.504758
0.504763
0.504769
0.504772
0.504771
0.504773
0.504778
0.504779
0.504782
0.504781
0.504784
0.504794
0.504798
0.504801
0.504806
0.504814
0.504827
0.504829
0.504836
0.504833
0.504836
0.504839
0.504837
0.504842
0.504844
0.504848
0.504852
0.504855
0.504852
0.504853
0.504857
0.50486
0.50486
0.504857
0.504862
0.50486
0.504858
0.504856
0.504861
0.504862
0.504864
0.504872
0.504877
0.504882
0.504884
0.504882
0.504888
0.504883
0.504889
0.504896
0.504893
0.504893
0.504892
0.504897
0.504898
0.504901
0.504904
0.504906
0.504908
0.504918
0.504922
0.504921
0.504925
0.504923
0.504923
0.504924
0.504927
0.504925
0.504931
0.504939
0.504937
0.504946
0.504949
0.504956
0.50496
0.504968
0.50497
0.504975
0.504978
0.504987
0.504987
0.504989
0.504989
0.504988
0.50499
0.504991
0.504992
0.504997
0.504997
0.504997
0.504999
0.504996
0.504996
0.504998
0.504998
0.505002
0.505011
0.505015
0.505019
0.505021
0.505023
0.505021
0.505019
0.505023
0.505026
0.505027
0.505037
0.505038
0.505043
0.505049
0.505054
0.505054
0.505056
0.505057
0.505066
0.505073
0.505075
0.505078
0.505081
0.505084
0.505086
0.505088
0.505086
0.505089
0.505093
0.505095
0.505099
0.505103
0.505103
0.505107
0.505106
0.505101
0.505103
0.505105
0.505109
0.505111
0.505116
0.505117
0.505117
0.505122
0.505122
0.50513
0.505133
0.505127
0.50513
0.505132
0.505135
0.505135
0.505137
0.505145
0.505147
0.505157
0.505163
0.50516
0.505165
0.505167
0.50517
0.505168
0.505168
0.505167
0.505166
0.505167
0.505174
0.505175
0.50518
0.505184
0.505191
0.505193
0.5052
0.505202
0.505208
0.505211
0.505213
0.505217
0.505224
0.505228
0.505231
0.505234
0.505239
0.505243
0.505244
0.505248
0.505247
0.50525
0.50525
0.50525
0.505251
0.505248
0.505253
0.505256
0.505257
0.505263
0.505265
0.505262
0.505264
0.505269
0.505274
0.505277
0.505282
0.505286
0.505288
0.505288
0.505288
0.505293
0.505297
0.505296
0.5053
0.505302
0.505306
0.505314
0.505317
0.505322
0.505327
0.505327
0.505335
0.50534
0.505338
0.505333
0.505335
0.505338
0.50534
0.505338
0.505339
0.50534
0.505345
0.505345
0.505349
0.505343
0.505348
0.505351
0.505354
0.505352
0.505351
0.505353
0.505355
0.505356
0.505359
0.505351
0.505358
0.505365
0.505364
0.505369
0.505377
0.505377
0.505377
0.505383
0.505383
0.505386
0.505386
0.505389
0.505395
0.505399
0.505407
0.505411
0.505417
0.505418
0.505419
0.505419
0.505422
0.505428
0.505434
0.505437
0.505436
0.505437
0.50544
0.505442
0.505444
0.505444
0.505446
0.505446
0.505449
0.505448
0.505447
0.505446
0.505447
0.505449
0.50545
0.505451
0.505455
0.505453
0.505456
0.505456
0.50546
0.505465
0.505466
0.505472
0.505477
0.50548
0.505483
0.505484
0.505484
0.505482
0.505486
0.505488
0.50549
0.505491
0.505491
0.505495
0.505496
0.505502
0.505503
0.505506
0.505505
0.505502
0.505504
0.505505
0.505516
0.505515
0.505514
0.505514
0.505518
0.505521
0.505523
0.505521
0.505528
0.505527
0.505529
0.505534
0.505537
0.505536
0.505534
0.505531
0.505528
0.505528
0.505527
0.505533
0.505538
0.505532
0.505532
0.505537
0.505538
0.505538
0.505537
0.505543
0.505542
0.505547
0.505553
0.505553
0.505553
0.505554
0.50556
0.505561
0.505557
0.505556
0.505564
0.505564
0.505566
0.505565
0.505565
0.50557
0.505572
0.505569
0.505569
0.505579
0.505582
0.50558
0.505583
0.505584
0.505579
0.505584
0.505583
0.505583
0.505578
0.505583
0.50559
0.505587
0.505585
0.50559
0.50559
0.505592
0.505598
0.505602
0.505605
0.505609
0.505612
0.505618
0.505622
0.505626
0.505622
0.505626
0.505626
0.505631
0.505635
0.505639
0.505638
0.505642
0.505647
0.505652
0.505647
0.50565
0.505653
0.505654
0.505653
0.505653
0.505657
0.505659
0.505659
0.505663
0.505667
0.505664
0.505667
0.505671
0.505673
0.50567
0.50567
0.505679
0.50568
0.505684
0.505682
0.505689
0.505692
0.505696
0.505695
0.5057
0.505702
0.505704
0.5057
0.5057
0.505695
0.505702
0.505703
0.505707
0.505712
0.505715
0.505723
0.505726
0.505725
0.505729
0.505731
0.505722
0.505725
0.505728
0.505728
0.505731
0.505731
0.505738
0.505738
0.505742
0.505749
0.50575
0.505747
0.505749
0.505748
0.505748
0.505747
0.505745
0.505744
0.505747
0.505751
0.505757
0.505758
0.505755
0.505757
0.505762
0.505767
0.505771
0.505771
0.505774
0.505774
0.505775
0.505779
0.505784
0.505785
0.505787
0.505788
0.505789
0.505796
0.5058
0.505801
0.505802
0.505809
0.505811
0.50581
0.505813
0.505816
0.505825
0.505831
0.505832
0.505831
0.505838
0.505837
0.505839
0.505835
0.505834
0.505835
0.505839
0.505843
0.505844
0.505843
0.505841
0.50584
0.505839
0.505843
0.505846
0.505854
0.505857
0.505855
0.505856
0.505854
0.50585
0.50585
0.505851
0.505854
0.505857
0.505855
0.505856
0.505859
0.505864
0.505867
0.505871
0.505871
0.505872
0.50587
0.505869
0.505874
0.505883
0.505886
0.505893
0.505896
0.505898
0.505901
0.505908
0.505915
0.505918
0.505915
0.505914
0.505916
0.505922
0.50592
0.505918
0.505914
0.505919
0.505919
0.505919
0.50592
0.505923
0.505928
0.505928
0.505936
0.505934
0.505934
0.505939
0.505941
0.505943
0.505946
0.50595
0.50595
0.505961
0.505964
0.505966
0.505968
0.505975
0.505971
0.505967
0.505969
0.505969
0.505971
0.505972
0.505977
0.505978
0.505983
0.505985
0.505989
0.505992
0.505995
0.505996
0.505993
0.505995
0.505994
0.505997
0.505999
0.506001
0.506008
0.50601
0.506018
0.506021
0.506025
0.506034
0.506033
0.506034
0.506037
0.50604
0.506042
0.506047
0.506052
0.506057
0.50606
0.506058
0.506061
0.506061
0.506062
0.506061
0.506066
0.506072
0.506072
0.506075
0.506074
0.506074
0.506077
0.506077
0.506079
0.506083
0.506084
0.506087
0.506092
0.506094
0.5061
0.506103
0.506101
0.506105
0.506107
0.506108
0.506111
0.506112
0.506116
0.50612
0.506123
0.506125
0.506121
0.506121
0.506119
0.506123
0.506122
0.506124
0.506122
0.506121
0.506125
0.506124
0.506126
0.506132
0.506132
0.506139
0.506143
0.506149
0.50615
0.506157
0.506163
0.506169
0.50617
0.50617
0.506175
0.506176
0.506171
0.506175
0.506181
0.506179
0.506177
0.50618
0.506183
0.506186
0.506186
0.506192
0.506201
0.506202
0.506203
0.506205
0.50621
0.506216
0.50622
0.506224
0.50623
0.506233
0.50624
0.506241
0.506242
0.506245
0.506244
0.506244
0.506246
0.506248
0.50625
0.506252
0.506258
0.506259
0.506263
0.506264
0.506267
0.50627
0.506273
0.506281
0.506281
0.506286
0.506285
0.506285
0.506285
0.506286
0.506286
