0.298077
0.242553
0.218289
0.209354
0.201709
0.201681
0.2
0.197949
0.205882
0.208599
0.203913
0.200984
0.198
0.200127
0.202916
0.206897
0.205228
0.209052
0.209578
0.208313
0.208452
0.20488
0.20531
0.207045
0.208993
0.209677
0.208038
0.209293
0.208911
0.211003
0.210786
0.21209
0.212787
0.214612
0.216259
0.214863
0.215651
0.216939
0.214991
0.21457
0.213248
0.21409
0.213767
0.211275
0.211315
0.212305
0.212354
0.212839
0.212894
0.214438
0.216028
0.215476
0.216356
0.215725
0.214941
0.214746
0.214738
0.215221
0.215413
0.215065
0.214627
0.214946
0.215394
0.215529
0.21586
0.21588
0.216633
0.216182
0.216385
0.216988
0.216272
0.216373
0.215442
0.215712
0.215954
0.21546
0.214148
0.215033
0.214936
0.215695
0.215988
0.216459
0.216829
0.216473
0.216284
0.216003
0.215873
0.216031
0.215598
0.215357
0.215118
0.214296
0.214937
0.214574
0.214324
0.214116
0.214417
0.213434
0.214588
0.214704
0.214033
0.213482
0.213754
0.213591
0.213641
0.21332
0.213142
0.213035
0.212886
0.212474
0.213014
0.212822
0.212826
0.213216
0.213353
0.213329
0.213172
0.212369
0.212469
0.212063
0.21144
0.210988
0.21125
0.210888
0.210673
0.210182
0.209826
0.209354
0.209316
0.209633
0.209733
0.209473
0.210056
0.210749
0.211055
0.211027
0.21067
0.210694
0.210551
0.21059
0.210478
0.210497
0.210245
0.210076
0.210004
0.210007
0.209851
0.209662
0.209406
0.209193
0.209779
0.209632
0.209958
0.210286
0.211163
0.210926
0.211371
0.211416
0.211502
0.211845
0.211859
0.212345
0.21239
0.211885
0.211803
0.211779
0.21161
0.211547
0.211205
0.211177
0.211273
0.211388
0.211105
0.21103
0.211102
0.211619
0.211222
0.211241
0.211077
0.210789
0.210659
0.210918
0.211036
0.211395
0.211788
0.21169
0.211764
0.21166
0.211403
0.211077
0.210908
0.210627
0.210341
0.210445
0.2106
0.210519
0.210648
0.210443
0.21034
0.210086
0.210115
0.210209
0.210679
0.210432
0.210573
0.210673
0.210546
0.210202
0.21048
0.210195
0.210265
0.210198
0.210015
0.210214
0.210276
0.21044
0.210057
0.209765
0.209622
0.209445
0.209828
0.209886
0.210121
0.209996
0.210302
0.210474
0.210371
0.210429
0.210514
0.210334
0.210257
0.210187
0.210064
0.210001
0.210092
0.210149
0.210363
0.21041
0.210434
0.210368
0.21036
0.210338
0.210395
0.210453
0.210467
0.210343
0.210313
0.21084
0.211064
0.210929
0.211124
0.211268
0.211407
0.211399
0.211212
0.211286
0.211399
0.211067
0.211025
0.211012
0.211359
0.211424
0.211302
0.211099
0.210911
0.210701
0.210435
0.210464
0.210289
0.21021
0.209954
0.210086
0.209792
0.209648
0.209805
0.209788
0.209943
0.210065
0.210119
0.210086
0.210303
0.210252
0.21042
0.21048
0.210499
0.210563
0.210937
0.210972
0.210869
0.211111
0.210926
0.210691
0.2106
0.210605
0.210647
0.210875
0.210601
0.210721
0.210596
0.210722
0.211034
0.211151
0.211239
0.211278
0.211232
0.211136
0.210945
0.210913
0.210646
0.210935
0.210643
0.210562
0.210453
0.210504
0.210271
0.210117
0.21009
0.210104
0.210263
0.210118
0.210215
0.210007
0.210007
0.209818
0.209911
0.209623
0.209397
0.209298
0.209099
0.209131
0.209004
0.209219
0.209287
0.20946
0.209194
0.209223
0.209206
0.209063
0.20897
0.209033
0.209047
0.208948
0.20897
0.209021
0.208971
0.20913
0.209319
0.209181
0.209031
0.208835
0.208953
0.209158
0.20886
0.208767
0.208736
0.208749
0.208818
0.208659
0.208726
0.208772
0.20887
0.208919
0.209001
0.209271
0.209111
0.209088
0.209121
0.20896
0.208753
0.208922
0.208825
0.208804
0.209007
0.20891
0.20899
0.209016
0.209172
0.209221
0.20926
0.20928
0.209493
0.209515
0.209512
0.209485
0.209654
0.209625
0.209666
0.209747
0.20979
0.209595
0.209692
0.209694
0.209668
0.209747
0.209681
0.209858
0.209972
0.20988
0.209761
0.209779
0.209629
0.209829
0.209937
0.21009
0.210064
0.209963
0.210057
0.210105
0.209954
0.2099
0.20982
0.209935
0.209948
0.209887
0.209983
0.20982
0.209799
0.209882
0.209954
0.210072
0.210056
0.210041
0.209994
0.209974
0.209807
0.2098
0.20993
0.209652
0.209603
0.209643
0.209536
0.209521
0.209615
0.209622
0.209623
0.20958
0.20957
0.209652
0.209723
0.209869
0.209812
0.20985
0.209972
0.209869
0.209839
0.209822
0.209974
0.20997
0.210099
0.209943
0.209888
0.209816
0.209924
0.209845
0.209708
0.209736
0.209578
0.209629
0.209684
0.20975
0.209759
0.209694
0.209864
0.209871
0.209852
0.209709
0.209549
0.209434
0.209376
0.209446
0.209564
0.209501
0.209612
0.209571
0.209453
0.209535
0.209509
0.209438
0.209297
0.209356
0.2093
0.209396
0.20925
0.209417
0.209312
0.209224
0.209117
0.209212
0.209235
0.209176
0.209222
0.209244
0.209259
0.209252
0.209373
0.209365
0.20934
0.209314
0.20926
0.209193
0.209381
0.209483
0.209457
0.209385
0.209459
0.209572
0.209616
0.209662
0.209632
0.209658
0.209881
0.209768
0.209781
0.20984
0.209724
0.209652
0.209636
0.209687
0.209479
0.20935
0.20942
0.209319
0.209282
0.209367
0.20946
0.209456
0.209571
0.209506
0.209438
0.209391
0.209352
0.209324
0.209367
0.209381
0.209309
0.209308
0.209448
0.209466
0.20957
0.209567
0.209596
0.209719
0.209715
0.209652
0.209571
0.20961
0.209467
0.209572
0.209627
0.209589
0.20957
0.209523
0.209436
0.209331
0.209186
0.209178
0.209211
0.209292
0.209409
0.209441
0.209486
0.209465
0.209379
0.209315
0.20918
0.209137
0.209165
0.209149
0.209061
0.20906
0.209215
0.209162
0.209093
0.209124
0.20926
0.209276
0.209294
0.209181
0.20915
0.20918
0.209258
0.209168
0.209242
0.209232
0.209196
0.209209
0.209136
0.209158
0.209241
0.209162
0.209118
0.209092
0.209179
0.209263
0.209048
0.209205
0.209305
0.209341
0.209351
0.209361
0.209375
0.209252
0.209262
0.209281
0.209283
0.209308
0.209239
0.209265
0.209221
0.209154
0.209098
0.209077
0.208925
0.208895
0.208886
0.208848
0.208985
0.209017
0.209109
0.209178
0.209251
0.209156
0.209157
0.209115
0.209061
0.209035
0.208999
0.208984
0.208919
0.208824
0.208858
0.208869
0.208836
0.208717
0.208673
0.2087
0.208725
0.208773
0.208671
0.208626
0.208734
0.208716
0.208728
0.208737
0.20869
0.208574
0.208841
0.208829
0.208781
0.208791
0.208856
0.208909
0.208998
0.209037
0.209031
0.209001
0.208963
0.208941
0.208929
0.209052
0.209071
0.209082
0.208935
0.208908
0.208938
0.208951
0.208951
0.208909
0.208771
0.208761
0.208788
0.208808
0.20882
0.208863
0.208816
0.208851
0.208872
0.208897
0.208905
0.208828
0.208739
0.208716
0.20869
0.208766
0.208681
0.20865
0.208549
0.208501
0.208632
0.208708
0.20872
0.20878
0.20874
0.208769
0.208741
0.20868
0.208704
0.208749
0.208653
0.208635
0.208669
0.208572
0.208536
0.208508
0.208522
0.20848
0.208571
0.208637
0.208565
0.208606
0.208545
0.208615
0.208614
0.208522
0.208567
0.208626
0.208623
0.208837
0.208838
0.208731
0.208804
0.208758
0.208738
0.208798
0.208905
0.208888
0.208916
0.208871
0.208747
0.208817
0.208752
0.208813
0.208779
0.208767
0.208801
0.208734
0.208727
0.208774
0.208809
0.2088
0.208793
0.208697
0.20864
0.208645
0.20878
0.208695
0.208744
0.208724
0.208805
0.208932
0.209063
0.209087
0.208968
0.20888
0.208869
0.208763
0.20872
0.208812
0.208854
0.208826
0.208732
0.208724
0.208657
0.208622
0.208666
0.208834
0.208825
0.208837
0.208891
0.208824
0.208869
0.208905
0.208945
0.209011
0.209084
0.209062
0.20901
0.208903
0.208832
0.208914
0.208877
0.208831
0.208749
0.208746
0.208656
0.208698
0.208681
0.208712
0.208716
0.208658
0.208661
0.208609
0.208567
0.208506
0.208485
0.208463
0.208448
0.208468
0.208463
0.208496
0.208435
0.208517
0.208565
0.208531
0.208695
0.20861
0.208637
0.20863
0.208616
0.208656
0.208654
0.208629
0.20862
0.208564
0.208546
0.208562
0.208605
0.208596
0.208541
0.2086
0.208598
0.208663
0.208639
0.208689
0.208669
0.208765
0.208716
0.208645
0.208682
0.208721
0.208662
0.208687
0.208577
0.208476
0.208341
0.208262
0.208279
0.208289
0.208303
0.208303
0.208327
0.208416
0.208417
0.208397
0.208422
0.208346
0.208335
0.208299
0.208349
0.208314
0.208299
0.208401
0.208411
0.20843
0.20846
0.208498
0.208472
0.208398
0.208422
0.208429
0.208426
0.208404
0.208456
0.208468
0.208387
0.208405
0.208469
0.208376
0.20839
0.208319
0.208484
0.20837
0.208399
0.208431
0.208399
0.20842
0.208481
0.208627
0.208695
0.208656
0.208754
0.208732
0.208725
0.208761
0.208689
0.208791
0.208764
0.208789
0.208754
0.208753
0.208904
0.208949
0.208968
0.209005
0.208914
0.208976
0.208951
0.208972
0.208927
0.208911
0.208888
0.20884
0.208929
0.208906
0.208965
0.208962
0.209005
0.209027
0.209063
0.209028
0.208953
0.208977
0.209136
0.209124
0.209112
0.209117
0.209208
0.209183
0.209208
0.209192
0.209321
0.209314
0.209414
0.20933
0.209364
0.209281
0.209307
0.209326
0.209371
0.209373
0.209456
0.209477
0.209489
0.209448
0.209547
0.209551
0.209474
0.209513
0.209452
0.209477
0.209492
0.20951
0.209396
0.209355
0.209329
0.20931
0.209344
0.209337
0.209362
0.209335
0.209405
0.209383
0.209385
0.209305
0.20935
0.209408
0.20936
0.209408
0.209473
0.209479
0.209465
0.209368
0.209372
0.209299
0.209346
0.209369
0.209388
0.209433
0.209382
0.209341
0.209311
0.209298
0.209358
0.209297
0.20925
0.209164
0.209063
0.209063
0.209088
0.209098
0.209138
0.209156
0.209117
0.209132
0.209185
0.209287
0.209219
0.209199
0.209253
0.209238
0.209195
0.209183
0.209198
0.209186
0.209147
0.209126
0.209105
0.209077
0.209063
0.209041
0.209033
0.209026
0.209046
0.209032
0.209037
0.208999
0.209044
0.209013
0.209018
0.209021
0.209121
0.209099
0.209096
0.209063
0.209077
0.209094
0.209085
0.209061
0.208973
0.208964
0.209076
0.208992
0.208979
0.208994
0.208942
0.208947
0.208991
0.208959
0.208976
0.209019
0.209024
0.20907
0.209038
0.208989
0.209011
0.208936
0.208985
0.208948
0.208892
0.208917
0.208967
0.208927
0.208954
0.208894
0.208914
0.208885
0.208869
0.208881
0.208871
0.208908
0.208939
0.208895
0.20885
0.208851
0.208875
0.208831
0.20894
0.209038
0.20906
0.209063
0.209042
0.209054
0.209033
0.209001
0.208976
0.208948
0.208959
0.208985
0.208899
0.208911
0.208916
0.208943
0.208876
0.20892
0.208954
0.208982
0.208977
0.208941
0.208902
0.209041
0.209125
0.209177
0.209223
0.209241
0.209256
0.209278
0.209225
0.209163
0.209171
0.209172
0.209128
0.209155
0.209161
0.209145
0.2092
0.209247
0.20929
0.209306
0.209338
0.209305
0.209318
0.209275
0.209249
0.209212
0.20927
0.20931
0.209319
0.209271
0.209256
0.209269
0.209286
0.209257
0.20924
0.209177
0.209141
0.209114
0.209082
0.209031
0.20896
0.209
0.208995
0.208946
0.208842
0.208807
0.20882
0.208826
0.208888
0.208882
0.208931
0.208934
0.209052
0.208996
0.208979
0.209001
0.209025
0.209023
0.209034
0.209048
0.209045
0.208972
0.208985
0.208987
0.208956
0.209006
0.209018
0.208977
0.208975
0.208917
0.208916
0.208946
0.208969
0.20898
0.209004
0.208986
0.209019
0.209023
0.20897
0.209036
0.209082
0.209042
0.20902
0.209029
0.209081
0.209092
0.209148
0.209148
0.20917
0.209198
0.209199
0.209161
0.209132
0.209145
0.209124
0.209125
0.209171
0.20923
0.209228
0.209244
0.20922
0.209203
0.209158
0.209155
0.209144
0.20911
0.209073
0.20911
0.209139
0.209094
0.209107
0.209137
0.209172
0.209103
0.209054
0.209047
0.209058
0.208978
0.208951
0.208982
0.209014
0.208993
0.208944
0.208957
0.208957
0.208989
0.209022
0.209041
0.209039
0.208984
0.208965
0.208976
0.208943
0.209017
0.209003
0.208973
0.208942
0.20897
0.208952
0.208886
0.208811
0.208829
0.208857
0.208901
0.208819
0.208803
0.208757
0.208726
0.208735
0.208693
0.208715
0.208687
0.208642
0.208642
0.208566
0.208597
0.208596
0.20862
0.208658
0.208712
0.208722
0.208645
0.208685
0.208711
0.208684
0.208739
0.208747
0.208771
0.208776
0.208792
0.208755
0.208758
0.208767
0.208745
0.208775
0.208829
0.208805
0.208785
0.208769
0.208852
0.208871
0.208897
0.208925
0.20898
0.208957
0.208982
0.209027
0.20907
0.209103
0.209155
0.209242
0.209232
0.209262
0.2092
0.20921
0.209246
0.209216
0.209272
0.209336
0.209357
0.209369
0.209461
0.209439
0.209413
0.209358
0.209365
0.209328
0.209309
0.209325
0.20927
0.209219
0.209276
0.20926
0.209243
0.209197
0.20918
0.209208
0.209288
0.209259
0.209214
0.209182
0.209214
0.209259
0.209256
0.209213
0.209211
0.209221
0.209182
0.209162
0.209117
0.2091
0.209077
0.209086
0.209072
0.209045
0.209022
0.209055
0.209078
0.209064
0.209093
0.209071
0.209061
0.208985
0.209005
0.209029
0.209006
0.208985
0.208951
0.208968
0.209
0.208938
0.208914
0.208905
0.208854
0.208895
0.208886
0.208924
0.20888
0.208862
0.208864
0.208826
0.208832
0.208803
0.208776
0.208749
0.208768
0.208725
0.208772
0.208711
0.208788
0.208792
0.20879
0.208772
0.20877
0.208832
0.208854
0.208845
0.208831
0.208843
0.208847
0.208811
0.208834
0.208781
0.208879
0.208927
0.208905
0.208944
0.208953
0.208994
0.208961
0.208961
0.208966
0.208956
0.208922
0.208965
0.208995
0.209079
0.209006
0.209045
0.209033
0.20903
0.209022
0.208999
0.20906
0.209123
0.209138
0.209168
0.20923
0.209214
0.209167
0.20918
0.209145
0.209106
0.209063
0.209037
0.208993
0.209028
0.209082
0.209066
0.209069
0.209127
0.20911
0.209113
0.209114
0.209113
0.209152
0.209142
0.209094
0.209079
0.209147
0.209191
0.209233
0.209237
0.209223
0.20923
0.209253
0.209207
0.209209
0.209193
0.209203
0.209213
0.209192
0.209216
0.209215
0.209241
0.209179
0.209176
0.209172
0.209125
0.20915
0.209176
0.209206
0.209182
0.209167
0.209159
0.209196
0.209171
0.209148
0.209142
0.209143
0.209129
0.209147
0.209159
0.20919
0.209121
0.209189
0.209171
0.209145
0.209173
0.20917
0.209192
0.209131
0.20915
0.209116
0.209132
0.209184
0.209167
0.209111
0.209133
0.209115
0.209144
0.209171
0.209209
0.209178
0.209182
0.209238
0.209232
0.209254
0.20922
0.20921
0.209211
0.209185
0.209153
0.209177
0.209189
0.209188
0.209237
0.209225
0.209264
0.209258
0.20923
0.209239
0.209235
0.209301
0.209365
0.209347
0.209338
0.209307
0.209253
0.209224
0.209281
0.209268
0.209319
0.209278
0.209264
0.209247
0.209269
0.209268
0.209255
0.209182
0.209143
0.209138
0.209114
0.20916
0.209221
0.209227
0.209203
0.209156
0.209138
0.209112
0.209101
0.209086
0.20906
0.209036
0.209047
0.209055
0.209111
0.209116
0.209098
0.209069
0.209085
0.209064
0.209104
0.20911
0.209105
0.209109
0.209125
0.20908
0.209087
0.209107
0.209068
0.209067
0.209102
0.209143
0.209175
0.209162
0.209112
0.209118
0.209132
0.209106
0.209075
0.209052
0.209077
0.209053
0.209048
0.209032
0.209066
0.209076
0.209064
0.209046
0.209061
0.209027
0.209
0.208992
0.20897
0.208962
0.208947
0.208965
0.208968
0.208958
0.208915
0.208908
0.208929
0.20895
0.208942
0.208933
0.208937
0.208976
0.208938
0.208937
0.208897
0.208935
0.208982
0.209026
0.20902
0.209021
0.209008
0.209023
0.209023
0.209059
0.209071
0.20907
0.209056
0.209044
0.209051
0.209067
0.209015
0.209079
0.209091
0.209101
0.209096
0.209098
0.209083
0.209071
0.209095
0.209076
0.209071
0.209044
0.209028
0.209024
0.20903
0.20904
0.209027
0.209032
0.209022
0.209036
0.209068
0.209033
0.209003
0.209005
0.208982
0.209
0.209006
0.209031
0.209089
0.209124
0.209127
0.209096
0.209121
0.20914
0.209105
0.209138
0.209104
0.209101
0.209135
0.209151
0.209089
0.209048
0.209047
0.209038
0.209073
0.209035
0.209019
0.209059
0.20905
0.209068
0.209039
0.20905
0.209029
0.208986
0.209005
0.208993
0.208986
0.208994
0.208979
0.208977
0.209018
0.209021
0.209019
0.209011
0.209
0.208996
0.208977
0.208946
0.208917
0.208898
0.208907
0.208965
0.208919
0.208921
0.208896
0.208897
0.208929
0.208899
0.208949
0.208945
0.208888
0.208885
0.208904
0.208872
0.208882
0.208946
0.208944
0.208911
0.20888
0.208867
0.208859
0.208843
0.208781
0.208801
0.208792
0.208778
0.208778
0.208755
0.208776
0.208748
0.20877
0.20885
0.208825
0.20885
0.208886
0.208797
0.208835
0.208823
0.208819
0.20882
0.208847
0.208856
0.208889
0.208929
0.208922
0.208957
0.208936
0.208954
0.208942
0.208938
0.208917
0.208901
0.208905
0.208921
0.208922
0.208905
0.208943
0.208906
0.208842
0.208837
0.208888
0.20893
0.208923
0.208917
0.208883
0.208863
0.208824
0.208821
0.208823
0.20883
0.208825
0.208836
0.20885
0.208869
0.208867
0.208824
0.208831
0.208823
0.208851
0.208847
0.208821
0.208849
0.208844
0.208851
0.208839
0.208821
0.208805
0.208789
0.208796
0.208832
0.208863
0.208845
0.208824
0.208862
0.208882
0.208906
0.208944
0.208969
0.208989
0.209025
0.208983
0.208957
0.208987
0.209005
0.209002
0.208949
0.208939
0.208959
0.208908
0.208894
0.208895
0.208878
0.208847
0.208849
0.208858
0.208877
0.208871
0.20889
0.208919
0.208874
0.208846
0.208841
0.208856
0.208842
0.208811
0.208835
0.20883
0.208813
0.208822
0.208818
0.208778
0.208806
0.208796
0.208813
0.208828
0.208847
0.208827
0.20883
0.208882
0.208865
0.208835
0.208868
0.208868
0.208847
0.208827
0.208842
0.208862
0.208924
0.20897
0.209003
0.208976
0.208977
0.209012
0.209034
0.20903
0.209039
0.209024
0.209004
0.209043
0.209019
0.209022
0.209006
0.208978
0.208948
0.208949
0.208955
0.208957
0.20896
0.208939
0.208946
0.208967
0.208989
0.209014
0.209048
0.209066
0.209035
0.209075
0.209084
0.209106
0.209116
0.209115
0.209078
0.209093
0.209028
0.209021
0.209003
0.209006
0.208976
0.208981
0.208993
0.209035
0.209065
0.209089
0.209063
0.209066
0.209122
0.209114
0.209108
0.209132
0.209147
0.209155
0.209084
0.209116
0.209128
0.209142
0.209124
0.209123
0.209124
0.209115
0.209089
0.209115
0.209123
0.20913
0.209115
0.209117
0.209105
0.209156
0.209178
0.209158
0.209188
0.209179
0.209189
0.20915
0.20916
0.209239
0.209203
0.209233
0.209242
0.209255
0.209254
0.209219
0.209241
0.209209
0.209181
0.209175
0.20916
0.209212
0.209224
0.20918
0.209219
0.209264
0.209268
0.209261
0.209253
0.209321
0.209359
0.209376
0.209339
0.209357
0.209378
0.209404
0.209397
0.209393
0.209414
0.209405
0.209352
0.209345
0.209346
0.209365
0.209361
0.209328
0.209321
0.209304
0.209308
0.209309
0.209302
0.209307
0.209256
0.209256
0.20929
0.209308
0.209313
0.209341
0.209342
0.209329
0.209359
0.20937
0.209392
0.209409
0.209358
0.209366
0.209358
0.209389
0.209424
0.209399
0.209375
0.209353
0.209327
0.209319
0.209326
0.209334
0.209319
0.209331
0.209332
0.209316
0.209329
0.209332
0.209274
0.209249
0.209275
0.209299
0.209296
0.209327
0.209351
0.209347
0.209336
0.20932
0.209289
0.209294
0.209321
0.209329
0.209339
0.209348
0.209337
0.209372
0.209374
0.209335
0.209345
0.209336
0.209307
0.209337
0.209341
0.20935
0.20933
0.209325
0.209278
0.209255
0.209267
0.209269
0.209255
0.20922
0.209216
0.209177
0.209153
0.209145
0.209116
0.209117
0.209121
0.209157
0.209177
0.209175
0.209198
0.209188
0.209179
0.209204
0.209204
0.209197
0.209222
0.209232
0.209231
0.20926
0.209254
0.209254
0.209257
0.209269
0.209293
0.209273
0.209314
0.209353
0.209358
0.209332
0.209314
0.209332
0.209316
0.209317
0.209369
0.209358
0.209375
0.209318
0.209337
0.20932
0.209335
0.209321
0.209348
0.20934
0.209322
0.209334
0.209313
0.209318
0.209313
0.209305
0.209304
0.209307
0.209322
0.20933
0.2093
0.209319
0.209331
0.209309
0.209285
0.209288
0.209301
0.20931
0.209305
0.209355
0.209358
0.209359
0.209362
0.209374
0.209378
0.209394
0.20941
0.209466
0.209412
0.209377
0.209414
0.209442
0.209478
0.209471
0.209461
0.209461
0.209469
0.209451
0.209459
0.209472
0.209494
0.209517
0.209558
0.209514
0.20952
0.209548
0.209507
0.209502
0.209509
0.20948
0.209506
0.209499
0.209474
0.209454
0.209438
0.209409
0.20942
0.209419
0.209427
0.209408
0.209464
0.209462
0.209443
0.209465
0.209432
0.209391
0.209375
0.209354
0.209382
0.209371
0.209414
0.209411
0.209396
0.209379
0.20934
0.209322
0.209354
0.209345
0.209284
0.209274
0.20928
0.209286
0.20931
0.209301
0.209318
0.209329
0.209352
0.209369
0.209397
0.209402
0.209448
0.209448
0.209448
0.209479
0.209511
0.20949
0.209487
0.20948
0.209506
0.209518
0.209522
0.209505
0.209505
0.209508
0.209521
0.209506
0.209532
0.209506
0.209544
0.209548
0.209564
0.209542
0.20951
0.209464
0.209443
0.209443
0.209431
0.209436
0.209451
0.209484
0.209489
0.209511
0.209506
0.209476
0.209508
0.209501
0.209496
0.209487
0.209496
0.209489
0.209481
0.209462
0.20947
0.209482
0.209476
0.209447
0.209419
0.209384
0.20938
0.209364
0.209371
0.209382
0.209366
0.209324
0.209326
0.2093
0.209292
0.209259
0.209249
0.209235
0.209223
0.209235
0.209196
0.209188
0.209218
0.209184
0.209181
0.209158
0.209139
0.20911
0.209105
0.209094
0.209075
0.209058
0.209083
0.209099
0.209058
0.209083
0.209063
0.20907
0.209064
0.20909
0.209089
0.209062
0.209049
0.209023
0.209019
0.208983
0.209013
0.209002
0.208972
0.208961
0.208959
0.208969
0.208995
0.209034
0.209065
0.209053
0.20906
0.209088
0.209077
0.209085
0.209063
0.20906
0.209036
0.209067
0.209055
0.209041
0.209065
0.209072
0.209054
0.209048
0.209033
0.209008
0.209014
0.208997
0.209016
0.209009
0.209016
0.209047
0.209007
0.208978
0.20899
0.208976
0.208956
0.208976
0.208988
0.209022
0.208993
0.208985
0.208991
0.208993
0.209004
0.20902
0.208987
0.208968
0.208957
0.208922
0.208921
0.208895
0.208914
0.208902
0.208906
0.208887
0.208888
0.208863
0.208873
0.208866
0.208868
0.208842
0.208831
0.208827
0.208832
0.208809
0.208794
0.208764
0.208788
0.208793
0.208808
0.208764
0.208742
0.208774
0.208773
0.208761
0.208758
0.208793
0.208807
0.208812
0.208851
0.208859
0.208858
0.208858
0.208857
0.208873
0.208845
0.208879
0.208871
0.208864
0.208857
0.208843
0.208859
0.208884
0.20888
0.208857
0.208845
0.208834
0.208821
0.208781
0.208779
0.208797
0.208802
0.20885
0.208823
0.208817
0.208798
0.208801
0.208839
0.208796
0.208799
0.20884
0.208841
0.208827
0.208813
0.208837
0.208867
0.208835
0.208879
0.208885
0.208883
0.208868
0.20889
0.208891
0.208917
0.208927
0.20893
0.208922
0.2089
0.208937
0.208969
0.208978
0.208992
0.209004
0.209007
0.209037
0.209074
0.209058
0.209043
0.209035
0.209043
0.209006
0.208995
0.208981
0.208935
0.208927
0.208924
0.208943
0.208942
0.208914
0.208899
0.208902
0.208886
0.208856
0.208846
0.208848
0.208855
0.208861
0.208881
0.208932
0.208912
0.208866
0.208845
0.208826
0.208841
0.208878
0.208858
0.208859
0.208809
0.208781
0.208765
0.208785
0.208794
0.208789
0.208789
0.208791
0.208786
0.208784
0.208807
0.208812
0.208778
0.208818
0.208846
0.208855
0.208816
0.208804
0.208772
0.208752
0.208761
0.208777
0.208786
0.208799
0.208782
0.208776
0.208757
0.208768
0.208756
0.208732
0.208793
0.208782
0.208785
0.208792
0.208803
0.208805
0.208795
0.208806
0.20879
0.208748
0.208757
0.208733
0.208771
0.208777
0.20878
0.208775
0.208797
0.208777
0.208808
0.20879
0.208806
0.20885
0.208847
0.208887
0.208872
0.208829
0.208838
0.208846
0.208841
0.208788
0.208794
0.208787
0.208755
0.208784
0.208792
0.208791
0.208791
0.208772
0.208767
0.20878
0.208796
0.208771
0.20877
0.208765
0.208765
0.208765
0.20877
0.208764
0.208759
0.208768
0.208748
0.208771
0.208745
0.208745
0.208743
0.208734
0.208714
0.208706
0.208707
0.208712
0.208717
0.208716
0.20871
0.208697
0.208703
0.208708
0.208695
0.208697
0.208684
0.208696
0.208705
0.208688
0.208695
0.208725
0.208704
0.208688
0.208671
0.208655
0.208643
0.20867
0.208643
0.208626
0.208608
0.208614
0.208642
0.208656
0.208646
0.208636
0.208621
0.208653
0.208621
0.208612
0.208603
0.208611
0.208585
0.208604
0.208624
0.208648
0.208672
0.208675
0.208665
0.208668
0.208666
0.208654
0.20865
0.208626
0.208603
0.208599
0.208577
0.208581
0.208587
0.208597
0.208625
0.208675
0.20866
0.208652
0.208623
0.208637
0.208635
0.208648
0.208649
0.208651
0.208665
0.208653
0.208676
0.208673
0.208667
0.208667
0.208667
0.208662
0.208688
0.208686
0.208698
0.208711
0.208712
0.208743
0.208753
0.208733
0.208722
0.208728
0.208715
0.208688
0.208666
0.20867
0.208671
0.208653
0.20866
0.20864
0.208641
0.208651
0.208657
0.208635
0.208645
0.208622
0.208636
0.208671
0.208702
0.208714
0.208715
0.208717
0.208707
0.208708
0.208676
0.208696
0.208695
0.20873
0.208716
0.208708
0.208683
0.208672
0.208661
0.208649
0.208643
0.208635
0.208646
0.208617
0.208631
0.208661
0.208665
0.208649
0.208614
0.208633
0.208644
0.208629
0.208624
0.208627
0.208624
0.208633
0.208644
0.208664
0.208669
0.20867
0.208641
0.208642
0.208634
0.208608
0.208576
0.208566
0.208564
0.208581
0.208571
0.208567
0.208536
0.208535
0.208516
0.208544
0.208526
0.208522
0.208523
0.208509
0.20852
0.20852
0.208533
0.208546
0.208508
0.208506
0.208522
0.208531
0.208506
0.208509
0.208511
0.208527
0.208499
0.208499
0.208545
0.208541
0.208538
0.208572
0.208585
0.208557
0.208584
0.208609
0.20861
0.208621
0.208608
0.208599
0.2086
0.208619
0.208609
0.208591
0.208577
0.208559
0.208555
0.208565
0.208543
0.208561
0.208565
0.208588
0.208568
0.208573
0.208573
0.208568
0.20856
0.208563
0.208551
0.208574
0.208592
0.208598
0.208619
0.208611
0.208584
0.20859
0.208598
0.208594
0.208611
0.208609
0.208603
0.208611
0.208598
0.208567
0.20857
0.208568
0.20858
0.208577
0.208569
0.208595
0.208603
0.208605
0.208592
0.208592
0.20858
0.208549
0.208547
0.208554
0.208558
0.208593
0.208614
0.208617
0.208651
0.208646
0.208641
0.20866
0.208648
0.208646
0.208669
0.208645
0.208637
0.208629
0.208601
0.208579
0.20859
0.208562
0.208553
0.208534
0.208519
0.20851
0.20852
0.208533
0.208533
0.208532
0.208508
0.20849
0.208502
0.208495
0.208494
0.208487
0.208479
0.208429
0.20843
0.20844
0.208451
0.208485
0.208496
0.208503
0.208513
0.208533
0.208532
0.208522
0.208548
0.20855
0.20855
0.208545
0.208537
0.208536
0.208552
0.208527
0.208531
0.208496
0.208486
0.208498
0.208522
0.208577
0.208595
0.208616
0.208589
0.208595
0.208605
0.208582
0.208595
0.208578
0.208568
0.208552
0.208564
0.208584
0.208576
0.208553
0.20858
0.208567
0.20856
0.208562
0.20856
0.208551
0.208538
0.20854
0.20855
0.208558
0.208557
0.208529
0.208495
0.208487
0.20849
0.208508
0.208505
0.208488
0.208501
0.208487
0.208484
0.208483
0.208475
0.20848
0.208495
0.20848
0.208489
0.208467
0.208454
0.208446
0.208468
0.208492
0.208511
0.208474
0.208468
0.208477
0.208473
0.20846
0.20842
0.208403
0.208368
0.208342
0.20833
0.208333
0.208338
0.20833
0.208339
0.208343
0.208336
0.208299
0.208297
0.208291
0.208309
0.208306
0.208293
0.208273
0.208259
0.208255
0.20825
0.208252
0.208243
0.208244
0.208271
0.208265
0.208253
0.208253
0.208244
0.208253
0.208237
0.208252
0.208268
0.208277
0.208273
0.20826
0.208258
0.208263
0.208255
0.208233
0.208212
0.208198
0.208201
0.208202
0.208178
0.20816
0.208132
0.208117
0.208138
0.208134
0.208125
0.208108
0.208093
0.208108
0.208137
0.208133
0.208137
0.208128
0.20813
0.208145
0.208106
0.208117
0.208151
0.208159
0.208152
0.208152
0.208137
0.208148
0.20816
0.208174
0.20817
0.208178
0.208176
0.208169
0.208185
0.20821
0.20823
0.20823
0.208219
0.208221
0.208209
0.208204
0.208189
0.208182
0.208169
0.20817
0.208141
0.208157
0.208166
0.208182
0.208178
0.208153
0.208164
0.208139
0.208155
0.208156
0.20815
0.208133
0.208127
0.20814
0.208132
0.208145
0.208142
0.208145
0.208159
0.208145
0.20814
0.208175
0.208172
0.208172
0.208179
0.208189
0.208202
0.208216
0.208242
0.208241
0.208237
0.208233
0.208234
0.208254
0.208264
0.208273
0.208276
0.208274
0.208277
0.208276
0.208266
0.208281
0.208271
0.208265
0.208261
0.208261
0.208247
0.208247
0.208239
0.208248
0.208237
0.20822
0.208212
0.208217
0.208207
0.208195
0.208239
0.208208
0.208187
0.208183
0.208214
0.208233
0.208206
0.208221
0.208211
0.208208
0.208189
0.208196
0.208211
0.208224
0.208226
0.208239
0.208242
0.208255
0.20824
0.208219
0.208203
0.208197
0.20821
0.208198
0.208194
0.208169
0.208171
0.208145
0.208115
0.208112
0.208119
0.208101
0.208083
0.208067
0.208079
0.208094
0.208094
0.208081
0.208082
0.20807
0.20804
0.208017
0.208014
0.208003
0.207988
0.207982
0.207998
0.208001
0.207988
0.207989
0.208013
0.208051
0.208055
0.208055
0.20808
0.208083
0.208074
0.208087
0.20811
0.208098
0.20808
0.208083
0.208079
0.20809
0.20808
0.208091
0.208109
0.208117
0.208106
0.208115
0.208095
0.208101
0.208112
0.208118
0.208095
0.208109
0.208104
0.208092
0.208091
0.208101
0.208115
0.20812
0.20812
0.208113
0.20812
0.208125
0.208119
0.208127
0.20813
0.208119
0.208117
0.208113
0.208091
0.208104
0.20809
0.208103
0.208089
0.208087
0.208072
0.20808
0.208067
0.208085
0.208081
0.208073
0.208089
0.208096
0.208123
0.208119
0.208089
0.208079
0.20809
0.208119
0.20813
0.208109
0.208122
0.208127
0.208112
0.208137
0.20812
0.208133
0.208136
0.208123
0.208141
0.208164
0.208147
0.208159
0.208168
0.208152
0.20815
0.20818
0.208154
0.208168
0.208178
0.208179
0.208154
0.20817
0.208192
0.208199
0.208193
0.208211
0.208216
0.208231
0.208216
0.208191
0.208197
0.208239
0.20823
0.208204
0.208202
0.208196
0.208202
0.208199
0.208224
0.208236
0.20825
0.208255
0.208258
0.20826
0.208263
0.208277
0.208266
0.20828
0.208292
0.208318
0.208285
0.208281
0.208295
0.208279
0.208291
0.208274
0.208267
0.208288
0.208278
0.208277
0.208262
0.208272
0.208247
0.208236
0.208223
0.208234
0.20822
0.208193
0.208185
0.208194
0.208194
0.20821
0.208173
0.20817
0.208157
0.208146
0.208138
0.208146
0.20815
0.208156
0.208173
0.208174
0.208163
0.208163
0.208181
0.208173
0.208163
0.208146
0.20813
0.208118
0.208101
0.208109
0.208094
0.208083
0.208083
0.20805
0.208062
0.208061
0.20804
0.208041
0.208035
0.208055
0.208065
0.208045
0.208062
0.20805
0.208045
0.208035
0.208043
0.208049
0.208061
0.208049
0.208059
0.208076
0.208077
0.208104
0.208087
0.208084
0.208073
0.208065
0.208061
0.208078
0.208081
0.208074
0.208081
0.208081
0.208078
0.208078
0.208079
0.208074
0.208066
0.208045
0.208053
0.208054
0.208045
0.208062
0.208054
0.208042
0.208061
0.208062
0.208061
0.208056
0.208076
0.208073
0.208079
0.208066
0.208058
0.208067
0.208072
0.208061
0.208034
0.208043
0.208028
0.208034
0.20803
0.208019
0.208023
0.20802
0.208006
0.208024
0.208009
0.208017
0.208008
0.208008
0.208031
0.20804
0.208058
0.208073
0.208101
0.208074
0.208064
0.208067
0.208041
0.208052
0.208055
0.208045
0.208065
0.208048
0.208036
0.20803
0.208011
0.208021
0.208033
0.208015
0.208012
0.208022
0.208004
0.207986
0.208002
0.207995
0.20799
0.207998
0.208003
0.208
0.207985
0.208025
0.208037
0.208037
0.208025
0.208049
0.208051
0.208063
0.208063
0.208074
0.208075
0.208052
0.208024
0.208002
0.20799
0.207994
0.208
0.207996
0.207985
0.207972
0.207982
0.20799
0.207992
0.208013
0.208007
0.207997
0.207986
0.207995
0.207982
0.207998
0.207978
0.207966
0.207954
0.207967
0.207974
0.207955
0.207977
0.207993
0.207981
0.207972
0.207968
0.207964
0.207989
0.207975
0.207956
0.207977
0.207975
0.207986
0.207983
0.20796
0.207963
0.207962
0.207964
0.207972
0.207966
0.207977
0.207981
0.207981
0.207996
0.207999
0.208038
0.208059
0.208039
0.208042
0.208038
0.208045
0.208047
0.208047
0.208034
0.208049
0.208074
0.208063
0.208081
0.208076
0.208068
0.208046
0.208081
0.208072
0.20806
0.208044
0.20805
0.20805
0.208041
0.208034
0.208014
0.208
0.207982
0.208
0.207995
0.207984
0.207989
0.207977
0.207984
0.207984
0.207994
0.207995
0.20799
0.207975
0.208007
0.207977
0.207962
0.207937
0.207951
0.207985
0.20798
0.207965
0.207941
0.207916
0.207887
0.207878
0.20786
0.207877
0.207899
0.207899
0.207894
0.207893
0.207889
0.207877
0.207889
0.207878
0.20787
0.207875
0.207877
0.207888
0.207906
0.20789
0.207907
0.207893
0.207883
0.207878
0.207883
0.207886
0.207872
0.207881
0.207869
0.207885
0.207876
0.207861
0.20784
0.207849
0.207849
0.207867
0.207866
0.207884
0.207891
0.207857
0.207884
0.20786
0.207846
0.207859
0.207853
0.207848
0.207845
0.207833
0.207836
0.20784
0.207845
0.207848
0.207843
0.20788
0.207866
0.207871
0.207881
0.207882
0.207883
0.20789
0.207891
0.20789
0.207922
0.207938
0.20793
0.207908
0.207935
0.20794
0.207943
0.207948
0.207946
0.207951
0.207948
0.207952
0.207953
0.207965
0.207974
0.207937
0.207946
0.207957
0.207956
0.207943
0.207949
0.20795
0.207937
0.207939
0.207958
0.207964
0.207962
0.207971
0.207957
0.207964
0.207963
0.207952
0.207929
0.207936
0.20794
0.207956
0.207945
0.20793
0.207936
0.207938
0.207972
0.207981
0.207993
0.208008
0.208008
0.207973
0.207957
0.207979
0.20798
0.207971
0.207985
0.208017
0.208029
0.208012
0.208018
0.208
0.208008
0.208013
0.208026
0.208024
0.208033
0.20802
0.208037
0.208022
0.208063
0.208063
0.208055
0.208033
0.208015
0.208019
0.208013
0.20801
0.208019
0.208006
0.208013
0.207996
0.20799
0.208011
0.20802
0.208031
0.208015
0.208019
0.207998
0.208004
0.208025
0.208026
0.208019
0.208032
0.208037
0.208019
0.208049
0.208059
0.208075
0.20807
0.208094
0.208113
0.208123
0.208115
0.208107
0.208128
0.208124
0.208123
0.208125
0.208104
0.208097
0.208098
0.208104
0.208105
0.208089
0.208091
0.208097
0.208107
0.208123
0.208131
0.208131
0.208141
0.208154
0.208156
0.208159
0.208157
0.208179
0.208188
0.208188
0.2082
0.208202
0.208204
0.208199
0.208176
0.208162
0.208144
0.208148
0.208131
0.208122
0.20813
0.208116
0.208119
0.208114
0.208123
0.208111
0.208118
0.20811
0.208133
0.208142
0.208156
0.208164
0.208159
0.208165
0.208161
0.208163
0.208152
0.208153
0.208148
0.208162
0.208164
0.208171
0.208161
0.208165
0.208163
0.208127
0.208107
0.208108
0.208095
0.208092
0.20809
0.208084
0.208096
0.20808
0.208093
0.208082
0.208092
0.208104
0.208099
0.208093
0.208125
0.208163
0.208145
0.208126
0.208119
0.208148
0.208131
0.208147
0.208196
0.208205
0.208207
0.20821
0.208192
0.208213
0.208211
0.208215
0.208202
0.208206
0.208201
0.208209
0.208194
0.208222
0.208214
0.208195
0.208198
0.208182
0.208199
0.208184
0.208177
0.208171
0.208167
0.20817
0.208149
0.208142
0.20814
0.208134
0.208163
0.208163
0.208159
0.208166
0.208171
0.208187
0.208193
0.208193
0.208194
0.208188
0.208195
0.20819
0.208212
0.208226
0.208219
0.208236
0.208225
0.208206
0.208223
0.208242
0.208261
0.208242
0.208251
0.208263
0.208257
0.208253
0.208262
0.208272
0.208278
0.208282
0.208271
0.208277
0.208272
0.208271
0.208272
0.208271
0.20826
0.208277
0.208259
0.208244
0.208255
0.208265
0.208273
0.208277
0.20829
0.208295
0.208267
0.208254
0.20826
0.208249
0.20825
0.208227
0.208218
0.208222
0.20821
0.208214
0.208225
0.208201
0.208191
0.208179
0.208209
0.208197
0.208191
0.208186
0.208202
0.208199
0.20817
0.20818
0.208186
0.208207
0.208178
0.208186
0.208184
0.208185
0.208192
0.208233
0.208226
0.208232
0.208233
0.208236
0.208248
0.208252
0.208228
0.208227
0.208222
0.20823
0.208234
0.208223
0.208215
0.208247
0.208241
0.208252
0.208256
0.208253
0.208259
0.208256
0.208266
0.20827
0.208277
0.208273
0.208267
0.208271
0.208269
0.208262
0.208259
0.208261
0.208257
0.20827
0.208257
0.208254
0.208254
0.208256
0.208257
0.208259
0.20828
0.20828
0.208269
0.208253
0.208253
0.20823
0.208236
0.208218
0.208228
0.208241
0.208246
0.208264
0.20828
0.208274
0.208283
0.208283
0.208301
0.208308
0.208332
0.208327
0.208305
0.208299
0.208309
0.208298
0.208312
0.208282
0.208286
0.208292
0.208342
0.208353
0.208373
0.208374
0.208368
0.208369
0.208383
0.20839
0.208403
0.208388
0.20837
0.208364
0.208382
0.208375
0.208373
0.208356
0.208368
0.208356
0.208346
0.208352
0.208355
0.20835
0.20837
0.208394
0.208408
0.208431
0.208431
0.208453
0.20845
0.208445
0.20845
0.208443
0.208449
0.208451
0.208441
0.208433
0.208437
0.208444
0.20843
0.20843
0.208441
0.208438
0.208455
0.208449
0.20845
0.208446
0.208436
0.208441
0.208442
0.208447
0.208459
0.208475
0.208467
0.208472
0.208483
0.208477
0.208464
0.208476
0.208486
0.208502
0.208514
0.208504
0.208502
0.208505
0.208505
0.208487
0.20851
0.208536
0.208541
0.208535
0.208545
0.208544
0.208551
0.208537
0.208533
0.208512
0.208506
0.20851
0.208512
0.208519
0.208526
0.208528
0.208526
0.208508
0.208515
0.208508
0.208504
0.208489
0.208496
0.208499
0.2085
0.208508
0.208527
0.208511
0.208507
0.20851
0.208516
0.208506
0.208517
0.208496
0.208519
0.208521
0.208524
0.208499
0.208497
0.208488
0.208484
0.208503
0.208491
0.208491
0.208487
0.208497
0.208504
0.208498
0.208516
0.208533
0.208531
0.208526
0.208503
0.208504
0.208506
0.208515
0.208511
0.208527
0.208532
0.208545
0.208559
0.208566
0.208569
0.208555
0.208543
0.208547
0.208538
0.208558
0.208572
0.208586
0.208572
0.208577
0.208553
0.208552
0.208557
0.208564
0.208553
0.208545
0.208542
0.208528
0.208502
0.208504
0.208503
0.208502
0.208514
0.208512
0.208493
0.208502
0.208493
0.208488
0.208504
0.208514
0.208511
0.208514
0.208502
0.208485
0.208473
0.208466
0.208466
0.208465
0.208458
0.208462
0.208432
0.208426
0.208434
0.208435
0.208427
0.208423
0.208428
0.208433
0.208436
0.208445
0.208442
0.208432
0.208446
0.208421
0.208402
0.208399
0.208398
0.208391
0.208398
0.208396
0.208393
0.208387
0.208378
0.20837
0.20837
0.208374
0.208367
0.208354
0.208362
0.208364
0.208358
0.208355
0.208369
0.208391
0.208399
0.208422
0.208446
0.208451
0.208474
0.208485
0.208497
0.208499
0.208483
0.208491
0.208494
0.208504
0.208508
0.208528
0.208535
0.208523
0.20851
0.208501
0.208507
0.208502
0.208512
0.208519
0.208528
0.20854
0.208548
0.208568
0.208567
0.208564
0.208578
0.20859
0.208591
0.208569
0.208551
0.208545
0.208532
0.20853
0.208545
0.208555
0.208543
0.208521
0.208512
0.208506
0.208534
0.208537
0.20854
0.20853
0.20854
0.20855
0.208564
0.208579
0.208578
0.208594
0.208611
0.208608
0.208611
0.208634
0.208638
0.20866
0.20864
0.208635
0.20862
0.208622
0.20862
0.208624
0.208615
0.208608
0.208625
0.208613
0.208649
0.20865
0.208646
0.208631
0.208627
0.208609
0.208623
0.208622
0.208626
0.208632
0.208624
0.208618
0.208614
0.208613
0.208611
0.208614
0.208617
0.208626
0.208624
0.208608
0.208602
0.208585
0.208591
0.208578
0.20857
0.208569
0.208569
0.208568
0.208565
0.208565
0.208554
0.208542
0.20855
0.208535
0.208553
0.208554
0.208558
0.208568
0.208565
0.208535
0.20855
0.208544
0.20854
0.208528
0.208535
0.20853
0.208534
0.208541
0.208534
0.208524
0.208525
0.208524
0.208531
0.208526
0.208525
0.208536
0.208546
0.208543
0.208559
0.208559
0.208579
0.208562
0.208571
0.208561
0.208566
0.208559
0.208554
0.20854
0.208557
0.208564
0.208562
0.208564
0.208564
0.208558
0.208555
0.208548
0.20855
0.208553
0.208527
0.208543
0.208541
0.208537
0.208546
0.20853
0.208538
0.208551
0.208544
0.208533
0.208527
0.208541
0.208546
0.208546
0.208544
0.208542
0.208547
0.208542
0.208542
0.208535
0.208555
0.20856
0.20855
0.208527
0.208526
0.208509
0.208521
0.208533
0.208541
0.208531
0.208555
0.208549
0.208545
0.208555
0.208573
0.208598
0.208581
0.208584
0.208579
0.208582
0.208573
0.20859
0.208598
0.208585
0.20858
0.208574
0.208579
0.20858
0.20861
0.208599
0.20862
0.208632
0.208642
0.208637
0.20862
0.208621
0.20861
0.208621
0.208615
0.208642
0.208632
0.208622
0.20862
0.208626
0.20862
0.208619
0.208631
0.20863
0.20862
0.20861
0.208608
0.208605
0.208583
0.208584
0.20859
0.208592
0.208594
0.208594
0.208598
0.208597
0.208591
0.208594
0.208601
0.208607
0.2086
0.208587
0.208601
0.208601
0.208588
0.208581
0.208566
0.208593
0.208586
0.208581
0.208575
0.208578
0.208573
0.208581
0.208587
0.208598
0.208622
0.208618
0.208614
0.208622
0.208614
0.208595
0.208607
0.208575
0.208567
0.208563
0.208562
0.208561
0.208575
0.20857
0.20858
0.208581
0.208592
0.208617
0.208625
0.208625
0.20863
0.208642
0.208643
0.208642
0.208645
0.208653
0.208637
0.208657
0.208664
0.208667
0.208688
0.208681
0.208688
0.208702
0.208707
0.208736
0.208761
0.208767
0.208796
0.208802
0.208799
0.208808
0.208799
0.208808
0.20882
0.208804
0.208803
0.208805
0.208815
0.208801
0.208797
0.208794
0.20878
0.208784
0.208779
0.208784
0.208781
0.208777
0.208771
0.208769
0.208761
0.208751
0.208757
0.208768
0.208765
0.208773
0.208777
0.20878
0.208779
0.208785
0.208797
0.208789
0.208792
0.20881
0.208821
0.20881
0.208799
0.208784
0.208783
0.208788
0.208781
0.20878
0.208758
0.208762
0.208766
0.208766
0.208771
0.20876
0.208748
0.208739
0.20873
0.208725
0.208734
0.208744
0.208768
0.208761
0.208776
0.208777
0.20877
0.208773
0.208788
0.208797
0.208788
0.20879
0.208782
0.208794
0.208788
0.208781
0.208767
0.20877
0.208784
0.208789
0.2088
0.208794
0.208787
0.20879
0.208791
0.208798
0.208793
0.208802
0.2088
0.208797
0.208809
0.20881
0.2088
0.208812
0.208817
0.208824
0.208826
0.208818
0.208818
0.208815
0.208828
0.20884
0.208849
0.20885
0.208853
0.208868
0.208869
0.208865
0.208869
0.208862
0.208862
0.20886
0.208871
0.20885
0.208852
0.20884
0.208852
0.20885
0.208865
0.208879
0.208898
0.208908
0.208921
0.208925
0.208927
0.208933
0.208923
0.208908
0.208917
0.208913
0.208905
0.208917
0.208904
0.208906
0.208903
0.208906
0.208895
0.208896
0.208905
0.208911
0.208902
0.208917
0.208921
0.208921
0.208933
0.208918
0.208905
0.20891
0.208887
0.208883
0.208901
0.208908
0.208903
0.208925
0.208925
0.208927
0.208935
0.208932
0.208932
0.208932
0.208934
0.208935
0.208938
0.208936
0.20892
0.208906
0.208912
0.208925
0.208921
0.208955
0.208956
0.208954
0.208963
0.208946
0.208964
0.208971
0.208971
0.208971
0.208965
0.208963
0.208957
0.208965
0.208965
0.208966
0.208967
0.208976
0.208964
0.208958
0.208938
0.20894
0.20893
0.208935
0.208945
0.208946
0.208931
0.208916
0.208911
0.208918
0.208906
0.208905
0.208911
0.208898
0.208898
0.208909
0.208895
0.208894
0.2089
0.208894
0.208904
0.208899
0.208905
0.208889
0.208878
0.208872
0.208863
0.208866
0.208878
0.208871
0.208858
0.208853
0.208851
0.208846
0.208844
0.208829
0.208837
0.208843
0.208843
0.208847
0.208845
0.208864
0.208855
0.208851
0.208852
0.20885
0.208834
0.208822
0.208829
0.208846
0.208849
0.208837
0.208816
0.208811
0.208792
0.208795
0.208787
0.208776
0.208777
0.208755
0.20877
0.208774
0.20878
0.208764
0.208782
0.208791
0.2088
0.208809
0.208781
0.208783
0.208764
0.208766
0.208757
0.208741
0.208745
0.208747
0.208749
0.208756
0.208747
0.208763
0.20877
0.208759
0.208765
0.208768
0.208779
0.208788
0.2088
0.208813
0.208824
0.208819
0.208816
0.208806
0.20881
0.208813
0.208832
0.208832
0.208843
0.208845
0.208856
0.208857
0.208863
0.208852
0.208838
0.208851
0.208842
0.208841
0.208835
0.208829
0.208839
0.208833
0.208831
0.208839
0.208866
0.208868
0.208853
0.208854
0.208857
0.208841
0.208821
0.208817
0.208801
0.208797
0.208809
0.208841
0.208852
0.208849
0.208852
0.208859
0.208837
0.208818
0.208825
0.208821
0.208813
0.208833
0.208832
0.208834
0.208827
0.208824
0.208822
0.208822
0.20883
0.208832
0.208833
0.208836
0.208838
0.208836
0.208829
0.208819
0.208799
0.208795
0.208786
0.208788
0.208796
0.208791
0.208785
0.208769
0.208764
0.208776
0.208773
0.208765
0.208771
0.208774
0.208781
0.208777
0.208789
0.20879
0.208796
0.208803
0.208806
0.208817
0.208815
0.208838
0.208835
0.20886
0.208869
0.208853
0.208845
0.208847
0.208856
0.208878
0.208875
0.208875
0.208868
0.208864
0.208861
0.208855
0.208856
0.208858
0.208841
0.208832
0.208837
0.208837
0.208836
0.208831
0.208841
0.208828
0.208835
0.208839
0.208839
0.208846
0.208851
0.208856
0.208836
0.20883
0.208832
0.208829
0.208825
0.208828
0.208824
0.208832
0.20883
0.208827
0.208812
0.208817
0.208822
0.208818
0.208818
0.20881
0.208801
0.20878
0.208782
0.208783
0.208773
0.208763
0.20878
0.208785
0.208779
0.208774
0.208765
0.208761
0.208769
0.208748
0.208739
0.208743
0.208744
0.208738
0.208718
0.208715
0.20874
0.20873
0.208747
0.208734
0.208725
0.208726
0.208719
0.208722
0.208725
0.208728
0.208719
0.20872
0.208712
0.208697
0.208685
0.208679
0.208669
0.208659
0.208654
0.20865
0.208649
0.20865
0.208646
0.208644
0.208665
0.208662
0.20867
0.208685
0.208693
0.208691
0.208694
0.20869
0.208681
0.20867
0.208667
0.20865
0.208661
0.208662
0.208659
0.208647
0.208638
0.208645
0.208657
0.208641
0.208648
0.208656
0.208651
0.208642
0.208635
0.208659
0.208658
0.208649
0.208632
0.208625
0.208613
0.208625
0.208635
0.20864
0.208629
0.208631
0.208629
0.208626
0.208635
0.208626
0.208635
0.208636
0.208634
0.208645
0.20866
0.208646
0.208639
0.208637
0.20864
0.208656
0.208659
0.208663
0.208666
0.208653
0.208661
0.208657
0.208643
0.20865
0.208637
0.208644
0.208647
0.208653
0.208643
0.208633
0.208624
0.208624
0.208629
0.208624
0.208643
0.208638
0.208637
0.208648
0.208652
0.20865
0.208657
0.208652
0.208658
0.208676
0.20868
0.208696
0.208698
0.208698
0.208691
0.208689
0.208686
0.208684
0.208691
0.208688
0.20868
0.208672
0.208667
0.208669
0.208651
0.208639
0.20865
0.208651
0.208649
0.208631
0.208628
0.208618
0.208621
0.208612
0.208614
0.208601
0.208602
0.208598
0.208593
0.20858
0.208562
0.208547
0.208544
0.208544
0.208554
0.20856
0.208546
0.208552
0.208546
0.208555
0.208565
0.208581
0.208579
0.208588
0.208578
0.208577
0.20857
0.208575
0.208569
0.208567
0.208583
0.208563
0.208573
0.208561
0.208564
0.208558
0.208567
0.208547
0.208547
0.208549
0.208536
0.208542
0.208541
0.20855
0.208559
0.208562
0.208569
0.208559
0.208541
0.208527
0.208528
0.208514
0.208502
0.208516
0.208515
0.208504
0.208501
0.208509
0.208502
0.208497
0.208495
0.208504
0.208496
0.20849
0.208502
0.20849
0.208476
0.208483
0.208489
0.208499
0.208501
0.208503
0.208488
0.208469
0.208468
0.208479
0.208485
0.208482
0.20847
0.208464
0.208456
0.208463
0.208457
0.208461
0.20847
0.20847
0.208468
0.208477
0.208472
0.208475
0.208461
0.208459
0.208447
0.208443
0.208445
0.208453
0.208453
0.208452
0.208463
0.208455
0.208458
0.208464
0.208483
0.208474
0.208465
0.208466
0.208471
0.208476
0.208485
0.208484
0.208493
0.20848
0.208482
0.208507
0.208505
0.208499
0.208504
0.208487
0.208492
0.208487
0.208501
0.208514
0.208511
0.208514
0.20851
0.208513
0.208531
0.208528
0.208524
0.208531
0.20852
0.208537
0.208517
0.208519
0.20853
0.208526
0.208517
0.208511
0.208518
0.208521
0.208519
0.208543
0.208548
0.208552
0.208554
0.208562
0.208555
0.208556
0.208542
0.208534
0.20853
0.208519
0.208507
0.2085
0.208501
0.208493
0.208475
0.208471
0.208472
0.208468
0.208467
0.208463
0.208462
0.208459
0.208481
0.208466
0.208475
0.208479
0.208481
0.208473
0.208467
0.20847
0.208482
0.208487
0.208489
0.208496
0.208498
0.208496
0.208499
0.208501
0.2085
0.208491
0.208483
0.208474
0.208471
0.208476
0.208486
0.20848
0.2085
0.208508
0.208525
0.208533
0.208554
0.20854
0.208554
0.208542
0.208537
0.208532
0.208533
0.208529
0.208538
0.208531
0.208538
0.208532
0.208548
0.208552
0.208557
0.208553
0.208549
0.208534
0.208519
0.208523
0.208518
0.208512
0.208503
0.208511
0.208524
0.208506
0.208503
0.208497
0.208504
0.208524
0.20854
0.208541
0.208535
0.208521
0.208516
0.208505
0.208489
0.20849
0.208484
0.20847
0.208462
0.208457
0.208452
0.208456
0.208472
0.20847
0.208481
0.208486
0.208474
0.208488
0.208499
0.208513
0.208517
0.208509
0.208496
0.208489
0.208498
0.208498
0.208487
0.208475
0.208496
0.208494
0.208489
0.208479
0.208474
0.20848
0.208466
0.208461
0.208468
0.208474
0.208478
0.208474
0.208466
0.208461
0.208462
0.20846
0.208454
0.208467
0.208466
0.208467
0.208459
0.208455
0.208454
0.208451
0.208441
0.208427
0.208418
0.208423
0.208414
0.208424
0.20841
0.208419
0.208425
0.208432
0.208413
0.208414
0.208417
0.208422
0.208418
0.208421
0.208432
0.208441
0.208432
0.208439
0.208437
0.208448
0.208457
0.20847
0.208476
0.208477
0.208486
0.208485
0.208475
0.208485
0.208489
0.208476
0.208466
0.208467
0.208481
0.208464
0.208466
0.208453
0.20845
0.208437
0.208419
0.208417
0.208408
0.208407
0.208407
0.208407
0.208414
0.208409
0.20842
0.208398
0.208398
0.208387
0.20837
0.208373
0.208375
0.208387
0.208388
0.208391
0.208392
0.208375
0.208363
0.208376
0.208379
0.208379
0.208382
0.208403
0.208401
0.208405
0.208397
0.208391
0.208399
0.208383
0.208369
0.208376
0.208374
0.208369
0.208356
0.208347
0.208329
0.208333
0.208344
0.208345
0.208339
0.208344
0.208345
0.208353
0.208362
0.208361
0.208357
0.208358
0.208351
0.208349
0.208349
0.208346
0.208342
0.208335
0.208342
0.208328
0.208329
0.208337
0.208331
0.208329
0.208324
0.208332
0.208317
0.208312
0.208318
0.20832
0.208333
0.208333
0.208336
0.208338
0.208343
0.208337
0.208328
0.208338
0.208345
0.208349
0.208344
0.208335
0.208351
0.208367
0.208373
0.208382
0.208392
0.208385
0.208387
0.208384
0.20837
0.208371
0.208398
0.2084
0.208402
0.208403
0.208417
0.208404
0.208406
0.208416
0.20841
0.208416
0.208422
0.208416
0.208415
0.208419
0.208412
0.208404
0.208398
0.208392
0.208396
0.208398
0.208407
0.2084
0.208395
0.208407
0.208399
0.208404
0.208406
0.208411
0.208414
0.208417
0.208424
0.208414
0.208425
0.208438
0.208434
0.208424
0.208429
0.208411
0.208412
0.208402
0.208412
0.208424
0.208426
0.208436
0.208445
0.208439
0.20842
0.208427
0.208431
0.208419
0.208428
0.208424
0.208435
0.208442
0.208435
0.208446
0.208441
0.208458
0.208447
0.20844
0.208448
0.208448
0.208436
0.208436
0.208435
0.208426
0.208424
0.208412
0.208436
0.208454
0.208457
0.208469
0.208463
0.208462
0.20847
0.208446
0.208445
0.208437
0.208434
0.208432
0.20843
0.208429
0.208421
0.208415
0.208413
0.208408
0.208392
0.208413
0.208424
0.208421
0.208423
0.208426
0.208431
0.208414
0.208424
0.20843
0.208443
0.208439
0.208446
0.208442
0.208446
0.208448
0.208454
0.208463
0.208468
0.208467
0.208455
0.208449
0.208452
0.208462
0.208477
0.20848
0.20848
0.208474
0.208489
0.208484
0.208494
0.208488
0.208473
0.208466
0.208466
0.208462
0.208465
0.208463
0.208479
0.208485
0.208494
0.208493
0.208493
0.208487
0.208479
0.208484
0.208478
0.208482
0.208482
0.208478
0.20847
0.208474
0.208474
0.208465
0.208461
0.208471
0.20847
0.208466
0.208461
0.208465
0.208466
0.208462
0.208471
0.208481
0.208485
0.208485
0.208479
0.208478
0.208472
0.208469
0.208486
0.208472
0.208462
0.208466
0.208464
0.208461
0.208454
0.208449
0.208447
0.208449
0.208444
0.208453
0.208454
0.208453
0.208462
0.208461
0.208451
0.208449
0.208453
0.208468
0.208459
0.208452
0.208453
0.208453
0.208451
0.208471
0.208472
0.208478
0.208486
0.208474
0.208478
0.208494
0.208491
0.208495
0.208484
0.208481
0.208482
0.208489
0.208485
0.208481
0.208477
0.208467
0.208463
0.208463
0.208469
0.208477
0.208477
0.208468
0.208468
0.208479
0.208478
0.208482
0.208481
0.208475
0.208474
0.208477
0.208484
0.208499
0.208492
0.208491
0.208497
0.208502
0.208499
0.208506
0.208507
0.208519
0.208515
0.208518
0.208515
0.20852
0.208518
0.208511
0.208514
0.208516
0.208522
0.208514
0.208527
0.208532
0.208528
0.208529
0.208526
0.20853
0.208532
0.208534
0.208549
0.208545
0.208545
0.208544
0.208542
0.20854
0.208549
0.208536
0.208525
0.208531
0.208515
0.208502
0.208518
0.208528
0.208511
0.208508
0.208507
0.208502
0.208516
0.208519
0.208522
0.208522
0.208523
0.208535
0.208547
0.208551
0.208576
0.208572
0.208569
0.208569
0.208567
0.208563
0.208576
0.208583
0.208584
0.208586
0.208578
0.208576
0.208576
0.208578
0.208587
0.208588
0.208608
0.208614
0.208612
0.20862
0.208623
0.208622
0.208622
0.208628
0.208621
0.208604
0.208603
0.208609
0.20861
0.208613
0.2086
0.208592
0.208603
0.208606
0.208607
0.208612
0.208618
0.208631
0.208639
0.208637
0.208637
0.208623
0.208614
0.208618
0.208611
0.208602
0.208592
0.208598
0.208597
0.208594
0.208595
0.208596
0.208592
0.208586
0.208579
0.208576
0.208577
0.208571
0.208579
0.208584
0.208584
0.208582
0.208573
0.208585
0.208588
0.208584
0.208581
0.208592
0.208582
0.208582
0.20859
0.208584
0.208579
0.208576
0.208561
0.208557
0.208567
0.208576
0.208585
0.20859
0.208588
0.208603
0.208606
0.208619
0.208612
0.208611
0.208603
0.208605
0.208602
0.208601
0.208608
0.208615
0.208616
0.20863
0.208632
0.208629
0.208641
0.208646
0.208646
0.208657
0.208665
0.208657
0.208663
0.208667
0.208662
0.208668
0.208665
0.208652
0.208648
0.208653
0.208653
0.208663
0.20866
0.208665
0.208672
0.20868
0.208696
0.2087
0.208706
0.208697
0.208707
0.208709
0.208709
0.208713
0.208716
0.208702
0.208707
0.208714
0.208708
0.208703
0.208704
0.208686
0.208684
0.2087
0.208699
0.208705
0.2087
0.208692
0.208702
0.208702
0.208705
0.2087
0.208706
0.208713
0.20873
0.208734
0.208729
0.208731
0.208714
0.20871
0.208706
0.208708
0.208705
0.208707
0.208716
0.208709
0.208703
0.208694
0.208697
0.208703
0.20871
0.208719
0.208728
0.208737
0.208742
0.208744
0.208746
0.208748
0.208754
0.208766
0.20877
0.20878
0.208774
0.20878
0.208785
0.208786
0.208794
0.208796
0.208799
0.208798
0.2088
0.208779
0.208783
0.208785
0.20878
0.208772
0.208777
0.208781
0.208781
0.208785
0.208783
0.20879
0.208805
0.208812
0.208818
0.208815
0.208828
0.208819
0.208825
0.208819
0.208816
0.208812
0.208817
0.208817
0.208828
0.208819
0.208822
0.208834
0.208838
0.208838
0.208846
0.208836
0.208838
0.208831
0.208836
0.208829
0.208826
0.208829
0.20881
0.208803
0.208812
0.208812
0.208817
0.208805
0.208801
0.208814
0.208812
0.20881
0.208804
0.208807
0.208792
0.208796
0.208789
0.208797
0.208801
0.208794
0.208801
0.208784
0.208783
0.208793
0.208798
0.208778
0.208781
0.208793
0.208773
0.208758
0.208756
0.208766
0.208762
0.208761
0.208745
0.208758
0.208768
0.208771
0.208762
0.208762
0.208749
0.208742
0.208751
0.208761
0.20876
0.208752
0.20875
0.208747
0.208751
0.208747
0.208738
0.208725
0.208726
0.208738
0.208744
0.208742
0.208738
0.208735
0.208735
0.208732
0.208728
0.208723
0.208701
0.208686
0.208676
0.208686
0.208686
0.208678
0.208679
0.208683
0.208684
0.208671
0.208678
0.20867
0.208689
0.208682
0.208677
0.208685
0.208685
0.208682
0.208668
0.208682
0.208689
0.208677
0.208674
0.20868
0.208687
0.208679
0.208684
0.208687
0.208681
0.208683
0.208678
0.208675
0.208677
0.208682
0.208694
0.208688
0.208671
0.208656
0.208653
0.208662
0.208666
0.208662
0.208643
0.208655
0.208654
0.208651
0.208645
0.208644
0.208654
0.208647
0.208636
0.208633
0.20864
0.208633
0.208638
0.208632
0.208637
0.208628
0.208622
0.208622
0.208617
0.208607
0.208608
0.208611
0.208606
0.208597
0.208594
0.208597
0.208596
0.208586
0.208582
0.208581
0.208583
0.208583
0.208585
0.208585
0.208573
0.208578
0.208573
0.208585
0.208587
0.208584
0.208592
0.208596
0.208581
0.208577
0.20857
0.208562
0.208564
0.208556
0.208557
0.208553
0.208562
0.208563
0.208564
0.208589
0.208586
0.208604
0.208614
0.208614
0.208606
0.208597
0.208601
0.208603
0.208592
0.208582
0.208571
0.208564
0.208557
0.208562
0.208563
0.208564
0.208556
0.20856
0.208558
0.208546
0.208548
0.208541
0.208547
0.208541
0.208532
0.208523
0.208527
0.208527
0.208527
0.208526
0.208527
0.208531
0.208536
0.208535
0.208529
0.208521
0.208512
0.208514
0.208496
0.208492
0.208494
0.2085
0.208493
0.208513
0.20851
0.20852
0.208506
0.208531
0.208532
0.208522
0.208519
0.208517
0.208517
0.208524
0.208524
0.208527
0.208517
0.208514
0.208514
0.208514
0.208519
0.208515
0.208529
0.208544
0.208548
0.208543
0.208547
0.208544
0.208537
0.208534
0.208553
0.208551
0.208541
0.208544
0.208544
0.208548
0.208547
0.208554
0.208557
0.208568
0.208572
0.208568
0.20857
0.208559
0.208573
0.208585
0.208576
0.208588
0.208592
0.208593
0.208589
0.208597
0.208593
0.208606
0.208595
0.208587
0.208593
0.208587
0.208585
0.208585
0.208591
0.208594
0.208589
0.208584
0.208574
0.208558
0.208556
0.208557
0.208555
0.208553
0.208549
0.208546
0.208548
0.208551
0.208551
0.208561
0.208564
0.208565
0.208572
0.208565
0.208556
0.208566
0.208573
0.208575
0.208574
0.208592
0.208585
0.20858
0.208587
0.208589
0.208585
0.208597
0.208592
0.20861
0.208607
0.208604
0.2086
0.208594
0.208599
0.2086
0.208598
0.208586
0.208572
0.208578
0.208577
0.208597
0.208596
0.208587
0.20859
0.208617
0.20861
0.208612
0.20862
0.208618
0.20862
0.208614
0.208626
0.208624
0.208637
0.208627
0.208622
0.20862
0.208625
0.208631
0.208617
0.208608
0.208617
0.208621
0.20862
0.20861
0.208602
0.208614
0.208614
0.208627
0.208639
0.208637
0.208641
0.208641
0.208647
0.208645
0.208649
0.208644
0.208641
0.208632
0.208635
0.208647
0.208646
0.208633
0.208627
0.208619
0.208626
0.208617
0.208616
0.20863
0.208627
0.208631
0.208632
0.208635
0.208629
0.208642
0.208645
0.208644
0.208652
0.208654
0.208661
0.208656
0.208653
0.208657
0.208667
0.208675
0.208678
0.208687
0.208678
0.208681
0.208679
0.208685
0.20868
0.208676
0.208678
0.208676
0.208682
0.20868
0.208681
0.2087
0.208709
0.208703
0.208709
0.208712
0.208713
0.208697
0.20868
0.208675
0.208671
0.208677
0.208667
0.208664
0.208667
0.208662
0.208657
0.208664
0.208674
0.208692
0.208688
0.20868
0.208673
0.208674
0.20868
0.208687
0.208676
0.208667
0.208665
0.208661
0.20867
0.208669
0.208675
0.208669
0.208667
0.208666
0.208669
0.20866
0.208661
0.208668
0.208674
0.208689
0.208686
0.20869
0.208679
0.208671
0.208666
0.208664
0.208679
0.208673
0.208689
0.208707
0.208721
0.208706
0.208701
0.208703
0.208709
0.208709
0.208705
0.208703
0.208705
0.208695
0.208702
0.208696
0.208702
0.208702
0.208694
0.208688
0.20868
0.208692
0.208697
0.208694
0.208693
0.208701
0.208697
0.208691
0.208696
0.208693
0.20869
0.208693
0.208694
0.208682
0.208697
0.208692
0.208693
0.208686
0.208674
0.20868
0.208676
0.208674
0.208674
0.208669
0.208649
0.208645
0.208639
0.208654
0.208664
0.208662
0.208659
0.208652
0.208645
0.208651
0.208657
0.208661
0.20865
0.208638
0.208636
0.208645
0.208642
0.208646
0.208641
0.208637
0.208648
0.208637
0.208632
0.208629
0.208622
0.208627
0.208626
0.208633
0.208638
0.208624
0.20861
0.208626
0.208623
0.208623
0.208629
0.20862
0.208616
0.208619
0.208616
0.208629
0.20863
0.208635
0.208655
0.208647
0.20865
0.208651
0.20864
0.208642
0.208635
0.208649
0.208653
0.208656
0.208651
0.20864
0.208638
0.208632
0.208634
0.208626
0.208632
0.20863
0.208628
0.208627
0.208618
0.208634
0.208645
0.208647
0.208643
0.208652
0.208654
0.208652
0.208657
0.208668
0.208674
0.208671
0.208665
0.208672
0.208669
0.208673
0.208665
0.208666
0.208663
0.208662
0.208671
0.208667
0.208669
0.208661
0.208667
0.208671
0.208676
0.208687
0.208681
0.208674
0.208666
0.208666
0.208669
0.208663
0.208666
0.208668
0.208657
0.208659
0.208665
0.20866
0.208658
0.208657
0.208654
0.20865
0.208651
0.208655
0.208653
0.208662
0.208652
0.208653
0.208647
0.208647
0.208662
0.20866
0.208667
0.208669
0.208677
0.208678
0.20868
0.208672
0.208676
0.208675
0.208668
0.208674
0.208662
0.208659
0.208666
0.208678
0.208681
0.208681
0.208684
0.208684
0.208686
0.208688
0.208681
0.208685
0.208689
0.208687
0.208699
0.208682
0.208683
0.208687
0.208686
0.208684
0.208684
0.208686
0.208686
0.208708
0.208706
0.208706
0.208705
0.208694
0.208686
0.208709
0.20872
0.208715
0.208707
0.208719
0.208719
0.208716
0.208714
0.208727
0.208741
0.208744
0.20875
0.208748
0.208741
0.20875
0.208741
0.208742
0.20873
0.208722
0.20873
0.208728
0.208732
0.208735
0.20873
0.208727
0.208729
0.208743
0.208738
0.208738
0.208737
0.208728
0.208732
0.208728
0.208725
0.208739
0.208742
0.208739
0.20875
0.208754
0.208757
0.208759
0.208756
0.208764
0.208756
0.208762
0.208771
0.208767
0.208767
0.208768
0.208768
0.20877
0.208779
0.208776
0.208774
0.208774
0.208774
0.208766
0.208769
0.208762
0.208747
0.208748
0.208744
0.208735
0.208745
0.208744
0.20874
0.20874
0.208738
0.208735
0.20874
0.208725
0.208734
0.208729
0.208727
0.208721
0.208726
0.208716
0.208719
0.208727
0.208713
0.208707
0.208704
0.208698
0.208686
0.208698
0.208696
0.208691
0.208703
0.208712
0.2087
0.208701
0.208689
0.208685
0.208674
0.20867
0.208675
0.208687
0.208685
0.208683
0.208688
0.20869
0.208689
0.208699
0.208691
0.208679
0.208682
0.208681
0.208682
0.208677
0.208686
0.208691
0.208682
0.208679
0.208689
0.208686
0.208685
0.208686
0.208691
0.208694
0.208697
0.208701
0.208708
0.20871
0.208724
0.208725
0.208731
0.208738
0.208739
0.208736
0.208748
0.208747
0.208748
0.208755
0.208751
0.208752
0.20875
0.20876
0.208766
0.208755
0.208761
0.208763
0.208762
0.208765
0.208767
0.208775
0.208781
0.208783
0.208784
0.208781
0.208779
0.208786
0.208776
0.208776
0.208776
0.208791
0.208794
0.20878
0.208789
0.208795
0.208783
0.208778
0.208771
0.208771
0.208773
0.208781
0.208782
0.208782
0.208769
0.208777
0.208775
0.208794
0.208787
0.208779
0.208792
0.20879
0.208789
0.208784
0.20877
0.208776
0.208776
0.208777
0.208779
0.208783
0.208783
0.208795
0.208796
0.208805
0.208811
0.20881
0.208799
0.208797
0.208811
0.208807
0.208812
0.208812
0.208823
0.208824
0.208816
0.208815
0.208824
0.208819
0.208818
0.208809
0.208807
0.208803
0.208797
0.208799
0.208802
0.208786
0.208786
0.208775
0.208774
0.208758
0.20876
0.208757
0.208749
0.208745
0.208744
0.208755
0.208757
0.208751
0.208747
0.208743
0.208744
0.208741
0.208728
0.208752
0.208749
0.208748
0.20875
0.208752
0.208761
0.208768
0.208774
0.208768
0.20877
0.208756
0.208749
0.208747
0.208749
0.208747
0.208744
0.208752
0.208742
0.208744
0.208748
0.208752
0.208741
0.208749
0.208754
0.208756
0.20876
0.208752
0.20874
0.208741
0.208731
0.20873
0.208723
0.208726
0.20872
0.208718
0.208715
0.20871
0.208712
0.208709
0.208711
0.208708
0.208715
0.20872
0.208717
0.208721
0.20872
0.208722
0.208726
0.208721
0.208725
0.208733
0.208735
0.208749
0.208756
0.208762
0.208762
0.208756
0.20877
0.208764
0.20877
0.208774
0.208753
0.208756
0.208768
0.208771
0.208772
0.208771
0.208758
0.20876
0.208747
0.208746
0.208746
0.208749
0.208756
0.20875
0.208738
0.208741
0.208734
0.208722
0.208723
0.208724
0.20871
0.208712
0.20871
0.208717
0.208707
0.208714
0.208707
0.208712
0.208711
0.2087
0.208698
0.208703
0.208712
0.208717
0.208724
0.20873
0.20873
0.208719
0.208698
0.208693
0.208686
0.208689
0.208703
0.208696
0.208706
0.2087
0.208706
0.208699
0.208712
0.208709
0.208718
0.208716
0.208714
0.208722
0.208731
0.208727
0.20872
0.208723
0.208726
0.208725
0.208718
0.208717
0.208715
0.208722
0.208725
0.208731
0.208725
0.208727
0.208737
0.208755
0.208764
0.20876
0.208768
0.208771
0.208775
0.20877
0.208761
0.208756
0.208772
0.208772
0.208773
0.208783
0.208794
0.208792
0.20881
0.208813
0.208822
0.208824
0.208823
0.208817
0.208813
0.208823
0.208823
0.208818
0.208815
0.208806
0.208802
0.208812
0.20882
0.208826
0.20882
0.208834
0.208841
0.208847
0.208855
0.208867
0.208873
0.208878
0.208888
0.208886
0.208892
0.208889
0.208896
0.208891
0.208891
0.20888
0.208875
0.208874
0.208876
0.20889
0.208895
0.20889
0.208884
0.208874
0.208882
0.208881
0.208868
0.208881
0.20888
0.208879
0.208894
0.208884
0.20889
0.208898
0.208896
0.208907
0.208898
0.208907
0.208917
0.208906
0.208904
0.208903
0.208896
0.208895
0.208895
0.208895
0.20891
0.208914
0.20891
0.208904
0.208909
0.208908
0.208904
0.208902
0.208896
0.208888
0.208891
0.20889
0.208891
0.20889
0.208885
0.208878
0.20888
0.208874
0.208878
0.208881
0.208891
0.208888
0.208887
0.208884
0.208887
0.208887
0.208891
0.208888
0.208888
0.208895
0.20889
0.208894
0.208897
0.208886
0.208877
0.208869
0.208867
0.208867
0.208864
0.208867
0.208868
0.208876
0.208883
0.208883
0.208888
0.208889
0.208895
0.208913
0.208922
0.208925
0.208925
0.20894
0.208944
0.208949
0.208959
0.208953
0.208954
0.208953
0.208958
0.208956
0.20896
0.208949
0.208953
0.208949
0.208942
0.208948
0.208938
0.20894
0.208944
0.20894
0.208938
0.208944
0.20896
0.208973
0.208975
0.20897
0.208969
0.208973
0.208966
0.208965
0.208972
0.208977
0.208962
0.208956
0.20896
0.20895
0.208952
0.208949
0.208949
0.208955
0.208956
0.208947
0.208961
0.208963
0.208954
0.208951
0.208958
0.208959
0.208954
0.208952
0.208943
0.208938
0.208929
0.208931
0.208929
0.208929
0.208935
0.208935
0.208934
0.208935
0.208934
0.208937
0.208936
0.208943
0.208952
0.208956
0.208959
0.208958
0.208963
0.208953
0.208945
0.208944
0.208947
0.208945
0.208947
0.208953
0.208958
0.208947
0.20894
0.20894
0.208941
0.208937
0.208933
0.208938
0.208941
0.208945
0.20894
0.208939
0.208933
0.208936
0.208935
0.208937
0.208936
0.208931
0.208932
0.208933
0.208939
0.208942
0.208947
0.208943
0.208951
0.208954
0.208949
0.208951
0.208954
0.208965
0.208961
0.208964
0.208967
0.208956
0.208967
0.208966
0.208976
0.208969
0.208989
0.208987
0.208983
0.208978
0.208968
0.208957
0.208967
0.208977
0.208974
0.20897
0.208979
0.208984
0.20897
0.208972
0.208971
0.208979
0.208979
0.208979
0.208984
0.208969
0.208982
0.20898
0.208993
0.20901
0.20902
0.209022
0.209039
0.209045
0.209036
0.209048
0.209039
0.209056
0.209051
0.209056
0.209057
0.209052
0.209063
0.209057
0.209058
0.209066
0.209069
0.209066
0.209076
0.209066
0.209067
0.20907
0.209081
0.209084
0.209081
0.209095
0.209097
0.209089
0.209085
0.209083
0.209086
0.209088
0.209086
0.209103
0.209105
0.209098
0.2091
0.209101
0.209093
0.209096
0.209084
0.209086
0.209078
0.209073
0.209074
0.209085
0.209077
0.209071
0.209068
0.209066
0.209063
0.209066
0.209078
0.20907
0.209066
0.209063
0.209063
0.20906
0.209058
0.209056
0.209046
0.209046
0.209054
0.209043
0.209042
0.20904
0.209039
0.209031
0.209022
0.209014
0.209014
0.209024
0.209019
0.209028
0.209025
0.209032
0.209022
0.209019
0.209012
0.209022
0.209018
0.209007
0.209008
0.209001
0.208993
0.208991
0.208985
0.208986
0.208971
0.20896
0.208967
0.208961
0.208952
0.208963
0.20896
0.208955
0.208957
0.208949
0.208944
0.208939
0.208945
0.208948
0.208954
0.20894
0.208949
0.208964
0.208972
0.208975
0.208983
0.208981
0.208983
0.208999
0.208998
0.208993
0.208989
0.208991
0.208983
0.208975
0.208983
0.208981
0.208973
0.208966
0.208967
0.208964
0.208962
0.208965
0.208961
0.208965
0.208966
0.208963
0.208971
0.208973
0.208973
0.208974
0.20898
0.208976
0.208975
0.208965
0.208958
0.208967
0.208961
0.208962
0.208963
0.208967
0.208974
0.208978
0.208981
0.208981
0.208964
0.208955
0.208953
0.208964
0.208967
0.208969
0.20896
0.208956
0.208942
0.208948
0.208944
0.208939
0.208947
0.20894
0.208941
0.208938
0.208938
0.208935
0.208922
0.208918
0.208917
0.208913
0.208907
0.208905
0.20891
0.208907
0.208916
0.20891
0.208914
0.208909
0.20892
0.208919
0.208912
0.208903
0.208907
0.208904
0.208901
0.208899
0.208901
0.208899
0.208907
0.208909
0.20891
0.208905
0.208905
0.208906
0.208904
0.20891
0.20892
0.208919
0.208909
0.208901
0.208902
0.208904
0.208916
0.208922
0.208933
0.20893
0.208927
0.208923
0.208912
0.208911
0.208913
0.208914
0.208916
0.208912
0.208919
0.208914
0.208917
0.208914
0.208918
0.208916
0.208915
0.208932
0.208936
0.208932
0.208929
0.208941
0.20894
0.208937
0.208933
0.208931
0.208927
0.208927
0.208924
0.208921
0.208925
0.208929
0.20893
0.208926
0.208921
0.208912
0.208901
0.208903
0.208895
0.208898
0.208893
0.208901
0.208912
0.208909
0.208912
0.208918
0.208922
0.208914
0.208913
0.208915
0.208917
0.208909
0.208907
0.208916
0.208897
0.208903
0.208906
0.208915
0.208929
0.20893
0.208919
0.208927
0.208935
0.208937
0.208936
0.208935
0.208944
0.208947
0.208949
0.208952
0.208945
0.208934
0.208935
0.208934
0.208926
0.208937
0.20893
0.208933
0.208931
0.208934
0.208933
0.208926
0.208928
0.208927
0.208924
0.208927
0.208926
0.20894
0.208937
0.20894
0.208938
0.208931
0.208931
0.208938
0.208934
0.208922
0.208915
0.208911
0.208911
0.208923
0.20892
0.208926
0.208917
0.208912
0.208905
0.208912
0.208925
0.20893
0.208932
0.208934
0.208943
0.20895
0.20895
0.208961
0.208964
0.208964
0.208963
0.208961
0.208964
0.208968
0.208963
0.208961
0.208956
0.208952
0.208946
0.208944
0.208939
0.208938
0.208942
0.208959
0.208961
0.208962
0.208965
0.208959
0.208962
0.208958
0.208966
0.208964
0.208951
0.208943
0.208951
0.20895
0.208954
0.208948
0.208949
0.208941
0.208943
0.20895
0.208942
0.208936
0.208934
0.208928
0.208928
0.208931
0.208929
0.208937
0.208932
0.208927
0.20892
0.208912
0.208897
0.208892
0.208903
0.208916
0.208907
0.20891
0.208904
0.208905
0.208915
0.208917
0.208925
0.208916
0.208926
0.208941
0.208951
0.208953
0.208965
0.208967
0.208973
0.208966
0.208964
0.208964
0.208967
0.208966
0.208973
0.208967
0.208965
0.208963
0.20897
0.208976
0.20898
0.208984
0.208981
0.208982
0.208976
0.208973
0.208973
0.208974
0.208968
0.208974
0.208964
0.208954
0.20895
0.20895
0.208941
0.208936
0.208917
0.208917
0.208919
0.208914
0.208907
0.208901
0.208895
0.208899
0.208896
0.208888
0.208879
0.208883
0.208883
0.208886
0.208885
0.20888
0.208892
0.208884
0.208886
0.208891
0.208893
0.208896
0.208892
0.208899
0.208906
0.208905
0.20891
0.208912
0.208916
0.208909
0.208909
0.208911
0.208911
0.208918
0.208921
0.208917
0.208916
0.208923
0.208919
0.20892
0.208909
0.208916
0.208913
0.208914
0.208914
0.208918
0.208929
0.208925
0.208917
0.208916
0.20891
0.208904
0.208901
0.208897
0.2089
0.208911
0.208914
0.208922
0.208926
0.208932
0.208932
0.208927
0.208931
0.20892
0.208928
0.208935
0.208935
0.208937
0.208934
0.208929
0.208928
0.208934
0.20893
0.208941
0.208935
0.208927
0.208924
0.208923
0.208936
0.208945
0.20894
0.20893
0.208932
0.208928
0.208925
0.208923
0.208928
0.208931
0.208921
0.20893
0.208937
0.208941
0.208938
0.208945
0.208947
0.208943
0.208936
0.208923
0.208917
0.20892
0.208917
0.208915
0.208913
0.208917
0.208907
0.208899
0.208904
0.208909
0.208909
0.20891
0.208905
0.208905
0.208911
0.208916
0.208916
0.208902
0.208905
0.208907
0.208906
0.208895
0.208899
0.20891
0.208918
0.208917
0.208915
0.208912
0.208907
0.208917
0.208918
0.208922
0.208909
0.20892
0.208911
0.208906
0.208904
0.20891
0.208918
0.208919
0.208905
0.208906
0.208914
0.208905
0.208894
0.208892
0.208883
0.208888
0.208891
0.208894
0.208895
0.208911
0.20892
0.208915
0.208924
0.208928
0.208928
0.208922
0.208921
0.208931
0.208929
0.208933
0.208939
0.208942
0.208939
0.208941
0.208941
0.208935
0.208922
0.208918
0.208919
0.208926
0.208924
0.208927
0.208935
0.208933
0.208935
0.208926
0.208933
0.208924
0.208923
0.208927
0.208921
0.208923
0.208916
0.208917
0.208916
0.208908
0.208906
0.208898
0.208905
0.208904
0.208891
0.208903
0.208903
0.208909
0.20891
0.208926
0.208927
0.208927
0.208935
0.208943
0.208948
0.208941
0.208937
0.208942
0.208947
0.208942
0.208941
0.208945
0.208945
0.208939
0.208941
0.208947
0.208943
0.208938
0.208942
0.20894
0.208931
0.208931
0.208926
0.208921
0.208925
0.208917
0.208911
0.208914
0.208916
0.20892
0.208926
0.208909
0.208912
0.208908
0.208903
0.208915
0.208925
0.208927
0.208936
0.208944
0.208956
0.208958
0.208958
0.20896
0.20896
0.208958
0.20896
0.208952
0.208959
0.208956
0.208949
0.20896
0.208956
0.208958
0.208957
0.20897
0.20897
0.208974
0.208982
0.208984
0.208982
0.208969
0.208971
0.208964
0.208965
0.208965
0.208962
0.208953
0.208951
0.208952
0.208953
0.208953
0.208945
0.208946
0.208956
0.208963
0.208957
0.208957
0.208955
0.208959
0.208965
0.208958
0.20896
0.208963
0.208972
0.208978
0.208975
0.20899
0.208987
0.208987
0.208995
0.208994
0.208997
0.208992
0.208982
0.208975
0.208963
0.208969
0.208972
0.20896
0.208961
0.208966
0.208975
0.208981
0.208982
0.208985
0.208992
0.208997
0.209002
0.209005
0.209014
0.209017
0.20901
0.20901
0.209021
0.209021
0.209019
0.209013
0.209012
0.209019
0.209018
0.209019
0.209015
0.209025
0.209025
0.209032
0.209036
0.209032
0.209032
0.209032
0.209029
0.209022
0.209032
0.209031
0.209033
0.209043
0.209043
0.20904
0.209046
0.209043
0.209035
0.209032
0.209026
0.209031
0.209024
0.209013
0.209012
0.209021
0.209027
0.209024
0.209038
0.209036
0.209033
0.20904
0.209044
0.209038
0.209042
0.209049
0.209042
0.209038
0.209041
0.209036
0.209044
0.209045
0.209054
0.209054
0.209055
0.209072
0.209075
0.209072
0.209071
0.20907
0.209069
0.209062
0.209072
0.209076
0.209081
0.209085
0.209079
0.209083
0.209089
0.209089
0.209085
0.209088
0.209097
0.209105
0.209113
0.209108
0.209109
0.20911
0.209115
0.209109
0.209107
0.209109
0.209122
0.209128
0.209125
0.209131
0.209137
0.209125
0.209123
0.209113
0.209118
0.209108
0.209113
0.209118
0.209113
0.209114
0.209114
0.209125
0.209126
0.20913
0.209135
0.209133
0.209128
0.209116
0.20912
0.20912
0.209122
0.209126
0.209126
0.209125
0.209134
0.209128
0.209119
0.209125
0.209128
0.209131
0.209131
0.209144
0.209139
0.209135
0.209136
0.209139
0.20913
0.20913
0.20913
0.209128
0.209121
0.209119
0.20911
0.209107
0.209109
0.209112
0.209104
0.209104
0.20911
0.209113
0.209115
0.20911
0.209112
0.209113
0.209116
0.209108
0.209109
0.209107
0.2091
0.209101
0.209114
0.209111
0.209113
0.209111
0.209124
0.209126
0.209135
0.209129
0.209132
0.20914
0.209146
0.209153
0.209152
0.209146
0.209146
0.209138
0.209153
0.209152
0.209139
0.209143
0.20914
0.209132
0.209137
0.209135
0.209135
0.209136
0.209143
0.209145
0.209143
0.209147
0.20915
0.20915
0.209154
0.209162
0.209159
0.209152
0.209151
0.209161
0.209147
0.209143
0.209139
0.209135
0.209138
0.209154
0.209155
0.209148
0.209146
0.209149
0.209154
0.209152
0.20915
0.209148
0.209149
0.209158
0.209173
0.209165
0.209164
0.209167
0.209168
0.209172
0.209186
0.209183
0.209179
0.209172
0.209175
0.209174
0.209167
0.209166
0.209169
0.20917
0.209173
0.209168
0.209161
0.209167
0.209174
0.209166
0.209159
0.20916
0.209162
0.209164
0.209167
0.209169
0.209174
0.209167
0.209169
0.209182
0.209183
0.209181
0.209177
0.209181
0.20918
0.209183
0.209188
0.209186
0.209193
0.209191
0.209193
0.209193
0.209199
0.209206
0.209202
0.209208
0.209203
0.209198
0.209203
0.209194
0.209189
0.209182
0.209175
0.209172
0.209165
0.209166
0.209166
0.209171
0.209164
0.209166
0.20916
0.209163
0.209164
0.209158
0.209159
0.209148
0.209154
0.20916
0.209158
0.209156
0.209163
0.209164
0.209166
0.209166
0.209162
0.209169
0.209176
0.209181
0.209182
0.209177
0.209175
0.20919
0.209192
0.209197
0.209196
0.209198
0.209195
0.209193
0.209198
0.209191
0.209182
0.209178
0.209171
0.209177
0.209166
0.209169
0.20917
0.209164
0.209166
0.209173
0.209177
0.209184
0.209182
0.209176
0.209171
0.209171
0.209172
0.209174
0.209167
0.209169
0.209178
0.209179
0.209177
0.209173
0.209171
0.209167
0.209168
0.209176
0.209176
0.209176
0.209176
0.209173
0.209174
0.20917
0.209166
0.209167
0.209157
0.209164
0.209164
0.209161
0.209165
0.20916
0.209172
0.209168
0.209164
0.209164
0.209154
0.209152
0.209151
0.209149
0.209152
0.209157
0.209169
0.209161
0.209162
0.209159
0.209156
0.209158
0.209161
0.209158
0.209157
0.209155
0.209159
0.209152
0.209146
0.209143
0.209147
0.209145
0.209144
0.209135
0.209128
0.209131
0.209131
0.20913
0.209127
0.209132
0.209132
0.209141
0.209155
0.209165
0.209157
0.20916
0.209162
0.209157
0.209154
0.209161
0.209163
0.209167
0.209173
0.209169
0.209163
0.209158
0.209164
0.209162
0.20917
0.209162
0.209159
0.209156
0.209164
0.209167
0.209176
0.209176
0.209177
0.209181
0.209174
0.209163
0.209165
0.209174
0.209176
0.209176
0.209181
0.209197
0.209194
0.209182
0.20919
0.209181
0.209189
0.209191
0.209199
0.209202
0.209213
0.209214
0.209214
0.20921
0.20921
0.209213
0.209206
0.209211
0.209206
0.209202
0.209193
0.209198
0.209196
0.209192
0.209186
0.209186
0.209187
0.209193
0.209192
0.209184
0.209172
0.209159
0.209153
0.209154
0.209163
0.209167
0.209171
0.209171
0.209172
0.209167
0.209169
0.209182
0.20919
0.209189
0.209181
0.209187
0.209184
0.20919
0.209194
0.209189
0.209188
0.209202
0.20921
0.209211
0.209204
0.209209
0.2092
0.209204
0.209203
0.209205
0.209212
0.209196
0.209199
0.209206
0.2092
0.209194
0.209197
0.209206
0.209204
0.209214
0.209219
0.209229
0.209222
0.209221
0.209221
0.209221
0.209226
0.209231
0.209238
0.209248
0.209242
0.209241
0.209246
0.209243
0.209252
0.209258
0.209254
0.209258
0.209261
0.209258
0.209253
0.20925
0.209252
0.209253
0.209253
0.209241
0.209235
0.209226
0.209227
0.209222
0.209226
0.209218
0.209214
0.209216
0.209214
0.209211
0.209205
0.20921
0.209209
0.209208
0.209211
0.209213
0.209217
0.209214
0.209213
0.209203
0.209198
0.209201
0.209194
0.209199
0.209206
0.209202
0.209203
0.209206
0.209196
0.209192
0.209203
0.209205
0.209199
0.209204
0.209203
0.209202
0.209201
0.209201
0.2092
0.209199
0.209206
0.209215
0.209215
0.209214
0.209221
0.20922
0.209224
0.209224
0.209221
0.209216
0.209204
0.209208
0.209208
0.209216
0.209214
0.209213
0.209222
0.209229
0.209227
0.20923
0.209223
0.209223
0.209215
0.209221
0.209217
0.209221
0.209219
0.209209
0.209212
0.209208
0.209203
0.2092
0.209204
0.209201
0.209197
0.209188
0.209191
0.209195
0.209193
0.209199
0.209196
0.209198
0.209204
0.209209
0.209201
0.2092
0.209199
0.209203
0.209202
0.209203
0.209201
0.209198
0.209192
0.209191
0.209194
0.209182
0.209184
0.209186
0.209181
0.209179
0.209179
0.209178
0.20918
0.209187
0.209185
0.209194
0.209192
0.209192
0.209179
0.209188
0.209195
0.209198
0.2092
0.209199
0.209197
0.2092
0.209195
0.209201
0.20921
0.209208
0.209212
0.209214
0.209218
0.20922
0.209222
0.209215
0.20921
0.209214
0.20921
0.20921
0.209209
0.20921
0.209209
0.209212
0.209219
0.20922
0.209219
0.209234
0.209232
0.209237
0.209231
0.209231
0.209233
0.209228
0.209236
0.209239
0.20925
0.209247
0.209249
0.209245
0.209244
0.209257
0.209267
0.209262
0.209261
0.209259
0.209268
0.209261
0.209261
0.209277
0.209287
0.209298
0.209301
0.209302
0.209304
0.20929
0.20929
0.209291
0.209292
0.209288
0.20928
0.20928
0.209284
0.209288
0.209277
0.209278
0.209274
0.209273
0.20927
0.209278
0.209287
0.209287
0.209296
0.20929
0.209298
0.20929
0.209295
0.209296
0.209296
0.209299
0.209293
0.209286
0.209285
0.209286
0.209287
0.209282
0.209279
0.209276
0.209279
0.209291
0.209288
0.209284
0.209286
0.209299
0.209307
0.209307
0.209311
0.209315
0.209313
0.209336
0.209339
0.209337
0.209344
0.209347
0.209342
0.209355
0.209354
0.20936
0.209357
0.209349
0.209347
0.209339
0.209327
0.209337
0.20934
0.209331
0.209334
0.209332
0.209334
0.209331
0.209329
0.209332
0.209324
0.209316
0.209312
0.209316
0.209327
0.209326
0.209326
0.209332
0.209338
0.20935
0.209348
0.209357
0.209352
0.209349
0.209352
0.209353
0.209355
0.209355
0.209354
0.209349
0.209347
0.209348
0.209341
0.209345
0.209346
0.209343
0.209346
0.209337
0.209333
0.20933
0.209328
0.20933
0.209332
0.209344
0.209339
0.209342
0.209345
0.209339
0.209345
0.209345
0.209346
0.209355
0.209349
0.209348
0.20935
0.209352
0.209354
0.209351
0.209356
0.209358
0.209358
0.209346
0.209344
0.209348
0.209353
0.209352
0.209353
0.209349
0.209356
0.209361
0.209366
0.209364
0.209363
0.209367
0.209363
0.20937
0.209372
0.209362
0.20937
0.209363
0.209367
0.209367
0.209365
0.209374
0.209367
0.209365
0.20936
0.209363
0.209354
0.209353
0.20936
0.209356
0.20936
0.209359
0.209357
0.209359
0.209353
0.209347
0.209347
0.209345
0.209345
0.209349
0.209347
0.209349
0.209352
0.209355
0.209361
0.209349
0.209349
0.209351
0.209342
0.209333
0.209333
0.209331
0.209333
0.209334
0.209343
0.209336
0.20933
0.209336
0.209346
0.209339
0.209345
0.209344
0.209343
0.209352
0.209354
0.209352
0.209353
0.209348
0.209346
0.209337
0.209342
0.209333
0.209328
0.209328
0.209325
0.209322
0.209319
0.209329
0.209331
0.209329
0.209322
0.209318
0.209317
0.209318
0.209316
0.209314
0.209312
0.20931
0.209312
0.209303
0.209297
0.209294
0.209299
0.209295
0.209294
0.209292
0.209296
0.209291
0.209293
0.209293
0.209286
0.209292
0.209295
0.209285
0.209276
0.209275
0.209279
0.209273
0.209263
0.209268
0.209272
0.209271
0.209262
0.209255
0.209266
0.20926
0.209257
0.209268
0.209262
0.209258
0.209265
0.209277
0.209274
0.209268
0.209277
0.209277
0.209275
0.209278
0.209278
0.209274
0.209282
0.209279
0.209279
0.209274
0.209274
0.20927
0.209267
0.209267
0.209266
0.209269
0.209269
0.209263
0.209269
0.209258
0.209261
0.209268
0.209277
0.209283
0.209287
0.209281
0.209277
0.209274
0.209275
0.209289
0.20928
0.209274
0.209266
0.209264
0.209272
0.209274
0.209283
0.209274
0.209274
0.209274
0.209274
0.209283
0.209275
0.209271
0.209275
0.209275
0.209286
0.209285
0.20928
0.209273
0.209278
0.209271
0.209267
0.209279
0.209278
0.209273
0.20927
0.209267
0.209267
0.209262
0.209263
0.209257
0.209254
0.209256
0.209254
0.20925
0.209248
0.209247
0.20925
0.209255
0.209251
0.209252
0.209257
0.209266
0.209261
0.209266
0.209265
0.209261
0.209257
0.209262
0.209263
0.209251
0.209251
0.209254
0.209261
0.209258
0.209256
0.209262
0.209266
0.209268
0.209268
0.209269
0.209264
0.209267
0.209271
0.209274
0.209277
0.209276
0.209282
0.209273
0.209277
0.209284
0.209279
0.209278
0.209284
0.209289
0.209283
0.209289
0.209297
0.209299
0.209296
0.209287
0.209283
0.209292
0.209294
0.209295
0.209296
0.209303
0.209301
0.209299
0.209305
0.209319
0.20931
0.20931
0.209313
0.209318
0.209313
0.209304
0.209295
0.209291
0.209293
0.209289
0.209281
0.209276
0.209289
0.209286
0.209292
0.209287
0.209286
0.209293
0.209282
0.209285
0.209283
0.209293
0.209285
0.209282
0.209285
0.209284
0.209268
0.209267
0.209276
0.209285
0.209284
0.209287
0.209277
0.209279
0.209278
0.209283
0.209274
0.209268
0.209269
0.209267
0.209256
0.209259
0.209259
0.209259
0.209256
0.209259
0.20925
0.209238
0.209251
0.20925
0.209253
0.209259
0.209254
0.209251
0.209248
0.209245
0.209251
0.20925
0.209255
0.209263
0.20927
0.209272
0.209264
0.209264
0.209263
0.209266
0.209263
0.209263
0.209263
0.209263
0.209255
0.209263
0.209262
0.209259
0.209255
0.209259
0.209255
0.209256
0.20926
0.209261
0.209259
0.209254
0.209255
0.209266
0.209261
0.209263
0.209258
0.209265
0.209266
0.209279
0.209276
0.209275
0.209273
0.209273
0.209275
0.209281
0.209281
0.20929
0.209294
0.209295
0.209297
0.209292
0.209294
0.209295
0.209292
0.209293
0.20929
0.209295
0.209292
0.209302
0.209304
0.209307
0.209312
0.209312
0.209305
0.209309
0.209306
0.209302
0.209301
0.209295
0.209296
0.20929
0.209293
0.209294
0.209297
0.2093
0.209298
0.209303
0.209296
0.209289
0.209293
0.209294
0.209297
0.209291
0.209297
0.209306
0.209302
0.209313
0.209316
0.209318
0.209327
0.209328
0.209321
0.209317
0.209327
0.209324
0.209327
0.209331
0.209329
0.209315
0.209322
0.209317
0.209318
0.209321
0.209321
0.209318
0.209319
0.209324
0.209326
0.209333
0.209334
0.209338
0.209334
0.209335
0.209335
0.209335
0.209333
0.20933
0.209327
0.209327
0.209325
0.209334
0.209335
0.20934
0.209335
0.209338
0.209328
0.209327
0.209325
0.209321
0.209318
0.20931
0.209319
0.209318
0.209314
0.209311
0.209324
0.209315
0.209305
0.20931
0.209315
0.209314
0.209312
0.209311
0.209316
0.209316
0.209317
0.209319
0.209317
0.209316
0.209318
0.20931
0.209318
0.209317
0.209317
0.20932
0.209324
0.209316
0.209315
0.209302
0.209297
0.20931
0.209311
0.209309
0.209313
0.20932
0.209329
0.20933
0.20934
0.209342
0.209341
0.20934
0.20934
0.209339
0.209336
0.209332
0.209324
0.209321
0.209318
0.209302
0.209293
0.209289
0.209288
0.209285
0.209286
0.209282
0.209281
0.209283
0.209283
0.209276
0.209276
0.209279
0.209288
0.209283
0.209279
0.209273
0.209267
0.209274
0.209277
0.209279
0.209276
0.209271
0.20928
0.209274
0.209284
0.209282
0.209287
0.209293
0.209291
0.209295
0.209295
0.209292
0.209295
0.209288
0.209294
0.209296
0.2093
0.209302
0.209306
0.209306
0.209308
0.209305
0.209304
0.209307
0.209303
0.209309
0.209303
0.209306
0.209311
0.20931
0.209308
0.209308
0.209302
0.209297
0.209293
0.20929
0.209288
0.209289
0.209287
0.209289
0.209285
0.20928
0.209273
0.209277
0.209285
0.20929
0.209292
0.209296
0.209293
0.20929
0.209293
0.209301
0.209306
0.209307
0.209294
0.209294
0.209289
0.209287
0.209281
0.209279
0.209273
0.209268
0.209279
0.209281
0.209276
0.209279
0.209283
0.209284
0.20929
0.209287
0.209286
0.209298
0.209298
0.209304
0.209312
0.209324
0.209319
0.209322
0.209325
0.209334
0.209339
0.209334
0.209328
0.209333
0.209331
0.209328
0.209322
0.209333
0.209333
0.209325
0.209319
0.209319
0.209313
0.209315
0.209321
0.209318
0.209314
0.209327
0.20932
0.20932
0.209321
0.209323
0.209333
0.209328
0.209333
0.209328
0.209322
0.209324
0.209319
0.209329
0.20933
0.20932
0.209322
0.209328
0.209322
0.209324
0.209328
0.209325
0.209319
0.209314
0.20932
0.209319
0.209324
0.209331
0.209335
0.209339
0.209356
0.209349
0.209357
0.209356
0.209352
0.20936
0.209361
0.209354
0.209351
0.209344
0.209348
0.209345
0.209342
0.209345
0.209343
0.209353
0.209352
0.209351
0.209352
0.209358
0.209353
0.209346
0.209354
0.209356
0.209355
0.20935
0.209351
0.209348
0.209342
0.209348
0.209349
0.209346
0.209358
0.209362
0.209364
0.209363
0.209362
0.209365
0.209367
0.209367
0.209357
0.209368
0.209369
0.209368
0.209368
0.209361
0.209358
0.209352
0.209355
0.20935
0.209351
0.209344
0.20934
0.209334
0.20934
0.209335
0.209337
0.209338
0.209332
0.209324
0.209331
0.209339
0.209343
0.209345
0.209346
0.209346
0.20935
0.20935
0.209343
0.209356
0.209355
0.209358
0.209364
0.209366
0.209363
0.209365
0.20937
0.209371
0.209363
0.209361
0.209369
0.20936
0.209357
0.209363
0.209356
0.209356
0.20937
0.209372
0.209367
0.209364
0.209358
0.209352
0.209351
0.209354
0.209357
0.209357
0.209349
0.209352
0.209359
0.209363
0.209365
0.209362
0.209374
0.209377
0.209374
0.209375
0.209382
0.209391
0.209386
0.209389
0.209391
0.209388
0.209391
0.209391
0.209384
0.209381
0.209391
0.209388
0.209384
0.209393
0.209397
0.209407
0.209403
0.209399
0.209397
0.2094
0.209402
0.209396
0.209397
0.209398
0.209396
0.20939
0.209393
0.209394
0.209393
0.209395
0.209405
0.2094
0.209396
0.209397
0.209401
0.209396
0.209396
0.209393
0.209398
0.209402
0.2094
0.209397
0.20939
0.209386
0.209387
0.20938
0.209382
0.209383
0.209382
0.209386
0.209392
0.209388
0.209383
0.209386
0.20939
0.209384
0.20938
0.20938
0.209383
0.209386
0.209381
0.209378
0.209362
0.209358
0.209359
0.209356
0.209353
0.209359
0.209356
0.209358
0.209358
0.20937
0.209379
0.20938
0.209386
0.209384
0.209387
0.209389
0.209388
0.209389
0.209389
0.209394
0.209394
0.209395
0.209392
0.209401
0.209399
0.209398
0.209396
0.209397
0.209396
0.209402
0.209398
0.209398
0.209402
0.209403
0.209407
0.209413
0.209421
0.209421
0.209431
0.209445
0.20945
0.209457
0.209453
0.20945
0.209439
0.209439
0.209441
0.209444
0.209445
0.209446
0.20945
0.209446
0.209436
0.209431
0.209423
0.209425
0.209426
0.209426
0.209416
0.209409
0.20941
0.209408
0.209421
0.209418
0.209414
0.209418
0.209415
0.209413
0.209414
0.209411
0.209407
0.209405
0.209407
0.209407
0.209398
0.209399
0.209404
0.209396
0.209394
0.209392
0.209383
0.209383
0.209391
0.209398
0.209393
0.209389
0.209377
0.209374
0.209381
0.209383
0.209379
0.209369
0.209364
0.209368
0.209367
0.209367
0.209368
0.20937
0.209371
0.209368
0.209376
0.209364
0.209363
0.209369
0.209367
0.209365
0.209358
0.209352
0.209345
0.209339
0.209345
0.209342
0.209351
0.209347
0.209345
0.209345
0.209347
0.209349
0.209345
0.20934
0.209334
0.209324
0.209328
0.209329
0.209325
0.20932
0.209313
0.209316
0.209319
0.209324
0.209322
0.209319
0.209321
0.209323
0.209321
0.209326
0.209343
0.209349
0.209346
0.209351
0.209352
0.209345
0.20934
0.209333
0.209328
0.209335
0.209338
0.209341
0.209346
0.209346
0.209342
0.209345
0.209344
0.209349
0.209349
0.209346
0.20935
0.20935
0.209347
0.209346
0.209347
0.209343
0.209339
0.20934
0.209343
0.209349
0.209348
0.209345
0.209343
0.209344
0.209348
0.209347
0.209347
0.209356
0.209356
0.209363
0.209369
0.209378
0.20939
0.209385
0.209385
0.209382
0.209382
0.209384
0.209389
0.209391
0.20939
0.209402
0.209401
0.2094
0.209395
0.209381
0.209378
0.209376
0.209382
0.209373
0.209376
0.209379
0.209372
0.209373
0.20936
0.209362
0.209362
0.209365
0.20937
0.209369
0.209367
0.209369
0.209367
0.209365
0.209366
0.209366
0.209363
0.209359
0.209361
0.209351
0.209346
0.209354
0.209355
0.209357
0.209353
0.209349
0.209346
0.209338
0.209332
0.209335
0.209334
0.209331
0.20933
0.209335
0.20933
0.209332
0.209332
0.209324
0.20933
0.209319
0.20932
0.209319
0.209328
0.209328
0.209328
0.209328
0.209333
0.209324
0.209332
0.209335
0.209332
0.209332
0.209324
0.20932
0.209321
0.209321
0.209321
0.209321
0.209326
0.209332
0.209333
0.209334
0.209344
0.209345
0.209347
0.209343
0.209348
0.209347
0.20935
0.209356
0.209351
0.209347
0.209344
0.209343
0.209338
0.209334
0.209331
0.20934
0.209337
0.209335
0.209341
0.209345
0.20935
0.209351
0.209355
0.209351
0.209352
0.209347
0.209343
0.209353
0.209352
0.209352
0.209356
0.209357
0.20936
0.209355
0.20936
0.209362
0.209367
0.209371
0.209373
0.209371
0.209382
0.209382
0.209378
0.209371
0.209367
0.209365
0.209361
0.209355
0.209355
0.209346
0.209349
0.209346
0.209341
0.209344
0.209355
0.209358
0.209357
0.209357
0.209364
0.209372
0.209378
0.209377
0.209375
0.209374
0.209364
0.209369
0.209371
0.209368
0.209359
0.209355
0.209354
0.209354
0.209359
0.209355
0.209352
0.20935
0.209343
0.209345
0.209344
0.20935
0.209358
0.209353
0.209363
0.209357
0.20936
0.20936
0.20936
0.209362
0.209363
0.209369
0.209365
0.209364
0.209362
0.209369
0.209371
0.209371
0.20937
0.209372
0.209369
0.209369
0.209366
0.209377
0.209368
0.209368
0.209378
0.209381
0.209374
0.209371
0.209378
0.20937
0.209372
0.209373
0.209371
0.209372
0.209372
0.209369
0.209372
0.209373
0.209376
0.20938
0.209388
0.209399
0.209399
0.209401
0.209407
0.209413
0.20942
0.209416
0.209417
0.209425
0.209429
0.209431
0.209435
0.209431
0.20943
0.209425
0.209425
0.209423
0.20943
0.209427
0.209423
0.209424
0.209425
0.209417
0.209413
0.209412
0.209406
0.209397
0.209391
0.209395
0.209393
0.20939
0.209387
0.209388
0.209391
0.20939
0.209396
0.209398
0.209396
0.209398
0.2094
0.209408
0.209407
0.209406
0.209404
0.209402
0.2094
0.209398
0.209402
0.209407
0.209402
0.209406
0.209402
0.2094
0.209399
0.209394
0.209392
0.20939
0.20939
0.209392
0.209393
0.209393
0.209395
0.2094
0.209401
0.209391
0.209382
0.209382
0.209382
0.209379
0.209382
0.209389
0.209392
0.209392
0.209384
0.209386
0.209386
0.209397
0.209397
0.209397
0.20939
0.209385
0.209382
0.209387
0.209386
0.209384
0.209392
0.209395
0.209394
0.209404
0.209398
0.209393
0.209394
0.209397
0.209392
0.209396
0.209406
0.209408
0.209414
0.209413
0.209417
0.209414
0.209416
0.209419
0.209415
0.209413
0.209416
0.209413
0.20941
0.209406
0.2094
0.209396
0.209405
0.209403
0.209404
0.209402
0.209405
0.209403
0.209401
0.209403
0.209399
0.209398
0.209394
0.209401
0.209408
0.209408
0.209407
0.209411
0.209411
0.209406
0.20941
0.209411
0.20941
0.20941
0.209402
0.209401
0.2094
0.2094
0.209401
0.209405
0.209396
0.209392
0.209399
0.209403
0.209399
0.209408
0.209411
0.209411
0.209415
0.209415
0.209417
0.209413
0.209413
0.209418
0.209428
0.209419
0.209416
0.209421
0.209423
0.209418
0.209417
0.209413
0.20941
0.209412
0.20941
0.209416
0.209416
0.209414
0.209423
0.209427
0.209432
0.209427
0.20942
0.209414
0.20941
0.209414
0.209423
0.209429
0.209431
0.209434
0.209435
0.209437
0.209431
0.209428
0.209425
0.209421
0.209419
0.20942
0.20942
0.209411
0.209413
0.209409
0.209409
0.209404
0.209398
0.209402
0.2094
0.209396
0.209391
0.209396
0.209396
0.209393
0.20939
0.209379
0.209374
0.209374
0.209372
0.209373
0.209379
0.209373
0.209375
0.209374
0.209373
0.209368
0.209366
0.209365
0.209364
0.209366
0.209365
0.209366
0.209368
0.209374
0.209376
0.209378
0.209385
0.209387
0.209385
0.209388
0.209389
0.209396
0.209386
0.209391
0.209395
0.209394
0.209391
0.209394
0.209394
0.209386
0.209381
0.209373
0.209366
0.209364
0.209363
0.209362
0.209369
0.209371
0.209366
0.20937
0.209366
0.209365
0.209359
0.209356
0.209353
0.209352
0.20935
0.209357
0.209362
0.209366
0.20937
0.209371
0.209374
0.209378
0.209375
0.209379
0.209378
0.209377
0.209379
0.20938
0.209383
0.209378
0.209382
0.209377
0.209384
0.209388
0.209392
0.209396
0.209389
0.209383
0.209377
0.209368
0.209362
0.209373
0.20938
0.209372
0.209376
0.209371
0.209371
0.209373
0.209376
0.209371
0.209369
0.209367
0.209364
0.209362
0.209357
0.209355
0.209359
0.209363
0.209364
0.209359
0.209368
0.209371
0.209366
0.209368
0.209364
0.209362
0.209355
0.209361
0.209356
0.209353
0.209351
0.20935
0.209348
0.209346
0.209353
0.209343
0.209349
0.209349
0.209347
0.209348
0.209353
0.209357
0.209349
0.20934
0.209341
0.209342
0.209345
0.209337
0.209337
0.209337
0.209336
0.209333
0.209335
0.209333
0.209331
0.209332
0.209319
0.209326
0.209318
0.209321
0.209317
0.209315
0.209311
0.209309
0.209306
0.20931
0.209312
0.209311
0.209325
0.209326
0.20933
0.209331
0.209326
0.20933
0.209337
0.209326
0.209324
0.209327
0.209329
0.209328
0.209329
0.209331
0.209331
0.209334
0.209336
0.209337
0.209341
0.209349
0.209346
0.209351
0.209357
0.209358
0.209357
0.209362
0.209367
0.209371
0.209374
0.209371
0.209372
0.209365
0.209362
0.209375
0.209369
0.209366
0.209354
0.209356
0.209362
0.209361
0.209361
0.209361
0.209369
0.209362
0.209357
0.209359
0.209356
0.209362
0.209358
0.209362
0.209356
