0.708609
0.346709
0.22869
0.177205
0.14931
0.129572
0.119037
0.107268
0.101135
0.094275
0.0913363
0.089415
0.0889359
0.0871859
0.0854947
0.0846988
0.0847908
0.0846954
0.0845243
0.0846093
0.08327
0.0823681
0.081941
0.0829596
0.0841965
0.084507
0.084434
0.0847484
0.0853913
0.0859997
0.0864476
0.0863605
0.0856265
0.0860089
0.0864465
0.0865887
0.0866828
0.0870079
0.0874146
0.0873511
0.0877544
0.087704
0.0884767
0.0894258
0.0900882
0.0911377
0.0919495
0.0921869
0.0928326
0.0934579
0.0944194
0.095066
0.0959196
0.0976378
0.098046
0.0988387
0.0994572
0.10093
0.101057
0.101642
0.102578
0.1031
0.10439
0.105576
0.105561
0.106366
0.106774
0.107285
0.108165
0.109082
0.10952
0.110194
0.110732
0.111243
0.111873
0.112174
0.11253
0.11317
0.113105
0.113768
0.114488
0.11547
0.116166
0.116879
0.117781
0.118245
0.118895
0.119534
0.119519
0.1205
0.120676
0.121491
0.122652
0.122938
0.123523
0.124217
0.125168
0.125556
0.126114
0.127014
0.127824
0.128734
0.129287
0.12967
0.130531
0.131239
0.131932
0.132397
0.132642
0.133758
0.134554
0.134722
0.135494
0.13645
0.137139
0.137893
0.138146
0.13861
0.13885
0.139296
0.140011
0.140253
0.140757
0.141675
0.142119
0.143163
0.143905
0.144398
0.145088
0.145497
0.146023
0.14653
0.146662
0.147092
0.147433
0.147896
0.148805
0.148774
0.149426
0.149499
0.15006
0.150296
0.150753
0.151392
0.151678
0.152076
0.152775
0.153177
0.153407
0.153859
0.154165
0.154687
0.155054
0.155574
0.155642
0.156293
0.156963
0.157261
0.157745
0.158293
0.158629
0.158761
0.159185
0.159323
0.159811
0.16035
0.160727
0.161274
0.161981
0.162756
0.163462
0.16371
0.164138
0.164854
0.165232
0.165734
0.166035
0.166381
0.166662
0.167278
0.167817
0.168274
0.168741
0.169207
0.169678
0.170329
0.170926
0.171274
0.171655
0.172208
0.172505
0.172751
0.173339
0.173701
0.17411
0.174504
0.175032
0.175457
0.175935
0.176203
0.176413
0.176671
0.177164
0.177462
0.177877
0.178482
0.178746
0.179177
0.179415
0.180028
0.180428
0.181048
0.181404
0.181763
0.182016
0.182354
0.182716
0.183185
0.183388
0.183581
0.183968
0.184279
0.184529
0.18492
0.185089
0.185441
0.185962
0.186169
0.186454
0.186723
0.1871
0.187452
0.187669
0.187926
0.187998
0.188175
0.188503
0.1886
0.189025
0.189275
0.189646
0.189894
0.190232
0.190415
0.190538
0.19068
0.190959
0.191279
0.19165
0.19199
0.192577
0.192723
0.192988
0.193223
0.193432
0.193259
0.19344
0.193744
0.194074
0.194284
0.194532
0.194812
0.195027
0.1956
0.195908
0.19606
0.196478
0.196949
0.197353
0.197804
0.198097
0.198393
0.198571
0.198848
0.19918
0.199339
0.199655
0.199891
0.200199
0.200367
0.200796
0.201083
0.201572
0.2019
0.202199
0.202464
0.202777
0.203216
0.2034
0.20353
0.203875
0.204146
0.204256
0.204634
0.20494
0.205403
0.205569
0.205954
0.2063
0.206505
0.206647
0.206968
0.207132
0.207389
0.207543
0.207808
0.207981
0.20812
0.208404
0.208638
0.208938
0.209128
0.209378
0.209649
0.209779
0.209994
0.210039
0.210342
0.210693
0.210944
0.211302
0.211379
0.211596
0.211953
0.212104
0.212429
0.212711
0.2131
0.213417
0.213855
0.214175
0.214482
0.214741
0.214973
0.215157
0.215426
0.215795
0.216158
0.216452
0.216789
0.217192
0.217252
0.217431
0.217651
0.217858
0.218201
0.218504
0.218593
0.21886
0.219136
0.219435
0.219745
0.219983
0.220316
0.22061
0.220628
0.220717
0.220996
0.221259
0.221569
0.221709
0.221834
0.222206
0.222395
0.222672
0.222897
0.223238
0.223606
0.22376
0.224103
0.224288
0.224388
0.224571
0.224639
0.224878
0.225043
0.225189
0.225426
0.225623
0.22602
0.226078
0.226315
0.226563
0.226769
0.227021
0.227187
0.227397
0.227586
0.227823
0.22808
0.228076
0.228387
0.228716
0.228897
0.228999
0.229289
0.229536
0.229811
0.229962
0.230096
0.230332
0.230617
0.230998
0.231259
0.231469
0.231641
0.23187
0.232044
0.232204
0.232426
0.232683
0.232761
0.232963
0.23319
0.233395
0.233539
0.233832
0.234128
0.234239
0.234551
0.234773
0.234881
0.235085
0.235321
0.235545
0.235813
0.236094
0.236346
0.236529
0.236807
0.237004
0.237234
0.237404
0.237559
0.237638
0.237816
0.238058
0.238137
0.238523
0.23865
0.23888
0.239006
0.23925
0.239442
0.239659
0.239856
0.240032
0.240221
0.240351
0.240479
0.240598
0.240812
0.240978
0.241314
0.241425
0.241608
0.241773
0.242014
0.242133
0.242355
0.242498
0.242679
0.242896
0.243232
0.243407
0.243674
0.243742
0.243933
0.244036
0.244081
0.244237
0.244497
0.244786
0.244998
0.245184
0.245314
0.245639
0.245888
0.24616
0.246429
0.246477
0.246677
0.246913
0.247089
0.247295
0.247358
0.247448
0.24774
0.248057
0.248286
0.248406
0.248617
0.248776
0.248991
0.249235
0.249375
0.249626
0.249805
0.250003
0.250138
0.250252
0.250342
0.250587
0.250786
0.25104
0.25123
0.251366
0.251505
0.251662
0.25182
0.251989
0.252095
0.252239
0.252423
0.252546
0.252755
0.252908
0.252952
0.253053
0.253226
0.253254
0.253411
0.253573
0.253691
0.2538
0.254096
0.254182
0.254413
0.254477
0.254738
0.254835
0.254847
0.255027
0.255292
0.255523
0.255758
0.255909
0.256116
0.256202
0.256332
0.256466
0.256686
0.256962
0.257079
0.257319
0.257426
0.257756
0.257898
0.257992
0.258081
0.258258
0.258357
0.258555
0.258809
0.258941
0.259011
0.259034
0.259188
0.259407
0.259621
0.259652
0.259803
0.2599
0.259983
0.260049
0.260297
0.260508
0.260632
0.260812
0.260822
0.261017
0.261164
0.261443
0.261564
0.261813
0.261953
0.262056
0.262171
0.262369
0.262471
0.262656
0.262749
0.262947
0.263047
0.263094
0.263235
0.263447
0.263473
0.263505
0.263733
0.263848
0.26405
0.264249
0.264397
0.264542
0.264729
0.264908
0.264941
0.26513
0.265152
0.265267
0.265323
0.265501
0.265695
0.265937
0.266082
0.266105
0.266249
0.266339
0.266517
0.266652
0.266797
0.267017
0.267207
0.267417
0.26762
0.267664
0.267792
0.267954
0.268084
0.268208
0.26844
0.26856
0.268716
0.268883
0.269015
0.269179
0.269356
0.269499
0.269608
0.26975
0.270002
0.270132
0.270296
0.270321
0.27051
0.270719
0.270922
0.271046
0.271259
0.271413
0.271538
0.271618
0.271704
0.27185
0.272008
0.272192
0.272302
0.272396
0.272478
0.272603
0.272683
0.272869
0.273025
0.273132
0.2732
0.273305
0.273404
0.273544
0.273666
0.273807
0.274026
0.274138
0.274217
0.274297
0.274436
0.274532
0.274676
0.274775
0.274974
0.275129
0.275304
0.27535
0.275498
0.27569
0.275805
0.275909
0.276039
0.27618
0.276317
0.276463
0.276547
0.276566
0.276661
0.276798
0.276901
0.277019
0.277136
0.277321
0.277498
0.277605
0.277766
0.277837
0.277939
0.278038
0.278186
0.278266
0.278393
0.278482
0.278648
0.278776
0.278898
0.278985
0.279052
0.279158
0.279232
0.279391
0.279559
0.279685
0.279806
0.279987
0.280065
0.280216
0.280367
0.280522
0.280587
0.280654
0.280776
0.280856
0.280951
0.281042
0.281127
0.281198
0.281362
0.28144
0.281556
0.281678
0.281843
0.281995
0.282049
0.282133
0.28226
0.282438
0.282575
0.282707
0.282791
0.282851
0.282982
0.283213
0.28334
0.283392
0.283477
0.283544
0.283656
0.283761
0.283904
0.283989
0.284066
0.284217
0.284361
0.28442
0.284426
0.284564
0.284694
0.284814
0.284904
0.285001
0.285194
0.285248
0.285391
0.285493
0.285596
0.285666
0.285751
0.285959
0.286104
0.286178
0.286345
0.286436
0.28656
0.286682
0.286822
0.286852
0.286941
0.287071
0.287191
0.287362
0.287506
0.287593
0.287716
0.287812
0.287899
0.288068
0.288166
0.288233
0.288278
0.288355
0.28848
0.288593
0.288736
0.288798
0.288867
0.288927
0.289129
0.289263
0.289313
0.289321
0.289372
0.289493
0.289644
0.289791
0.289956
0.290033
0.290171
0.290303
0.290401
0.290556
0.290723
0.290826
0.290904
0.291009
0.291162
0.291273
0.291442
0.29155
0.291714
0.291829
0.291933
0.292093
0.292117
0.292231
0.292297
0.29245
0.292514
0.292575
0.292698
0.292768
0.292837
0.292862
0.292943
0.293037
0.293062
0.29319
0.293221
0.293317
0.293435
0.293508
0.293591
0.293715
0.29374
0.293812
0.293994
0.294106
0.294221
0.294285
0.294427
0.294482
0.294578
0.294683
0.294786
0.294851
0.294981
0.295093
0.295239
0.295458
0.295572
0.295691
0.295794
0.295897
0.295974
0.296046
0.296125
0.296224
0.296273
0.296309
0.296475
0.296571
0.296665
0.296765
0.296836
0.296966
0.297093
0.297234
0.297333
0.297413
0.297531
0.297654
0.297815
0.297952
0.29812
0.298213
0.298297
0.298417
0.298487
0.29861
0.298702
0.298805
0.298846
0.29899
0.299006
0.29911
0.299226
0.29932
0.299455
0.299447
0.29953
0.29956
0.299685
0.299764
0.299816
0.299896
0.299941
0.300049
0.300134
0.300176
0.300265
0.300313
0.30036
0.30051
0.300539
0.300593
0.300687
0.3007
0.300801
0.300882
0.300981
0.301023
0.301124
0.301206
0.301245
0.30137
0.301453
0.301603
0.301679
0.301773
0.301899
0.302017
0.302141
0.302273
0.302379
0.302428
0.302524
0.302572
0.302653
0.302744
0.302858
0.30302
0.303055
0.303115
0.303225
0.303357
0.30345
0.303539
0.303607
0.30372
0.303749
0.303915
0.304025
0.304056
0.304158
0.304305
0.304371
0.30443
0.304518
0.304534
0.304604
0.304719
0.304767
0.304835
0.304908
0.305003
0.305086
0.305176
0.305274
0.305428
0.305546
0.305661
0.305759
0.305847
0.305943
0.306055
0.306166
0.306153
0.306263
0.306379
0.306449
0.306526
0.306592
0.306689
0.306747
0.306831
0.306877
0.307003
0.307064
0.307178
0.307313
0.307373
0.307476
0.307518
0.307555
0.307558
0.307643
0.307699
0.3078
0.307875
0.308014
0.308081
0.308156
0.308208
0.308283
0.308369
0.308569
0.308675
0.308712
0.308828
0.308936
0.309047
0.309063
0.309141
0.30915
0.309183
0.309272
0.30924
0.309295
0.309332
0.309439
0.309583
0.309675
0.309794
0.309833
0.309901
0.309966
0.310024
0.310098
0.310226
0.310311
0.310387
0.310404
0.310506
0.310528
0.310637
0.310798
0.310862
0.31092
0.31098
0.311086
0.311159
0.31123
0.311293
0.311309
0.311421
0.311482
0.311595
0.31165
0.311748
0.311844
0.31191
0.311973
0.312105
0.312136
0.312223
0.312274
0.312391
0.312443
0.31252
0.312572
0.312652
0.312695
0.312727
0.312834
0.312897
0.312967
0.312964
0.313009
0.313134
0.31316
0.313216
0.313291
0.313395
0.313481
0.313656
0.313765
0.313893
0.31399
0.31402
0.314106
0.314187
0.314283
0.314392
0.314417
0.314534
0.31461
0.314694
0.314753
0.314777
0.314848
0.314891
0.314954
0.315024
0.315023
0.315073
0.315127
0.315241
0.315279
0.315387
0.315425
0.31546
0.315561
0.315622
0.315717
0.315804
0.31587
0.315852
0.315953
0.315997
0.316126
0.316266
0.316348
0.316433
0.316518
0.316521
0.316592
0.31664
0.316699
0.316844
0.316931
0.316994
0.317061
0.317131
0.317182
0.317262
0.317321
0.317395
0.317437
0.317501
0.317572
0.317644
0.317705
0.317777
0.31785
0.317937
0.318001
0.318039
0.318071
0.318079
0.318139
0.318192
0.318229
0.318313
0.318377
0.318464
0.318532
0.318614
0.318734
0.318797
0.318881
0.318973
0.319055
0.319147
0.319215
0.319285
0.31934
0.31937
0.319452
0.319508
0.319542
0.319574
0.31965
0.319752
0.319853
0.319942
0.319995
0.320026
0.320114
0.320198
0.320277
0.320421
0.320451
0.320499
0.320578
0.320638
0.320697
0.32073
0.320754
0.320907
0.320921
0.321045
0.321092
0.321237
0.321311
0.321398
0.321464
0.321546
0.321593
0.32168
0.321748
0.321784
0.321813
0.321822
0.321911
0.321989
0.322045
0.322112
0.322241
0.3223
0.322326
0.322358
0.322443
0.322511
0.322582
0.322668
0.322772
0.322828
0.322858
0.322875
0.322902
0.323006
0.32305
0.323097
0.323221
0.323263
0.323317
0.323393
0.32345
0.323604
0.323683
0.323755
0.323829
0.323865
0.32393
0.32406
0.324168
0.324222
0.324297
0.32439
0.324449
0.324549
0.324608
0.324631
0.32472
0.32482
0.32492
0.325004
0.325056
0.325124
0.325126
0.325194
0.32522
0.325262
0.325367
0.325463
0.32555
0.325623
0.325641
0.325723
0.325759
0.32579
0.32589
0.32595
0.326019
0.326007
0.326049
0.32619
0.326213
0.326264
0.326317
0.326343
0.326443
0.326472
0.32649
0.326575
0.326645
0.326752
0.32681
0.326884
0.326922
0.326993
0.327037
0.327101
0.327185
0.32723
0.32725
0.327257
0.327315
0.327325
0.327399
0.327459
0.327544
0.327615
0.327651
0.327672
0.327755
0.327847
0.327905
0.327961
0.328038
0.328116
0.328136
0.328174
0.328205
0.328259
0.328369
0.328425
0.328501
0.328592
0.328646
0.328702
0.328738
0.328797
0.328823
0.328899
0.328977
0.329013
0.329045
0.329132
0.329194
0.329242
0.329269
0.329335
0.329345
0.329423
0.32942
0.329542
0.329617
0.3297
0.329726
0.32978
0.329877
0.329966
0.330007
0.330062
0.330117
0.330159
0.330215
0.330298
0.330382
0.330447
0.330516
0.330574
0.330573
0.330596
0.33068
0.330734
0.330802
0.330852
0.330911
0.330962
0.33106
0.331113
0.331177
0.331297
0.331412
0.331528
0.331617
0.331654
0.331724
0.331821
0.331872
0.331873
0.33191
0.331943
0.331994
0.332028
0.332086
0.332116
0.332147
0.332213
0.332224
0.332328
0.33236
0.332397
0.332484
0.332489
0.332529
0.332586
0.332699
0.33275
0.33284
0.332887
0.332948
0.332969
0.333015
0.333058
0.333157
0.333227
0.333285
0.333365
0.333409
0.333464
0.333533
0.333564
0.333634
0.333698
0.33374
0.333813
0.333859
0.333943
0.334022
0.334099
0.334115
0.334167
0.33424
0.334291
0.334362
0.334472
0.334515
0.334597
0.334668
0.334682
0.334732
0.334807
0.33485
0.334909
0.334941
0.335032
0.335121
0.335122
0.335164
0.335183
0.33523
0.335256
0.335265
0.335298
0.33537
0.335421
0.33546
0.335532
0.335629
0.335724
0.335753
0.335815
0.335863
0.335924
0.336001
0.336028
0.336083
0.336116
0.336148
0.336245
0.336343
0.336396
0.33643
0.336525
0.336598
0.336635
0.336671
0.336735
0.336791
0.336826
0.336866
0.336911
0.33696
0.336987
0.337055
0.337104
0.337161
0.337211
0.337241
0.33724
0.337301
0.337385
0.33746
0.337491
0.337556
0.337606
0.337622
0.337672
0.337713
0.337765
0.337837
0.337896
0.337977
0.338022
0.338076
0.338117
0.338192
0.338227
0.338283
0.338335
0.338356
0.338468
0.338564
0.33863
0.338693
0.338737
0.338745
0.338806
0.338879
0.33898
0.339032
0.339071
0.339168
0.339205
0.339298
0.339346
0.339412
0.339459
0.339511
0.339599
0.339686
0.339769
0.339853
0.339949
0.340027
0.3401
0.340117
0.340172
0.340197
0.340266
0.340281
0.340359
0.340422
0.340449
0.340491
0.34058
0.340608
0.340672
0.34078
0.340761
0.340816
0.340866
0.340928
0.34095
0.341014
0.340992
0.341009
0.341074
0.341096
0.341146
0.341197
0.341214
0.34129
0.341327
0.341384
0.341432
0.341478
0.341532
0.341605
0.341675
0.341719
0.341782
0.341834
0.341953
0.34202
0.342057
0.342078
0.342104
0.342131
0.342168
0.342233
0.34227
0.342348
0.342374
0.342422
0.342476
0.342529
0.342603
0.342663
0.342721
0.34279
0.342819
0.342884
0.342897
0.342926
0.34299
0.343039
0.343085
0.343154
0.343208
0.343251
0.343228
0.343231
0.343271
0.343321
0.343374
0.343413
0.343491
0.343507
0.343586
0.343653
0.343691
0.343753
0.343814
0.343865
0.343905
0.343945
0.344006
0.344038
0.344085
0.344125
0.344186
0.344268
0.344317
0.34439
0.34446
0.34449
0.344511
0.344562
0.344618
0.344662
0.344735
0.344787
0.34483
0.344874
0.344906
0.344967
0.345041
0.345112
0.345163
0.345194
0.345251
0.34531
0.345338
0.345366
0.345462
0.34551
0.345543
0.345596
0.345635
0.345692
0.345768
0.345807
0.345808
0.345907
0.34595
0.346013
0.34604
0.34606
0.346123
0.346172
0.346215
0.346266
0.346277
0.346311
0.346356
0.346406
0.346465
0.346536
0.34658
0.34662
0.346719
0.346815
0.346894
0.346953
0.346972
0.347022
0.347087
0.347148
0.347149
0.347168
0.347205
0.34728
0.347347
0.347385
0.347416
0.347463
0.347516
0.34759
0.347622
0.347671
0.34775
0.347768
0.347792
0.3478
0.347869
0.347876
0.347908
0.34794
0.348005
0.348024
0.348084
0.348146
0.348231
0.348247
0.348321
0.348377
0.348455
0.348484
0.348463
0.348523
0.348563
0.348582
0.348638
0.348686
0.348723
0.348747
0.348804
0.348824
0.348863
0.348947
0.349001
0.349022
0.34907
0.349094
0.349138
0.34918
0.349204
0.349244
0.349294
0.349339
0.349425
0.349455
0.34952
0.349578
0.349584
0.349634
0.349655
0.349675
0.349717
0.349803
0.349828
0.349868
0.34988
0.349939
0.349958
0.349974
0.350014
0.350063
0.350091
0.350147
0.350192
0.350225
0.350267
0.35029
0.350384
0.35043
0.350466
0.350477
0.350506
0.350533
0.350576
0.350578
0.350586
0.35062
0.350683
0.350711
0.350743
0.350789
0.350827
0.350861
0.350896
0.350933
0.351003
0.351058
0.351104
0.351155
0.351182
0.351245
0.351272
0.351325
0.351373
0.351383
0.35145
0.351492
0.351566
0.351584
0.351633
0.351686
0.351754
0.351792
0.351819
0.351854
0.351909
0.351902
0.351965
0.352053
0.352098
0.352163
0.352191
0.352212
0.352215
0.352225
0.352264
0.352297
0.352332
0.352337
0.352392
0.352444
0.352464
0.35251
0.35257
0.352578
0.352666
0.352724
0.352762
0.352795
0.35285
0.352836
0.352871
0.352937
0.353021
0.353052
0.353122
0.353118
0.35316
0.353204
0.353217
0.353265
0.353298
0.353328
0.353367
0.353407
0.353445
0.353493
0.353542
0.353606
0.353631
0.353685
0.353776
0.353845
0.353896
0.353905
0.353948
0.353991
0.35407
0.354086
0.354116
0.354187
0.354221
0.354231
0.354277
0.354326
0.354364
0.354397
0.354413
0.354463
0.354535
0.354599
0.354653
0.354677
0.354722
0.354761
0.354814
0.35486
0.354944
0.354959
0.355023
0.355033
0.35506
0.355112
0.355168
0.355162
0.355208
0.355256
0.355321
0.355378
0.355398
0.355445
0.355513
0.355548
0.355578
0.355614
0.355676
0.355729
0.35578
0.355833
0.355878
0.355892
0.355938
0.355982
0.356005
0.356035
0.356082
0.356156
0.356211
0.356255
0.356325
0.356355
0.356383
0.356408
0.356426
0.356511
0.356549
0.356615
0.356655
0.356709
0.356736
0.35678
0.356825
0.356817
0.356872
0.356918
0.356985
0.357031
0.357101
0.357125
0.357185
0.357233
0.357277
0.357308
0.35735
0.357358
0.35739
0.35745
0.357501
0.35757
0.357585
0.357601
0.357657
0.357695
0.357727
0.357784
0.357845
0.35789
0.357902
0.357927
0.357961
0.358003
0.35802
0.358078
0.358094
0.358142
0.358194
0.358184
0.358238
0.358284
0.358362
0.358411
0.358437
0.358502
0.358551
0.358584
0.358611
0.358677
0.358749
0.358797
0.35884
0.358882
0.358947
0.358983
0.359032
0.35907
0.359113
0.359161
0.359208
0.359226
0.359274
0.359329
0.359397
0.35944
0.359473
0.359502
0.359523
0.359552
0.35956
0.359611
0.359648
0.359631
0.359677
0.359686
0.359715
0.359802
0.359865
0.359893
0.359966
0.359995
0.36004
0.360099
0.360149
0.360195
0.36025
0.360291
0.360372
0.360423
0.360471
0.360521
0.360566
0.360603
0.360637
0.360687
0.360717
0.360743
0.360805
0.36084
0.360853
0.360891
0.360934
0.360957
0.361006
0.361063
0.361085
0.361172
0.361189
0.361227
0.361286
0.361346
0.361393
0.361428
0.361471
0.361486
0.361505
0.361551
0.361599
0.361626
0.361688
0.361719
0.361731
0.361767
0.361774
0.361793
0.361791
0.361856
0.361929
0.36197
0.361997
0.362044
0.362051
0.362107
0.362137
0.362133
0.362184
0.36225
0.362265
0.362307
0.36237
0.362405
0.362416
0.362477
0.362508
0.36252
0.362545
0.362571
0.362607
0.362614
0.362647
0.362681
0.36273
0.362777
0.362786
0.362787
0.36283
0.362866
0.362896
0.362911
0.362965
0.362998
0.363035
0.363051
0.363051
0.363088
0.363138
0.363176
0.363233
0.363269
0.363296
0.36337
0.363387
0.363404
0.363444
0.363479
0.363515
0.363535
0.363551
0.363617
0.363631
0.363639
0.36369
0.363734
0.363744
0.363781
0.363793
0.363829
0.36388
0.3639
0.363916
0.363965
0.364009
0.364023
0.364065
0.364142
0.364169
0.364188
0.364219
0.36425
0.364309
0.364366
0.364372
0.364375
0.364403
0.364463
0.364487
0.364536
0.364561
0.364572
0.364642
0.364689
0.364727
0.36474
0.364762
0.364779
0.364795
0.364808
0.364864
0.364893
0.364919
0.364982
0.365023
0.36505
0.365094
0.365127
0.36517
0.365221
0.365254
0.36533
0.36538
0.365428
0.36546
0.365493
0.365531
0.365559
0.365597
0.365648
0.365693
0.365729
0.365757
0.365791
0.365807
0.365804
0.365823
0.365876
0.365915
0.365965
0.365978
0.365994
0.366036
0.366074
0.366104
0.366116
0.366146
0.366158
0.366193
0.366252
0.366288
0.366326
0.36637
0.366444
0.366458
0.366488
0.366558
0.366604
0.366632
0.366657
0.366659
0.366705
0.366728
0.366788
0.366796
0.366818
0.366842
0.366911
0.366936
0.366967
0.367018
0.367082
0.367134
0.367176
0.367199
0.367201
0.367245
0.367295
0.367353
0.367352
0.367395
0.367407
0.367437
0.367492
0.36753
0.367578
0.367601
0.367666
0.367695
0.367735
0.367755
0.367803
0.367819
0.367829
0.36786
0.367893
0.367925
0.367954
0.367973
0.367975
0.368009
0.368074
0.368115
0.368151
0.368145
0.36818
0.368204
0.368236
0.368251
0.36828
0.368327
0.368372
0.368388
0.368433
0.368445
0.3685
0.368537
0.36859
0.368613
0.368658
0.368701
0.368725
0.368739
0.368768
0.368799
0.368863
0.368882
0.368927
0.368955
0.368985
0.369026
0.369053
0.369068
0.36909
0.369106
0.369124
0.369144
0.369182
0.369192
0.369254
0.369278
0.369308
0.369365
0.369423
0.36946
0.369483
0.369503
0.369533
0.36957
0.369625
0.369664
0.369691
0.369731
0.369757
0.369818
0.369839
0.369861
0.369904
0.369946
0.369967
0.369977
0.370016
0.370053
0.370104
0.370153
0.370157
0.370185
0.370199
0.370233
0.370278
0.370289
0.370317
0.370365
0.370388
0.370386
0.370401
0.370411
0.370442
0.370506
0.370554
0.370577
0.370636
0.370637
0.370647
0.370667
0.370705
0.370735
0.370741
0.370748
0.370792
0.37083
0.370872
0.370929
0.370943
0.370938
0.370987
0.371002
0.371033
0.371075
0.371108
0.371115
0.371151
0.371197
0.371203
0.371237
0.37128
0.371319
0.371359
0.371399
0.371433
0.371458
0.371474
0.371504
0.371511
0.371554
0.371589
0.371598
0.371649
0.371662
0.37171
0.371734
0.371741
0.371775
0.371829
0.371818
0.371834
0.371882
0.371937
0.371975
0.372007
0.372047
0.372065
0.372092
0.372119
0.372148
0.3722
0.372228
0.372299
0.372301
0.372363
0.372431
0.372482
0.372476
0.372546
0.37258
0.372588
0.372634
0.372637
0.372679
0.372705
0.372738
0.372788
0.372805
0.372822
0.372863
0.372879
0.372916
0.372961
0.372984
0.372985
0.373035
0.373092
0.373125
0.373158
0.373197
0.373231
0.373266
0.373309
0.373353
0.373375
0.373422
0.373456
0.373481
0.373532
0.373527
0.373556
0.373611
0.373609
0.373678
0.373696
0.373685
0.373708
0.373728
0.373737
0.373745
0.373763
0.373786
0.373818
0.373825
0.373855
0.373876
0.373907
0.373966
0.373996
0.37402
0.374074
0.374089
0.37411
0.374121
0.374133
0.374186
0.374213
0.374243
0.374278
0.3743
0.374338
0.37437
0.374392
0.374438
0.374445
0.374482
0.374494
0.374511
0.374535
0.374565
0.374585
0.374622
0.374661
0.374697
0.374712
0.374753
0.374789
0.374815
0.374827
0.374828
0.374848
0.374887
0.374946
0.374971
0.375007
0.375011
0.375044
0.375095
0.375123
0.375135
0.375153
0.375176
0.375176
0.375231
0.375262
0.375292
0.375333
0.375362
0.375384
0.375443
0.37548
0.375486
0.37552
0.375533
0.375567
0.375613
0.375655
0.375692
0.375711
0.375718
0.375767
0.375769
0.375788
0.375835
0.375889
0.375934
0.375944
0.37596
0.375989
0.376032
0.376054
0.376067
0.376098
0.376129
0.376178
0.376183
0.37619
0.376223
0.376261
0.376309
0.376351
0.376381
0.376423
0.376449
0.376494
0.376521
0.376555
0.376572
0.376578
0.376616
0.376647
0.376658
0.376674
0.376683
0.376705
0.376734
0.376746
0.376772
0.376799
0.376832
0.376819
0.376839
0.376855
0.376901
0.376945
0.37699
0.377012
0.377068
0.377111
0.377126
0.377159
0.377191
0.377203
0.377218
0.377243
0.377284
0.377311
0.377336
0.37734
0.377359
0.377377
0.377412
0.377434
0.377458
0.377502
0.377542
0.377599
0.377638
0.377677
0.377689
0.377748
0.377773
0.377815
0.377839
0.377855
0.377895
0.377913
0.377943
0.37794
0.377993
0.37802
0.378052
0.378082
0.378115
0.378151
0.378159
0.378171
0.378181
0.378216
0.378234
0.378229
0.37823
0.378275
0.378294
0.37833
0.378355
0.378405
0.378432
0.378438
0.378463
0.378486
0.378507
0.378545
0.378597
0.37865
0.378657
0.378682
0.378696
0.378738
0.378776
0.378807
0.378828
0.378866
0.3789
0.378925
0.378936
0.378974
0.379025
0.379046
0.379097
0.379119
0.379145
0.379165
0.37919
0.379208
0.379209
0.379226
0.379254
0.379287
0.379307
0.379324
0.379367
0.379389
0.379432
0.379468
0.379502
0.379539
0.379569
0.379594
0.379647
0.379682
0.379694
0.379733
0.379739
0.379762
0.379771
0.379781
0.379796
0.379821
0.379843
0.379872
0.379892
0.37992
0.379942
0.379952
0.379994
0.380028
0.380049
0.38008
0.380116
0.38014
0.380136
0.380144
0.380186
0.380212
0.380242
0.380293
0.380318
0.380335
0.38035
0.380407
0.38042
0.380452
0.380483
0.380523
0.380542
0.380572
0.380604
0.380624
0.380659
0.380644
0.380689
0.380699
0.380748
0.380735
0.380776
0.380801
0.380815
0.380824
0.380835
0.380881
0.380918
0.380924
0.380946
0.380957
0.380971
0.380984
0.381014
0.381013
0.381025
0.381043
0.381074
0.381099
0.381116
0.381148
0.381186
0.381216
0.381241
0.381293
0.381323
0.381327
0.381361
0.381378
0.381405
0.38141
0.381458
0.38149
0.381519
0.381522
0.381534
0.381572
0.381599
0.381609
0.381628
0.381633
0.381658
0.381662
0.381683
0.38173
0.381752
0.381786
0.381813
0.381822
0.381839
0.381853
0.381898
0.381925
0.381966
0.381999
0.38202
0.382018
0.382045
0.38206
0.382062
0.382112
0.382139
0.382135
0.382146
0.382198
0.38224
0.38227
0.382293
0.382345
0.382373
0.382376
0.382404
0.382423
0.382443
0.382477
0.382503
0.382537
0.382575
0.382607
0.382628
0.382664
0.38268
0.382688
0.38271
0.38275
0.382787
0.382789
0.382806
0.382852
0.382878
0.382923
0.382958
0.382975
0.382989
0.383008
0.383032
0.38307
0.383111
0.383142
0.38317
0.38321
0.38323
0.383252
0.38327
0.383284
0.383286
0.383316
0.383325
0.383362
0.383401
0.383417
0.383424
0.383455
0.383471
0.383511
0.383536
0.383542
0.3836
0.383619
0.383628
0.383639
0.383644
0.383667
0.383688
0.383709
0.38371
0.383733
0.383746
0.383777
0.383787
0.383814
0.383854
0.383866
0.383884
0.383912
0.383929
0.38395
0.383971
0.383976
0.384005
0.384028
0.384034
0.38404
0.384056
0.384064
0.384098
0.384127
0.384142
0.384189
0.38419
0.384203
0.38424
0.384236
0.384274
0.384286
0.38429
0.384341
0.384359
0.384397
0.384418
0.384418
0.384429
0.384445
0.384457
0.384475
0.384493
0.384496
0.384526
0.384575
0.384602
0.384618
0.38463
0.384655
0.38468
0.3847
0.384716
0.384721
0.384753
0.384755
0.384772
0.384784
0.384813
0.384833
0.384846
0.38488
0.384918
0.384924
0.384965
0.384983
0.385028
0.385034
0.385053
0.385067
0.385075
0.385096
0.385118
0.385111
0.385124
0.385164
0.385196
0.385242
0.385276
0.385314
0.385346
0.385362
0.385362
0.385388
0.38542
0.385435
0.385462
0.385466
0.385476
0.385496
0.385532
0.385531
0.38555
0.385567
0.385593
0.385616
0.385631
0.385655
0.385671
0.385696
0.385712
0.385735
0.38574
0.38578
0.385802
0.385824
0.38583
0.385841
0.385851
0.385848
0.385862
0.385904
0.385931
0.385958
0.385975
0.385996
0.386035
0.386042
0.386067
0.38608
0.386106
0.386135
0.386161
0.386198
0.386202
0.386258
0.386294
0.386302
0.386325
0.38635
0.386366
0.386371
0.386398
0.386407
0.386418
0.386445
0.386476
0.38649
0.386514
0.386536
0.386561
0.38658
0.386602
0.386635
0.386643
0.386664
0.386705
0.38673
0.386741
0.386772
0.386791
0.386799
0.386815
0.386843
0.386859
0.386886
0.386927
0.38693
0.386964
0.386994
0.387041
0.387077
0.387103
0.387136
0.387163
0.38718
0.387191
0.387216
0.387248
0.387259
0.387265
0.387253
0.387237
0.387255
0.387308
0.38732
0.387333
0.387349
0.387364
0.387406
0.387443
0.387456
0.387488
0.387533
0.387534
0.387544
0.387555
0.38757
0.387593
0.387652
0.387689
0.387694
0.387703
0.387708
0.387729
0.387763
0.38778
0.38781
0.387826
0.387839
0.387877
0.387908
0.387934
0.387944
0.387971
0.387977
0.388022
0.388049
0.388069
0.388082
0.388093
0.388131
0.388148
0.38817
0.388191
0.388212
0.388242
0.388251
0.388282
0.38829
0.388316
0.388352
0.388369
0.388376
0.388374
0.388386
0.388435
0.38846
0.388471
0.388495
0.388519
0.38853
0.388554
0.388584
0.388601
0.388622
0.388647
0.38868
0.388703
0.388722
0.388729
0.388758
0.388783
0.388801
0.388823
0.388833
0.388855
0.388891
0.388914
0.388929
0.388954
0.388975
0.388997
0.389029
0.389049
0.389088
0.389122
0.389151
0.389176
0.389182
0.389202
0.389228
0.389269
0.389295
0.389308
0.389339
0.389351
0.389349
0.389355
0.38937
0.389388
0.389407
0.389423
0.389438
0.38948
0.389494
0.389501
0.389528
0.38956
0.389601
0.389635
0.389618
0.389618
0.389644
0.389683
0.3897
0.389719
0.389732
0.389747
0.389752
0.389764
0.389786
0.389819
0.389846
0.38988
0.389915
0.389947
0.389994
0.390038
0.390072
0.390098
0.390114
0.390131
0.390138
0.39017
0.390173
0.390194
0.390233
0.390247
0.390256
0.390264
0.390306
0.390345
0.390367
0.390387
0.390403
0.390411
0.390441
0.390466
0.390487
0.390513
0.390528
0.390545
0.390561
0.390582
0.390592
0.390588
0.390602
0.390647
0.390662
0.390675
0.390677
0.390704
0.390751
0.390775
0.390785
0.390795
0.390799
0.390788
0.390802
0.39081
0.390836
0.390866
0.390898
0.390922
0.390962
0.390986
0.390992
0.391008
0.391026
0.39106
0.391062
0.39108
0.391094
0.391115
0.391143
0.391162
0.391194
0.391222
0.391233
0.391256
0.391267
0.391271
0.391289
0.391323
0.391326
0.391355
0.391369
0.391375
0.391381
0.391384
0.391414
0.391435
0.39145
0.391471
0.391491
0.391525
0.391549
0.391559
0.391563
0.391579
0.391586
0.391612
0.391608
0.391629
0.391654
0.391699
0.39174
0.391768
0.391766
0.39178
0.391786
0.391821
0.391851
0.391876
0.391898
0.391916
0.391956
0.391983
0.391998
0.392036
0.39206
0.392089
0.392115
0.392143
0.392155
0.39216
0.392182
0.392183
0.392227
0.392252
0.392281
0.392285
0.392296
0.39233
0.392369
0.39239
0.392418
0.392444
0.392468
0.392483
0.39251
0.392541
0.392573
0.392594
0.392625
0.392636
0.392655
0.392665
0.39266
0.392676
0.392679
0.392695
0.392718
0.392736
0.392741
0.392756
0.39278
0.392794
0.392837
0.392864
0.392885
0.392894
0.392925
0.392941
0.392957
0.392966
0.392982
0.392973
0.39301
0.393006
0.393016
0.393027
0.393055
0.393059
0.393079
0.393108
0.393116
0.393127
0.393166
0.393193
0.39323
0.393223
0.393247
0.393264
0.393278
0.393292
0.393315
0.393349
0.393391
0.393428
0.393446
0.393465
0.393477
0.393494
0.393507
0.393515
0.393544
0.393564
0.39358
0.3936
0.393612
0.393633
0.393648
0.393684
0.393689
0.393709
0.393714
0.393726
0.393744
0.393771
0.393822
0.393834
0.393845
0.393863
0.393891
0.393906
0.393931
0.393941
0.393963
0.393968
0.394016
0.394055
0.394068
0.394084
0.394127
0.394139
0.39416
0.394182
0.394212
0.394237
0.39427
0.394283
0.394294
0.394316
0.394321
0.394328
0.394334
0.394367
0.394398
0.394424
0.394457
0.394481
0.394524
0.394527
0.394546
0.394565
0.394582
0.394624
0.394641
0.394665
0.39465
0.394669
0.394702
0.394718
0.394734
0.394739
0.394762
0.394789
0.39481
0.394856
0.394867
0.394895
0.39492
0.394927
0.394966
0.394962
0.39498
0.395
0.395006
0.395013
0.39501
0.395039
0.395074
0.395087
0.395104
0.395113
0.395142
0.395154
0.395178
0.395176
0.395202
0.395224
0.395247
0.395276
0.395302
0.395311
0.39533
0.395348
0.395372
0.395398
0.395406
0.395435
0.395447
0.39545
0.395463
0.395458
0.395473
0.395488
0.395506
0.39552
0.395526
0.395529
0.39556
0.395592
0.395602
0.395626
0.395648
0.395662
0.395701
0.395723
0.395744
0.395759
0.39577
0.395777
0.39579
0.395812
0.39584
0.395866
0.3959
0.395936
0.39595
0.395965
0.395977
0.396
0.396045
0.396053
0.396074
0.396095
0.396114
0.396135
0.396155
0.396171
0.396182
0.396187
0.39621
0.396242
0.39625
0.396267
0.396272
0.396282
0.396299
0.396307
0.396332
0.396342
0.396351
0.396367
0.396383
0.396399
0.396428
0.39645
0.396472
0.396501
0.396512
0.396551
0.396557
0.396587
0.396612
0.396633
0.396647
0.396677
0.396708
0.396742
0.396767
0.396777
0.396794
0.396803
0.39682
0.396852
0.396867
0.396879
0.396882
0.396887
0.396905
0.396915
0.396936
0.396961
0.396967
0.396969
0.397001
0.397013
0.39702
0.39705
0.397088
0.397105
0.39711
0.397104
0.397121
0.39714
0.397153
0.397139
0.397154
0.397176
0.397189
0.397191
0.397219
0.397244
0.397259
0.397289
0.397313
0.39735
0.397357
0.397376
0.397372
0.397385
0.397413
0.397423
0.397441
0.397448
0.397465
0.397488
0.397524
0.397541
0.397554
0.39757
0.397582
0.3976
0.397618
0.397637
0.397649
0.397663
0.397684
0.397705
0.397714
0.397736
0.397758
0.397772
0.397785
0.397792
0.397816
0.397833
0.397845
0.39787
0.397899
0.397918
0.397932
0.397942
0.397965
0.397981
0.397984
0.398014
0.398027
0.398036
0.398048
0.398066
0.3981
0.398105
0.398115
0.398143
0.398166
0.398191
0.39822
0.39823
0.398248
0.39827
0.398294
0.398284
0.398273
0.398295
0.398297
0.398315
0.398341
0.398352
0.398353
0.398371
0.398384
0.398404
0.398437
0.398478
0.398476
0.398489
0.398507
0.398517
0.398543
0.398556
0.39858
0.398579
0.398597
0.398611
0.398625
0.398659
0.398671
0.398683
0.398698
0.398701
0.398724
0.398739
0.398748
0.398776
0.398794
0.398816
0.398861
0.398872
0.398905
0.398921
0.398906
0.398932
0.398954
0.398959
0.398993
0.399022
0.399037
0.399066
0.399084
0.39909
0.399104
0.399128
0.399123
0.399128
0.399155
0.39916
0.399163
0.399157
0.399173
0.399205
0.399217
0.399234
0.399265
0.399276
0.399298
0.399302
0.399317
0.399345
0.39936
0.399363
0.399379
0.399396
0.399412
0.399428
0.399441
0.399438
0.39947
0.399465
0.399499
0.399523
0.39954
0.399578
0.399595
0.399612
0.399629
0.399646
0.399647
0.399648
0.399654
0.399678
0.399685
0.399701
0.399738
0.399758
0.399777
0.399791
0.399812
0.399816
0.399819
0.399834
0.39986
0.399876
0.399884
0.399898
0.399898
0.399933
0.399965
0.399977
0.399972
0.4
0.400008
0.400022
0.40003
0.400038
0.40005
0.400052
0.400088
0.400088
0.400108
0.400106
0.400139
0.40016
0.400175
0.400195
0.400206
0.400231
0.40026
0.400283
0.400291
0.400313
0.400326
0.400353
0.400366
0.400382
0.400396
0.40041
0.40042
0.400432
0.400457
0.400473
0.400491
0.400517
0.400531
0.400538
0.400561
0.400588
0.400613
0.400634
0.400647
0.400652
0.400675
0.400686
0.400699
0.400708
0.400724
0.400729
0.400755
0.400778
0.400795
0.400816
0.400812
0.400821
0.400842
0.400869
0.400893
0.400893
0.400921
0.400945
0.400941
0.400963
0.400976
0.400997
0.400988
0.400996
0.401014
0.401049
0.401056
0.401054
0.401068
0.401074
0.401096
0.401105
0.401109
0.401122
0.401145
0.401162
0.401177
0.4012
0.401206
0.401223
0.401241
0.401256
0.40127
0.401271
0.40127
0.401277
0.401276
0.401282
0.401301
0.401331
0.401347
0.401372
0.401388
0.401402
0.401402
0.401416
0.401425
0.401423
0.401456
0.401469
0.401481
0.401494
0.401518
0.401536
0.40155
0.40156
0.401568
0.401598
0.401621
0.401629
0.40164
0.401656
0.401663
0.401682
0.401701
0.401734
0.401747
0.401754
0.401763
0.40179
0.401797
0.401815
0.401836
0.401859
0.401895
0.401899
0.401905
0.401929
0.401944
0.401961
0.401975
0.401972
0.402009
0.402044
0.402049
0.40207
0.402099
0.402111
0.402121
0.402132
0.40214
0.402152
0.402164
0.402193
0.4022
0.40222
0.402236
0.402243
0.402252
0.402268
0.40228
0.402309
0.402346
0.402352
0.402349
0.402368
0.402377
0.402406
0.402422
0.402456
0.402492
0.40251
0.402532
0.402544
0.402559
0.402585
0.402594
0.402599
0.402617
0.402621
0.402621
0.402636
0.402644
0.402672
0.402704
0.402718
0.402743
0.402748
0.402755
0.402761
0.402794
0.402798
0.402804
0.402827
0.402852
0.40288
0.402898
0.40292
0.402934
0.402933
0.402958
0.402979
0.403006
0.403036
0.403065
0.403074
0.403083
0.403103
0.403105
0.403129
0.403133
0.403141
0.403153
0.403161
0.403177
0.403183
0.403188
0.403197
0.403234
0.403252
0.403283
0.403304
0.403307
0.403324
0.403358
0.403375
0.403375
0.4034
0.403407
0.403435
0.403451
0.403475
0.403502
0.403527
0.403551
0.403569
0.403608
0.403628
0.40365
0.403656
0.403666
0.403705
0.403726
0.403754
0.403771
0.403795
0.403808
0.403825
0.40385
0.403878
0.403893
0.403913
0.403908
0.403928
0.403951
0.40396
0.403987
0.403987
0.40401
0.404038
0.404065
0.404071
0.404074
0.404088
0.404105
0.404109
0.40412
0.404128
0.404139
0.40416
0.404158
0.404184
0.40421
0.404221
0.404224
0.404244
0.404252
0.404272
0.404296
0.404319
0.404322
0.404369
0.404362
0.404384
0.404384
0.404398
0.404405
0.404434
0.404452
0.404473
0.404475
0.404477
0.404516
0.404526
0.404544
0.404554
0.404572
0.404581
0.404598
0.404603
0.404605
0.404609
0.404631
0.404632
0.404641
0.404646
0.404656
0.404685
0.404699
0.404714
0.404737
0.404739
0.404747
0.404762
0.404805
0.404811
0.404828
0.404834
0.404856
0.404876
0.404892
0.40491
0.404913
0.404915
0.40493
0.404943
0.404958
0.404968
0.404984
0.404994
0.405019
0.405026
0.405018
0.40505
0.405061
0.405086
0.405081
0.405098
0.405096
0.405103
0.405125
0.405143
0.405162
0.405182
0.40519
0.405214
0.405217
0.40524
0.405268
0.40528
0.405301
0.405325
0.40534
0.405356
0.405373
0.405393
0.405406
0.405425
0.40544
0.405455
0.405461
0.405471
0.405479
0.405498
0.405509
0.405505
0.405505
0.405518
0.405522
0.405546
0.405575
0.405604
0.405609
0.405616
0.405633
0.405635
0.405662
0.405668
0.40567
0.405672
0.405682
0.405704
0.405722
0.405729
0.405753
0.40575
0.405765
0.405778
0.405804
0.405812
0.405845
0.40586
0.405871
0.405883
0.405896
0.40592
0.405925
0.40594
0.405962
0.405968
0.405983
0.406012
0.406016
0.40605
0.406067
0.406089
0.406095
0.406099
0.406105
0.406114
0.406127
0.406142
0.406156
0.406172
0.406171
0.406177
0.406211
0.406222
0.406229
0.406232
0.406257
0.406275
0.406298
0.406331
0.406348
0.406356
0.406385
0.406399
0.406402
0.40642
0.40643
0.406444
0.406455
0.406448
0.406477
0.406489
0.406508
0.406496
0.406504
0.406526
0.40653
0.406548
0.406557
0.40657
0.406589
0.406621
0.406634
0.406651
0.406665
0.406684
0.406709
0.406724
0.40674
0.406755
0.406759
0.406762
0.40678
0.406791
0.406811
0.406843
0.406852
0.406866
0.406881
0.406887
0.406898
0.40692
0.406928
0.406951
0.406974
0.406989
0.40701
0.407018
0.407025
0.407019
0.407034
0.407067
0.407077
0.407114
0.407112
0.407118
0.407141
0.407158
0.407188
0.407215
0.407217
0.407225
0.407239
0.407243
0.407264
0.407284
0.407301
0.407301
0.407305
0.407319
0.40733
0.407336
0.40735
0.407381
0.407418
0.407431
0.40744
0.407458
0.407459
0.407466
0.407478
0.407492
0.407503
0.407499
0.407504
0.40752
0.407533
0.40755
0.407563
0.407563
0.407582
0.407605
0.407597
0.407618
0.407624
0.407635
0.407628
0.407641
0.40765
0.407648
0.407664
0.407689
0.407708
0.407728
0.407744
0.407757
0.407751
0.407751
0.407765
0.407781
0.407792
0.407803
0.407821
0.407854
0.407871
0.407879
0.407882
0.407891
0.407911
0.407933
0.407939
0.40794
0.407952
0.407952
0.407962
0.407972
0.407977
0.407997
0.40802
0.40803
0.408047
0.408062
0.408076
0.408088
0.4081
0.408115
0.408131
0.408151
0.408174
0.408198
0.408201
0.40823
0.408242
0.408254
0.408265
0.40827
0.408277
0.408278
0.408296
0.408309
0.408315
0.408317
0.408341
0.408351
0.408356
0.408366
0.40839
0.408398
0.408401
0.408406
0.408422
0.408429
0.408449
0.408449
0.408463
0.408467
0.408478
0.408485
0.408511
0.408544
0.40855
0.408557
0.408585
0.408599
0.408603
0.408629
0.408639
0.408646
0.40866
0.408672
0.408686
0.408688
0.408707
0.408718
0.408715
0.408734
0.408739
0.408745
0.408761
0.408785
0.408809
0.408828
0.408855
0.408866
0.408882
0.408893
0.408904
0.408905
0.408908
0.408904
0.408912
0.408931
0.408944
0.408947
0.408951
0.408974
0.408986
0.408988
0.408987
0.409015
0.40903
0.409056
0.409082
0.409093
0.409106
0.409113
0.409127
0.409135
0.409146
0.409168
0.409187
0.409205
0.40922
0.409241
0.409251
0.409264
0.409278
0.409285
0.409301
0.409311
0.409338
0.40935
0.409362
0.409378
0.409383
0.409395
0.409404
0.409421
0.409425
0.409422
0.409423
0.409442
0.409451
0.409474
0.409473
0.409474
0.409497
0.409514
0.40954
0.409557
0.409571
0.409595
0.409603
0.409613
0.409629
0.409646
0.40966
0.409691
0.409685
0.409702
0.409711
0.409732
0.409752
0.40976
0.409765
0.409774
0.409771
0.409786
0.409804
0.40982
0.409827
0.409855
0.409865
0.409876
0.409896
0.409903
0.4099
0.4099
0.409914
0.409926
0.409947
0.409952
0.409959
0.409979
0.409998
0.410025
0.410026
0.410039
0.410039
0.410061
0.410079
0.410082
0.410088
0.410104
0.410123
0.41013
0.410144
0.410179
0.410196
0.410219
0.410223
0.410233
0.410238
0.410243
0.410258
0.410249
0.410253
0.410262
0.410269
0.410288
0.410301
0.410322
0.410328
0.410347
0.410375
0.410389
0.410383
0.410402
0.410411
0.410416
0.410411
0.410428
0.410447
0.410459
0.410481
0.4105
0.410505
0.410519
0.410531
0.410544
0.410551
0.410537
0.410557
0.410551
0.410562
0.410592
0.410613
0.410627
0.410645
0.410653
0.410673
0.410689
0.41071
0.41071
0.410729
0.41074
0.410761
0.410775
0.410786
0.410798
0.410817
0.410835
0.410859
0.410874
0.410887
0.410901
0.410902
0.410926
0.410945
0.410958
0.410964
0.410973
0.410987
0.411015
0.411033
0.41104
0.411054
0.411069
0.411067
0.41108
0.41109
0.411105
0.411111
0.411111
0.411126
0.411119
0.411128
0.411136
0.411144
0.411167
0.411195
0.411214
0.411241
0.41124
0.411259
0.411265
0.41126
0.411281
0.411292
0.411306
0.411316
0.41132
0.411338
0.41135
0.411379
0.411389
0.411391
0.4114
0.411404
0.411427
0.411444
0.411432
0.411434
0.411439
0.411449
0.411474
0.411496
0.411504
0.411523
0.411538
0.411544
0.411557
0.411583
0.411587
0.411575
0.411592
0.411619
0.411627
0.411622
0.411642
0.411658
0.411672
0.411693
0.411702
0.41172
0.411753
0.411764
0.411786
0.411798
0.411809
0.411826
0.411818
0.41183
0.411836
0.411857
0.41187
0.411888
0.411921
0.411916
0.411935
0.411949
0.411958
0.411963
0.411981
0.411978
0.411978
0.411983
0.412002
0.412014
0.412017
0.412031
0.412054
0.412055
0.412062
0.412089
0.412106
0.412116
0.412138
0.412149
0.412157
0.412169
0.412185
0.4122
0.412202
0.412217
0.412229
0.412245
0.412267
0.412282
0.412289
0.412296
0.41232
0.41233
0.412339
0.412352
0.412346
0.412347
0.41236
0.412377
0.41238
0.412399
0.412416
0.412433
0.412439
0.412451
0.412467
0.41248
0.412493
0.412504
0.412514
0.41252
0.412523
0.41253
0.412528
0.412549
0.412555
0.412564
0.412574
0.412593
0.412585
0.41261
0.412624
0.412657
0.412665
0.412687
0.412695
0.412706
0.412721
0.412724
0.412747
0.412764
0.412766
0.412772
0.412783
0.412798
0.412803
0.412801
0.412812
0.412823
0.412833
0.412858
0.412868
0.412871
0.412876
0.412892
0.412901
0.412912
0.412927
0.412948
0.412956
0.412976
0.412991
0.412992
0.413004
0.413014
0.41302
0.413028
0.413043
0.413048
0.413042
0.413065
0.413092
0.413112
0.413128
0.413152
0.413166
0.413166
0.413169
0.413177
0.413177
0.413207
0.41322
0.413227
0.413237
0.413241
0.413259
0.413277
0.41328
0.413289
0.413288
0.413299
0.413298
0.413308
0.413317
0.413327
0.413344
0.413351
0.413359
0.413369
0.41338
0.413385
0.413401
0.413395
0.41341
0.413438
0.413464
0.413488
0.413491
0.413519
0.413534
0.41354
0.413547
0.413558
0.41358
0.41359
0.413592
0.413591
0.413606
0.413626
0.413644
0.413659
0.413674
0.413676
0.413685
0.413696
0.413705
0.41371
0.413729
0.413742
0.413737
0.413738
0.413753
0.413765
0.413779
0.413795
0.413814
0.413817
0.41383
0.41384
0.413843
0.413845
0.413856
0.413849
0.413853
0.413874
0.413874
0.413893
0.41392
0.413934
0.413935
0.41393
0.413959
0.413979
0.413996
0.414006
0.414003
0.414016
0.414024
0.414027
0.414042
0.414049
0.41405
0.414066
0.414086
0.41409
0.414103
0.414126
0.414138
0.414151
0.414153
0.414164
0.414188
0.414193
0.414205
0.414219
0.414229
0.41425
0.414269
0.414288
0.414296
0.414301
0.414302
0.414318
0.414334
0.414343
0.414362
0.414371
0.414375
0.41438
0.414391
0.41441
0.414416
0.414429
0.414445
0.414444
0.414446
0.414459
0.414469
0.414479
0.41449
0.41451
0.414529
0.414544
0.414561
0.414583
0.414591
0.414597
0.414607
0.414612
0.414618
0.414624
0.414634
0.414648
0.414656
0.414661
0.414683
0.414682
0.414691
0.414693
0.4147
0.414725
0.414736
0.414749
0.414751
0.414776
0.414781
0.414794
0.414807
0.414819
0.414841
0.414854
0.414864
0.414865
0.414885
0.414889
0.414896
0.414898
0.414909
0.414912
0.414928
0.414943
0.414965
0.414974
0.415004
0.415007
0.415017
0.415029
0.41504
0.415057
0.415066
0.415076
0.415092
0.415106
0.415109
0.415133
0.415139
0.415156
0.415169
0.415183
0.415207
0.415215
0.41523
0.415243
0.415269
0.415289
0.415306
0.415312
0.415321
0.415342
0.415347
0.415339
0.415344
0.415343
0.415359
0.415365
0.415381
0.415393
0.415399
0.415388
0.415402
0.415405
0.415415
0.415418
0.415435
0.415445
0.415451
0.415467
0.415472
0.41548
0.415494
0.415496
0.415497
0.415523
0.415539
0.415555
0.415559
0.415569
0.415587
0.415602
0.41562
0.415636
0.415644
0.415663
0.415683
0.415689
0.415701
0.415727
0.415734
0.415735
0.415739
0.415762
0.415777
0.415796
0.415794
0.415811
0.415817
0.415815
0.41582
0.415836
0.415842
0.415846
0.415847
0.415874
0.415881
0.415905
0.415925
0.415932
0.415952
0.415968
0.415984
0.415982
0.415996
0.416002
0.416012
0.416019
0.416035
0.416054
0.416065
0.416073
0.416089
0.416105
0.416103
0.416112
0.416126
0.416129
0.41613
0.416148
0.416166
0.416194
0.4162
0.416199
0.416213
0.416234
0.416243
0.416262
0.416286
0.416302
0.416311
0.416315
0.416331
0.416343
0.416337
0.416347
0.416372
0.416384
0.416392
0.416402
0.416421
0.416415
0.416441
0.416454
0.416477
0.416481
0.416479
0.416484
0.416497
0.416515
0.416519
0.416534
0.416549
0.416561
0.416592
0.416601
0.416615
0.41663
0.416649
0.416663
0.416679
0.416689
0.416694
0.416698
0.416704
0.416714
0.41672
0.416747
0.416768
0.416774
0.416791
0.416791
0.416797
0.4168
0.416826
0.416846
0.416833
0.416848
0.416854
0.416864
0.416889
0.416909
0.416916
0.416937
0.416941
0.416957
0.416966
0.416981
0.416988
0.417005
0.417012
0.417015
0.417027
0.417038
0.417048
0.417057
0.417063
0.41707
0.417084
0.417104
0.417106
0.417106
0.417097
0.417112
0.417112
0.417123
0.417127
0.417141
0.417157
0.417189
0.4172
0.417209
0.417227
0.417222
0.417245
0.417258
0.417268
0.41726
0.417272
0.41728
0.417286
0.417301
0.417324
0.417349
0.417351
0.417358
0.417366
0.417373
0.417376
0.417394
0.417413
0.417422
0.41743
0.417451
0.417473
0.417469
0.417473
0.417492
0.417479
0.417494
0.417501
0.417513
0.417515
0.41752
0.417517
0.417515
0.417515
0.417524
0.417535
0.417545
0.417567
0.417577
0.417585
0.417611
0.417611
0.417607
0.417615
0.417639
0.417654
0.417663
0.417672
0.417658
0.41768
0.417692
0.417707
0.417714
0.41772
0.417728
0.417726
0.417731
0.417728
0.417744
0.417739
0.417756
0.417763
0.417761
0.41778
0.417783
0.417792
0.417816
0.417822
0.417831
0.417851
0.41786
0.417866
0.417892
0.417908
0.417927
0.417928
0.417942
0.417949
0.417961
0.417967
0.417974
0.41798
0.417984
0.417991
0.418009
0.418008
0.418029
0.418044
0.41806
0.418074
0.418074
0.41808
0.418091
0.4181
0.418123
0.418125
0.418144
0.418162
0.418184
0.418181
0.418187
0.418212
0.418215
0.418224
0.418239
0.418255
0.418258
0.418255
0.418273
0.418283
0.418296
0.418303
0.418306
0.418299
0.418298
0.418307
0.418308
0.418316
0.418332
0.418341
0.418349
0.418356
0.418359
0.418373
0.418373
0.418377
0.418387
0.418393
0.418402
0.41842
0.418426
0.418426
0.418428
0.418439
0.418453
0.418452
0.418461
0.41847
0.418478
0.418484
0.418503
0.418534
0.418537
0.418537
0.418546
0.418538
0.418544
0.418557
0.418562
0.418565
0.418584
0.418579
0.418593
0.418585
0.418598
0.418616
0.418623
0.418633
0.418643
0.418664
0.418693
0.418705
0.418711
0.418725
0.418741
0.418749
0.418762
0.418766
0.418783
0.41879
0.418794
0.418802
0.418814
0.418827
0.418837
0.418858
0.418858
0.418875
0.41888
0.418889
0.418896
0.418894
0.4189
0.418906
0.418932
0.418942
0.41895
0.418947
0.418961
0.41897
0.418969
0.418997
0.419005
0.419007
0.41902
0.41905
0.419057
0.419058
0.419082
0.419092
0.419107
0.41912
0.419131
0.419148
0.419159
0.419162
0.419176
0.419181
0.419183
0.419198
0.419215
0.419213
0.419228
0.419229
0.419237
0.419258
0.419271
0.419287
0.419295
0.419298
0.419308
0.419309
0.419317
0.41933
0.419339
0.419349
0.419363
0.419372
0.41939
0.419388
0.41939
0.419405
0.419399
0.419417
0.41943
0.419448
0.419462
0.419478
0.419497
0.419508
0.419516
0.419513
0.419528
0.419534
0.41953
0.419542
0.419558
0.419565
0.419576
0.419581
0.419589
0.419603
0.419617
0.419616
0.419627
0.419638
0.419651
0.419646
0.419669
0.419687
0.419699
0.419699
0.419704
0.419718
0.41973
0.419729
0.419741
0.419747
0.419752
0.419743
0.419764
0.419783
0.419798
0.419813
0.419823
0.419838
0.419845
0.419849
0.419861
0.419877
0.41989
0.419894
0.419903
0.419908
0.419919
0.41992
0.419932
0.419931
0.419935
0.419945
0.419956
0.419957
0.419957
0.419963
0.419969
0.419985
0.42
0.420007
0.420021
0.420019
0.420041
0.420043
0.420048
0.420049
0.420069
0.420065
0.420067
0.420083
0.420114
0.420121
0.420131
0.420147
0.420162
0.420172
0.420178
0.420194
0.420211
0.420213
0.420227
0.420226
0.420236
0.420255
0.420266
0.420281
0.420297
0.420315
0.420337
0.420345
0.42036
0.420363
0.42037
0.420381
0.420397
0.420407
0.420398
0.420396
0.420402
0.420419
0.420417
0.42044
0.420454
0.420459
0.42047
0.420487
0.420495
0.420508
0.420516
0.420529
0.420544
0.420551
0.420552
0.420555
0.420579
0.420588
0.420583
0.42059
0.420588
0.420601
0.420613
0.420629
0.42063
0.420651
0.420656
0.420656
0.420665
0.420687
0.420699
0.420706
0.420713
0.420716
0.420718
0.420728
0.420746
0.420758
0.420769
0.420787
0.420792
0.420799
0.420821
0.420831
0.420826
0.420854
0.420859
0.420867
0.420879
0.420886
0.420883
0.420886
0.420892
0.42091
0.420922
0.420924
0.420928
0.420939
0.42095
0.420952
0.420961
0.420975
0.420994
0.420998
0.421003
0.421008
0.421013
0.421028
0.421028
0.421053
0.421067
0.421078
0.421089
0.42109
0.421098
0.421103
0.42112
0.421134
0.421137
0.421139
0.421152
0.421166
0.421193
0.421195
0.421206
0.421213
0.42123
0.421235
0.421245
0.421245
0.421244
0.421246
0.421263
0.421276
0.42129
0.421299
0.421296
0.421306
0.421311
0.421315
0.421322
0.42135
0.421362
0.421367
0.421376
0.421385
0.421402
0.421412
0.421416
0.421424
0.421434
0.421433
0.421444
0.421452
0.421466
0.421484
0.421485
0.421489
0.421498
0.421516
0.421518
0.42154
0.421552
0.421575
0.421585
0.421592
0.421597
0.421615
0.421628
0.421646
0.421661
0.421664
0.421675
0.421671
0.421683
0.421689
0.4217
0.421713
0.421719
0.421737
0.421739
0.42175
0.421753
0.421772
0.421789
0.421795
0.421807
0.42181
0.421822
0.421832
0.42184
0.421842
0.421835
0.421838
0.421853
0.421857
0.421874
0.421886
0.421897
0.4219
0.421903
0.421908
0.421919
0.421926
0.421944
0.421955
0.421972
0.421974
0.421988
0.421989
0.421996
0.421995
0.422
0.422015
0.422024
0.422034
0.422043
0.422052
0.422059
0.42208
0.422101
0.422108
0.422123
0.422135
0.422137
0.422149
0.422154
0.422163
0.422154
0.42218
0.422189
0.422204
0.422212
0.422226
0.422237
0.422242
0.422245
0.422264
0.422271
0.422282
0.422293
0.422291
0.422285
0.422298
0.422326
0.422339
0.422351
0.422355
0.422369
0.422385
0.422385
0.422386
0.4224
0.422406
0.422419
0.422437
0.422446
0.422454
0.422463
0.422469
0.422485
0.422491
0.422493
0.422504
0.42252
0.422526
0.422527
0.422547
0.422555
0.422556
0.422549
0.422558
0.422571
0.422563
0.422565
0.422577
0.422586
0.422594
0.422594
0.422598
0.422607
0.422605
0.422613
0.42262
0.422645
0.422643
0.422661
0.422666
0.422678
0.422688
0.422698
0.422705
0.422707
0.422728
0.422731
0.422731
0.422741
0.422753
0.42277
0.42279
0.422799
0.422813
0.422821
0.422833
0.422833
0.422848
0.422855
0.422861
0.422866
0.422882
0.422888
0.422896
0.422897
0.422897
0.422904
0.422912
0.42292
0.422938
0.422945
0.422954
0.422958
0.422976
0.422984
0.422982
0.42299
0.422998
0.423003
0.423
0.423001
0.423006
0.423023
0.423033
0.423043
0.423062
0.423062
0.423073
0.423085
0.423095
0.423116
0.423131
0.423139
0.423151
0.42317
0.423172
0.423181
0.4232
0.423208
0.423224
0.423238
0.423253
0.42326
0.423262
0.423274
0.423284
0.42329
0.423302
0.423305
0.42333
0.423327
0.423337
0.42335
0.423355
0.423358
0.423373
0.42338
0.423387
0.423395
0.423397
0.423402
0.423403
0.423409
0.423426
0.423432
0.423451
0.423477
0.423487
0.423492
0.423498
0.42351
0.423524
0.423544
0.423562
0.423572
0.42358
0.423579
0.423596
0.42359
0.423585
0.423592
0.423599
0.423613
0.423621
0.423623
0.423643
0.423653
0.42366
0.423666
0.423683
0.423689
0.423702
0.423718
0.423723
0.423721
0.42373
0.423734
0.423742
0.423759
0.423769
0.423775
0.423784
0.423799
0.423803
0.42381
0.423818
0.423824
0.423834
0.423839
0.423845
0.423839
0.423832
0.423835
0.423832
0.423837
0.423846
0.423858
0.423862
0.423875
0.42389
0.423893
0.423893
0.423895
0.423889
0.4239
0.423903
0.423903
0.423921
0.423939
0.423949
0.423948
0.42396
0.423979
0.423985
0.423999
0.424008
0.424019
0.424037
0.424057
0.424062
0.424058
0.424078
0.424095
0.424112
0.424126
0.424132
0.424143
0.424148
0.424161
0.42416
0.42418
0.424193
0.424204
0.424218
0.424224
0.424227
0.424228
0.424238
0.424239
0.424251
0.424267
0.424274
0.424283
0.424298
0.424305
0.424323
0.424322
0.424328
0.42434
0.424349
0.424355
0.424373
0.424383
0.424392
0.424393
0.424402
0.424411
0.424406
0.424412
0.424415
0.424424
0.424443
0.424452
0.424469
0.424475
0.424472
0.424479
0.424491
0.424496
0.424497
0.424508
0.424511
0.424515
0.42452
0.42453
0.424529
0.424539
0.424538
0.424542
0.42455
0.424561
0.424566
0.424567
0.424563
0.424569
0.424568
0.424576
0.424589
0.4246
0.42461
0.42461
0.42462
0.424632
0.424647
0.424661
0.424674
0.424676
0.424679
0.424689
0.424709
0.424721
0.424732
0.424735
0.424741
0.424755
0.424766
0.424766
0.424765
0.424774
0.424772
0.424786
0.42479
0.4248
0.424798
0.424802
0.424811
0.424807
0.424803
0.424805
0.424807
0.424815
0.42483
0.424836
0.424845
0.424854
0.424867
0.424881
0.424884
0.424892
0.424896
0.424899
0.424906
0.424913
0.424919
0.424931
0.42493
0.424928
0.42493
0.424948
0.424954
0.42497
0.424992
0.424998
0.425007
0.425016
0.425024
0.425026
0.425038
0.425057
0.425076
0.425085
0.425096
0.425108
0.425122
0.425134
0.425142
0.425152
0.425166
0.425175
0.425183
0.425185
0.425192
0.425211
0.425214
0.425214
0.425218
0.425223
0.425222
0.425244
0.425264
0.425276
0.425292
0.425298
0.425306
0.425312
0.425325
0.42534
0.425347
0.42535
0.425354
0.425374
0.42539
0.425391
0.425399
0.425401
0.425403
0.425421
0.425416
0.425426
0.425439
0.425444
0.425461
0.425474
0.425477
0.425494
0.425512
0.425527
0.425538
0.425541
0.425545
0.425544
0.425551
0.425559
0.42556
0.425565
0.425563
0.425579
0.425577
0.425583
0.425576
0.425583
0.425593
0.425602
0.425615
0.425628
0.425647
0.425656
0.425671
0.425686
0.425682
0.425685
0.425684
0.425697
0.425707
0.425711
0.425724
0.425735
0.425757
0.425775
0.425796
0.425804
0.425816
0.425833
0.425842
0.425857
0.425868
0.425879
0.425888
0.425906
0.425919
0.425929
0.425941
0.42595
0.425954
0.425967
0.42598
0.425991
0.425997
0.426
0.42601
0.426028
0.426039
0.42604
0.426042
0.42605
0.42606
0.426067
0.426074
0.426078
0.426077
0.426086
0.426092
0.426101
0.426105
0.426116
0.426132
0.426136
0.42614
0.426152
0.426161
0.426165
0.426175
0.42619
0.426202
0.426196
0.426199
0.426211
0.426221
0.426228
0.426237
0.426249
0.42626
0.426267
0.426269
0.426286
0.426289
0.426296
0.426287
0.426305
0.42631
0.426316
0.426323
0.426335
0.426342
0.426354
0.42635
0.426354
0.426362
0.426374
0.426381
0.426394
0.426408
0.426416
0.426427
0.426434
0.426438
0.426453
0.426461
0.426471
0.426468
0.426476
0.426482
0.426486
0.426507
0.426507
0.426522
0.426521
0.426537
0.426543
0.426546
0.426543
0.426557
0.42656
0.426567
0.426586
0.426598
0.426602
0.426603
0.42661
0.426614
0.426622
0.426629
0.42664
0.426652
0.426655
0.426662
0.42666
0.426669
0.42669
0.426687
0.426696
0.426709
0.426725
0.426732
0.42674
0.426749
0.426755
0.426759
0.426765
0.42677
0.426776
0.426787
0.426782
0.426788
0.426789
0.426799
0.42681
0.426812
0.42682
0.426829
0.426836
0.426838
0.42685
0.426863
0.426881
0.426888
0.426894
0.426908
0.426902
0.426915
0.426915
0.426921
0.426927
0.426934
0.426939
0.426946
0.426963
0.426976
0.426983
0.426994
0.427001
0.427012
0.427017
0.427027
0.427034
0.427044
0.427049
0.42705
0.427058
0.427066
0.427063
0.427064
0.427075
0.42708
0.427078
0.427087
0.4271
0.427101
0.427112
0.427123
0.42713
0.427134
0.427146
0.42716
0.427168
0.427169
0.427189
0.427202
0.42721
0.427214
0.427221
0.427225
0.427228
0.427245
0.427244
0.427251
0.427255
0.427271
0.427272
0.427271
0.427274
0.427275
0.427285
0.427299
0.427307
0.427311
0.427319
0.427332
0.427338
0.427347
0.427349
0.427366
0.427381
0.427393
0.427401
0.427413
0.427414
0.427421
0.427434
0.427449
0.427461
0.427466
0.427473
0.427495
0.427497
0.427504
0.427521
0.427536
0.427535
0.427542
0.427554
0.427557
0.427555
0.427567
0.427566
0.427579
0.427595
0.427608
0.42762
0.427623
0.427633
0.427631
0.427641
0.427655
0.427669
0.427674
0.427677
0.427684
0.427695
0.427694
0.427698
0.427701
0.427721
0.427727
0.427724
0.427729
0.427744
0.42776
0.427771
0.427786
0.427792
0.427802
0.427819
0.427831
0.427834
0.427851
0.427859
0.427867
0.427873
0.427884
0.427887
0.427895
0.427892
0.427896
0.427904
0.427915
0.427918
0.427921
0.427933
0.427951
0.427963
0.42797
0.427984
0.427988
0.42799
0.42799
0.427984
0.427983
0.427982
0.427993
0.427992
0.427999
0.428003
0.428002
0.428007
0.428017
0.428024
0.42803
0.428052
0.428064
0.428072
0.428085
0.428096
0.428103
0.428111
0.428107
0.428103
0.428113
0.428124
0.428134
0.428146
0.428154
0.428166
0.428168
0.42818
0.428189
0.428193
0.428195
0.428199
0.428206
0.428208
0.428219
0.428229
0.428246
0.428251
0.428253
0.428261
0.42826
0.428275
0.428282
0.428297
0.428305
0.428319
0.42833
0.428325
0.428331
0.428344
0.428351
0.428356
0.428357
0.428362
0.428376
0.428382
0.428392
0.428399
0.428405
0.428411
0.428411
0.428425
0.428434
0.428439
0.428453
0.428459
0.428466
0.42847
0.428478
0.428496
0.428504
0.428502
0.428514
0.428517
0.428518
0.428533
0.428547
0.428552
0.428562
0.428571
0.428572
0.428583
0.428596
0.428608
0.428606
0.42862
0.428629
0.428639
0.428643
0.42865
0.42866
0.428668
0.42867
0.428667
0.428684
0.428687
0.428681
0.428694
0.428696
0.428701
0.428716
0.428721
0.428728
0.428732
0.428735
0.428748
0.428756
0.428762
0.428766
0.428768
0.428778
0.428787
0.428797
0.428797
0.428803
0.428818
0.428819
0.428832
0.428842
0.428852
0.428862
0.428861
0.428871
0.428881
0.428896
0.4289
0.428911
0.428916
0.428918
0.428925
0.428931
0.428934
0.428941
0.428952
0.428952
0.428955
0.428957
0.428967
0.428972
0.428981
0.428993
0.429001
0.429
0.429019
0.429022
0.429049
0.429064
0.42906
0.429071
0.429077
0.429084
0.429086
0.429087
0.429097
0.429101
0.429111
0.429128
0.429138
0.429158
0.429168
0.429172
0.429182
0.429192
0.429196
0.429197
0.429205
0.429209
0.429209
0.42922
0.429228
0.429236
0.429253
0.429263
0.429274
0.429283
0.429286
0.429301
0.429314
0.429319
0.429331
0.429335
0.429354
0.429361
0.429379
0.429381
0.429392
0.429395
0.429406
0.429401
0.429416
0.429423
0.429436
0.429452
0.429463
0.429473
0.429481
0.42949
0.429505
0.429522
0.429522
0.429524
0.429533
0.429534
0.429536
0.42955
0.429548
0.429556
0.429568
0.429579
0.429593
0.429609
0.429616
0.429618
0.429629
0.429634
0.429635
0.429639
0.429636
0.429638
0.429646
0.429651
0.429662
0.429672
0.429675
0.429674
0.42968
0.429692
0.429707
0.429711
0.429721
0.429728
0.429728
0.429733
0.429749
0.429755
0.429761
0.429758
0.429777
0.429787
0.429794
0.429802
0.429811
0.42982
0.429827
0.429834
0.429841
0.429848
0.429862
0.429865
0.42988
0.429884
0.429895
0.429901
0.429899
0.429914
0.429919
0.42992
0.429929
0.429938
0.429953
0.429956
0.429971
0.429974
0.429987
0.429998
0.430001
0.430011
0.430019
0.430024
0.430026
0.430032
0.430043
0.430052
0.430069
0.430076
0.43008
0.430088
0.430095
0.430096
0.430098
0.430107
0.430108
0.430125
0.430126
0.430136
0.430145
0.430148
0.430157
0.430168
0.430172
0.430191
0.430188
0.430187
0.430198
0.430207
0.430209
0.430217
0.430224
0.430227
0.430233
0.430246
0.430251
0.430257
0.430273
0.430273
0.430277
0.430281
0.430282
0.430281
0.430295
0.430308
0.430324
0.430329
0.430332
0.430341
0.430348
0.430353
0.430365
0.430362
0.430374
0.430376
0.430392
0.430398
0.430402
0.430403
0.430409
0.430416
0.430421
0.430433
0.43044
0.430445
0.430447
0.430447
0.430453
0.430456
0.430465
0.430465
0.430468
0.430471
0.430478
0.430486
0.430492
0.4305
0.430508
0.430516
0.430532
0.430547
0.430553
0.430571
0.430575
0.430593
0.430587
0.430603
0.430605
0.430614
0.430622
0.430627
0.430644
0.430656
0.430668
0.430668
0.430681
0.430687
0.430703
0.430717
0.430729
0.430731
0.430739
0.430747
0.430749
0.43075
0.430752
0.430749
0.430758
0.430768
0.430776
0.430769
0.430783
0.430791
0.430804
0.430802
0.430802
0.430806
0.430812
0.430813
0.430824
0.430834
0.430852
0.430851
0.430858
0.430873
0.430884
0.43089
0.430898
0.430906
0.430912
0.430916
0.430922
0.430936
0.43095
0.430967
0.430969
0.430977
0.430984
0.430996
0.43101
0.431018
0.431032
0.43104
0.431045
0.431045
0.431057
0.431063
0.431072
0.431091
0.431107
0.431109
0.431111
0.431118
0.431131
0.431138
0.431137
0.431149
0.431151
0.43116
0.431175
0.431187
0.431193
0.431204
0.431208
0.431208
0.43122
0.431225
0.431235
0.43124
0.43124
0.431238
0.431237
0.431238
0.431247
0.43126
0.431262
0.43125
0.431266
0.431276
0.431271
0.431284
0.431285
0.431303
0.431312
0.431324
0.431334
0.431343
0.431354
0.431351
0.431358
0.431365
0.431376
0.431383
0.431395
0.431401
0.43141
0.431423
0.43143
0.431435
0.431436
0.43144
0.431443
0.431444
0.431446
0.431451
0.431464
0.431471
0.431475
0.431476
0.431475
0.431481
0.431476
0.431486
0.431492
0.431503
0.431507
0.431518
0.431518
0.431531
0.43154
0.431548
0.43156
0.43156
0.431562
0.431564
0.431572
0.43158
0.43159
0.431592
0.431603
0.431625
0.43162
0.43163
0.431636
0.43164
0.43165
0.431654
0.431654
0.431666
0.431671
0.431674
0.431674
0.431678
0.431678
0.431686
0.431692
0.431702
0.4317
0.431705
0.43171
0.431714
0.431723
0.431745
0.431753
0.431757
0.431762
0.431781
0.431784
0.431789
0.43179
0.431799
0.431806
0.431818
0.431826
0.431829
0.431836
0.431843
0.431855
0.43187
0.431877
0.431879
0.431877
0.431885
0.431897
0.431903
0.431906
0.431906
0.431905
0.431916
0.431937
0.431945
0.431953
0.431958
0.431967
0.431971
0.431975
0.431981
0.431983
0.431991
0.431987
0.431992
0.432005
0.432007
0.432024
0.432026
0.432036
0.432044
0.432043
0.432034
0.432047
0.432054
0.432067
0.432076
0.432083
0.432083
0.432083
0.432092
0.432098
0.4321
0.43211
0.43211
0.432126
0.432132
0.43213
0.432141
0.432145
0.432154
0.432166
0.432174
0.432168
0.432163
0.432159
0.432164
0.43216
0.432166
0.432168
0.432175
0.43218
0.432187
0.432192
0.432197
0.432218
0.432219
0.432224
0.432229
0.432236
0.432252
0.432259
0.432262
0.432272
0.432273
0.432276
0.432292
0.432307
0.43231
0.432309
0.432326
0.432336
0.432347
0.432359
0.43237
0.432378
0.432388
0.432402
0.432418
0.432419
0.432424
0.432424
0.432428
0.432439
0.432443
0.432446
0.432452
0.432464
0.432472
0.432486
0.432489
0.432492
0.432499
0.432499
0.432499
0.432516
0.432519
0.43253
0.432532
0.432544
0.432553
0.432556
0.432565
0.432568
0.432571
0.432563
0.432563
0.432569
0.432585
0.432586
0.432582
0.432582
0.432586
0.43259
0.432596
0.432598
0.432609
0.432615
0.432617
0.432631
0.432631
0.432636
0.432644
0.432645
0.432652
0.432658
0.432657
0.432669
0.432687
0.432687
0.432688
0.432704
0.432709
0.432715
0.432718
0.432728
0.432738
0.432746
0.432753
0.432763
0.43278
0.432783
0.432798
0.432807
0.432818
0.432821
0.432826
0.432826
0.432829
0.432842
0.432839
0.432843
0.432852
0.432856
0.432858
0.432859
0.432868
0.432864
0.432868
0.432871
0.432883
0.432882
0.432896
0.432902
0.432915
0.432922
0.432917
0.432929
0.432939
0.432948
0.432959
0.432971
0.432981
0.432994
0.433
0.433006
0.433012
0.433017
0.433025
0.433019
0.43303
0.433041
0.43305
0.433058
0.433061
0.433063
0.43307
0.433072
0.433072
0.433078
0.433093
0.433103
0.433112
0.433123
0.433128
0.433134
0.433151
0.433155
0.433151
0.433155
0.43317
0.433174
0.433172
0.433181
0.433187
0.433191
0.433207
0.43322
0.433226
0.433233
0.433237
0.433239
0.433242
0.433257
0.433266
0.433271
0.433279
0.43328
0.433289
0.433299
0.433311
0.433317
0.43332
0.433327
0.433329
0.433341
0.433356
0.433366
0.433371
0.43338
0.433386
0.43339
0.43339
0.43339
0.433391
0.433409
0.433412
0.433419
0.433429
0.433428
0.433431
0.433443
0.433444
0.433457
0.433461
0.433461
0.433462
0.433471
0.433481
0.433493
0.433503
0.433505
0.43351
0.433509
0.433522
0.433517
0.433528
0.433543
0.433547
0.433545
0.433546
0.433553
0.433566
0.433579
0.433585
0.433583
0.433591
0.433593
0.433602
0.43361
0.433614
0.433616
0.433616
0.433615
0.43363
0.433637
0.433649
0.433654
0.433654
0.433667
0.433664
0.43367
0.433677
0.433686
0.433688
0.433698
0.433707
0.433719
0.433729
0.433734
0.433743
0.433745
0.43375
0.433752
0.433752
0.433751
0.433762
0.433767
0.433774
0.433774
0.433782
0.433803
0.433805
0.433802
0.433803
0.433807
0.433809
0.433822
0.433839
0.433852
0.433852
0.433863
0.433867
0.43388
0.433891
0.433893
0.433895
0.433903
0.433913
0.43392
0.43393
0.433933
0.433938
0.433939
0.433942
0.433948
0.433955
0.433958
0.433969
0.433968
0.433974
0.433989
0.434
0.434008
0.434019
0.434018
0.434015
0.434017
0.434017
0.434021
0.434027
0.43404
0.434042
0.434051
0.43406
0.434068
0.434083
0.434084
0.434086
0.434093
0.434106
0.434102
0.434121
0.434124
0.434129
0.434137
0.434146
0.434153
0.434167
0.434172
0.434178
0.434176
0.434181
0.434184
0.434182
0.434191
0.434188
0.434206
0.434212
0.43421
0.434218
0.434218
0.434231
0.434232
0.434233
0.434233
0.434247
0.434254
0.434265
0.434274
0.434282
0.434286
0.434294
0.434305
0.434312
0.434335
0.434349
0.434359
0.434358
0.434367
0.43437
0.434359
0.434363
0.434372
0.434385
0.434393
0.434401
0.434399
0.434411
0.434416
0.434413
0.43443
0.434431
0.434435
0.434442
0.434448
0.434463
0.434465
0.434464
0.434472
0.434456
0.434459
0.434469
0.434478
0.434478
0.434485
0.434497
0.434487
0.434483
0.434493
0.434495
0.434501
0.434495
0.434499
0.434502
0.434504
0.434504
0.434507
0.434524
0.434532
0.434531
0.434529
0.434536
0.434546
0.434557
0.434561
0.434563
0.434565
0.434574
0.434584
0.434595
0.434605
0.434613
0.434625
0.434634
0.434637
0.434633
0.43464
0.434646
0.434645
0.434648
0.434667
0.434673
0.434673
0.434679
0.43469
0.434697
0.4347
0.434704
0.434708
0.434714
0.434721
0.434726
0.434729
0.434741
0.434746
0.434752
0.434757
0.434753
0.434761
0.43477
0.434782
0.43479
0.434792
0.434783
0.434782
0.434792
0.434799
0.434818
0.434827
0.434828
0.434838
0.434842
0.434856
0.434863
0.434869
0.43488
0.43488
0.434884
0.434895
0.434897
0.434901
0.434907
0.434911
0.434917
0.434921
0.434925
0.434936
0.434949
0.434957
0.434962
0.434977
0.434982
0.434996
0.435003
0.435012
0.43502
0.43502
0.435024
0.435031
0.435035
0.435042
0.435053
0.435059
0.435065
0.435072
0.435079
0.435089
0.43509
0.435095
0.4351
0.435105
0.435118
0.435118
0.435124
0.435136
0.435133
0.435144
0.435154
0.435163
0.435174
0.435177
0.435178
0.435179
0.435186
0.435185
0.435189
0.435188
0.435197
0.4352
0.435198
0.435202
0.435209
0.435213
0.43522
0.435222
0.435223
0.435231
0.435243
0.43525
0.435255
0.43526
0.435268
0.435276
0.43528
0.435286
0.435296
0.435301
0.4353
0.435302
0.435305
0.435313
0.435317
0.435317
0.435327
0.435329
0.435341
0.435352
0.435352
0.435362
0.435361
0.435368
0.43537
0.435371
0.435379
0.435388
0.435397
0.4354
0.435402
0.435403
0.435411
0.435417
0.435423
0.435428
0.43544
0.435454
0.43546
0.435478
0.435494
0.435491
0.435498
0.435513
0.435517
0.435527
0.435538
0.435548
0.435556
0.435564
0.435576
0.435582
0.435591
0.435585
0.435599
0.435607
0.435606
0.43561
0.435619
0.435623
0.435622
0.435629
0.435632
0.435636
0.435637
0.435642
0.435647
0.435648
0.435656
0.435663
0.435666
0.435675
0.435676
0.435681
0.435689
0.435704
0.435706
0.435718
0.435725
0.435734
0.435741
0.435747
0.43575
0.435756
0.43576
0.435761
0.435771
0.435775
0.435785
0.435796
0.435806
0.435821
0.435823
0.435833
0.435832
0.435837
0.435843
0.435847
0.43585
0.435856
0.435852
0.435854
0.435856
0.435867
0.435867
0.435873
0.435875
0.435871
0.435869
0.435869
0.435871
0.435876
0.435885
0.435892
0.435895
0.4359
0.435913
0.435916
0.435923
0.435928
0.435933
0.435941
0.435941
0.435942
0.435938
0.435939
0.43594
0.435944
0.435953
0.435959
0.435972
0.435978
0.435993
0.435998
0.436005
0.436016
0.436012
0.436014
0.436027
0.436032
0.43603
0.436036
0.436044
0.436046
0.436056
0.436062
0.436067
0.436075
0.436083
0.436091
0.436089
0.436098
0.4361
0.436105
0.436114
0.436116
0.436123
0.436127
0.436134
0.436141
0.436142
0.436151
0.436158
0.436167
0.436173
0.436187
0.436189
0.436193
0.436202
0.43621
0.436212
0.436209
0.436215
0.43623
0.436233
0.436233
0.436245
0.436253
0.436258
0.436272
0.436277
0.43628
0.436293
0.436298
0.436303
0.436309
0.436309
0.436319
0.436319
0.436324
0.436335
0.43634
0.436351
0.436357
0.436353
0.436356
0.436366
0.436371
0.436383
0.436394
0.436401
0.436405
0.436421
0.436431
0.436438
0.436448
0.436456
0.436465
0.436468
0.436481
0.436489
0.436501
0.436499
0.436513
0.436521
0.436527
0.436532
0.436529
0.436538
0.436541
0.43655
0.436552
0.436566
0.436572
0.436579
0.43659
0.436601
0.436613
0.436614
0.43662
0.436628
0.436632
0.436642
0.43665
0.436663
0.436671
0.436676
0.436676
0.436682
0.436693
0.4367
0.436702
0.436704
0.436707
0.436711
0.436711
0.436714
0.436721
0.436732
0.436734
0.436743
0.436747
0.43675
0.436758
0.43676
0.436761
0.436775
0.43678
0.436787
0.436792
0.436797
0.436798
0.436802
0.436806
0.43681
0.436816
0.436817
0.436821
0.436831
0.436832
0.436837
0.43685
0.43686
0.436864
0.436869
0.436873
0.436885
0.436892
0.436896
0.436891
0.436894
0.436904
0.436908
0.4369
0.436904
0.436906
0.436911
0.436918
0.436918
0.436922
0.43693
0.436935
0.436945
0.43695
0.436953
0.43696
0.436957
0.436962
0.436965
0.436969
0.436975
0.436983
0.436989
0.436989
0.436987
0.436986
0.436992
0.436991
0.437001
0.437004
0.437
0.437003
0.43701
0.437021
0.437031
0.437036
0.437045
0.437049
0.437049
0.437053
0.437065
0.437057
0.437058
0.437061
0.437061
0.437067
0.437069
0.43708
0.437082
0.437094
0.437095
0.437099
0.437106
0.437108
0.437127
0.437123
0.437119
0.43712
0.437122
0.437125
0.437134
0.437137
0.437143
0.437148
0.437147
0.437143
0.437155
0.437154
0.437163
0.437166
0.437172
0.437179
0.437182
0.437193
0.4372
0.437208
0.437221
0.437235
0.437242
0.437245
0.437257
0.437273
0.437286
0.437304
0.437315
0.437317
0.437328
0.437333
0.437335
0.437342
0.437344
0.437341
0.437347
0.437357
0.437361
0.437367
0.437383
0.437393
0.437396
0.437403
0.437403
0.437411
0.437414
0.437423
0.437428
0.437428
0.437425
0.437423
0.437437
0.437441
0.437449
0.437456
0.43745
0.437452
0.437467
0.437474
0.437479
0.437482
0.437488
0.437488
0.437497
0.437503
0.437507
0.437513
0.437528
0.437535
0.437537
0.437539
0.437542
0.437553
0.437555
0.437557
0.437567
0.437578
0.43757
0.437576
0.43758
0.437582
0.437583
0.437593
0.437597
0.4376
0.43761
0.437613
0.437621
0.437625
0.43763
0.437627
0.437634
0.437638
0.437646
0.437651
0.437654
0.437648
0.437641
0.437654
0.437656
0.437662
0.437671
0.437676
0.437683
0.437694
0.437701
0.437707
0.437713
0.437708
0.437718
0.437724
0.43773
0.437737
0.437739
0.437748
0.43776
0.437766
0.43777
0.43777
0.437768
0.437771
0.437776
0.437776
0.437787
0.437789
0.437792
0.437792
0.437801
0.437806
0.437813
0.437818
0.437829
0.437824
0.437827
0.437821
0.437836
0.437844
0.437851
0.437853
0.437848
0.437852
0.437859
0.437858
0.43786
0.437869
0.437876
0.43788
0.437888
0.43789
0.437901
0.437901
0.437914
0.437922
0.437922
0.437929
0.43793
0.43794
0.437939
0.437938
0.437941
0.437945
0.437944
0.437948
0.437956
0.437963
0.437963
0.43796
0.437967
0.437977
0.437981
0.437992
0.437994
0.437992
0.437992
0.437995
0.438002
0.438003
0.438
0.438004
0.438011
0.438016
0.438019
0.438032
0.438037
0.438041
0.438054
0.438062
0.438064
0.438066
0.438061
0.438066
0.438074
0.438082
0.438089
0.438097
0.438103
0.438116
0.438122
0.43812
0.438128
0.438133
0.438135
0.438138
0.438144
0.438151
0.438153
0.438152
0.438162
0.43816
0.438164
0.438169
0.438173
0.438179
0.438187
0.438188
0.438191
0.4382
0.438204
0.43821
0.438218
0.438225
0.438235
0.438251
0.438254
0.438257
0.43826
0.438259
0.438264
0.438268
0.438272
0.43828
0.438283
0.438289
0.438287
0.438296
0.4383
0.438297
0.438301
0.438305
0.438308
0.438316
0.43832
0.43833
0.438329
0.438337
0.438343
0.43835
0.438362
0.438375
0.438379
0.438382
0.438385
0.438389
0.43839
0.438405
0.438411
0.438417
0.438421
0.438431
0.438434
0.438445
0.438448
0.438446
0.438457
0.43846
0.438472
0.438475
0.438473
0.43848
0.438493
0.438494
0.438495
0.438505
0.4385
0.43851
0.438519
0.438524
0.438529
0.438531
0.438538
0.438549
0.438562
0.43856
0.438564
0.438571
0.438582
0.438582
0.438588
0.43859
0.438594
0.438609
0.43861
0.438618
0.438623
0.438623
0.438624
0.438625
0.438622
0.438623
0.438617
0.438624
0.438625
0.438634
0.438645
0.43865
0.43866
0.438658
0.438658
0.438666
0.438678
0.438683
0.438687
0.438687
0.43869
0.438703
0.438703
0.438713
0.438726
0.438732
0.438732
0.438734
0.438742
0.438748
0.438758
0.43876
0.43877
0.438762
0.438758
0.438761
0.438757
0.43876
0.438772
0.438776
0.43878
0.438786
0.438791
0.438798
0.438798
0.438803
0.438807
0.438823
0.438827
0.43883
0.438838
0.438841
0.438843
0.438841
0.438846
0.438848
0.438861
0.438868
0.438877
0.438891
0.4389
0.438899
0.438901
0.438908
0.438915
0.438922
0.438914
0.438922
0.438923
0.438931
0.438929
0.438932
0.43894
0.438953
0.438954
0.43896
0.438966
0.43896
0.438955
0.438952
0.438955
0.438961
0.438966
0.438971
0.43898
0.438983
0.438985
0.43899
0.438994
0.438995
0.439005
0.439018
0.439024
0.439028
0.439036
0.439032
0.439043
0.439053
0.439063
0.439065
0.439072
0.439077
0.439093
0.439094
0.439101
0.439109
0.439116
0.439132
0.439142
0.439147
0.439152
0.439151
0.439158
0.439161
0.439166
0.439175
0.439175
0.439181
0.439185
0.439205
0.43922
0.439219
0.439224
0.439229
0.439229
0.439242
0.439239
0.439245
0.439244
0.439248
0.439255
0.439267
0.43927
0.439264
0.439266
0.439272
0.439273
0.439282
0.439293
0.4393
0.439306
0.439315
0.439327
0.439333
0.439336
0.43934
0.439349
0.439355
0.439352
0.439352
0.439364
0.439371
0.439364
0.439369
0.439374
0.439384
0.439386
0.439398
0.439402
0.439409
0.439411
0.439403
0.439407
0.439416
0.43942
0.439417
0.439428
0.439435
0.439446
0.439449
0.439453
0.439458
0.439466
0.439468
0.439472
0.439479
0.439478
0.439485
0.439486
0.439486
0.439488
0.439499
0.439515
0.439509
0.43951
0.439509
0.439516
0.439515
0.43952
0.439516
0.439518
0.439517
0.439517
0.439522
0.439531
0.439541
0.439544
0.439543
0.439539
0.439556
0.439569
0.439575
0.439583
0.4396
0.439599
0.439599
0.439604
0.4396
0.439598
0.439606
0.43961
0.439601
0.439608
0.439616
0.439618
0.439625
0.43963
0.439635
0.439634
0.43964
0.439649
0.439649
0.439665
0.439671
0.439675
0.439674
0.439677
0.439676
0.439674
0.439687
0.439685
0.439688
0.439694
0.439704
0.439714
0.439719
0.439727
0.439732
0.439742
0.439744
0.439752
0.439762
0.439764
0.439767
0.439777
0.439785
0.439793
0.439793
0.439798
0.439806
0.439818
0.439825
0.439835
0.439848
0.439853
0.439858
0.439867
0.439873
0.439881
0.439888
0.4399
0.439903
0.439912
0.439914
0.439917
0.439932
0.439939
0.439941
0.439943
0.439951
0.439963
0.439972
0.439976
0.439984
0.439991
0.439998
0.439999
0.439998
0.439999
0.439998
0.439996
0.439998
0.439998
0.439998
0.440012
0.440009
0.440016
0.440018
0.440023
0.440028
0.440031
0.440035
0.440043
0.440046
0.440055
0.440062
0.440067
0.440076
0.44008
0.440087
0.440098
0.440098
0.440106
0.440109
0.440113
0.440121
0.440134
0.440144
0.44015
0.440159
0.440161
0.440166
0.440161
0.440157
0.440169
0.44018
0.440187
0.44019
0.440191
0.440197
0.440209
0.440216
0.440219
0.440224
0.440224
0.440234
0.440239
0.440241
0.440239
0.440236
0.440245
0.440249
0.440263
0.440275
0.44029
0.440293
0.440296
0.440293
0.440295
0.440303
0.440312
0.440322
0.440324
0.440321
0.44033
0.440333
0.440335
0.440343
0.440351
0.440361
0.440369
0.440377
0.440383
0.44039
0.440393
0.440396
0.440408
0.440407
0.440412
0.440424
0.440428
0.440432
0.440443
0.440447
0.440451
0.44045
0.440457
0.44046
0.440464
0.440468
0.440478
0.440484
0.44048
0.44048
0.440484
0.440488
0.440494
0.440509
0.440506
0.440505
0.440512
0.44052
0.440527
0.440541
0.44054
0.440543
0.440553
0.440553
0.440551
0.440558
0.440566
0.440561
0.440562
0.440556
0.440561
0.44056
0.440566
0.44057
0.440563
0.440568
0.440581
0.440585
0.440583
0.440586
0.440595
0.440591
0.440594
0.440598
0.440603
0.4406
0.440612
0.440621
0.44063
0.440633
0.440634
0.440636
0.440648
0.440651
0.440661
0.440664
0.440662
0.440666
0.44067
0.440667
0.440673
0.440672
0.440678
0.440686
0.440696
0.440703
0.440713
0.440712
0.440712
0.440713
0.440715
0.440712
0.440721
0.440729
0.440742
0.440742
0.440739
0.440742
0.440742
0.44074
0.440745
0.440745
0.440746
0.440759
0.440765
0.44077
0.440775
0.440778
0.440782
0.440784
0.440777
0.440775
0.440783
0.440788
0.440792
0.440798
0.440795
0.440798
0.4408
0.440797
0.440793
0.440796
0.440799
0.440801
0.440804
0.440804
0.440807
0.440813
0.440822
0.440831
0.440843
0.440852
0.440862
0.440871
0.44088
0.440887
0.440897
0.440903
0.440911
0.440909
0.44091
0.440916
0.440924
0.440921
0.440932
0.440928
0.440929
0.44094
0.440942
0.440949
0.440949
0.440951
0.440953
0.440959
0.440963
0.440972
0.440974
0.440987
0.440992
0.441003
0.441023
0.441031
0.441037
0.441046
0.441052
0.441051
0.441061
0.44107
0.441075
0.441077
0.441079
0.44109
0.441094
0.441106
0.441106
0.441102
0.441109
0.441113
0.441114
0.441121
0.441121
0.441127
0.441133
0.441132
0.441146
0.441154
0.441157
0.441165
0.441168
0.441176
0.441174
0.441178
0.441189
0.44119
0.441194
0.44119
0.441199
0.441195
0.4412
0.441203
0.441205
0.441205
0.44122
0.441225
0.441233
0.441243
0.441244
0.441244
0.441254
0.441258
0.441261
0.441265
0.441276
0.441276
0.441288
0.441301
0.441306
0.441313
0.441314
0.441319
0.441316
0.441322
0.441318
0.441319
0.441323
0.441334
0.441338
0.441341
0.441344
0.441342
0.441339
0.441338
0.441344
0.441352
0.441358
0.441355
0.441356
0.441362
0.441373
0.441376
0.44138
0.441387
0.44139
0.441395
0.441398
0.441401
0.441403
0.441414
0.441417
0.441431
0.441434
0.44144
0.441447
0.441454
0.441467
0.441474
0.44148
0.441479
0.441483
0.441484
0.441482
0.441488
0.441492
0.441495
0.44151
0.441508
0.441513
0.441522
0.441526
0.44153
0.441539
0.441544
0.441543
0.441547
0.441558
0.441561
0.441558
0.441565
0.441576
0.441596
0.4416
0.441602
0.441603
0.441605
0.441608
0.441616
0.44162
0.441632
0.441642
0.441647
0.441657
0.441662
0.441665
0.441671
0.441683
0.441685
0.441694
0.441696
0.441695
0.441702
0.441709
0.441711
0.441713
0.441717
0.441721
0.441731
0.441736
0.441746
0.441738
0.44175
0.441751
0.441757
0.441757
0.441766
0.441775
0.441784
0.441784
0.441791
0.441799
0.441801
0.441803
0.441805
0.441812
0.441813
0.441815
0.441816
0.441812
0.441814
0.441817
0.441822
0.441824
0.441825
0.44183
0.44184
0.441854
0.44186
0.441862
0.441856
0.44186
0.441857
0.441862
0.441875
0.441874
0.44188
0.441891
0.441897
0.441898
0.441907
0.441903
0.441904
0.441906
0.441906
0.441916
0.441926
0.441937
0.441936
0.441939
0.441946
0.441951
0.441944
0.44195
0.441954
0.441956
0.441967
0.44197
0.441976
0.441982
0.441981
0.441986
0.44199
0.441986
0.441986
0.441988
0.441982
0.441986
0.441993
0.442
0.442006
0.442015
0.442021
0.44202
0.442024
0.442037
0.442031
0.442039
0.442047
0.442049
0.442056
0.442054
0.442062
0.442066
0.442067
0.44208
0.442082
0.442088
0.442087
0.442107
0.442115
0.442122
0.442131
0.442132
0.442143
0.442155
0.442157
0.442154
0.442162
0.442168
0.442167
0.442171
0.442167
0.442175
0.442175
0.442178
0.442185
0.442194
0.442192
0.442192
0.442193
0.442198
0.442196
0.442201
0.442203
0.442202
0.442203
0.442208
0.442211
0.442223
0.442228
0.442231
0.44223
0.442226
0.442228
0.442233
0.442238
0.442239
0.442252
0.442262
0.442266
0.442279
0.442281
0.442289
0.442285
0.442292
0.442299
0.442306
0.44231
0.442317
0.442315
0.44232
0.442327
0.442329
0.44234
0.442345
0.442348
0.442356
0.442361
0.442365
0.442376
0.442382
0.442387
0.442392
0.442393
0.442401
0.442404
0.442408
0.442416
0.442419
0.442424
0.442426
0.442433
0.442434
0.442441
0.442443
0.442445
0.442446
0.44245
0.442453
0.442457
0.442457
0.44246
0.442471
0.442481
0.442485
0.442497
0.442502
0.442507
0.442509
0.442509
0.442509
0.44251
0.442518
0.442536
0.442547
0.442548
0.442547
0.442554
0.442553
0.44255
0.442559
0.442564
0.442576
0.442572
0.44258
0.442583
0.442585
0.442588
0.442604
0.442607
0.442613
0.442619
0.442623
0.442629
0.442631
0.442632
0.442636
0.442636
0.442647
0.442644
0.442651
0.442659
0.442659
0.442664
0.442669
0.442669
0.442672
0.442687
0.442685
0.442694
0.442701
0.442707
0.442709
0.44271
0.442716
0.442724
0.442735
0.442734
0.442733
0.442739
0.442743
0.442747
0.44276
0.442764
0.442767
0.442781
0.442788
0.442792
0.442787
0.44279
0.442795
0.442797
0.442807
0.44281
0.442818
0.442815
0.442817
0.442818
0.442826
0.442839
0.442846
0.442843
0.442843
0.442849
0.442851
0.442857
0.442855
0.442863
0.442864
0.442866
0.442872
0.442872
0.44288
0.442891
0.442889
0.442893
0.442894
0.442905
0.442915
0.442915
0.442918
0.442926
0.44293
0.442937
0.442936
0.442936
0.442949
0.442941
0.442939
0.442943
0.442951
0.442961
0.442961
0.442958
0.442963
0.442961
0.442956
0.442958
0.442962
0.442962
0.442966
0.442974
0.442982
0.442988
0.442992
0.442995
0.443
0.443004
0.443004
0.443014
0.443019
0.443021
0.443026
0.443027
0.443025
0.443028
0.443028
0.443036
0.443043
0.443044
0.443052
0.443056
0.443061
0.443065
0.443075
0.44308
0.443092
0.443099
0.443108
0.443115
0.443121
0.443126
0.443128
0.44313
0.443133
0.443134
0.443142
0.443147
0.443162
0.443166
0.44317
0.443178
0.443185
0.443193
0.443195
0.443205
0.443208
0.443207
0.443208
0.443214
0.443213
0.443216
0.443224
0.443234
0.443235
0.443242
0.443244
0.443255
0.443256
0.443254
0.443262
0.44327
0.443272
0.443275
0.443272
0.443281
0.443282
0.443285
0.443294
0.443297
0.443297
0.443303
0.443306
0.443314
0.443318
0.443322
0.443324
0.44334
0.44335
0.44335
0.443361
0.443371
0.443368
0.443371
0.44338
0.443387
0.443397
0.443403
0.443403
0.4434
0.443396
0.443403
0.443411
0.443417
0.443418
0.443427
0.443429
0.443433
0.443434
0.443441
0.443447
0.443455
0.443454
0.443456
0.44346
0.443466
0.443465
0.443466
0.443463
0.443464
0.443471
0.443476
0.443484
0.443484
0.443493
0.443499
0.443511
0.443508
0.443514
0.443518
0.443516
0.443513
0.443523
0.443527
0.443529
0.443534
0.443529
0.443539
0.443537
0.443539
0.443542
0.443547
0.44356
0.443571
0.443577
0.443578
0.443583
0.443588
0.443595
0.443598
0.443605
0.443608
0.443613
0.443621
0.443622
0.443627
0.443634
0.443639
0.443643
0.443647
0.443646
0.443649
0.44365
0.443655
0.443663
0.443671
0.443683
0.44369
0.443702
0.443708
0.443715
0.443716
0.443715
0.443719
0.443726
0.44373
0.443734
0.443738
0.443743
0.443752
0.443757
0.44376
0.443762
0.443771
0.443776
0.443783
0.44379
0.443789
0.443795
0.443806
0.443813
0.443809
0.443817
0.443823
0.443833
0.443839
0.443843
0.443843
0.443849
0.443848
0.443853
0.443856
0.443859
0.443865
0.443869
0.443881
0.443887
0.443889
0.443885
0.44388
0.443879
0.443886
0.443886
0.44389
0.443892
0.443894
0.443902
0.443911
0.443911
0.443911
0.443911
0.443916
0.443917
0.443928
0.443933
0.443934
0.443945
0.443945
0.443956
0.443955
0.443962
0.443964
0.443965
0.443968
0.443979
0.443983
0.443987
0.443987
0.443988
0.44399
0.443994
0.444002
0.444012
0.444015
0.444015
0.444016
0.444024
0.444033
0.444031
0.444039
0.444048
0.444055
0.444061
0.444066
0.444064
0.44407
0.444078
0.444079
0.444077
0.444077
0.444076
0.444081
0.444084
0.444088
0.4441
0.444104
0.444111
0.444115
0.44412
0.444122
0.44413
0.444129
0.444135
0.444141
0.444143
0.444148
0.444156
0.444161
0.444161
0.444169
0.444167
0.444173
0.44418
0.444186
0.444187
0.444192
0.444199
0.444207
0.444206
0.444213
0.444213
0.444221
0.444227
0.444233
0.444234
0.444248
0.444245
0.444243
0.444256
0.444266
0.444264
0.444262
0.444266
0.444273
0.444279
0.444275
0.444283
0.444291
0.444291
0.444293
0.444296
0.444298
0.4443
0.444297
0.444304
0.444304
0.444304
0.444303
0.444306
0.444312
0.444314
0.444318
0.444322
0.444322
0.444329
0.444328
0.444331
0.444339
0.444347
0.44435
0.444353
0.444355
0.444356
0.444361
0.444372
0.444381
0.444377
0.444381
0.444389
0.444395
0.444399
0.444406
0.444404
0.444405
0.444414
0.444411
0.44441
0.444413
0.444415
0.444416
0.444419
0.444418
0.444424
0.444423
0.444429
0.444439
0.44444
0.444448
0.44445
0.444446
0.444445
0.444445
0.444452
0.444461
0.444465
0.444468
0.44447
0.444477
0.444478
0.444479
0.444475
0.444477
0.444477
0.44448
0.444485
0.444483
0.444483
0.444488
0.44449
0.444497
0.444496
0.444495
0.444503
0.444503
0.444504
0.444505
0.444506
0.444508
0.444518
0.444525
0.444532
0.444537
0.444544
0.444551
0.444549
0.444553
0.444561
0.444566
0.444571
0.444578
0.444588
0.444593
0.444599
0.444608
0.444613
0.444626
0.44463
0.444626
0.444636
0.444644
0.444649
0.444655
0.44466
0.444667
0.44467
0.444671
0.444666
0.44467
0.444673
0.444682
0.444682
0.444693
0.444692
0.444698
0.4447
0.444707
0.444712
0.444717
0.444722
0.444729
0.444729
0.444733
0.44474
0.444739
0.444738
0.444746
0.444743
0.444747
0.44475
0.444757
0.444759
0.44476
0.44477
0.444774
0.444775
0.444787
0.444791
0.444788
0.444787
0.444796
0.444798
0.444796
0.444798
0.444802
0.444801
0.444803
0.444816
0.444818
0.444821
0.444827
0.444833
0.444843
0.444842
0.444846
0.444849
0.444852
0.444854
0.44486
0.44486
0.444859
0.444862
0.444874
0.444873
0.444883
0.44488
0.444888
0.444895
0.444895
0.444899
0.444902
0.444905
0.444901
0.444899
0.444909
0.444913
0.444907
0.444909
0.444914
0.444918
0.444927
0.444927
0.44493
0.444937
0.444936
0.444936
0.444942
0.444943
0.444952
0.444963
0.444961
0.444965
0.444975
0.444987
0.444985
0.444987
0.444994
0.445002
0.445011
0.445018
0.445027
0.445034
0.445041
0.445044
0.445049
0.445051
0.445056
0.445059
0.445061
0.44507
0.445074
0.44508
0.445082
0.445086
0.44509
0.44509
0.445092
0.445094
0.445095
0.445104
0.445105
0.445106
0.445108
0.445114
0.445118
0.445121
0.445124
0.445134
0.445141
0.445135
0.445143
0.445147
0.445151
0.445153
0.44516
0.445163
0.445179
0.445182
0.445187
0.445187
0.445195
0.44519
0.44519
0.445192
0.445196
0.445201
0.445204
0.445211
0.445218
0.445217
0.445223
0.445226
0.445229
0.445236
0.445243
0.445247
0.445255
0.445266
0.44527
0.445267
0.445275
0.445276
0.445274
0.445281
0.44529
0.445294
0.445305
0.445306
0.445307
0.445305
0.445312
0.445321
0.445319
0.445319
0.445323
0.445322
0.445322
0.445332
0.445335
0.445339
0.445342
0.445356
0.445359
0.445364
0.445376
0.445382
0.445388
0.445404
0.445412
0.445416
0.445421
0.445428
0.445435
0.44544
0.445445
0.445449
0.445452
0.445455
0.445458
0.445467
0.445477
0.445484
0.44549
0.445495
0.445498
0.4455
0.445501
0.445503
0.445506
0.445509
0.44551
0.445509
0.445515
0.445513
0.445518
0.445524
0.445531
0.445529
0.445533
0.445543
0.445544
0.445551
0.445554
0.445559
0.445568
0.445567
0.445575
0.445579
0.445585
0.445589
0.445585
0.445589
0.445594
0.4456
0.445602
0.445608
0.445611
0.445615
0.445618
0.445625
0.445629
0.445629
0.445629
0.445635
0.445636
0.445642
0.445645
0.445652
0.445655
0.445652
0.44565
0.445652
0.445657
0.445659
0.445656
0.445655
0.445662
0.445667
0.445668
0.445666
0.445671
0.445671
0.445678
0.445681
0.445682
0.445684
0.44569
0.445696
0.445702
0.44571
0.445716
0.445717
0.445718
0.44572
0.445724
0.445722
0.445735
0.445735
0.445738
0.445748
0.445752
0.445751
0.445746
0.445747
0.445748
0.445747
0.445747
0.44575
0.445746
0.445756
0.445758
0.445764
0.445762
0.44577
0.445774
0.445774
0.44578
0.445778
0.44578
0.445787
0.445788
0.445787
0.445785
0.445795
0.445803
0.44581
0.445814
0.445816
0.445817
0.445819
0.445823
0.445824
0.445826
0.445826
0.44583
0.445833
0.445843
0.445846
0.445847
0.445845
0.445846
0.445851
0.445859
0.445864
0.445872
0.445882
0.44588
0.445883
0.445889
0.445893
0.445899
0.445902
0.445898
0.445898
0.445899
0.445909
0.445913
0.445918
0.445923
0.445929
0.445931
0.44593
0.445933
0.445932
0.445936
0.445939
0.445941
0.445945
0.445945
0.44595
0.445954
0.445964
0.44597
0.445972
0.445982
0.445987
0.445993
0.445999
0.446001
0.446
0.445999
0.446002
0.446004
0.446003
0.446005
0.446004
0.446003
0.446008
0.446006
0.446007
0.446008
0.446011
0.446011
0.446018
0.446029
0.446028
0.446029
0.446032
0.446036
0.446039
0.44603
0.44603
0.446035
0.446041
0.44604
0.446039
0.446043
0.446043
0.44605
0.446054
0.44606
0.446071
0.446073
0.446078
0.446081
0.446081
0.446086
0.446088
0.446099
0.446103
0.446105
0.446113
0.446119
0.446122
0.446126
0.446135
0.446142
0.446144
0.446147
0.446157
0.446161
0.446164
0.446161
0.446165
0.446175
0.446181
0.446185
0.446187
0.446189
0.446199
0.446201
0.4462
0.446195
0.446196
0.4462
0.446206
0.446212
0.446214
0.446228
0.446229
0.44624
0.446245
0.446241
0.446243
0.446243
0.446244
0.446242
0.446247
0.44625
0.446251
0.446258
0.446261
0.44626
0.44626
0.446264
0.446271
0.446277
0.446284
0.446296
0.446301
0.4463
0.446297
0.446299
0.4463
0.446299
0.446303
0.446306
0.446301
0.446303
0.4463
0.446301
0.446302
0.446307
0.446309
0.446316
0.446309
0.44632
0.446329
0.446328
0.446329
0.446332
0.446336
0.44634
0.446344
0.446343
0.446344
0.446344
0.446342
0.446346
0.446352
0.446349
0.446358
0.446359
0.446359
0.446364
0.446366
0.446374
0.446383
0.446386
0.446389
0.446392
0.446398
0.446403
0.446405
0.446411
0.44642
0.446427
0.446435
0.446434
0.446431
0.446432
0.446436
0.446436
0.446433
0.446439
0.446435
0.446436
0.44644
0.446436
0.446435
0.446439
0.446439
0.446436
0.446433
0.446435
0.446445
0.44645
0.44645
0.446453
0.446453
0.446455
0.446464
0.446463
0.446467
0.446473
0.446478
0.446478
0.446483
0.44649
0.44649
0.446495
0.446498
0.446504
0.446504
0.44651
0.446518
0.446515
0.446513
0.446521
0.44652
0.446524
0.446525
0.446532
0.446537
0.446548
0.446557
0.446563
0.446567
0.446571
0.446581
0.446584
0.446589
0.446593
0.446595
0.446592
0.446598
0.446599
0.446609
0.446614
0.446617
0.446616
0.446622
0.446626
0.446634
0.446638
0.446645
0.446648
0.446657
0.446659
0.446664
0.446663
0.446667
0.44667
0.446675
0.446681
0.446682
0.44669
0.446691
0.446691
0.4467
0.446703
0.446709
0.446723
0.446718
0.446717
0.446717
0.446721
0.44673
0.446734
0.44674
0.446747
0.446745
0.446744
0.446743
0.446743
0.446748
0.446753
0.446757
0.446764
0.446767
0.446771
0.446782
0.446781
0.446793
0.446793
0.446796
0.4468
0.446809
0.44681
0.446805
0.446808
0.446809
0.446821
0.446828
0.44683
0.446833
0.446844
0.446852
0.446851
0.446859
0.446865
0.446871
0.446878
0.446885
0.446886
0.446887
0.44689
0.446894
0.446895
0.446902
0.446909
0.446918
0.446919
0.446922
0.446923
0.446923
0.446925
0.446929
0.446939
0.446944
0.446948
0.446952
0.446958
0.446961
0.446959
0.446958
0.446963
0.446968
0.446972
0.446974
0.446976
0.446974
0.44698
0.446984
0.446986
0.446987
0.446984
0.446978
0.446979
0.446979
0.446982
0.446985
0.446988
0.446989
0.446991
0.446999
0.447006
0.447013
0.447017
0.447018
0.447022
0.447023
0.447023
0.44703
0.447038
0.447037
0.447048
0.44705
0.447053
0.447058
0.447056
0.447057
0.447064
0.447062
0.447065
0.447072
0.447074
0.447073
0.447078
0.447084
0.447083
0.447077
0.447082
0.447089
0.447091
0.447096
0.447101
0.447106
0.447109
0.44711
