0.321429
0.330357
0.276836
0.27381
0.259494
0.246719
0.239468
0.229862
0.228319
0.228663
0.223565
0.223496
0.224764
0.224777
0.229346
0.231504
0.22919
0.227669
0.225501
0.226531
0.22407
0.221483
0.222222
0.223206
0.226383
0.228288
0.225962
0.224553
0.222892
0.221896
0.223571
0.222145
0.221545
0.225083
0.223718
0.224246
0.223464
0.22316
0.222949
0.221508
0.22133
0.220472
0.217559
0.21645
0.219032
0.217889
0.218432
0.217955
0.221027
0.220936
0.220009
0.220568
0.219881
0.220575
0.222663
0.221739
0.221269
0.220296
0.219876
0.220816
0.222981
0.22209
0.221873
0.221705
0.222349
0.224436
0.225065
0.224579
0.224431
0.224795
0.223707
0.224072
0.225231
0.225051
0.225017
0.225817
0.226575
0.226056
0.224347
0.223626
0.225646
0.224133
0.223976
0.222957
0.222915
0.223233
0.222222
0.223496
0.222632
0.221816
0.221325
0.22161
0.221827
0.221442
0.221538
0.220639
0.219608
0.219493
0.21875
0.218274
0.217949
0.217077
0.218186
0.219721
0.219188
0.220359
0.221033
0.222091
0.222041
0.222325
0.223621
0.223759
0.224865
0.224772
0.224724
0.225142
0.224127
0.224358
0.224271
0.224841
0.224258
0.224405
0.224131
0.223546
0.223354
0.224362
0.224773
0.2256
0.225288
0.225419
0.226633
0.226364
0.225825
0.225244
0.226771
0.226868
0.226351
0.226197
0.225955
0.225872
0.22536
0.225439
0.226137
0.226607
0.226539
0.226272
0.226247
0.226372
0.225845
0.225995
0.22601
0.226418
0.227365
0.227463
0.227439
0.227318
0.227757
0.228073
0.227723
0.228774
0.229477
0.229412
0.229664
0.229585
0.229628
0.230078
0.230698
0.230663
0.23043
0.230432
0.230365
0.230448
0.229754
0.229963
0.229506
0.229625
0.229275
0.230104
0.230174
0.230506
0.230136
0.229791
0.22961
0.229648
0.229826
0.229852
0.22973
0.229258
0.229349
0.229272
0.22887
0.228857
0.22871
0.228977
0.228819
0.228275
0.227736
0.228248
0.228452
0.228553
0.228805
0.228737
0.228905
0.229443
0.229196
0.228814
0.229335
0.229109
0.229068
0.228845
0.228808
0.228645
0.227898
0.227528
0.227621
0.22786
0.228169
0.228568
0.228026
0.227494
0.227198
0.22699
0.227135
0.227072
0.227062
0.226874
0.226871
0.226598
0.226844
0.226727
0.226694
0.226513
0.226293
0.226079
0.226175
0.226127
0.226413
0.226506
0.226207
0.226454
0.226281
0.226046
0.225495
0.225865
0.225769
0.225851
0.225919
0.225518
0.225391
0.225083
0.224816
0.224933
0.225252
0.224828
0.224638
0.224527
0.224035
0.224644
0.22448
0.224326
0.224007
0.224421
0.224126
0.224293
0.224143
0.224222
0.224086
0.223647
0.223739
0.223958
0.223642
0.223404
0.223432
0.223195
0.223108
0.223114
0.222986
0.223171
0.223313
0.223288
0.223161
0.22324
0.223349
0.223438
0.223779
0.223551
0.223567
0.223542
0.223427
0.223273
0.22325
0.223286
0.223293
0.22326
0.223149
0.223469
0.223378
0.22312
0.223371
0.223309
0.223471
0.223323
0.223146
0.223459
0.223494
0.224481
0.224797
0.224342
0.22459
0.224422
0.224266
0.224121
0.223985
0.224305
0.224298
0.224227
0.224625
0.224368
0.224434
0.22418
0.224383
0.224621
0.224616
0.224521
0.224343
0.224246
0.224339
0.224359
0.224291
0.224638
0.224756
0.224907
0.225032
0.225004
0.224963
0.224771
0.225084
0.225257
0.225496
0.225677
0.225632
0.225717
0.225418
0.225308
0.225391
0.225613
0.225696
0.225821
0.225595
0.225301
0.225554
0.225446
0.225589
0.225455
0.225355
0.225206
0.224976
0.225052
0.225118
0.224897
0.224768
0.225084
0.225126
0.224987
0.225561
0.225834
0.225897
0.225846
0.225843
0.226092
0.226477
0.226624
0.22667
0.226974
0.227007
0.227119
0.227015
0.22686
0.226975
0.226717
0.226399
0.226277
0.226273
0.226332
0.226503
0.22672
0.22669
0.22655
0.226854
0.22672
0.226819
0.226652
0.226779
0.22691
0.226556
0.226606
0.226487
0.226425
0.226638
0.226774
0.226515
0.226591
0.226564
0.226593
0.226414
0.226312
0.226497
0.22657
0.226428
0.226375
0.226272
0.226219
0.22628
0.226002
0.225985
0.225944
0.226099
0.226035
0.226181
0.225772
0.225592
0.225499
0.225218
0.225246
0.225095
0.224833
0.224876
0.224946
0.224952
0.224831
0.225063
0.22522
0.225375
0.225295
0.22533
0.225035
0.224974
0.22497
0.224911
0.224898
0.225225
0.225139
0.224861
0.224715
0.224558
0.224773
0.224635
0.224559
0.224442
0.224307
0.224361
0.22443
0.22451
0.224602
0.224713
0.224565
0.224508
0.224786
0.225114
0.225111
0.225161
0.225192
0.225229
0.225228
0.225009
0.225249
0.225237
0.225358
0.225233
0.225056
0.225259
0.225335
0.225533
0.225613
0.225587
0.225506
0.22558
0.225728
0.225701
0.225767
0.225968
0.225998
0.225892
0.225792
0.225891
0.226023
0.2259
0.226033
0.225833
0.225848
0.225948
0.225918
0.225965
0.2258
0.225703
0.225637
0.225725
0.225777
0.225767
0.225779
0.225832
0.225767
0.225832
0.225907
0.225954
0.226005
0.22594
0.225781
0.225827
0.22596
0.226073
0.226187
0.226057
0.225858
0.22575
0.22584
0.225712
0.225654
0.225539
0.225396
0.225678
0.22566
0.225777
0.225844
0.225803
0.225953
0.225919
0.225949
0.225999
0.22584
0.225895
0.225979
0.226056
0.226253
0.226308
0.226366
0.226305
0.226138
0.226295
0.226391
0.226493
0.226682
0.22677
0.226917
0.226843
0.227085
0.22718
0.227189
0.22716
0.227055
0.227196
0.22733
0.227321
0.227209
0.227101
0.227097
0.227123
0.226913
0.226758
0.226943
0.227092
0.227051
0.226927
0.226958
0.227093
0.226989
0.227066
0.227117
0.227073
0.227133
0.22716
0.227258
0.227161
0.227153
0.227252
0.227462
0.227499
0.227515
0.227413
0.227291
0.227371
0.227451
0.227198
0.227358
0.227502
0.227411
0.22767
0.227696
0.227809
0.228179
0.228169
0.228139
0.22817
0.228109
0.227949
0.227971
0.228065
0.227891
0.22802
0.227966
0.228134
0.228265
0.228201
0.228101
0.22805
0.227993
0.22786
0.227818
0.227694
0.227804
0.227825
0.227929
0.227924
0.227736
0.227804
0.227828
0.227814
0.22793
0.227939
0.227835
0.227711
0.227751
0.227873
0.227632
0.227497
0.227427
0.227419
0.22749
0.227369
0.227271
0.227376
0.22742
0.227386
0.227406
0.227387
0.227389
0.227461
0.227457
0.227595
0.227587
0.227399
0.227405
0.227431
0.227662
0.227765
0.22782
0.227655
0.227658
0.227583
0.227554
0.22749
0.227405
0.227501
0.227537
0.227458
0.227529
0.22754
0.227574
0.227498
0.227362
0.227092
0.227205
0.227089
0.227091
0.227155
0.227097
0.227119
0.227264
0.227481
0.227421
0.227338
0.227343
0.227143
0.227115
0.227025
0.22702
0.227088
0.227121
0.227203
0.227209
0.227255
0.22745
0.227406
0.22725
0.227347
0.227486
0.227528
0.227366
0.227482
0.227424
0.227538
0.227451
0.227568
0.227538
0.227456
0.227625
0.227667
0.22766
0.227738
0.227902
0.227823
0.227979
0.227901
0.227992
0.227961
0.228117
0.228124
0.228049
0.228188
0.22811
0.228255
0.228421
0.22836
0.22844
0.228478
0.228268
0.228417
0.228346
0.228247
0.228459
0.22852
0.228387
0.228378
0.228399
0.228286
0.228469
0.228475
0.228492
0.22843
0.228495
0.228448
0.228458
0.228516
0.228467
0.228458
0.228585
0.228468
0.228565
0.228673
0.228737
0.228665
0.228917
0.228762
0.228779
0.228796
0.2289
0.22882
0.228754
0.228765
0.22868
0.228636
0.22868
0.228688
0.228644
0.228655
0.228767
0.228767
0.228685
0.228645
0.228676
0.228719
0.228698
0.228726
0.228675
0.228766
0.228823
0.22882
0.229047
0.22907
0.229064
0.228976
0.228909
0.229015
0.229036
0.229186
0.229166
0.229031
0.229075
0.228933
0.22893
0.229064
0.229079
0.228954
0.228943
0.228856
0.228776
0.228713
0.228871
0.228964
0.229025
0.229031
0.22916
0.229104
0.229192
0.229153
0.229281
0.229229
0.229197
0.22922
0.229273
0.229224
0.229273
0.229244
0.229267
0.229189
0.229161
0.229191
0.229079
0.229154
0.229058
0.228977
0.229022
0.229044
0.228915
0.22889
0.228874
0.229052
0.228862
0.228916
0.228853
0.228731
0.22877
0.22879
0.228762
0.228821
0.228898
0.228977
0.229162
0.229223
0.229202
0.229238
0.229134
0.229131
0.229177
0.229344
0.229375
0.229406
0.22942
0.229444
0.229357
0.229332
0.229365
0.229452
0.229587
0.229623
0.229857
0.229778
0.229668
0.229677
0.22962
0.229578
0.229709
0.229717
0.229755
0.229806
0.229949
0.230021
0.230032
0.230043
0.23011
0.230202
0.230138
0.230201
0.230296
0.230126
0.230155
0.230191
0.230145
0.230224
0.230304
0.230194
0.230395
0.230398
0.230271
0.230124
0.230153
0.230367
0.230313
0.23037
0.230408
0.230392
0.230427
0.230493
0.230674
0.230751
0.23076
0.230799
0.230929
0.230952
0.230898
0.23088
0.23091
0.230985
0.23099
0.231005
0.230982
0.230865
0.23074
0.230769
0.23061
0.230708
0.230765
0.230815
0.230799
0.230835
0.230903
0.230876
0.230792
0.230758
0.230717
0.230623
0.230528
0.230565
0.230497
0.23048
0.230426
0.23038
0.230459
0.230345
0.230343
0.23019
0.230228
0.230084
0.230123
0.230308
0.230193
0.230309
0.23038
0.230515
0.230522
0.230434
0.23047
0.230492
0.230688
0.230631
0.230725
0.230752
0.230719
0.230673
0.23068
0.230593
0.230521
0.230513
0.230485
0.230435
0.230346
0.230403
0.230365
0.230322
0.230264
0.230225
0.230174
0.230194
0.230276
0.230279
0.230387
0.23054
0.230551
0.230508
0.230476
0.230451
0.230526
0.230492
0.230494
0.23046
0.23048
0.230491
0.230525
0.230563
0.230566
0.230498
0.230458
0.230566
0.230569
0.230537
0.230523
0.230423
0.230444
0.230541
0.230419
0.230472
0.230575
0.230613
0.230563
0.230559
0.23059
0.230538
0.230472
0.23036
0.230469
0.230541
0.230616
0.230519
0.230451
0.230429
0.230565
0.230662
0.230691
0.230638
0.23065
0.230777
0.230968
0.231004
0.230935
0.230888
0.23103
0.23105
0.230975
0.230989
0.231106
0.23109
0.231126
0.231209
0.231174
0.231278
0.231389
0.231416
0.231489
0.231502
0.231483
0.23142
0.231416
0.231409
0.231436
0.231488
0.231537
0.231466
0.231436
0.231349
0.231388
0.231428
0.231576
0.231635
0.231598
0.23159
0.231516
0.231578
0.231568
0.231681
0.231639
0.231568
0.231585
0.231594
0.231487
0.231651
0.231578
0.231706
0.231715
0.231642
0.23168
0.231721
0.23172
0.23167
0.231628
0.2316
0.231624
0.231724
0.231721
0.231691
0.231588
0.231579
0.231662
0.231736
0.231779
0.231894
0.231787
0.231792
0.231748
0.231699
0.231584
0.23165
0.231615
0.231631
0.231682
0.231708
0.231776
0.231716
0.231717
0.231739
0.231802
0.231729
0.231834
0.231815
0.231735
0.231794
0.231894
0.231962
0.23204
0.23199
0.231904
0.231916
0.231799
0.23186
0.231878
0.231924
0.231986
0.232026
0.232105
0.232095
0.232123
0.232124
0.232115
0.232104
0.232263
0.232186
0.232179
0.232108
0.232092
0.232124
0.232139
0.232116
0.232146
0.232171
0.232252
0.232277
0.232305
0.23227
0.232357
0.232483
0.23243
0.232439
0.23245
0.232361
0.232497
0.232547
0.232496
0.232527
0.232499
0.232539
0.232569
0.232505
0.232505
0.232489
0.232455
0.232464
0.232452
0.23253
0.232463
0.232407
0.232419
0.232403
0.232454
0.232494
0.232458
0.232442
0.23248
0.232499
0.232531
0.232432
0.232437
0.23235
0.23245
0.232511
0.23246
0.232462
0.232391
0.232379
0.232468
0.23235
0.232379
0.232366
0.232356
0.232359
0.232377
0.232353
0.232311
0.232324
0.232408
0.232373
0.232335
0.232378
0.232391
0.232348
0.232322
0.232308
0.232337
0.23238
0.232404
0.232314
0.2323
0.232192
0.232191
0.232259
0.232229
0.232254
0.232309
0.232425
0.232472
0.23239
0.232375
0.232339
0.23225
0.232202
0.232331
0.232343
0.232318
0.232332
0.232487
0.232458
0.232421
0.232433
0.232512
0.232394
0.232468
0.232497
0.232574
0.2326
0.232736
0.232656
0.232646
0.232695
0.232671
0.232752
0.232873
0.232925
0.232964
0.233019
0.233034
0.233015
0.233032
0.232989
0.233024
0.232971
0.232929
0.232938
0.232892
0.23291
0.232915
0.232938
0.232953
0.232857
0.23274
0.232715
0.23269
0.232681
0.232756
0.232718
0.232637
0.232637
0.232613
0.232685
0.232606
0.232641
0.232639
0.232617
0.232638
0.232664
0.232746
0.232715
0.232628
0.232597
0.232641
0.23262
0.232641
0.232622
0.232602
0.232606
0.232569
0.232578
0.232539
0.232535
0.232432
0.232475
0.232433
0.232461
0.232483
0.23248
0.232482
0.232465
0.232435
0.232485
0.232537
0.232482
0.232487
0.232427
0.232397
0.232369
0.232362
0.232543
0.232501
0.23242
0.232414
0.232469
0.232474
0.23258
0.232638
0.232715
0.23269
0.23272
0.232687
0.232627
0.232608
0.232629
0.232699
0.232704
0.232711
0.232698
0.232686
0.232647
0.232749
0.232752
0.232673
0.232686
0.232653
0.232724
0.232688
0.23268
0.232586
0.232607
0.232692
0.232853
0.232823
0.232854
0.232859
0.232914
0.232845
0.23285
0.232914
0.233009
0.233025
0.233022
0.233233
0.233224
0.233199
0.233177
0.233144
0.233103
0.233087
0.233168
0.233113
0.233171
0.233207
0.233197
0.233161
0.233194
0.233212
0.2332
0.233253
0.233284
0.233261
0.233328
0.233382
0.233437
0.233482
0.233466
0.233547
0.233652
0.23373
0.233794
0.233797
0.233786
0.23373
0.233778
0.23376
0.233766
0.233685
0.233678
0.233717
0.233748
0.233767
0.23378
0.233723
0.233824
0.233907
0.233908
0.233941
0.233922
0.233872
0.233805
0.233799
0.233812
0.233868
0.233803
0.233755
0.233777
0.233832
0.233882
0.233914
0.233906
0.233965
0.233948
0.233974
0.234165
0.234165
0.234083
0.234132
0.234067
0.234061
0.233987
0.233989
0.233981
0.23392
0.233881
0.233855
0.233867
0.233848
0.233923
0.23393
0.233886
0.233972
0.233951
0.233949
0.233961
0.233987
0.233979
0.233973
0.233976
0.234093
0.234114
0.234069
0.234141
0.234125
0.234168
0.234187
0.234153
0.234158
0.234114
0.234188
0.234246
0.234182
0.234219
0.234293
0.234313
0.234368
0.234286
0.23429
0.23428
0.234166
0.234195
0.234316
0.234412
0.234477
0.234404
0.234496
0.234539
0.23448
0.234519
0.234584
0.234716
0.234682
0.234687
0.234615
0.234653
0.23468
0.234759
0.234683
0.234636
0.234652
0.234591
0.234661
0.234646
0.234625
0.23462
0.234661
0.234632
0.234615
0.234672
0.234626
0.23453
0.234557
0.234562
0.234526
0.23447
0.234383
0.234408
0.234522
0.234611
0.234613
0.234588
0.234603
0.234531
0.234555
0.234609
0.234574
0.234587
0.234563
0.234613
0.234676
0.234657
0.234671
0.234693
0.234747
0.234647
0.234677
0.234631
0.234566
0.234578
0.234538
0.234521
0.23454
0.234597
0.234658
0.234641
0.234589
0.234551
0.234649
0.234704
0.23465
0.234674
0.234733
0.234724
0.234723
0.234682
0.234687
0.234636
0.234576
0.234512
0.234538
0.234486
0.234483
0.234375
0.23441
0.234366
0.234371
0.234418
0.234529
0.23445
0.234487
0.234546
0.234518
0.234484
0.234461
0.234458
0.234476
0.234423
0.234397
0.234366
0.234347
0.234322
0.234274
0.234279
0.234267
0.234251
0.234214
0.234291
0.234302
0.23429
0.234218
0.234205
0.234159
0.23413
0.234119
0.234173
0.234201
0.234165
0.234164
0.234183
0.234125
0.234067
0.234019
0.234029
0.233945
0.233884
0.233908
0.233939
0.234031
0.234074
0.234128
0.23413
0.234137
0.234156
0.234153
0.234173
0.234187
0.234198
0.234132
0.234166
0.234172
0.234209
0.234192
0.234165
0.234239
0.234222
0.234228
0.234319
0.234243
0.234186
0.234229
0.234253
0.234301
0.234304
0.234274
0.234211
0.23425
0.234379
0.234364
0.234389
0.234311
0.234381
0.234347
0.234308
0.234281
0.234266
0.234241
0.234171
0.234154
0.234137
0.234121
0.23409
0.234081
0.234044
0.234112
0.234118
0.234061
0.234109
0.234101
0.234135
0.234099
0.2341
0.234094
0.234025
0.234062
0.234059
0.23398
0.234029
0.233975
0.233975
0.234045
0.234102
0.234159
0.234097
0.234084
0.233999
0.234066
0.234091
0.234141
0.23415
0.234142
0.234146
0.23421
0.234215
0.234212
0.234211
0.234165
0.23416
0.234214
0.234155
0.234242
0.234247
0.234249
0.234264
0.234298
0.234292
0.234254
0.234334
0.234311
0.234285
0.234334
0.234358
0.234392
0.234446
0.234491
0.234456
0.234421
0.234465
0.234335
0.234324
0.234292
0.234268
0.234321
0.234353
0.234295
0.234301
0.234371
0.234276
0.234338
0.234335
0.234376
0.234386
0.234428
0.234483
0.234489
0.234453
0.234404
0.234383
0.234428
0.234421
0.234346
0.234289
0.234253
0.234194
0.234147
0.234101
0.234085
0.234143
0.234084
0.234111
0.234166
0.234166
0.23415
0.234113
0.234157
0.234208
0.234267
0.234254
0.234251
0.234287
0.234322
0.234238
0.234241
0.234286
0.234278
0.234253
0.234156
0.234171
0.234205
0.234155
0.23411
0.234105
0.234089
0.234151
0.234116
0.234096
0.234118
0.234087
0.234109
0.234142
0.234089
0.234157
0.23415
0.234188
0.23423
0.234183
0.234176
0.234197
0.234165
0.234162
0.234127
0.234085
0.234055
0.234076
0.233999
0.234093
0.234028
0.233989
0.233973
0.234019
0.233988
0.234006
0.234053
0.234081
0.234128
0.23412
0.234142
0.234152
0.234146
0.234175
0.234138
0.234146
0.234214
0.234198
0.234227
0.234192
0.234232
0.234275
0.234321
0.23431
0.234266
0.23426
0.234185
0.23417
0.234145
0.234201
0.23422
0.234252
0.234224
0.234269
0.234295
0.234309
0.234329
0.234337
0.234311
0.234331
0.234305
0.234303
0.234236
0.234243
0.23423
0.234229
0.234233
0.234255
0.234321
0.234309
0.23437
0.23434
0.234294
0.234265
0.234267
0.234236
0.234267
0.234281
0.234284
0.234317
0.23426
0.234246
0.234314
0.234291
0.234307
0.234359
0.234388
0.234335
0.234347
0.234337
0.234353
0.234255
0.234285
0.234335
0.234336
0.234303
0.234317
0.234356
0.234337
0.234387
0.234382
0.23433
0.234293
0.234335
0.234317
0.234284
0.234262
0.234281
0.234257
0.234191
0.234105
0.234134
0.234145
0.234158
0.2341
0.234116
0.234109
0.234168
0.234238
0.234279
0.234387
0.234353
0.234326
0.234328
0.234307
0.234354
0.234352
0.234385
0.234416
0.234416
0.234363
0.234381
0.234394
0.234438
0.234421
0.234385
0.23434
0.234355
0.234332
0.234354
0.234343
0.234324
0.234282
0.234289
0.234277
0.234305
0.234285
0.234273
0.234295
0.234286
0.234285
0.234265
0.234343
0.234357
0.234311
0.234304
0.234363
0.234377
0.234357
0.234322
0.234342
0.234294
0.234365
0.234354
0.234383
0.234431
0.234502
0.234455
0.234428
0.234392
0.234334
0.23432
0.234272
0.234251
0.234285
0.234314
0.234369
0.234327
0.234322
0.23427
0.234249
0.234228
0.234222
0.234183
0.234201
0.234244
0.234274
0.234239
0.234311
0.234298
0.234315
0.234313
0.234345
0.234349
0.234396
0.234379
0.234377
0.234344
0.234406
0.234415
0.234385
0.2344
0.234394
0.234402
0.234389
0.234402
0.23441
0.234363
0.234396
0.234367
0.234354
0.234319
0.234405
0.234404
0.23441
0.234405
0.234429
0.234405
0.234383
0.234384
0.234336
0.234293
0.234285
0.234272
0.234304
0.234338
0.23438
0.234339
0.234313
0.234265
0.234261
0.234272
0.234286
0.234274
0.234214
0.234174
0.234163
0.23423
0.234234
0.234223
0.234232
0.234238
0.234256
0.234278
0.234279
0.234269
0.234316
0.2343
0.234355
0.234408
0.234386
0.234421
0.234399
0.234349
0.234358
0.234358
0.234368
0.234401
0.234449
0.234444
0.234515
0.234497
0.234538
0.234567
0.234549
0.234581
0.234589
0.234599
0.234554
0.234552
0.234519
0.234524
0.23456
0.234557
0.23452
0.234524
0.234487
0.234499
0.234519
0.234579
0.234577
0.234544
0.234575
0.234533
0.234485
0.234464
0.234464
0.234503
0.234488
0.234516
0.234495
0.234455
0.234486
0.234525
0.234569
0.234592
0.234624
0.234621
0.234633
0.234642
0.23464
0.234714
0.234679
0.234682
0.234695
0.234662
0.234634
0.234775
0.23481
0.234854
0.234914
0.234949
0.23491
0.234922
0.234895
0.234877
0.234866
0.234811
0.234805
0.234816
0.234879
0.234894
0.234941
0.234904
0.23487
0.234849
0.23484
0.23486
0.234815
0.234825
0.23484
0.234784
0.234806
0.234793
0.234818
0.234821
0.234812
0.234864
0.234878
0.234903
0.234927
0.23499
0.234949
0.234999
0.235022
0.235057
0.23509
0.23507
0.235091
0.235108
0.235089
0.23507
0.235095
0.235053
0.235056
0.235093
0.23504
0.235139
0.23512
0.235161
0.235185
0.235173
0.235143
0.235125
0.235088
0.235059
0.235013
0.234994
0.234982
0.235017
0.235038
0.235041
0.235061
0.235031
0.235034
0.235022
0.235046
0.235034
0.235057
0.235054
0.235015
0.235056
0.235051
0.23503
0.235105
0.235077
0.2351
0.235132
0.235153
0.235162
0.235093
0.235078
0.235044
0.235036
0.235039
0.23501
0.235
0.235044
0.234979
0.234937
0.234895
0.234864
0.234848
0.234899
0.234893
0.234913
0.234976
0.235046
0.235025
0.235002
0.235055
0.235049
0.235087
0.235072
0.23514
0.235227
0.235215
0.235233
0.235268
0.235304
0.235313
0.235307
0.235279
0.23525
0.235242
0.235268
0.235262
0.235301
0.235298
0.235307
0.235311
0.235279
0.235252
0.235213
0.235222
0.235206
0.235179
0.235181
0.235171
0.235209
0.235227
0.235195
0.235176
0.23516
0.235183
0.235186
0.235182
0.235184
0.235249
0.235268
0.235291
0.235316
0.235322
0.2353
0.235313
0.235328
0.235266
0.235221
0.235204
0.235204
0.235216
0.235201
0.235232
0.235243
0.235256
0.235228
0.235233
0.235207
0.235175
0.235213
0.235251
0.235231
0.235259
0.235299
0.235272
0.235272
0.235282
0.235316
0.235359
0.235381
0.235337
0.235297
0.235262
0.235276
0.235315
0.235345
0.2354
0.235398
0.235395
0.235367
0.235357
0.235341
0.235329
0.235348
0.235344
0.235317
0.235286
0.235321
0.235331
0.235257
0.23524
0.235196
0.235213
0.235218
0.235241
0.235249
0.235276
0.235341
0.235358
0.235344
0.235323
0.23533
0.235286
0.235293
0.235295
0.235275
0.235254
0.235247
0.235173
0.235195
0.235207
0.235192
0.23514
0.235186
0.235175
0.235209
0.235214
0.235188
0.235205
0.235233
0.235279
0.235252
0.235274
0.235298
0.235397
0.235381
0.235407
0.235378
0.235385
0.235345
0.235393
0.235413
0.235419
0.235438
0.235511
0.235509
0.235551
0.235569
0.235552
0.235609
0.235608
0.235589
0.235617
0.235632
0.23559
0.23559
0.235632
0.235602
0.235631
0.235676
0.235667
0.235643
0.235652
0.235649
0.235691
0.2357
0.235662
0.23569
0.235671
0.235712
0.235712
0.235751
0.23577
0.235736
0.235758
0.235758
0.235792
0.235831
0.235829
0.235809
0.235866
0.235816
0.235829
0.235875
0.235861
0.235828
0.235848
0.235896
0.235874
0.235888
0.23594
0.23595
0.23597
0.23598
0.23601
0.235994
0.235987
0.235994
0.235987
0.235971
0.235977
0.235968
0.235951
0.235966
0.23597
0.235979
0.235986
0.235995
0.236056
0.236044
0.236033
0.236062
0.236079
0.236076
0.236054
0.236042
0.236057
0.235999
0.236002
0.235963
0.235969
0.235942
0.235919
0.235957
0.235995
0.235987
0.236002
0.236071
0.236057
0.236062
0.236068
0.236089
0.236057
0.236076
0.236062
0.236024
0.236057
0.236123
0.236085
0.236049
0.236008
0.236022
0.236033
0.23605
0.236034
0.236033
0.236047
0.236065
0.236066
0.236058
0.236054
0.23606
0.236129
0.236112
0.236081
0.236069
0.236078
0.236108
0.236093
0.236077
0.23608
0.236063
0.23604
0.236086
0.236122
0.236133
0.236085
0.23602
0.236009
0.236038
0.236112
0.236099
0.23608
0.236123
0.236139
0.236136
0.236098
0.236113
0.236103
0.236109
0.236102
0.236126
0.236161
0.236162
0.236182
0.236191
0.236172
0.236183
0.236173
0.236159
0.236161
0.236083
0.236082
0.236169
0.236162
0.236196
0.236124
0.236132
0.236176
0.236241
0.236207
0.236195
0.23618
0.236212
0.236215
0.236225
0.236256
0.236239
0.236209
0.236213
0.236218
0.236181
0.236178
0.236188
0.236207
0.236146
0.236165
0.236198
0.236217
0.236265
0.23624
0.236226
0.236272
0.23627
0.236245
0.236199
0.236186
0.236177
0.236204
0.236228
0.236202
0.236233
0.236225
0.236208
0.236214
0.236231
0.236206
0.236192
0.236174
0.236141
0.236135
0.236125
0.236118
0.236114
0.236097
0.236057
0.236055
0.236036
0.236041
0.23606
0.236032
0.236078
0.236047
0.236042
0.236048
0.236049
0.236077
0.236089
0.236146
0.236124
0.236097
0.236105
0.236152
0.236179
0.236185
0.236172
0.236147
0.236135
0.236141
0.236128
0.236169
0.236191
0.236192
0.236214
0.236179
0.236152
0.236125
0.23613
0.236147
0.23618
0.23619
0.236221
0.236195
0.236194
0.23611
0.236078
0.236117
0.236071
0.236061
0.23605
0.236013
0.236028
0.236044
0.236028
0.236035
0.23602
0.235992
0.235973
0.235991
0.235991
0.235985
0.235962
0.235944
0.235945
0.235948
0.235954
0.235955
0.235951
0.235902
0.235873
0.235909
0.235923
0.235936
0.235933
0.235969
0.235957
0.23593
0.235987
0.235991
0.236011
0.235989
0.235959
0.235956
0.235924
0.235921
0.235917
0.235944
0.235953
0.235917
0.235951
0.235967
0.235968
0.235959
0.23597
0.235962
0.236013
0.235997
0.236035
0.236068
0.236078
0.236067
0.236061
0.236067
0.236041
0.236044
0.236079
0.236062
0.236062
0.236079
0.236031
0.236054
0.236035
0.236076
0.236139
0.236145
0.236157
0.236167
0.236157
0.236156
0.236156
0.236154
0.23615
0.236119
0.236148
0.236106
0.236122
0.236097
0.236074
0.236056
0.236071
0.236053
0.23608
0.236065
0.236081
0.236075
0.236035
0.236029
0.236056
0.236033
0.236074
0.236134
0.236099
0.236099
0.236116
0.236143
0.236133
0.236112
0.236164
0.236142
0.236122
0.236107
0.236093
0.236118
0.236096
0.236103
0.236054
0.236052
0.236077
0.236044
0.23603
0.236037
0.236007
0.235951
0.235966
0.236006
0.236
0.236008
0.236027
0.236064
0.236048
0.236039
0.236044
0.236043
0.236024
0.235987
0.236008
0.236013
0.236047
0.236043
0.236009
0.236008
0.235997
0.235977
0.235968
0.235975
0.235935
0.235958
0.23598
0.235969
0.235984
0.235984
0.235977
0.235976
0.235945
0.235971
0.235934
0.235915
0.235917
0.235926
0.235954
0.235981
0.235974
0.236006
0.235986
0.235995
0.235993
0.236009
0.236009
0.236017
0.236004
0.235997
0.236012
0.236009
0.236017
0.23602
0.23602
0.236016
0.236011
0.236055
0.236063
0.236087
0.2361
0.236064
0.236089
0.236089
0.236097
0.236066
0.236036
0.23606
0.236019
0.236042
0.236011
0.23604
0.236062
0.236056
0.236043
0.236048
0.23603
0.236011
0.23606
0.23605
0.236063
0.236076
0.236061
0.236044
0.236074
0.236051
0.236016
0.236017
0.236
0.235984
0.236027
0.236004
0.236013
0.236016
0.235989
0.235997
0.236014
0.236002
0.23597
0.235942
0.235973
0.235959
0.236012
0.235959
0.235984
0.235961
0.235954
0.235934
0.235945
0.236007
0.236034
0.23605
0.236067
0.236091
0.236103
0.236077
0.236112
0.236108
0.236107
0.236125
0.236175
0.236155
0.236151
0.236156
0.236147
0.236169
0.236209
0.236248
0.236248
0.236296
0.236279
0.236275
0.236243
0.23624
0.236263
0.236213
0.236255
0.236258
0.236267
0.236242
0.236217
0.236246
0.236266
0.23624
0.236249
0.236271
0.236275
0.236221
0.236198
0.236192
0.236185
0.236176
0.236184
0.236186
0.236192
0.236187
0.236219
0.236237
0.236237
0.236266
0.236254
0.236262
0.236269
0.236264
0.236266
0.236287
0.236323
0.236311
0.236342
0.236357
0.23635
0.23635
0.236332
0.236287
0.236253
0.236257
0.236253
0.236248
0.236229
0.236263
0.236267
0.236266
0.236262
0.236289
0.236274
0.236283
0.236319
0.236302
0.236273
0.236327
0.236348
0.236367
0.236355
0.23639
0.236383
0.236352
0.236351
0.236347
0.236345
0.236311
0.236276
0.236292
0.236277
0.236294
0.236287
0.236299
0.236249
0.23625
0.236235
0.236214
0.236261
0.236221
0.236234
0.236226
0.236225
0.236218
0.236215
0.236208
0.236209
0.236247
0.23622
0.236212
0.2362
0.236187
0.236176
0.236155
0.236119
0.236142
0.236185
0.236197
0.236181
0.236169
0.2362
0.236214
0.236259
0.236244
0.236273
0.236261
0.236237
0.236283
0.236278
0.236273
0.236261
0.23622
0.236251
0.236195
0.236224
0.236256
0.23628
0.236276
0.236278
0.236287
0.23626
0.236241
0.236251
0.236262
0.236283
0.23627
0.236247
0.236262
0.236236
0.236222
0.236189
0.236173
0.236209
0.236211
0.236201
0.23618
0.236204
0.236171
0.236177
0.236171
0.236153
0.236155
0.236187
0.236183
0.236194
0.236172
0.236199
0.236195
0.236181
0.236196
0.236188
0.236237
0.236235
0.236229
0.236229
0.236236
0.236218
0.236203
0.236243
0.236227
0.236248
0.236298
0.236356
0.236368
0.236369
0.236352
0.236347
0.236388
0.236378
0.236372
0.236428
0.236429
0.236493
0.236518
0.23652
0.236508
0.236531
0.236487
0.236472
0.236474
0.236483
0.236487
0.236505
0.236473
0.236468
0.236463
0.236477
0.236533
0.236506
0.236541
0.236543
0.236563
0.236549
0.236562
0.236547
0.236536
0.236572
0.236614
0.236586
0.236576
0.236558
0.236585
0.236595
0.236591
0.236579
0.236574
0.236561
0.236599
0.236574
0.236592
0.236594
0.236618
0.23661
0.236646
0.236641
0.23667
0.236652
0.236655
0.236652
0.236644
0.236638
0.236635
0.236597
0.236641
0.236643
0.236609
0.236616
0.236614
0.236608
0.236612
0.236587
0.236569
0.236579
0.23658
0.236575
0.236556
0.23656
0.236572
0.236545
0.236564
0.236563
0.236555
0.236564
0.236564
0.23657
0.236565
0.23653
0.236498
0.236499
0.236458
0.236478
0.236466
0.236464
0.236446
0.23645
0.236411
0.236439
0.236424
0.236442
0.236424
0.236401
0.236434
0.236465
0.236477
0.236461
0.236472
0.236456
0.236488
0.236509
0.236512
0.236503
0.236494
0.236469
0.236522
0.236537
0.236516
0.23652
0.236507
0.2365
0.236531
0.236534
0.236579
0.236554
0.236576
0.236566
0.236559
0.236594
0.236569
0.236584
0.236581
0.236561
0.236576
0.23663
0.236588
0.236539
0.236532
0.236488
0.236468
0.23649
0.236483
0.236531
0.236523
0.236513
0.236508
0.236516
0.236468
0.236447
0.236436
0.236416
0.236393
0.236407
0.236459
0.236483
0.236505
0.236518
0.23652
0.236493
0.236455
0.236444
0.236431
0.236427
0.236451
0.236439
0.236456
0.236451
0.236493
0.236492
0.236472
0.236501
0.236501
0.236501
0.236475
0.236512
0.236543
0.236522
0.236517
0.236523
0.236554
0.236545
0.236529
0.236573
0.236583
0.236594
0.236592
0.236563
0.236547
0.236591
0.236566
0.236542
0.236595
0.236582
0.236563
0.236549
0.236538
0.236524
0.236562
0.236634
0.236657
0.23665
0.236643
0.2367
0.236697
0.236755
0.236772
0.236762
0.236743
0.236712
0.236726
0.23674
0.236751
0.236767
0.236787
0.236798
0.23681
0.236799
0.236813
0.236836
0.236886
0.23687
0.236885
0.236912
0.236897
0.23687
0.236838
0.236863
0.236871
0.236854
0.236853
0.236811
0.236824
0.236822
0.236775
0.236793
0.236815
0.236849
0.236867
0.23689
0.236901
0.236863
0.236815
0.236826
0.236825
0.236813
0.236804
0.236841
0.236822
0.236828
0.236841
0.236857
0.236828
0.236793
0.23678
0.236755
0.236742
0.236802
0.236826
0.236857
0.236909
0.236932
0.236995
0.237002
0.237024
0.23705
0.237039
0.237043
0.237079
0.237078
0.237057
0.237043
0.23703
0.23701
0.237016
0.236995
0.236975
0.236982
0.236951
0.236933
0.236938
0.236894
0.236871
0.236873
0.236879
0.236882
0.236927
0.236935
0.236939
0.236941
0.236925
0.236918
0.236896
0.236892
0.236855
0.236868
0.23686
0.23682
0.236895
0.236885
0.236914
0.236894
0.236901
0.236881
0.236856
0.236822
0.236795
0.236806
0.236827
0.236816
0.236817
0.23682
0.236856
0.236859
0.236861
0.23684
0.236829
0.236854
0.236903
0.236919
0.236921
0.236875
0.23686
0.236877
0.236872
0.236874
0.236873
0.236928
0.23693
0.236927
0.236929
0.236937
0.236943
0.236954
0.236944
0.236945
0.236923
0.236924
0.236915
0.236892
0.236905
0.236914
0.236903
0.236919
0.236929
0.23696
0.236924
0.236947
0.236899
0.236893
0.236891
0.236903
0.236914
0.236887
0.236864
0.236835
0.236829
0.236816
0.236838
0.23685
0.236815
0.236818
0.236839
0.236867
0.236881
0.236869
0.236829
0.236824
0.236824
0.236861
0.236879
0.236848
0.236849
0.236847
0.236818
0.236816
0.236828
0.236848
0.236903
0.236888
0.23689
0.236873
0.236867
0.236925
0.23692
0.236865
0.236855
0.23686
0.236847
0.236835
0.236852
0.236858
0.236814
0.236804
0.236836
0.236821
0.236836
0.236825
0.236842
0.236845
0.236833
0.236784
0.236805
0.236812
0.236824
0.236858
0.236792
0.2368
0.236805
0.236783
0.236749
0.236721
0.236731
0.23675
0.23673
0.236746
0.236794
0.236786
0.236781
0.236784
0.236777
0.23678
0.236794
0.236762
0.236735
0.236716
0.236706
0.23673
0.236738
0.236742
0.236743
0.236752
0.236746
0.236721
0.236711
0.236695
0.236663
0.236619
0.236587
0.236591
0.236573
0.236582
0.236558
0.236577
0.236556
0.236559
0.236567
0.236543
0.23654
0.236542
0.236543
0.236515
0.236493
0.236503
0.236469
0.236464
0.236465
0.236477
0.236445
0.236409
0.236405
0.236407
0.236416
0.236416
0.236399
0.236413
0.236434
0.23642
0.236387
0.236374
0.236392
0.236407
0.236441
0.236466
0.236467
0.236441
0.236455
0.236481
0.236509
0.236504
0.236478
0.236458
0.236462
0.236482
0.236494
0.236507
0.23652
0.236511
0.236548
0.236537
0.236557
0.23655
0.236573
0.236576
0.236561
0.236551
0.236524
0.236521
0.236536
0.236491
0.236477
0.236455
0.236448
0.236462
0.236426
0.23642
0.236423
0.236398
0.236392
0.236411
0.236427
0.236411
0.236398
0.236381
0.236367
0.23638
0.236353
0.236353
0.23637
0.236371
0.23641
0.236422
0.23644
0.236437
0.236446
0.236425
0.2364
0.236423
0.236423
0.236436
0.236449
0.236457
0.236447
0.23644
0.236458
0.236441
0.236438
0.236457
0.236462
0.236484
0.236512
0.236506
0.236527
0.236521
0.236547
0.236532
0.236529
0.236535
0.236516
0.236523
0.236508
0.236503
0.236517
0.236526
0.236568
0.236549
0.236549
0.23656
0.236553
0.236568
0.236593
0.236607
0.23659
0.236573
0.236603
0.236597
0.236573
0.236575
0.236567
0.236533
0.236558
0.236539
0.236557
0.23656
0.236572
0.236567
0.236577
0.236567
0.236535
0.236581
0.236565
0.236588
0.236582
0.236574
0.236573
0.236586
0.236565
0.236575
0.236571
0.236582
0.236612
0.236597
0.236569
0.236579
0.236555
0.23655
0.236592
0.236603
0.236609
0.236579
0.236596
0.2366
0.23661
0.236601
0.236624
0.236637
0.236641
0.236659
0.236682
0.236668
0.236637
0.236648
0.236659
0.236661
0.23666
0.236652
0.236624
0.236627
0.236605
0.236609
0.236612
0.236606
0.236595
0.236583
0.236588
0.236587
0.23658
0.236588
0.236645
0.236679
0.236654
0.236639
0.236651
0.236664
0.2367
0.236695
0.236677
0.236671
0.236674
0.236669
0.236654
0.236691
0.236687
0.236681
0.236725
0.236708
0.236685
0.236709
0.236694
0.23669
0.236729
0.236729
0.236731
0.236727
0.236725
0.236753
0.236727
0.236699
0.236695
0.23669
0.236653
0.236686
0.236671
0.236672
0.236708
0.236719
0.236698
0.236682
0.236668
0.236675
0.236685
0.236694
0.236656
0.236643
0.236637
0.236631
0.236617
0.2366
0.236609
0.236608
0.236607
0.236592
0.236603
0.23658
0.236563
0.236608
0.236609
0.2366
0.236639
0.236638
0.236645
0.236625
0.236623
0.236626
0.236637
0.236592
0.236605
0.236607
0.236661
0.236681
0.236653
0.236668
0.23665
0.236657
0.236649
0.236631
0.236643
0.236669
0.236657
0.236624
0.236632
0.236655
0.236648
0.236642
0.236669
0.236688
0.236699
0.236693
0.236691
0.236674
0.236673
0.236642
0.236636
0.23664
0.236647
0.236654
0.23666
0.236638
0.236633
0.236641
0.236652
0.23665
0.236644
0.236655
0.236647
0.236651
0.236661
0.236645
0.236652
0.236672
0.236704
0.236716
0.236703
0.2367
0.236713
0.236695
0.236698
0.236716
0.23673
0.236753
0.236751
0.236727
0.236747
0.236744
0.236769
0.236808
0.236856
0.236828
0.236809
0.23685
0.236846
0.236864
0.236889
0.236865
0.236851
0.236875
0.236871
0.236848
0.236832
0.236815
0.236827
0.236834
0.236826
0.236836
0.236806
0.236814
0.236826
0.236825
0.236816
0.236829
0.236846
0.236827
0.236849
0.23684
0.236858
0.236828
0.236814
0.236792
0.236789
0.23677
0.236777
0.236792
0.236754
0.236739
0.236727
0.236765
0.236756
0.236738
0.236743
0.236721
0.236729
0.236711
0.236677
0.236652
0.236643
0.2366
0.236581
0.236576
0.236573
0.236607
0.23661
0.236624
0.236641
0.236627
0.236629
0.236598
0.236587
0.236574
0.236551
0.236543
0.236532
0.236542
0.236527
0.236533
0.236533
0.236525
0.236535
0.236515
0.236592
0.236583
0.236553
0.236542
0.236552
0.236589
0.236599
0.236595
0.23658
0.23659
0.236593
0.236564
0.236564
0.236559
0.236542
0.236524
0.236525
0.236507
0.236482
0.236505
0.236523
0.236525
0.236549
0.23654
0.236526
0.236532
0.236541
0.236584
0.236597
0.236607
0.236613
0.236611
0.236645
0.236639
0.236625
0.236622
0.236633
0.236674
0.236686
0.236691
0.236737
0.236731
0.236733
0.236721
0.236695
0.236713
0.236708
0.236715
0.23672
0.236739
0.236724
0.236736
0.236755
0.236755
0.236759
0.236765
0.236748
0.236737
0.236742
0.236735
0.236731
0.236732
0.236746
0.236722
0.236747
0.236734
0.236731
0.236742
0.236729
0.236727
0.236717
0.236732
0.236709
0.236695
0.236663
0.236669
0.236681
0.236683
0.236687
0.236714
0.236732
0.236733
0.23677
0.23675
0.236788
0.23679
0.236771
0.236767
0.236755
0.236725
0.236743
0.236748
0.236739
0.23675
0.236753
0.236716
0.236687
0.236712
0.236701
0.236702
0.236691
0.236716
0.236734
0.236769
0.236749
0.236732
0.236736
0.236722
0.236698
0.236706
0.236696
0.23668
0.23665
0.236653
0.236637
0.236632
0.236653
0.236657
0.236653
0.23669
0.236663
0.23667
0.236682
0.236706
0.236731
0.236708
0.236667
0.236676
0.236695
0.236693
0.236695
0.236668
0.236657
0.236679
0.23666
0.236663
0.236661
0.236676
0.236661
0.236689
0.236675
0.236671
0.236658
0.236651
0.236611
0.236603
0.236628
0.236639
0.236619
0.236593
0.236565
0.236564
0.236598
0.236604
0.236592
0.236578
0.236562
0.236554
0.236544
0.236555
0.236579
0.236584
0.236548
0.236567
0.236584
0.236582
0.236561
0.236555
0.23655
0.236515
0.236524
0.236533
0.23653
0.236518
0.236507
0.236502
0.236485
0.236467
0.236477
0.236501
0.236518
0.236515
0.23652
0.236501
0.23652
0.23654
0.236517
0.236533
0.236528
0.236547
0.236548
0.236554
0.236535
0.236525
0.236522
0.236528
0.23656
0.236535
0.23655
0.236526
0.236555
0.236551
0.236545
0.236527
0.236499
0.23649
0.236479
0.236482
0.236476
0.236491
0.236495
0.236504
0.2365
0.236493
0.236488
0.236508
0.236497
0.236512
0.236493
0.236528
0.236549
0.236581
0.236589
0.236542
0.236524
0.236499
0.236492
0.236504
0.236522
0.236521
0.236526
0.236558
0.236566
0.236567
0.23659
0.236614
0.236597
0.236586
0.236594
0.236598
0.236595
0.236608
0.236601
0.236614
0.236637
0.236694
0.236696
0.23669
0.2367
0.236733
0.236747
0.236724
0.236692
0.236694
0.236678
0.236693
0.236685
0.23667
0.23668
0.236678
0.236684
0.236717
0.236706
0.23669
0.236703
0.236678
0.236684
0.236699
0.236696
0.236692
0.236709
0.236702
0.23669
0.236668
0.236659
0.236672
0.236691
0.236694
0.236691
0.236686
0.236664
0.236652
0.236658
0.236668
0.236659
0.236673
0.236697
0.236718
0.236707
0.236722
0.23672
0.23675
0.236766
0.23676
0.236755
0.236759
0.236781
0.236761
0.236721
0.236698
0.236694
0.236732
0.236724
0.236703
0.236719
0.236705
0.236693
0.236715
0.236715
0.236718
0.236714
0.236719
0.236701
0.236701
0.236684
0.236696
0.236707
0.236683
0.236651
0.236653
0.236638
0.236625
0.236652
0.236675
0.236693
0.236689
0.236684
0.23665
0.236676
0.23669
0.236716
0.236734
0.236715
0.236716
0.236693
0.23668
0.236668
0.236643
0.236628
0.236603
0.236595
0.23657
0.236539
0.236555
0.236552
0.236559
0.236561
0.236565
0.236576
0.236574
0.236587
0.236585
0.236587
0.236586
0.236577
0.236569
0.236584
0.236602
0.236599
0.236606
0.236586
0.236556
0.236563
0.236533
0.236531
0.236561
0.236537
0.236551
0.23652
0.236545
0.236526
0.236512
0.236516
0.236526
0.236545
0.236532
0.236494
0.236453
0.236455
0.236478
0.236447
0.236423
0.236423
0.236448
0.236426
0.236427
0.236411
0.236425
0.236402
0.236387
0.236399
0.236371
0.23638
0.236406
0.236403
0.236391
0.236388
0.236409
0.236411
0.236401
0.236384
0.236416
0.236423
0.236383
0.236359
0.236381
0.236374
0.236355
0.236327
0.236327
0.236315
0.236301
0.236302
0.236273
0.236305
0.236308
0.236314
0.236322
0.236312
0.236325
0.236307
0.236314
0.236305
0.236309
0.236326
0.236315
0.236312
0.236317
0.236301
0.23628
0.2363
0.236342
0.236343
0.236335
0.236327
0.236339
0.236313
0.236356
0.236379
0.236365
0.236368
0.236372
0.236324
0.236313
0.236302
0.236313
0.236331
0.23633
0.236332
0.236332
0.236364
0.23639
0.236364
0.236366
0.236377
0.236366
0.236359
0.236343
0.236337
0.236307
0.2363
0.236294
0.236283
0.236268
0.236285
0.236289
0.236291
0.236297
0.236296
0.236273
0.236273
0.236277
0.236245
0.236249
0.236274
0.236276
0.236256
0.236238
0.236227
0.23623
0.23622
0.236197
0.236198
0.236211
0.236218
0.236239
0.236268
0.236274
0.236275
0.236248
0.236233
0.236253
0.236256
0.236229
0.23622
0.236223
0.236224
0.236188
0.236185
0.236179
0.236159
0.236149
0.236149
0.236149
0.236132
0.23616
0.236135
0.23613
0.236151
0.236162
0.236167
0.236175
0.236171
0.236162
0.236126
0.236144
0.236178
0.236177
0.236196
0.236217
0.236222
0.236229
0.236229
0.236237
0.236261
0.236288
0.236293
0.236276
0.236256
0.236261
0.236268
0.236284
0.236254
0.236285
0.236286
0.236302
0.236267
0.236289
0.236287
0.236287
0.236297
0.236272
0.236248
0.236253
0.236245
0.236222
0.23623
0.23625
0.236247
0.236266
0.236261
0.236231
0.236214
0.236241
0.23625
0.236261
0.236268
0.236259
0.236263
0.236236
0.236251
0.236236
0.236243
0.23624
0.236232
0.236256
0.236263
0.236245
0.236229
0.236219
0.236204
0.236208
0.236196
0.236196
0.236198
0.236197
0.236192
0.236194
0.236192
0.236172
0.23615
0.236136
0.236129
0.236124
0.236126
0.236117
0.236126
0.236127
0.236107
0.236119
0.236122
0.236078
0.236071
0.236081
0.236112
0.236117
0.236116
0.236089
0.236076
0.236067
0.23604
0.236045
0.236057
0.23604
0.236062
0.23608
0.236099
0.236094
0.236103
0.2361
0.236112
0.236106
0.236112
0.236114
0.236119
0.236101
0.236111
0.236141
0.236147
0.236146
0.23613
0.236131
0.236125
0.236114
0.236144
0.236146
0.236133
0.236129
0.236141
0.236141
0.236132
0.236104
0.236113
0.236119
0.236139
0.236122
0.236146
0.236157
0.236149
0.236147
0.236151
0.236125
0.236122
0.236147
0.236145
0.236127
0.236135
0.236134
0.236146
0.236155
0.236163
0.236155
0.236142
0.236138
0.236129
0.236121
0.236108
0.236106
0.236106
0.236101
0.236102
0.236099
0.236102
0.236115
0.236106
0.236099
0.236094
0.236111
0.236128
0.236143
0.23615
0.236178
0.23617
0.236155
0.236134
0.236119
0.236146
0.236127
0.236142
0.236123
0.236137
0.236126
0.236099
0.236087
0.23611
0.236111
0.2361
0.236113
0.236082
0.23606
0.236043
0.236035
0.236032
0.236031
0.236055
0.236042
0.236024
0.236
0.235988
0.23599
0.235972
0.235983
0.236007
0.236004
0.235985
0.235985
0.236012
0.235996
0.236023
0.236026
0.236011
0.235999
0.235976
0.235963
0.23601
0.235998
0.236011
0.236022
0.236024
0.236032
0.236036
0.236047
0.23605
0.236051
0.236058
0.236046
0.236065
0.236048
0.236041
0.23603
0.236037
0.236017
0.236023
0.236002
0.236004
0.235996
0.235991
0.23598
0.235982
0.235977
0.235966
0.235952
0.235947
0.235947
0.235931
0.235923
0.235933
0.235945
0.235951
0.235939
0.235943
0.235925
0.235926
0.235909
0.235899
0.235925
0.235912
0.235908
0.235907
0.235889
0.235877
0.23589
0.235877
0.235876
0.235874
0.23586
0.235874
0.235871
0.235909
0.235927
0.235929
0.235928
0.235914
0.235948
0.235942
0.235946
0.235935
0.235941
0.23591
0.235901
0.235884
0.235889
0.235867
0.235866
0.235886
0.235852
0.235841
0.235815
0.235807
0.23583
0.235836
0.235814
0.235809
0.235802
0.235799
0.235798
0.235814
0.235806
0.235822
0.235818
0.235821
0.23584
0.235823
0.235806
0.235822
0.235822
0.235814
0.235807
0.235829
0.235855
0.235836
0.235855
0.235842
0.235837
0.235825
0.235829
0.235827
0.23582
0.235819
0.235818
0.235842
0.235864
0.235856
0.235847
0.235814
0.235789
0.235784
0.235763
0.235762
0.235781
0.235781
0.235777
0.235758
0.235748
0.235758
0.235779
0.235806
0.235806
0.235795
0.235767
0.235752
0.235745
0.235746
0.235728
0.235756
0.235765
0.23576
0.23576
0.235767
0.23576
0.235767
0.235767
0.235775
0.235807
0.235799
0.235798
0.235803
0.235814
0.235827
0.235812
0.235836
0.235834
0.235818
0.235804
0.235815
0.235797
0.23577
0.235781
0.235784
0.235795
0.2358
0.235796
0.23579
0.23579
0.235773
0.235768
0.235755
0.235737
0.235743
0.23575
0.235734
0.235746
0.235767
0.235786
0.235771
0.235755
0.235742
0.235747
0.235742
0.235738
0.235735
0.235739
0.235777
0.235779
0.235763
0.235748
0.235721
0.235717
0.235705
0.235728
0.235748
0.235735
0.235758
0.235757
0.23577
0.235749
0.235721
0.235727
0.235748
0.235744
0.235736
0.235751
0.235755
0.235749
0.235773
0.235764
0.235777
0.235767
0.235763
0.235758
0.235747
0.23575
0.235756
0.235764
0.23575
0.235735
0.235767
0.235754
0.235766
0.235769
0.235753
0.23577
0.235779
0.235777
0.235768
0.235747
0.235712
0.235705
0.235692
0.23568
0.235665
0.235699
0.235673
0.235678
0.235668
0.235653
0.235652
0.235683
0.235697
0.235683
0.235705
0.235708
0.235709
0.235714
0.2357
0.235706
0.235724
0.235723
0.235711
0.23571
0.235693
0.235703
0.235713
0.235719
0.235686
0.235681
0.235671
0.235688
0.235689
0.23569
0.235693
0.235692
0.235688
0.235682
0.235692
0.235685
0.235705
0.235701
0.235728
0.235725
0.235716
0.235734
0.235735
0.235729
0.235743
0.235726
0.235731
0.23573
0.235715
0.235714
0.235722
0.235706
0.235686
0.235697
0.235677
0.235647
0.235623
0.235622
0.235612
0.235597
0.235609
0.235595
0.235592
0.235597
0.235599
0.235602
0.235592
0.235586
0.235596
0.235604
0.2356
0.235589
0.235585
0.235613
0.235572
0.235588
0.235591
0.235599
0.235606
0.235624
0.235633
0.235633
0.235614
0.235602
0.235597
0.235623
0.235603
0.235611
0.235628
0.235617
0.235599
0.235597
0.235597
0.235568
0.235566
0.235539
0.235524
0.235519
0.235514
0.235492
0.235493
0.235492
0.235495
0.235491
0.235486
0.235512
0.235537
0.235553
0.235574
0.235588
0.235586
0.235579
0.235606
0.235617
0.235625
0.235651
0.235655
0.235642
0.23565
0.235654
0.235658
0.235656
0.235643
0.235651
0.235646
0.235647
0.235636
0.235637
0.235605
0.235613
0.235632
0.23565
0.235632
0.235621
0.235622
0.23561
0.235604
0.235586
0.235581
0.235584
0.23557
0.235566
0.235579
0.235579
0.235609
0.235636
0.235648
0.23564
0.235648
0.235634
0.235651
0.235653
0.235645
0.235667
0.235679
0.235674
0.235684
0.235644
0.235632
0.235614
0.235626
0.235632
0.235619
0.235588
0.235618
0.2356
0.235572
0.235567
0.235568
0.235574
0.235593
0.235594
0.235582
0.235582
0.235585
0.23557
0.23555
0.235553
0.235561
0.235573
0.235574
0.235551
0.235547
0.235526
0.235516
0.235502
0.2355
0.235494
0.235496
0.235496
0.235518
0.235499
0.235485
0.235468
0.235465
0.235456
0.235473
0.235467
0.235463
0.235476
0.235512
0.235498
0.235519
0.235539
0.235533
0.235531
0.235522
0.235511
0.235534
0.235528
0.235539
0.235529
0.235527
0.235545
0.235549
0.235548
0.235523
0.235523
0.235547
0.235564
0.235562
0.235579
0.235586
0.23561
0.235619
0.235634
0.235631
0.235616
0.235596
0.235589
0.235599
0.235619
0.235615
0.235631
0.235646
0.235638
0.235643
0.235648
0.235652
0.235665
0.235681
0.235683
0.235695
0.235722
0.235725
0.235713
0.23571
0.235736
0.235728
0.235714
0.235731
0.23571
0.235701
0.235696
0.235701
0.235699
0.23569
0.23569
0.235681
0.235669
0.235684
0.235687
0.235681
0.235666
0.235678
0.235674
0.23568
0.23569
0.23569
0.235694
0.2357
0.235701
0.235716
0.235717
0.235718
0.235702
0.235689
0.235671
0.235649
0.23564
0.235656
0.23567
0.235685
0.235692
0.235698
0.235678
0.235665
0.235691
0.235671
0.235638
0.235628
0.23563
0.235622
0.235625
0.235609
0.235603
0.235609
0.235579
0.235564
0.235562
0.235575
0.235571
0.23561
0.235618
0.23563
0.235628
0.235637
0.235652
0.235638
0.235655
0.235645
0.235644
0.23565
0.235655
0.235649
0.235635
0.235639
0.235643
0.235646
0.235666
0.235677
0.235679
0.23569
0.235698
0.235714
0.235712
0.235714
0.235707
0.235691
0.235673
0.235685
0.235705
0.235697
0.235685
0.235682
0.235688
0.235693
0.235684
0.235689
0.235684
0.235673
0.235695
0.235712
0.235701
0.235702
0.235698
0.235698
0.235698
0.235714
0.235719
0.235705
0.235683
0.235686
0.235679
0.235671
0.235652
0.235638
0.235642
0.235643
0.235653
0.23563
0.235644
0.235649
0.235665
0.235643
0.235655
0.23566
0.23565
0.235656
0.235648
0.235632
0.235628
0.235613
0.235637
0.235618
0.235624
0.235621
0.235627
0.235622
0.235644
0.23564
0.235633
0.23564
0.235644
0.235661
0.235663
0.235654
0.235642
0.235639
0.235627
0.235651
0.235668
0.235663
0.235663
0.235651
0.235641
0.235637
0.235639
0.235644
0.235635
0.235647
0.235637
0.235623
0.235626
0.235646
0.235649
0.235648
0.235646
0.235648
0.235642
0.235631
0.235616
0.235646
0.235628
0.235629
0.235637
0.235632
0.235609
0.235591
0.235577
0.235586
0.235597
0.235579
0.235572
0.235558
0.235568
0.235574
0.235569
0.235577
0.235569
0.235594
0.235598
0.235596
0.235592
0.235604
0.235613
0.235594
0.235579
0.235574
0.235573
0.235582
0.235593
0.235587
0.235574
0.235567
0.235585
0.235601
0.235596
0.235588
0.235611
0.235594
0.235594
0.235583
0.235594
0.235606
0.235606
0.235604
0.235605
0.235633
0.235622
0.235593
0.235599
0.235616
0.235603
0.235595
0.235589
0.235605
0.235609
0.235601
0.235591
0.235589
0.235599
0.23559
0.235594
0.235612
0.235607
0.235618
0.235606
0.235625
0.235634
0.235632
0.235641
0.235666
0.235642
0.235647
0.235642
0.235628
0.235628
0.235633
0.23563
0.235646
0.235644
0.235637
0.235629
0.235611
0.235627
0.235618
0.235622
0.235615
0.235629
0.23563
0.235607
0.235622
0.235617
0.235612
0.235603
0.235611
0.23562
0.235605
0.235612
0.235626
0.235628
0.235639
0.235648
0.235619
0.235609
0.235622
0.235627
0.235633
0.235635
0.235645
0.235642
0.235645
0.23566
0.235682
0.235716
0.235729
0.235731
0.23573
0.235724
0.235752
0.235748
0.235753
0.235765
0.235775
0.235779
0.235758
0.23575
0.235763
0.235751
0.235756
0.235738
0.235771
0.235793
0.235781
0.235773
0.235781
0.235767
0.235791
0.235798
0.235818
0.235804
0.235814
0.235835
0.235837
0.235822
0.235824
0.235841
0.23584
0.23583
0.235834
0.235878
0.235873
0.235879
0.235873
0.235856
0.235846
0.23587
0.235854
0.235854
0.235839
0.235835
0.235844
0.235836
0.235828
0.235812
0.235814
0.23581
0.235791
0.235808
0.235789
0.235781
0.235791
0.235783
0.235786
0.235782
0.235777
0.235772
0.235765
0.235775
0.235782
0.235778
0.235784
0.235758
0.23576
0.235739
0.235754
0.235755
0.235766
0.235763
0.235758
0.235765
0.235757
0.235763
0.235764
0.235745
0.235733
0.235742
0.235761
0.23578
0.235777
0.235777
0.235767
0.235795
0.235796
0.235797
0.235805
0.235816
0.235834
0.235854
0.235851
0.235842
0.235847
0.235832
0.235816
0.235805
0.235799
0.235797
0.235807
0.235789
0.235804
0.235816
0.235835
0.235857
0.235881
0.235865
0.235857
0.235858
0.235873
0.235862
0.235886
0.235923
0.235937
0.235928
0.235957
0.23596
0.235942
0.235969
0.235951
0.235956
0.235943
0.235933
0.23593
0.235942
0.235941
0.235934
0.235935
0.235941
0.235915
0.235916
0.235891
0.235894
0.235908
0.23592
0.235924
0.235936
0.235954
0.23596
0.235946
0.23594
0.235946
0.235953
0.235944
0.235929
0.235926
0.235924
0.23593
0.235913
0.235904
0.235917
0.235911
0.23594
0.23592
0.235934
0.235934
0.23592
0.235916
0.235918
0.23591
0.235907
0.235899
0.235881
0.235871
0.235854
0.235849
0.235868
0.235865
0.235848
0.235847
0.235848
0.235846
0.235852
0.235858
0.235854
0.235879
0.235859
0.23586
0.235862
0.235857
0.235848
0.235834
0.235827
0.235833
0.235823
0.235812
0.235796
0.235789
0.235786
0.235825
0.235832
0.23583
0.235835
0.235866
0.235873
0.235871
0.235878
0.23586
0.235851
0.23585
0.235834
0.235836
0.23582
0.235811
0.235811
0.235793
0.235783
0.235804
0.235805
0.235809
0.235809
0.235813
0.235835
0.235837
0.23584
0.235861
0.235862
0.235856
0.235825
0.235817
0.23582
0.235833
0.235831
0.235838
0.23584
0.235861
0.23585
0.235856
0.235869
0.235872
0.235891
0.235899
0.235919
0.23592
0.235922
0.235917
0.235906
0.235918
0.235915
0.235909
0.235913
0.235887
0.235897
0.235876
0.235864
0.235866
0.235845
0.235828
0.235817
0.235809
0.235816
0.235808
0.235815
0.235806
0.235808
0.235807
0.235805
0.235805
0.235824
0.235804
0.235803
0.235799
0.235831
0.235824
0.235838
0.235854
0.235868
0.235863
0.235853
0.235857
0.235852
0.235845
0.235859
0.235858
0.235862
0.235874
0.235847
0.23584
0.235862
0.23585
0.235856
0.235839
0.235844
0.235851
0.23587
0.23586
0.235853
0.235855
0.235861
0.235864
0.235879
0.235899
0.235913
0.235933
0.235926
0.235922
0.235922
0.235944
0.235941
0.235948
0.235942
0.23595
0.235956
0.235954
0.235962
0.235951
0.235957
0.235941
0.235918
0.23591
0.235917
0.235919
0.235936
0.235949
0.235975
0.235986
0.235989
0.235982
0.235984
0.235976
0.235962
0.235966
0.235952
0.23596
0.235967
0.235955
0.235977
0.235988
0.235989
0.235977
0.235969
0.235965
0.235952
0.235951
0.235971
0.235974
0.235973
0.235977
0.235985
0.235983
0.235974
0.235975
0.235983
0.235986
0.235986
0.235981
0.236
0.23601
0.235991
0.235963
0.235972
0.23599
0.235993
0.235997
0.235974
0.23598
0.236013
0.236031
0.236026
0.236039
0.236048
0.236047
0.236043
0.236059
0.236053
0.236051
0.236095
0.236117
0.236123
0.236114
0.236125
0.23612
0.236108
0.236093
0.236072
0.236077
0.236079
0.236087
0.23608
0.236099
0.236109
0.236098
0.236106
0.23612
0.236104
0.236101
0.236122
0.236111
0.236109
0.236132
0.236142
0.236141
0.236128
0.236126
0.236142
0.236167
0.236161
0.236159
0.236185
0.2362
0.236221
0.23621
0.236203
0.23619
0.236209
0.236211
0.236205
0.236196
0.236187
0.2362
0.236211
0.23622
0.236232
0.236241
0.236228
0.236217
0.236218
0.236218
0.236215
0.236238
0.236236
0.236245
0.236258
0.236268
0.236299
0.23631
0.236329
0.236317
0.236315
0.236316
0.236316
0.236312
0.236301
0.236279
0.236269
0.236282
0.23627
0.236298
0.236297
0.236304
0.236297
0.236282
0.236288
0.23629
0.236289
0.236289
0.236305
0.236296
0.236303
0.236301
0.236284
0.236287
0.23628
0.236276
0.236262
0.236269
0.236263
0.236242
0.236251
0.236261
0.236244
0.236233
0.236224
0.236229
0.236249
0.236256
0.236232
0.236221
0.236209
0.236206
0.236207
0.23622
0.236237
0.236246
0.236267
0.236266
0.236269
0.236273
0.236273
0.236266
0.236254
0.236245
0.236229
0.236228
0.236228
0.236225
0.236217
0.236231
0.236257
0.236255
0.236267
0.236279
0.236279
0.236269
0.236252
0.23624
0.236259
0.236256
0.236257
0.236258
0.236254
0.23627
0.236253
0.236236
0.236248
0.236231
0.236231
0.236229
0.236213
0.236222
0.236205
0.236191
0.236183
0.236215
0.236224
0.236223
0.236226
0.236219
0.236234
0.236237
0.236234
0.23623
0.236226
0.236212
0.236232
0.236219
0.23623
0.236253
0.236263
0.236255
0.236261
0.236239
0.236244
0.236256
0.23626
0.236247
0.236271
0.236277
0.236283
0.236294
0.236331
0.236326
0.236342
0.236336
0.236309
0.23632
0.236336
0.236366
0.236371
0.23636
0.236351
0.236377
0.236397
0.236386
0.236389
0.236401
0.236405
0.236404
0.236388
0.236381
0.236363
0.236367
0.236359
0.236367
0.2364
0.236385
0.236381
0.236401
0.236383
0.236375
0.236386
0.236357
0.236353
0.236351
0.236362
0.236396
0.236392
0.236392
0.23639
0.236394
0.236375
0.236365
0.236359
0.236348
0.236363
0.236374
0.236377
0.236364
0.23636
0.236341
0.236368
0.236369
0.236352
0.236361
0.236365
0.236363
0.236348
0.23635
0.236361
0.236358
0.236348
0.236371
0.236369
0.236357
0.236373
0.236372
0.236354
0.236354
0.236356
0.236352
0.236367
0.236368
0.236353
0.23636
0.236362
0.236364
0.236348
0.236354
0.236361
0.236355
0.236361
0.236362
0.236365
0.236365
0.236374
0.236366
0.23638
0.23639
0.236414
0.236426
0.236413
0.236398
0.236406
0.236407
0.236409
0.236421
0.236415
0.236389
0.236389
0.236423
0.236437
0.236427
0.236433
0.236441
0.236445
0.236439
0.236443
0.236441
0.236425
0.236437
0.236443
0.236457
0.236449
0.236471
0.236459
0.236441
0.236442
0.236436
0.236423
0.236407
0.236387
0.236385
0.236383
0.236395
0.236404
0.23642
0.236401
0.236427
0.236417
0.236403
0.236409
0.236421
0.236426
0.236433
0.236436
0.23644
0.236416
0.236435
0.236423
0.236416
0.236401
0.236392
0.236407
0.236419
0.236455
0.236471
0.236479
0.236477
0.236487
0.236508
0.236509
0.236517
0.236513
0.236485
0.236484
0.236493
0.23649
0.236516
0.236515
0.236521
0.236531
0.236538
0.236529
0.236532
0.236524
0.236532
0.236541
0.236527
0.236525
0.236517
0.236525
0.236517
0.236518
0.236513
0.236509
0.23652
0.236504
0.236517
0.23652
0.236511
0.236506
0.2365
0.236514
0.236526
0.236516
0.236508
0.236508
0.236512
0.236512
0.236495
0.236506
0.236497
0.236526
0.236542
0.236545
0.236559
0.236573
0.236578
0.236575
0.236574
0.236575
0.236598
0.236594
0.236607
0.236614
0.236609
0.236596
0.236596
0.236592
0.236586
0.236603
0.2366
0.236593
0.236578
0.236589
0.236613
0.236612
0.236646
0.236678
0.236669
0.236677
0.236687
0.236703
0.236699
0.236717
0.236709
0.236718
0.236716
0.236719
0.236729
0.236729
0.236731
0.236738
0.236756
0.236753
0.236769
0.236769
0.236758
0.236773
0.236761
0.236779
0.236814
0.23682
0.236815
0.236833
0.236864
0.236867
0.236879
0.236886
0.236911
0.236903
0.236916
0.236907
0.236914
0.236911
0.236911
0.236919
0.236914
0.236917
0.236925
0.236932
0.236939
0.236942
0.236957
0.236958
0.236985
0.237002
0.236996
0.237
0.236984
0.236985
0.237011
0.236992
0.237
0.237004
0.236997
0.23703
0.237023
0.237034
0.237034
0.237028
0.237036
0.237064
0.237047
0.237048
0.237026
0.23703
0.237019
0.237005
0.237001
0.236982
0.236979
0.236964
0.23696
0.236963
0.236945
0.236943
0.23694
0.236932
0.236923
0.236923
0.236915
0.236906
0.236888
0.236888
0.236881
0.236883
0.236859
0.236861
0.236855
0.236852
0.236855
0.236863
0.236865
0.236858
0.236856
0.236843
0.236829
0.236836
0.236842
0.236848
0.236861
0.236866
0.236876
0.236869
0.236887
0.236893
0.236887
0.23687
0.236867
0.236865
0.236848
0.236836
0.236836
0.236823
0.236826
0.236822
0.236806
0.236794
0.236791
0.236798
0.236809
0.236794
0.236802
0.236793
0.236783
0.23678
0.23679
0.236804
0.236792
0.236789
0.23679
0.236811
0.236809
0.236796
0.236787
0.236798
0.236792
0.23681
0.236806
0.236789
0.236797
0.236791
0.236818
0.236812
0.236829
0.236825
0.236824
0.236826
0.236811
0.236796
0.236787
0.236767
0.236761
0.236758
0.236777
0.236799
0.236786
0.236786
0.236767
0.236764
0.236782
0.23678
0.23679
0.236808
0.236823
0.236823
0.236862
0.236859
0.236863
0.236886
0.236881
0.236854
0.23687
0.23689
0.236875
0.236866
0.236864
0.236882
0.23689
0.236891
0.236899
0.236896
0.236871
0.236878
0.23688
0.236874
0.236862
0.236855
0.236831
0.236827
0.236813
0.236807
0.236806
0.236793
0.236791
0.236782
0.236786
0.236778
0.236765
0.236758
0.236756
0.236757
0.236755
0.236744
0.236736
0.236715
0.236721
0.236729
0.236713
0.236705
0.236709
0.23671
0.236704
0.236698
0.236698
0.236707
0.236691
0.236697
0.236706
0.236722
0.236738
0.236748
0.236732
0.236743
0.236749
0.236733
0.236736
0.236738
0.236752
0.236745
0.23675
0.236739
0.236726
0.23671
0.23672
0.236727
0.236738
0.236728
0.236751
0.236751
0.236753
0.236749
0.236757
0.236748
0.236737
0.236755
0.23674
0.23672
0.236732
0.236743
0.236734
0.236736
0.236764
0.236777
0.236762
0.236773
0.236765
0.236745
0.236757
0.236758
0.236764
0.236759
0.236749
0.23673
0.236723
0.236715
0.236715
0.236726
0.236739
0.236738
0.236731
0.236746
0.236747
0.236748
0.23675
0.236748
0.236743
0.236747
0.23674
0.236735
0.236724
0.236716
0.236717
0.236716
0.236723
0.236729
0.236717
0.236714
0.236716
0.236713
0.236707
0.236716
0.236712
0.236729
0.236736
0.236737
0.236738
0.23674
0.236736
0.236725
0.236713
0.236712
0.236735
0.236731
0.236731
0.236742
0.236733
0.236734
0.236748
0.23674
0.236755
0.236743
0.236734
0.236726
0.236724
0.236727
0.236704
0.236697
0.236692
0.236716
0.236724
0.23672
0.236714
0.236712
0.236703
0.236704
0.236696
0.236696
0.236679
0.236673
0.236678
0.236671
0.236684
0.236691
0.23668
0.236685
0.236672
0.236654
0.236647
0.236657
0.236651
0.236665
0.236658
0.23667
0.236661
0.23665
0.236649
0.236666
0.236681
0.236661
0.236667
0.236674
0.236688
0.236689
0.236678
0.236679
0.236664
0.236656
0.236653
0.236655
0.236645
0.236633
0.236639
0.236628
0.236625
0.236652
0.236652
0.236656
0.23666
0.23665
0.236654
0.236647
0.236649
0.236647
0.236652
0.236647
0.236637
0.236632
0.23662
0.236625
0.236616
0.236629
0.236622
0.236614
0.236594
0.236608
0.236591
0.236573
0.236573
0.236573
0.236573
0.236571
0.236585
0.236584
0.236587
0.236593
0.236587
0.236578
0.23659
0.236583
0.2366
0.236599
0.236591
0.236576
0.236579
0.23657
0.236569
0.236587
0.236575
0.236575
0.236559
0.236558
0.236559
0.236547
0.236545
0.236567
0.236578
0.236579
0.236582
0.236582
0.236575
0.236577
0.236587
0.236581
0.236578
0.236599
0.236596
0.236594
0.236587
0.236579
0.236584
0.236579
0.236565
0.236569
0.23657
0.23656
0.236555
0.236555
0.236537
0.236535
0.236547
0.236571
0.236574
0.236564
0.236573
0.236584
0.236578
0.236573
0.236566
0.236565
0.236564
0.23656
0.236557
0.23657
0.236578
0.236592
0.236605
0.236605
0.236604
0.236604
0.236602
0.236605
0.236615
0.23661
0.236611
0.236615
0.236629
0.236631
0.236625
0.236628
0.236613
0.236619
0.236608
0.236607
0.236617
0.236602
0.236604
0.236587
0.236591
0.236591
0.236598
0.236606
0.236607
0.236597
0.236581
0.236584
0.236587
0.236602
0.236593
0.236584
0.236597
0.23661
0.236613
0.236605
0.236613
0.236602
0.2366
0.236586
0.236585
0.236576
0.236565
0.236576
0.236582
0.236573
0.236577
0.23658
0.236578
0.236574
0.236579
0.236577
0.236562
0.236574
0.236574
0.236575
0.23659
0.236581
0.236603
0.236599
0.236589
0.236574
0.236559
0.236556
0.236563
0.23656
0.236538
0.23654
0.236532
0.236536
0.236534
0.236541
0.236549
0.236548
0.236556
0.236543
0.236526
0.236533
0.236528
0.236529
0.23654
0.236546
0.236545
0.236539
0.23653
0.23651
0.236507
0.236512
0.236508
0.236505
0.236492
0.236488
0.23648
0.236501
0.2365
0.236496
0.2365
0.236497
0.236485
0.236482
0.236467
0.236463
0.236451
0.236433
0.236425
0.236421
0.236425
0.236417
0.2364
0.236383
0.236384
0.23641
0.236398
0.236387
0.236379
0.236369
0.236362
0.236359
0.236352
0.236346
0.236353
0.23637
0.236393
0.236384
0.236388
0.23639
0.236419
0.236446
0.236463
0.236468
0.236462
0.23647
0.236444
0.23644
0.236422
0.23643
0.236418
0.236407
0.236402
0.236416
0.236423
0.236425
0.236403
0.236401
0.236397
0.236385
0.236384
0.236384
0.236391
0.236402
0.236395
0.236393
0.236409
0.236398
0.236407
0.236428
0.236425
0.236434
0.236446
0.236455
0.236464
0.236448
0.236428
0.236438
0.236432
0.236427
0.236432
0.236427
0.236418
0.236411
0.236399
0.23639
0.236393
0.23639
0.23638
0.236376
0.236378
0.236389
0.236384
0.236389
0.236387
0.236407
0.236395
0.236383
0.236369
0.236386
0.236379
0.236372
0.23637
0.236357
0.236365
0.236367
0.236367
0.236386
0.236376
0.236379
0.23639
0.236375
0.236364
0.236373
0.236352
0.236362
0.236364
0.236357
0.236357
0.23635
0.23634
0.236344
0.236343
0.236339
0.236338
0.236335
0.236331
0.236341
0.236326
0.236335
0.236336
0.236329
0.236331
0.236325
0.236333
0.236317
0.236312
0.236323
0.236306
0.236313
0.236321
0.23634
0.23633
0.236354
0.236355
0.236347
0.236324
0.236315
0.236305
0.236293
0.236275
0.23627
0.236256
0.236264
0.236261
0.236251
0.23624
0.236244
0.23624
0.236244
0.236232
0.236236
0.236235
0.236245
0.236234
0.236259
0.236256
0.236275
0.236269
0.236269
0.236269
0.236279
0.236264
0.236265
0.236256
0.236257
0.23626
0.236276
0.236277
0.236252
0.236241
0.236235
0.236238
0.236258
0.236271
0.236262
0.236261
0.236253
0.236244
0.236242
0.236245
0.23624
0.236234
0.236241
0.236222
0.236219
0.236209
0.23623
0.236251
0.236265
0.236274
0.236297
0.236297
0.236292
0.236309
0.236306
0.236302
0.2363
0.236282
0.236294
0.236287
0.236289
0.23628
0.236281
0.23628
0.236305
0.236304
0.236304
0.236314
0.236311
0.236323
0.236319
0.23631
0.236322
0.236325
0.236322
0.236303
0.236311
0.236313
0.236301
0.236284
0.23628
0.236274
0.236276
0.236278
0.236283
0.236282
0.236286
0.236275
0.236267
0.236262
0.236254
0.236267
0.236271
0.236258
0.236246
0.236244
0.236258
0.236273
0.236266
0.236283
0.236291
0.236281
0.236286
0.236284
0.236287
0.236281
0.236282
0.236286
0.236289
0.23629
0.236303
0.236314
0.236327
0.236319
0.236314
0.236305
0.236305
0.236326
0.236323
0.236325
0.236324
0.236314
0.236318
0.236315
0.236302
0.236317
0.236328
0.23632
0.236318
0.236311
0.236327
0.236321
0.236316
0.236312
0.236292
0.236276
0.236267
0.236257
0.236249
0.236251
0.236249
0.236249
0.236269
0.236269
0.236269
0.236261
0.236262
0.23627
0.236276
0.236266
0.236269
0.236275
0.236268
0.236265
0.236263
0.236289
0.236291
0.236282
0.236294
0.236312
0.236302
0.236282
0.236265
0.236279
0.23629
0.236284
0.236293
0.236296
0.236288
0.236272
0.23626
0.236276
0.236258
0.23625
0.236245
0.236257
0.236246
0.236247
0.236236
0.236238
0.236246
0.236264
0.236263
0.236277
0.236274
0.236275
0.236277
0.236257
0.236264
0.23626
0.236259
0.236258
0.236274
0.236265
0.236256
0.236269
0.236268
0.236278
0.236276
0.236287
0.236294
0.236295
0.236279
0.236267
0.236263
0.236247
0.236243
0.236258
0.236254
0.236267
0.236262
0.236271
0.236268
0.236269
0.236272
0.236271
0.23626
0.236271
0.236269
0.236254
0.236277
0.236293
0.236293
0.236297
0.236294
0.236299
0.236284
0.236297
0.236284
0.236288
0.236286
0.236273
0.23628
0.236279
0.236286
0.236279
0.236281
0.236271
0.236268
0.236281
0.236269
0.236268
0.236272
0.236266
0.236276
0.236276
0.236257
0.236253
0.236248
0.236233
0.23624
0.236223
0.236223
0.236226
0.236227
0.236234
0.236242
0.236246
0.236238
0.236225
0.236221
0.236213
0.236208
0.236204
0.23621
0.236209
0.2362
0.236201
0.236204
0.236199
0.236205
0.236205
0.236202
0.236192
0.236198
0.236195
0.236201
0.236187
0.236187
0.236187
0.236197
0.236193
0.23621
0.236228
0.236229
0.236229
0.23623
0.236237
0.236227
0.236236
0.236226
0.236225
0.236234
0.236233
0.23622
0.236214
0.236212
0.236198
0.236209
0.23622
0.236208
0.236201
0.236206
0.236217
0.236214
0.236216
0.236214
0.236223
0.23622
0.236216
0.236237
0.23624
0.236264
0.236259
0.236255
0.236258
0.236253
0.236248
0.236255
0.236246
0.236245
0.236247
0.236252
0.236246
0.23624
0.236239
0.236247
0.236273
0.236269
0.236275
0.236271
0.236257
0.23627
0.236258
0.236256
0.236257
0.236254
0.236256
0.23626
0.236262
0.236269
0.236278
0.236261
0.236261
0.236259
0.236262
0.236265
0.236265
0.236275
0.236279
0.23627
0.236278
0.236268
0.236271
0.236267
0.236251
0.236251
0.23627
0.236265
0.23627
0.23627
0.236256
0.236253
0.236257
0.236253
0.236244
0.236235
0.236236
0.236246
0.236247
0.236247
0.236249
0.236247
0.23626
0.236258
0.236254
0.236258
0.236264
0.236244
0.236239
0.236234
0.236244
0.236223
0.236225
0.236236
0.236245
0.236257
0.236262
0.23625
0.236249
0.236251
0.236237
0.236253
0.23626
0.236256
0.236243
0.236227
0.236235
0.236237
0.236227
0.236233
0.236227
0.236233
0.23622
0.236213
0.236227
0.23621
0.236215
0.236222
0.23622
0.236216
0.236211
0.236218
0.236223
0.236226
0.23622
0.23621
0.236223
0.236225
0.236217
0.236231
0.236229
0.236221
0.236212
0.236211
0.23621
0.236214
0.236223
0.23623
0.236219
0.2362
0.236215
0.236206
0.236218
0.236216
0.236205
0.236213
0.23623
0.236233
0.236247
0.236244
0.236249
0.236248
0.236236
0.236254
0.236252
0.236244
0.236234
0.236218
0.236204
0.2362
0.236209
0.236217
0.236216
0.236202
0.236197
0.236206
0.236187
0.236196
0.236207
0.236211
0.236206
0.236203
0.236199
0.236205
0.236212
0.236212
0.236227
0.236213
0.236205
0.236217
0.236225
0.236222
0.23623
0.236241
0.236252
0.236239
0.236225
0.236215
0.236224
0.236231
0.236231
0.236236
0.236239
0.236234
0.236232
0.236241
0.236259
0.236255
0.236252
0.236252
0.236248
0.23625
0.236246
0.236238
0.236229
0.236209
0.236203
0.236197
0.236207
0.2362
0.236195
0.236201
0.236198
0.23621
0.236216
0.236214
0.236213
0.236229
0.236235
0.236224
0.236207
0.236196
0.236194
0.236209
0.236205
0.236205
0.236195
0.236189
0.236199
0.2362
0.236202
0.236207
0.236206
0.236212
0.23622
0.23622
0.236217
0.236218
0.236207
0.236205
0.236205
0.236218
0.23622
0.236212
0.236202
0.236215
0.236204
0.236189
0.236192
0.23618
0.236182
0.236182
0.236185
0.236185
0.236177
0.236197
0.236202
0.236191
0.236193
0.23619
0.236179
0.236183
0.236189
0.23618
0.236161
0.236141
0.23615
0.236152
0.236171
0.236164
0.236174
0.236159
0.236171
0.236161
0.236164
0.236168
0.236174
0.23617
0.236187
0.236185
0.23618
0.236205
0.236225
0.236233
0.236211
0.236209
0.236217
0.236218
0.236223
0.236221
0.236217
0.236196
0.236216
0.236228
0.236239
0.236242
0.236247
0.236253
0.236255
0.236244
0.236264
0.236257
0.236266
0.236269
0.236271
0.236266
0.236274
0.236277
0.236279
0.236282
0.236284
0.236286
0.236287
0.236285
0.236292
0.236291
0.23627
0.236271
0.236257
0.236258
0.23626
0.236276
0.236265
0.236277
0.236264
0.23627
0.236285
0.23629
0.236291
0.236272
0.236273
0.236272
0.236265
0.236281
0.236273
0.236277
0.236266
0.236261
0.236274
0.236253
0.236242
0.236245
0.236238
0.236232
0.23623
0.23623
0.236246
0.236243
0.236232
0.236239
0.236237
0.236222
0.236231
0.23625
0.236236
0.236213
0.236209
0.2362
0.236205
0.236209
0.236189
0.236177
0.236186
0.236186
0.23617
0.236161
0.236162
0.236173
0.236163
0.236159
0.236149
0.236142
0.236152
0.236144
0.236149
0.236138
0.236144
0.236149
0.236145
0.23612
0.236112
0.236113
0.236128
0.236119
0.236122
0.236121
0.236115
0.236116
0.23613
0.236125
0.236116
0.236104
0.236109
0.236102
0.236097
0.236088
0.236061
0.236071
0.236061
0.236063
0.236063
0.236049
0.236051
0.23604
0.236038
0.23603
0.236023
0.236012
0.236025
0.236023
0.236029
0.23603
0.236028
0.236022
0.236021
0.23602
0.236021
0.236009
0.23601
0.235988
0.235977
0.235975
0.235978
0.235961
0.235953
0.235958
0.235961
0.235968
0.235969
0.235984
0.235977
0.235977
0.235987
0.235992
0.235996
0.235991
0.235976
0.235976
0.235962
0.235962
0.235948
0.235946
0.235967
0.235961
0.235967
0.235969
0.235984
0.235993
0.236004
0.235993
0.23601
0.23602
0.236033
0.236027
0.236017
0.236013
0.236006
0.236013
0.236011
0.235997
0.235992
0.236002
0.236009
0.236012
0.235994
0.235995
0.236003
0.236001
0.235999
0.235986
0.23598
0.235971
0.235972
0.235977
0.235966
0.235977
0.235976
0.235969
0.235966
0.235954
0.235961
0.23595
0.235961
0.235977
0.235982
0.235998
0.235976
0.235982
0.235979
0.235975
0.23597
0.235959
0.235956
0.235962
0.235959
0.235968
0.235967
0.235974
0.235971
0.235959
0.235948
0.235957
0.235945
0.235943
0.235958
0.235968
0.235953
0.23596
0.235951
0.235952
0.235944
0.235965
0.235961
0.235954
0.235938
0.235936
0.235934
0.235939
0.235941
0.235943
0.235949
0.235947
0.235943
0.235945
0.235948
0.235946
0.235949
0.235938
0.235927
0.23593
0.235915
0.235918
0.235918
0.235898
0.235906
0.235914
0.235911
0.235928
0.235923
0.235915
0.235915
0.235932
0.235917
0.235909
0.235926
0.235924
0.235928
0.235929
0.235935
0.235939
0.235958
0.235943
0.235941
0.23594
0.235957
0.235955
0.235952
0.235952
0.235955
0.235943
0.235937
0.235925
0.235927
0.23593
0.235936
0.235934
0.235942
0.235936
0.235942
0.235947
0.235941
0.235943
0.235946
0.235943
0.235944
0.235943
0.235936
0.23594
0.235926
0.235932
0.235943
0.235931
0.235928
0.235933
0.235919
0.235913
0.235901
0.235903
0.235904
0.235909
0.235902
0.235921
0.235916
0.235915
0.235905
0.235898
0.235895
0.235892
0.235889
0.235901
0.235898
0.235891
0.235884
0.23589
0.235867
0.235873
0.235889
0.235884
0.235888
0.235874
0.235888
0.235893
0.235887
0.235887
0.235884
0.235874
0.235867
0.235875
0.235867
0.235869
0.235866
0.23587
0.235867
0.235868
0.235854
0.235859
0.235859
0.235855
0.235851
0.235848
0.235857
0.235858
0.235858
0.235866
0.235862
0.235869
0.235872
0.235882
0.235892
0.235885
0.235898
0.235887
0.235891
0.235892
0.235894
0.235918
0.235919
0.235915
0.235905
0.235927
0.235922
0.23593
0.235934
0.235946
0.235944
0.235942
0.235944
0.235948
0.235928
0.235932
0.235927
0.235929
0.235933
0.235956
0.235952
0.235947
0.235958
0.235959
0.235958
0.235954
0.235954
0.235945
0.235953
0.235962
0.23596
0.235958
0.235961
0.235975
0.235962
0.235977
0.235973
0.23597
0.23598
0.235982
0.235987
0.23599
0.235984
0.235981
0.235993
0.235991
0.235994
0.235976
0.235971
0.235973
0.235987
0.235978
0.235987
0.235984
0.235983
0.235985
0.235996
0.235997
0.235998
0.235988
0.235978
0.235969
0.235969
0.235967
0.235968
0.235972
0.235976
0.235968
0.23598
0.23597
0.235973
0.235974
0.235986
0.235983
0.235982
0.235976
0.235974
0.235961
0.235956
0.235965
0.235963
0.235958
0.235953
0.235957
0.235966
0.235978
0.235981
0.235983
0.235981
0.23599
0.236007
0.236019
0.236024
0.236019
0.236015
0.236015
0.236
0.236008
0.236003
0.235987
0.235981
0.235981
0.235972
0.235974
0.23597
0.235966
0.235963
0.235956
0.235955
0.235972
0.235972
0.235971
0.235992
0.236004
0.236006
0.236008
0.23601
0.235999
0.235989
0.235987
0.235986
0.235978
0.235959
0.235958
0.235968
0.235967
0.235969
0.235961
0.23596
0.235953
0.235949
0.235947
0.235948
0.235964
0.235956
0.235943
0.235926
0.235926
0.235915
0.235913
0.235936
0.235948
0.23595
0.235954
0.235966
0.235956
0.235983
0.235977
0.235989
0.235987
0.235995
0.236001
0.235987
0.235986
0.235974
0.235973
0.235954
0.235942
0.235936
0.235932
0.235916
0.235919
0.235917
0.235918
0.235905
0.235904
0.235899
0.235889
0.235884
0.23588
0.235881
0.235883
0.235895
0.235899
0.235899
0.235888
0.235871
0.235862
0.235853
0.235857
0.235859
0.235867
0.235871
0.235869
0.235865
0.235869
0.23587
0.23586
0.235857
0.235843
0.235849
0.235856
0.235859
0.235854
0.235852
0.235842
0.23583
0.235841
0.235842
0.235849
0.235848
0.235836
0.235833
0.235837
0.235829
0.235831
0.235835
0.235831
0.235815
0.235821
0.235826
0.235826
0.235822
0.235819
0.235804
0.235805
0.235796
0.235801
0.235818
0.235808
0.2358
0.235812
0.235802
0.235806
0.235807
0.235811
0.235811
0.235814
0.235812
0.235816
0.235824
0.235816
0.235809
0.235808
0.2358
0.235801
0.23579
0.235785
0.235783
0.235779
0.235777
0.235783
0.235775
0.235774
0.235768
0.235755
0.235741
0.235744
0.235734
0.235712
0.235726
0.235724
0.235726
0.235735
0.235731
0.235731
0.235732
0.235735
0.235731
0.235729
0.235733
0.235733
0.235713
0.235701
0.235686
0.235681
0.235698
0.235694
0.235683
0.235669
0.235686
0.235675
0.235663
0.235653
0.235653
0.235643
0.235652
0.235642
0.235659
0.235653
0.235652
0.235653
0.235659
0.235659
0.23567
0.235683
0.235681
0.235676
0.235685
0.235674
0.23567
0.235673
0.235666
0.235675
0.235673
0.235681
0.235678
0.235688
0.235698
0.235701
0.235703
0.235702
0.235717
0.235715
0.235746
0.235745
0.235741
0.235744
0.235735
0.235731
0.235726
0.235732
0.235726
0.235736
0.235735
0.235725
0.235734
0.235742
0.235749
0.235751
0.235748
0.235746
0.235749
0.235739
0.235739
0.23574
0.235752
0.235746
0.235747
0.235739
0.235717
0.235724
0.235716
0.235718
0.235714
0.235706
0.23572
0.235726
0.235711
0.235724
0.235702
0.235711
0.235718
0.235708
0.235708
0.235712
0.235714
0.235717
0.235717
0.235718
0.235717
0.235715
0.235717
0.235707
0.235709
0.235704
0.235703
0.23571
0.235703
0.235725
0.235718
0.235713
0.235701
0.2357
0.235712
0.235722
0.235718
0.235722
0.235707
0.235698
0.23569
0.235696
0.235688
0.235695
0.235699
0.235708
0.23573
0.235732
0.235741
0.235752
0.235749
0.235748
0.235736
0.235756
0.235757
0.235769
0.235766
0.235759
0.23575
0.235762
0.235766
0.235762
0.235751
0.235746
0.235743
0.23574
0.235742
0.235727
0.235716
0.235736
0.235743
0.235731
0.235737
0.235739
0.235727
0.235732
0.235731
0.235733
0.235734
0.235715
0.23569
0.235686
0.235686
0.23568
0.235667
0.23567
0.235671
0.235668
0.235677
0.23567
0.235668
0.235675
0.235681
0.235678
0.235688
0.235675
0.235673
0.235674
0.235665
0.23565
0.235654
0.235663
0.235651
0.23567
0.235677
0.235668
0.235666
0.235673
0.23568
0.235672
0.235666
0.23567
0.235677
0.235681
0.235669
0.235673
0.235669
0.23566
0.235663
0.235663
0.235656
0.235656
0.235667
0.235664
0.235657
0.235666
0.235678
0.235681
0.235681
0.235686
0.235685
0.235679
0.235674
0.235677
0.235684
0.235678
0.235675
0.235675
0.235673
0.235665
0.235662
0.235658
0.235649
0.23565
0.235657
0.235657
0.235659
0.235664
0.235674
0.235673
0.23567
0.235664
0.235662
0.235667
0.235663
0.235683
0.235694
0.235685
0.235682
0.235684
0.235678
0.23569
0.235689
0.235698
0.235705
0.235707
0.235694
0.235697
0.235696
0.235704
0.235703
0.235708
0.23572
0.235702
0.23568
0.235687
0.235686
0.23568
0.235678
0.235687
0.235674
0.235671
0.235661
0.235665
0.235658
0.235668
0.235671
0.235674
0.235686
0.235687
0.235693
0.235699
0.235694
0.235685
0.235696
0.235705
0.235697
0.235688
0.235692
0.235683
0.235682
0.235679
0.235687
0.235684
0.235681
0.235676
0.235664
0.23565
0.235657
0.235651
0.235653
0.235647
0.235635
0.235635
0.235637
0.235639
0.235634
0.235645
0.23564
0.235636
0.235631
0.235614
0.235613
0.235607
0.235624
0.235632
0.235624
0.235629
0.235618
0.235627
0.235638
0.235633
0.235641
0.235623
0.235619
0.235607
0.235605
0.235611
0.23562
0.235619
0.235612
0.235608
0.235602
0.2356
0.235586
0.235578
0.235578
0.235595
0.235599
0.235601
0.235599
0.235594
0.235592
0.235592
0.235589
0.235586
0.235593
0.235595
0.23559
0.235586
0.23559
0.235589
0.235594
0.235584
0.235583
0.235603
0.235601
0.235594
0.235594
0.235607
0.23561
0.235608
0.23561
0.235596
0.235613
0.235616
0.235605
0.235618
0.235633
0.23563
0.235638
0.235642
0.235649
0.235636
0.235645
0.235648
0.235642
0.235646
0.23565
0.23567
0.235673
0.235684
0.235701
0.235698
0.235699
0.235716
0.235727
0.23572
0.235717
0.235713
0.235722
0.235724
0.23572
0.23571
0.235711
0.235713
0.235706
0.235704
0.235706
0.235711
0.235721
0.235718
0.235722
0.235724
0.235727
0.235725
0.235734
0.23573
0.235738
0.235723
0.23571
0.235712
0.235711
0.235709
0.235707
0.235698
0.235696
0.235693
0.235696
0.23569
0.235701
0.235702
0.235706
0.235715
0.235714
0.235707
0.235699
0.235702
0.235715
0.235714
0.235716
0.235719
0.235716
0.2357
0.235699
0.235683
0.235698
0.235684
0.235683
0.235684
0.235676
0.235678
0.235682
0.235676
0.235673
0.235662
0.235655
0.235655
0.235662
0.235657
0.235648
0.235659
0.235655
0.235652
0.235652
0.235626
0.23564
0.235642
0.235638
0.235634
0.235629
0.235644
0.235648
0.23565
0.235639
0.235636
0.235627
0.235625
0.23563
0.235631
0.235642
0.235637
0.235644
0.235646
0.235655
0.235666
0.23567
0.235668
0.235668
0.235661
0.235667
0.235666
0.235659
0.235646
0.235671
0.235657
0.235655
0.235654
0.235648
0.235651
0.235649
0.235658
0.235658
0.235655
0.235651
0.235649
0.235648
0.235643
0.235642
0.235642
0.235649
0.235652
0.235662
0.235668
0.235675
0.235684
0.235683
0.235703
0.235697
0.235703
0.235709
0.235714
0.235696
0.235704
0.235689
0.235702
0.235719
0.235732
0.23574
0.235749
0.235749
0.235764
0.235764
0.235766
0.235743
0.235745
0.235754
0.23576
0.235759
0.235758
0.235748
0.235755
0.235762
0.235763
0.235775
0.235783
0.235797
0.235803
0.235822
0.235821
0.23583
0.235842
0.235838
0.23584
0.235848
0.23585
0.235844
0.23585
0.235854
0.235851
0.235854
0.235853
0.23585
0.235856
0.235853
0.235857
0.235869
0.235868
0.235881
0.235886
0.235896
0.235894
0.235881
0.235868
0.23586
0.235864
0.235869
0.235874
0.235866
0.23586
0.235864
0.235846
0.235851
0.235845
0.235848
0.235833
0.235826
0.235839
0.235836
0.235845
0.235848
0.235842
0.235846
0.235837
0.235839
0.235836
0.235842
0.235839
0.235841
0.235855
0.235864
0.235885
0.235889
0.235888
0.235901
0.235906
0.235909
0.235901
0.235898
0.235907
0.235901
0.235889
0.235873
0.235861
0.235856
0.235846
0.235842
0.235845
0.235853
0.235855
0.235845
0.235846
0.23584
0.235837
0.235856
0.235859
0.235847
0.235848
0.235852
0.235838
0.23584
0.235844
0.235857
0.235854
0.235846
0.235857
0.23586
0.235868
0.235876
0.235861
0.235871
0.235873
0.235884
0.235888
0.235885
0.235888
0.235885
0.235892
0.235892
0.235892
0.235894
0.235867
0.23587
0.235883
0.23587
0.235882
0.235876
0.235872
0.235867
0.235873
0.235868
0.235868
0.235885
0.235884
0.23588
0.235863
0.235863
0.235869
0.235879
0.23587
0.235875
0.23588
0.235875
0.23586
0.235859
0.235877
0.23588
0.235891
0.235884
0.235884
0.23589
0.235883
0.235878
0.235869
0.235868
0.235876
0.235871
0.235874
0.235884
0.235882
0.235882
0.235871
0.235879
0.235883
0.235875
0.23587
0.235859
0.235856
0.235858
0.23586
0.235857
0.235867
0.235881
0.2359
0.235893
0.235902
0.235923
0.235926
0.235934
0.235937
0.235937
0.235932
0.235944
0.235933
0.235937
0.23594
0.235938
0.235952
0.235956
0.235961
0.235959
0.235955
0.235963
0.23598
0.236001
0.236017
0.236004
0.235992
0.235989
0.235994
0.235978
0.235966
0.235978
0.235982
0.235974
0.235971
0.235967
0.235975
0.235971
0.235981
0.236005
0.236008
0.236003
0.236014
0.236023
0.236014
0.236013
0.235999
0.235991
0.235994
0.235995
0.235991
0.236006
0.236018
0.236021
0.236013
0.236013
0.236005
0.236002
0.236009
0.236009
0.236013
0.236015
0.236008
0.23601
0.236016
0.236034
0.236034
0.236026
0.236023
0.23602
0.236019
0.23603
0.236037
0.236027
0.236021
0.236011
0.236004
0.236008
0.236017
0.236009
0.236008
0.235999
0.236002
0.236
0.235999
0.236
0.236001
0.236027
0.236008
0.236012
0.236012
0.236011
0.236019
0.236022
0.23602
0.236012
0.236
0.235992
0.236001
0.236014
0.23601
0.236006
0.236011
0.236018
0.236023
0.236017
0.236015
0.236015
0.236007
0.236018
0.236018
0.23602
0.236018
0.236022
0.236016
0.236011
0.236026
0.236026
0.236024
0.236025
0.236011
0.236009
0.236006
0.235999
0.235999
0.236012
0.236019
0.23601
0.236011
0.236002
0.236006
0.236014
0.23601
0.236004
0.236007
0.236008
0.235993
0.23599
0.235981
0.235996
0.235996
0.235999
0.236002
0.236001
0.235992
0.235997
0.235989
0.235993
0.235989
0.235987
0.235971
0.235979
0.235988
0.235985
0.235979
0.235979
0.235981
0.235989
0.235995
0.235994
0.235992
0.236
0.235995
0.235991
0.235997
0.236007
0.236
0.235994
0.235993
0.236001
0.236
0.236014
0.236022
0.236023
0.236027
0.236015
0.236013
0.236003
0.236012
0.236013
0.236025
0.236035
0.236029
0.236018
0.236014
0.236011
0.235999
0.236
0.236
0.236002
0.235999
0.235987
0.23598
0.235988
0.235993
0.235984
0.235984
0.23599
0.235983
0.235976
0.235977
0.235991
0.235984
0.235977
0.235964
0.235966
0.235979
0.23598
0.235979
0.235984
0.235978
0.235977
0.235982
0.235971
0.235973
0.235983
0.235982
0.235975
0.235976
0.235975
0.235975
0.235969
0.23596
0.235946
0.235933
0.235929
0.235934
0.235929
0.235926
0.235935
0.235938
0.235947
0.235957
0.23595
0.235944
0.235944
0.235949
0.235945
0.23595
0.235949
0.235956
0.235952
0.23596
0.235965
0.235956
0.235951
0.235948
0.23595
0.235945
0.235944
0.23593
0.235939
0.235949
0.235942
0.235944
0.235942
0.235944
0.235933
0.235931
0.235927
0.235933
0.235931
0.235923
0.235907
0.23591
0.235906
0.235909
0.235922
0.235925
0.235931
0.23593
0.235926
0.235931
0.235936
0.235942
0.235948
0.235942
0.23595
0.235965
0.23596
0.235956
0.235954
0.235949
0.235946
0.235939
0.235954
0.235945
0.235936
0.235932
0.235936
0.235931
0.23592
0.235912
0.235894
0.23591
0.235905
0.235909
0.235913
0.235916
0.235925
0.235918
0.235927
0.235918
0.235926
0.235934
0.235941
0.23594
0.235945
0.235952
0.235948
0.235953
0.235951
0.235964
0.235951
0.235949
0.235938
0.235946
0.235936
0.235957
0.235954
0.235953
0.235939
0.23593
0.235932
0.235944
0.235937
0.235942
0.235939
0.235948
0.235936
0.235933
0.235923
0.235936
0.235936
0.235951
0.23596
0.235956
0.235948
0.235943
0.235972
0.235989
0.235987
0.235993
0.235978
0.23598
0.23598
0.235981
0.235991
0.235997
0.236001
0.23601
0.236021
0.23603
0.236028
0.236037
0.236037
0.236036
0.236036
0.236045
0.236043
0.236044
0.236048
0.236045
0.236063
0.236065
0.236069
0.236094
0.236097
0.236086
0.236075
0.236082
0.236075
0.236074
0.236073
0.236072
0.236073
0.236074
0.236071
0.236072
0.236063
0.236061
0.23605
0.23604
0.236037
0.236041
0.23603
0.236028
0.236036
0.236035
0.236052
0.236046
0.236046
0.236041
0.236046
0.236048
0.236057
0.236072
0.236061
0.236065
0.23606
0.236042
0.236055
0.236052
0.236046
0.236044
0.236043
0.236053
0.236054
0.236059
0.236061
0.236058
0.236057
0.236049
0.236045
0.236053
0.236054
0.236053
0.236061
0.236053
0.236045
0.236034
0.236035
0.236037
0.236043
0.236055
0.236058
0.23605
0.236051
0.236056
0.23606
0.236049
0.23605
0.236034
0.236035
0.236035
0.236036
0.236026
0.23604
0.23605
0.23605
0.236054
0.236049
0.236048
0.236058
0.236059
0.236059
0.23606
0.236074
0.236071
0.236072
0.23607
0.236074
0.236074
0.236076
0.236077
0.236068
0.236069
0.236062
0.236067
0.236053
0.236064
0.236063
0.236058
0.236054
0.236049
0.236051
0.236045
0.236059
0.236062
0.236053
0.236078
0.236067
0.236055
0.236062
0.236064
0.236059
0.236052
0.236039
0.236043
0.236042
0.236043
0.236049
0.236036
0.236041
0.236041
0.23604
0.236044
0.23604
0.23603
0.236033
0.236026
0.236036
0.236048
0.236045
0.23605
0.236051
0.236058
0.236054
0.236056
0.236052
0.236059
0.236059
0.236057
0.236059
0.236057
0.236064
0.236058
0.236061
0.236042
0.236053
0.236049
0.236037
0.236028
0.236046
0.236056
0.236051
0.236047
0.23604
0.236051
0.236062
0.236063
0.236065
0.236072
0.236085
0.236079
0.236067
0.236061
0.236067
0.23608
0.236098
0.236104
0.236117
0.23612
0.236122
0.236128
0.236118
0.236094
0.236098
0.236108
0.236101
0.236091
0.236087
0.236083
0.236071
0.236061
0.236063
0.236057
0.236059
0.236058
0.23606
0.236061
0.236061
0.236069
0.236061
0.236052
0.236056
0.23605
0.236043
0.236043
0.236037
0.236055
0.236055
0.236064
0.236065
0.236051
0.236041
0.236036
0.236022
0.236025
0.236022
0.236025
0.236018
0.236013
0.236017
0.236019
0.236017
0.236023
0.236019
0.236024
0.23602
0.236014
0.236016
0.236023
0.236012
0.236025
0.236025
0.236025
0.236024
0.236041
0.236044
0.23603
0.236034
0.236029
0.23602
0.236007
0.236004
0.236002
0.23602
0.236002
0.236003
0.236004
0.236016
0.236025
0.236033
0.236028
0.236026
0.236038
0.236041
0.236036
0.23603
0.236035
0.236024
0.236027
0.236014
0.236018
0.236017
0.236024
0.236022
0.236024
0.236025
0.236021
0.236025
0.236029
0.23602
0.236022
0.236026
0.236022
0.236003
0.236017
0.236015
0.236026
0.236021
0.236015
0.236023
0.236017
0.236002
0.236012
0.236017
0.236006
0.235998
0.235996
0.235995
0.235997
0.236002
0.236012
0.235998
0.235992
0.235987
0.23598
0.235967
0.235981
0.235968
0.235966
0.235963
0.235955
0.235953
0.235943
0.235948
0.23595
0.235944
0.23594
0.235928
0.235935
0.235945
0.235936
0.235931
0.235928
0.235924
0.235916
0.235917
0.235918
0.235918
0.23591
0.235905
0.235913
0.235908
0.235913
0.235896
0.235896
0.235918
0.235917
0.235916
0.235932
0.235928
0.235934
0.235934
0.235931
0.235933
0.235928
0.235924
0.235918
0.235912
0.235919
0.235932
0.235936
0.235928
0.235915
0.23592
0.235931
0.235932
0.235933
0.235935
0.235934
0.235935
0.235935
0.235945
0.235942
0.235933
0.235941
0.235945
0.235967
0.235967
0.235972
0.235968
0.235978
0.235985
0.235987
0.23599
0.23599
0.235996
0.235989
0.235973
0.235969
0.235961
0.235966
0.235987
0.235984
0.235984
0.235985
0.235995
0.235997
0.23599
0.235995
0.235991
0.23599
0.235988
0.23599
0.235981
0.235976
0.235976
0.235985
0.235986
0.235981
0.235972
0.235967
0.235977
0.235962
0.235982
0.235982
0.235972
0.235972
0.235957
0.235957
0.235962
0.235955
0.23596
0.235962
0.235966
0.235964
0.235962
0.235955
0.235948
0.235944
0.23594
0.235949
0.235947
0.235935
0.235922
0.235919
0.235917
0.235911
0.235917
0.235918
0.235913
0.235918
0.235921
0.235924
0.235922
0.235917
0.235901
0.235893
0.235893
0.235887
0.235881
0.235881
0.235871
0.235876
0.235878
0.235877
0.235876
0.235879
0.235883
0.235871
0.235868
0.235873
0.235868
0.235865
0.235871
0.23589
0.235878
0.235869
0.235863
0.235859
0.235858
0.235868
0.235857
0.235849
0.235849
0.235851
0.235851
0.23585
0.235842
0.235845
0.235837
0.235835
0.235832
0.235842
0.235842
0.235836
0.235829
0.23583
0.235835
0.235844
0.235848
0.235847
0.235861
0.235863
0.23586
0.235865
0.235862
0.235856
0.235849
0.235849
0.235859
0.235853
0.235867
0.235854
0.235853
0.235864
0.235858
0.235839
0.235828
0.235826
0.235834
0.235837
0.23585
0.235853
0.235854
0.235857
0.235859
0.235873
0.235875
0.23587
0.235872
0.235886
0.235897
0.235895
0.235892
0.235896
0.235893
0.235892
0.235896
0.23588
0.235873
0.235866
0.235862
0.235856
0.235851
0.235844
0.235845
0.235848
0.235857
0.235869
0.235869
0.235873
0.235865
0.235869
0.235871
0.23587
0.235865
0.235865
0.235858
0.235875
0.235888
0.235891
0.2359
0.235905
0.235898
0.235888
0.235885
0.235885
0.23587
0.235877
0.23589
0.235898
0.2359
0.235894
0.235882
0.235877
0.235877
0.235873
0.235884
0.23589
0.235877
0.235871
0.235861
0.23587
0.235877
0.235853
0.235872
0.235873
0.235873
0.235873
0.235859
0.235872
0.235883
0.235882
0.235874
0.235868
0.235875
0.235861
0.235868
0.235867
0.235858
0.235861
0.235863
0.235856
0.235862
0.23586
0.235857
0.235849
0.235858
0.235856
0.235857
0.23585
0.235849
0.235854
0.235849
0.235852
0.235867
0.235854
0.235845
0.235858
0.23585
0.235853
0.235846
0.235851
0.235844
0.235837
0.235825
0.235824
0.235826
0.235821
0.235816
0.235811
0.235805
0.235823
0.23583
0.235826
0.23581
0.235813
0.23582
0.235817
0.235799
0.235794
0.235791
0.235787
0.235803
0.235797
0.235793
0.235806
0.235802
0.235801
0.235796
0.2358
0.235802
0.235801
0.235789
0.23579
0.235794
0.235789
0.235789
0.235792
0.235789
0.235789
0.23579
0.235788
0.235796
0.235801
0.235797
0.235797
0.235797
0.235796
0.235799
0.235793
0.235787
0.235781
0.235773
0.235755
0.235757
0.235747
0.235738
0.235738
0.235739
0.235733
0.235735
0.235741
0.235746
0.235743
0.23575
0.235754
0.235744
0.235744
0.235742
0.235756
0.235755
0.235758
0.235761
0.235765
0.235759
0.235762
0.235767
0.235767
0.235763
0.235747
0.235749
0.235751
0.235752
0.235765
0.235769
0.235769
0.235774
0.235781
0.235772
0.235778
0.235764
0.235766
0.235762
0.235768
0.235794
0.2358
0.235805
0.235791
0.235798
0.235787
0.235796
0.235802
0.235788
0.23579
0.235814
0.235824
0.235826
0.235814
0.235813
0.235819
0.235814
0.235807
0.235817
0.235832
0.235837
0.235845
0.235839
0.235838
0.235826
0.235831
0.235839
0.23584
0.235828
0.235839
0.235842
0.235846
0.235841
0.235851
0.235844
0.235834
0.235839
0.23583
0.235838
0.235835
0.235822
0.23583
0.235822
0.23581
0.235821
0.235808
0.235809
0.235805
0.235803
0.235802
0.235805
0.235815
0.23581
0.235813
0.235818
0.23581
0.235812
0.235809
0.235815
0.235795
0.235799
0.235795
0.23578
0.235785
0.23578
0.23579
0.235794
0.235795
0.235793
0.235804
0.235797
0.235809
0.235799
0.235794
0.235789
0.235777
0.235773
0.235775
0.235777
0.235776
0.235756
0.235757
0.235756
0.235758
0.235755
0.23575
0.23575
0.235767
0.235769
0.235777
0.235772
0.23578
0.23578
0.235783
0.235778
0.235773
0.235767
0.235765
0.235762
0.235758
0.235761
0.235757
0.235755
0.235746
0.235745
0.235743
0.235742
0.23575
0.235745
0.235742
0.235739
0.235732
0.235731
0.235736
0.235735
0.235739
0.235743
0.235756
0.235756
0.235744
0.235742
0.235741
0.23574
0.235732
0.23573
0.23572
0.235724
0.235718
0.235726
0.235721
0.235722
0.235714
0.235717
0.235721
0.235711
0.235708
0.235711
0.2357
0.235701
0.235705
0.235704
0.235707
0.235713
0.235699
0.235703
0.235693
0.235691
0.235686
0.235673
0.235667
0.235665
0.23566
0.235669
0.235677
0.235678
0.235676
0.235664
0.23565
0.235644
0.235638
0.235633
0.235631
0.235641
0.235633
0.235644
0.235643
0.235656
0.235658
0.235656
0.235653
0.235668
0.235665
0.235663
0.235661
0.235674
0.235695
0.235687
0.235687
0.235688
0.235694
0.235693
0.235689
0.235683
0.23568
0.235676
0.235676
0.235673
0.235665
0.235668
0.235662
0.235664
0.235661
0.235656
0.235647
0.235651
0.23566
0.235667
0.23567
0.235659
0.235649
0.235645
0.235656
0.23566
0.235656
0.235659
0.235647
0.235652
0.235635
0.235634
0.235638
0.235636
0.235638
0.235641
0.235649
0.235641
0.23565
0.235657
0.235664
0.235667
0.235664
0.235664
0.235669
0.235671
0.235673
0.235662
0.235671
0.235671
0.235675
0.235681
0.23568
0.235682
0.235691
0.235686
0.23569
0.235685
0.235694
0.235695
0.235698
0.235702
0.235711
0.235709
0.23572
0.235717
0.235703
0.235705
0.235699
0.2357
0.23569
0.235678
0.235677
0.235667
0.235672
0.235687
0.235681
0.235683
0.235678
0.235673
0.235674
0.235665
0.235668
0.235673
0.235693
0.235703
0.235694
0.23569
0.235695
0.235695
0.235701
0.235705
0.235708
0.235706
0.235711
0.235712
0.235702
0.2357
0.235684
0.235688
0.235685
0.235675
0.235677
0.235685
0.235674
0.235673
0.235669
0.235674
0.235683
0.235685
0.235687
0.23568
0.23568
0.235685
0.235684
0.235682
0.235674
0.235678
0.235666
0.235653
0.235657
0.23565
0.235643
0.235646
0.235655
0.23566
0.235661
0.235657
0.235653
0.235648
0.235648
0.235656
0.235654
0.235663
0.235656
0.235653
0.23565
0.235649
0.235636
0.235635
0.235638
0.235646
0.235639
0.235636
0.235626
0.235627
0.235644
0.235647
0.235653
0.235661
0.235657
0.235656
0.235655
0.23565
0.23564
0.235634
0.235637
