0.984436
0.719212
0.593485
0.535211
0.50429
0.498533
0.489061
0.483824
0.480593
0.477134
0.478027
0.479775
0.476119
0.472143
0.467558
0.465113
0.4646
0.463333
0.463869
0.461444
0.458011
0.458108
0.45774
0.457731
0.457415
0.457085
0.457505
0.454754
0.454402
0.455335
0.454826
0.4551
0.455276
0.455073
0.45334
0.452383
0.449394
0.449369
0.446679
0.446101
0.446496
0.445064
0.443161
0.440968
0.441222
0.440041
0.43973
0.440101
0.440188
0.438814
0.438711
0.438644
0.439515
0.439463
0.439426
0.439702
0.439818
0.439994
0.438941
0.438906
0.440141
0.44071
0.441168
0.440899
0.442025
0.441223
0.440621
0.439633
0.439056
0.439036
0.439087
0.439151
0.439038
0.439109
0.438326
0.438956
0.439399
0.438892
0.439457
0.439783
0.439583
0.439593
0.439967
0.439666
0.438849
0.437973
0.438049
0.437522
0.437603
0.437767
0.438208
0.438301
0.438659
0.438102
0.438257
0.438209
0.437935
0.437107
0.437444
0.436597
0.436587
0.436574
0.437253
0.436767
0.436766
0.436206
0.435795
0.435918
0.436087
0.436198
0.435408
0.435622
0.435054
0.434363
0.434529
0.434836
0.434728
0.434611
0.43458
0.434887
0.435125
0.434713
0.434193
0.434811
0.434937
0.434526
0.434266
0.434474
0.434862
0.434159
0.434236
0.434332
0.43491
0.434792
0.435277
0.434537
0.43467
0.435019
0.434666
0.434562
0.434525
0.434763
0.434747
0.434621
0.434418
0.434148
0.434145
0.434437
0.434409
0.43442
0.434198
0.434551
0.434593
0.434229
0.43405
0.434058
0.433616
0.433622
0.433388
0.433658
0.433402
0.432739
0.432493
0.432603
0.432542
0.432283
0.431888
0.431886
0.432151
0.431899
0.431711
0.431425
0.431697
0.431276
0.4319
0.432144
0.432296
0.432384
0.432321
0.432334
0.432246
0.431963
0.431988
0.431818
0.431796
0.431779
0.431343
0.431472
0.431604
0.431212
0.431381
0.431363
0.431153
0.43087
0.430673
0.43031
0.430437
0.430447
0.430178
0.430072
0.430042
0.430396
0.43024
0.430549
0.430609
0.430519
0.430557
0.430867
0.430977
0.430995
0.431049
0.431133
0.430887
0.430691
0.430862
0.430524
0.430627
0.430523
0.430587
0.430732
0.430655
0.430432
0.430412
0.430248
0.430168
0.430065
0.429902
0.429723
0.4298
0.430092
0.430307
0.430181
0.430139
0.429942
0.430034
0.429952
0.430097
0.429984
0.429747
0.429979
0.429973
0.430069
0.429904
0.430151
0.430028
0.430305
0.430032
0.430267
0.430439
0.430555
0.430527
0.430843
0.430778
0.431176
0.431124
0.431091
0.430957
0.430861
0.430787
0.430525
0.430673
0.430859
0.431008
0.430839
0.430859
0.431145
0.430968
0.43088
0.430782
0.43103
0.431062
0.430691
0.430633
0.430851
0.431027
0.43085
0.430987
0.430979
0.430952
0.431251
0.431393
0.431188
0.430991
0.431036
0.431065
0.431027
0.430996
0.430828
0.430984
0.430789
0.430943
0.431134
0.431091
0.431147
0.431175
0.431095
0.430847
0.430949
0.430907
0.431141
0.431197
0.431261
0.431359
0.431298
0.431378
0.431243
0.431164
0.43129
0.431169
0.431123
0.431176
0.431043
0.430878
0.430951
0.430999
0.430974
0.43093
0.430777
0.430715
0.430694
0.430784
0.430846
0.430627
0.430685
0.430536
0.430282
0.430235
0.430147
0.430181
0.430218
0.430238
0.43002
0.429765
0.429636
0.429745
0.429939
0.429909
0.42996
0.429977
0.429921
0.429712
0.429624
0.429658
0.429653
0.429463
0.429326
0.429307
0.429213
0.429177
0.429293
0.429194
0.429189
0.429108
0.429116
0.429048
0.429153
0.429218
0.429112
0.42915
0.429035
0.429176
0.429018
0.429016
0.429077
0.428792
0.428776
0.428985
0.429161
0.42907
0.429306
0.429321
0.429124
0.428964
0.428953
0.429124
0.429186
0.42907
0.42908
0.428839
0.428802
0.428934
0.429052
0.429006
0.428929
0.428924
0.428552
0.428535
0.428296
0.428107
0.428195
0.428094
0.428098
0.427937
0.427976
0.427714
0.427768
0.42772
0.427657
0.42785
0.427929
0.428022
0.428111
0.428092
0.427927
0.42797
0.427891
0.42786
0.428038
0.427994
0.4281
0.428157
0.428313
0.428455
0.428484
0.428457
0.42852
0.428525
0.428459
0.428455
0.428308
0.428261
0.428281
0.428249
0.428374
0.428085
0.428219
0.428175
0.428245
0.428302
0.428364
0.428408
0.428171
0.428059
0.427959
0.42801
0.428037
0.427928
0.427726
0.427737
0.427651
0.427497
0.427282
0.427041
0.427142
0.426977
0.426989
0.426992
0.426929
0.426717
0.426826
0.426893
0.426777
0.426823
0.426939
0.427082
0.427008
0.426864
0.426787
0.426663
0.426606
0.426663
0.426729
0.426577
0.426579
0.426651
0.426773
0.426822
0.426536
0.426444
0.426503
0.426516
0.426435
0.426337
0.42627
0.426352
0.426327
0.426333
0.426252
0.426331
0.426344
0.426362
0.426254
0.426122
0.425832
0.42581
0.425827
0.425954
0.425892
0.425968
0.425853
0.425845
0.425731
0.425693
0.425708
0.425661
0.425603
0.425498
0.425456
0.425343
0.425351
0.425267
0.42529
0.425434
0.425322
0.425319
0.425289
0.42519
0.4251
0.425043
0.424948
0.424909
0.424789
0.42482
0.424824
0.424852
0.424724
0.424584
0.424724
0.424686
0.424748
0.424602
0.424563
0.42459
0.424705
0.424738
0.424718
0.424628
0.424594
0.424521
0.424522
0.424485
0.424522
0.424499
0.42439
0.424407
0.424462
0.424542
0.424454
0.424356
0.42434
0.424263
0.424267
0.424342
0.424259
0.424249
0.424373
0.424384
0.424354
0.424412
0.424563
0.424573
0.424542
0.424532
0.424475
0.424462
0.424319
0.424391
0.424498
0.424386
0.424401
0.424475
0.424373
0.42441
0.424382
0.424374
0.424254
0.424171
0.424284
0.424283
0.424086
0.424045
0.423893
0.424058
0.42402
0.424082
0.424087
0.424038
0.42406
0.424127
0.42413
0.424255
0.424121
0.424221
0.424255
0.42426
0.424274
0.42434
0.424408
0.424472
0.424355
0.424203
0.424131
0.424084
0.42407
0.424052
0.424133
0.424175
0.424119
0.424183
0.424205
0.42427
0.424193
0.424124
0.424012
0.423922
0.423943
0.423976
0.423982
0.423931
0.423878
0.423766
0.423802
0.423799
0.423749
0.423751
0.423909
0.423778
0.423846
0.423981
0.424006
0.424024
0.424012
0.42392
0.423846
0.423898
0.423868
0.423851
0.423852
0.42371
0.423556
0.423652
0.423615
0.42357
0.423491
0.423439
0.423361
0.423189
0.423195
0.423074
0.423043
0.423087
0.42311
0.423063
0.423125
0.423133
0.423156
0.423115
0.42315
0.423049
0.423053
0.423022
0.423
0.423012
0.42296
0.422907
0.42305
0.423017
0.423142
0.423084
0.422918
0.422998
0.42309
0.423134
0.422955
0.422976
0.422961
0.422955
0.422948
0.422852
0.422698
0.422729
0.422756
0.422716
0.422773
0.422823
0.422833
0.422884
0.422875
0.4229
0.422837
0.422749
0.422747
0.422814
0.422812
0.422789
0.42276
0.422726
0.42255
0.4225
0.422563
0.422537
0.422619
0.422576
0.42257
0.422633
0.42264
0.422552
0.422636
0.422643
0.422624
0.422587
0.422539
0.422658
0.422747
0.422763
0.422711
0.422727
0.422716
0.422701
0.422684
0.422637
0.422618
0.422564
0.422465
0.422397
0.422315
0.422311
0.422282
0.422281
0.422163
0.422141
0.422166
0.422002
0.422112
0.422131
0.422084
0.422064
0.422045
0.422069
0.422063
0.422013
0.421949
0.421925
0.421949
0.422036
0.421974
0.421927
0.421919
0.422012
0.422078
0.422137
0.421956
0.422004
0.422062
0.421991
0.421957
0.421988
0.421946
0.421929
0.421792
0.421738
0.421745
0.421776
0.421803
0.421823
0.421753
0.421779
0.421759
0.421756
0.421808
0.421757
0.421634
0.42172
0.421734
0.421712
0.421745
0.421671
0.421744
0.421699
0.421774
0.421791
0.42174
0.421704
0.421707
0.421747
0.421627
0.421692
0.421573
0.421486
0.42157
0.421592
0.421505
0.421375
0.421361
0.421347
0.421303
0.421293
0.421274
0.421286
0.42138
0.421346
0.421344
0.421287
0.421264
0.421291
0.421333
0.421307
0.421314
0.421281
0.42127
0.421331
0.421332
0.421244
0.421253
0.421307
0.421224
0.421299
0.421377
0.421298
0.421263
0.421287
0.421316
0.421381
0.42136
0.421355
0.421389
0.421461
0.421486
0.421463
0.421444
0.42143
0.421334
0.421334
0.421331
0.421351
0.42142
0.421428
0.421332
0.421368
0.421456
0.42154
0.42155
0.421574
0.421584
0.421644
0.421743
0.421757
0.421758
0.421782
0.421796
0.421856
0.421843
0.421825
0.421822
0.421864
0.421955
0.421956
0.421916
0.421928
0.42196
0.421898
0.421792
0.421727
0.421678
0.421707
0.421706
0.421636
0.421727
0.421775
0.421773
0.421754
0.421697
0.421687
0.421704
0.42173
0.421751
0.421645
0.421662
0.421642
0.421634
0.421622
0.421551
0.421605
0.421659
0.421701
0.421756
0.421767
0.421726
0.421608
0.42147
0.421538
0.421552
0.42157
0.421615
0.421597
0.421582
0.421579
0.421619
0.421558
0.421616
0.421628
0.42164
0.421639
0.421642
0.421643
0.421625
0.421611
0.421641
0.421732
0.421776
0.421794
0.421745
0.421777
0.421701
0.421627
0.421674
0.421732
0.421743
0.421745
0.421739
0.421677
0.421756
0.421744
0.421691
0.421653
0.421633
0.421673
0.421649
0.421598
0.421538
0.421473
0.421431
0.421501
0.421601
0.421602
0.421636
0.421657
0.421677
0.421627
0.42146
0.421429
0.421421
0.421418
0.421393
0.421383
0.421367
0.421356
0.42133
0.421227
0.421276
0.421342
0.421283
0.4213
0.421287
0.421306
0.421315
0.421394
0.421386
0.421401
0.421428
0.421413
0.421482
0.421397
0.421514
0.421442
0.421455
0.421456
0.421479
0.421538
0.421573
0.421617
0.42165
0.421704
0.421713
0.421743
0.421744
0.42166
0.421682
0.421677
0.421689
0.421625
0.421637
0.421614
0.421628
0.4216
0.42165
0.421635
0.42164
0.421597
0.421654
0.421666
0.421618
0.421642
0.421654
0.421619
0.421621
0.421579
0.421575
0.42166
0.421659
0.421726
0.421803
0.421775
0.421708
0.421665
0.421721
0.421765
0.421709
0.42175
0.421679
0.421647
0.42175
0.421754
0.421791
0.421743
0.421697
0.421655
0.421598
0.421597
0.421646
0.421636
0.421563
0.421596
0.421623
0.421636
0.421566
0.421597
0.421633
0.421625
0.42163
0.421619
0.421636
0.421632
0.421698
0.421725
0.421737
0.421784
0.421843
0.421904
0.421851
0.421752
0.421788
0.421795
0.421818
0.42174
0.421682
0.421596
0.421569
0.421659
0.421645
0.4216
0.421591
0.421556
0.421581
0.421612
0.421564
0.421554
0.421608
0.42169
0.421669
0.421602
0.421538
0.421575
0.42163
0.421704
0.421645
0.421649
0.421665
0.421642
0.421622
0.421648
0.421689
0.421676
0.421691
0.421674
0.421732
0.421728
0.421709
0.421705
0.421766
0.421764
0.421745
0.421639
0.421571
0.421533
0.42156
0.421604
0.421591
0.421592
0.42168
0.421674
0.421715
0.421753
0.421697
0.421713
0.421673
0.421678
0.421602
0.421557
0.421582
0.421619
0.421627
0.421601
0.421553
0.421565
0.421598
0.421636
0.421682
0.421691
0.421805
0.42182
0.421764
0.421729
0.421671
0.421644
0.421648
0.421601
0.421587
0.421493
0.421528
0.421539
0.421524
0.42158
0.421538
0.421508
0.42153
0.421542
0.42146
0.421479
0.421454
0.421513
0.421518
0.421555
0.421468
0.421508
0.421484
0.421444
0.421448
0.421443
0.421432
0.421427
0.421454
0.421517
0.421564
0.421562
0.421566
0.421626
0.421597
0.421588
0.421612
0.421588
0.42157
0.421598
0.421632
0.421579
0.421638
0.421677
0.421689
0.421721
0.421722
0.421694
0.421729
0.421764
0.421672
0.421752
0.4218
0.421764
0.421724
0.42171
0.42167
0.421688
0.42175
0.421762
0.421731
0.421789
0.421773
0.421779
0.421694
0.421706
0.421674
0.421645
0.421718
0.42165
0.421678
0.421686
0.421678
0.421641
0.421576
0.421611
0.421521
0.421519
0.42148
0.421479
0.421465
0.421496
0.421512
0.421482
0.421468
0.42155
0.421565
0.421531
0.421546
0.421552
0.421548
0.421537
0.421549
0.421572
0.421496
0.421539
0.421522
0.421558
0.42156
0.421588
0.421589
0.421627
0.421686
0.421655
0.421656
0.421668
0.421595
0.421557
0.421561
0.42158
0.421567
0.421562
0.421569
0.421525
0.421482
0.421449
0.421431
0.421543
0.421534
0.421494
0.421468
0.421514
0.421507
0.421534
0.421513
0.421504
0.421547
0.421576
0.421646
0.42161
0.421606
0.42165
0.421569
0.421633
0.421587
0.421617
0.421605
0.421617
0.421621
0.421562
0.421544
0.421484
0.421479
0.421407
0.421372
0.421316
0.421297
0.421192
0.421145
0.421111
0.421098
0.421122
0.421091
0.421088
0.421057
0.421113
0.421036
0.420989
0.421005
0.420975
0.420987
0.421014
0.421004
0.421004
0.421033
0.420984
0.42101
0.421002
0.420965
0.420938
0.420922
0.420912
0.420897
0.420884
0.420917
0.420918
0.420934
0.420921
0.42087
0.420901
0.42083
0.420822
0.420869
0.420844
0.420862
0.42087
0.420857
0.420864
0.420862
0.420859
0.42091
0.420871
0.420868
0.420849
0.420781
0.420737
0.42071
0.420766
0.420775
0.420794
0.42077
0.420828
0.420745
0.420741
0.420847
0.420848
0.420843
0.420845
0.42082
0.420774
0.420812
0.4208
0.420776
0.420718
0.420675
0.420671
0.420694
0.420684
0.420737
0.420763
0.420741
0.420762
0.420765
0.420801
0.420785
0.420812
0.420757
0.420828
0.420917
0.420929
0.420943
0.420988
0.420944
0.42092
0.420911
0.420938
0.42094
0.420944
0.420967
0.420916
0.420856
0.420877
0.420844
0.42082
0.420799
0.420752
0.420717
0.420717
0.420777
0.420808
0.420834
0.420873
0.420817
0.420768
0.42076
0.420759
0.420785
0.420762
0.420734
0.42075
0.420766
0.420658
0.42065
0.420632
0.42064
0.420656
0.420649
0.420634
0.420685
0.42067
0.420667
0.420649
0.42068
0.420631
0.420641
0.420648
0.420649
0.420646
0.420604
0.420661
0.420658
0.420655
0.420628
0.420642
0.420608
0.420639
0.420578
0.420529
0.420514
0.42056
0.420521
0.420515
0.420531
0.420491
0.420499
0.420531
0.420495
0.420451
0.420495
0.420521
0.420549
0.420605
0.420653
0.420698
0.42076
0.420778
0.420803
0.420822
0.420833
0.420827
0.420872
0.420857
0.420809
0.420788
0.420787
0.420808
0.420821
0.420822
0.420869
0.420847
0.42083
0.420818
0.420824
0.420854
0.420891
0.420868
0.420877
0.420881
0.42089
0.420955
0.420937
0.420915
0.420918
0.420898
0.42094
0.420922
0.420935
0.420936
0.420929
0.420969
0.420973
0.421024
0.420981
0.420936
0.420891
0.420939
0.420885
0.42088
0.420857
0.420838
0.42082
0.420797
0.420776
0.420828
0.420815
0.420829
0.420825
0.420849
0.420886
0.420879
0.420938
0.420934
0.420941
0.42091
0.420932
0.420946
0.420912
0.420915
0.420896
0.420883
0.420916
0.420928
0.420914
0.42095
0.420941
0.420941
0.420914
0.42097
0.420968
0.421
0.420987
0.421011
0.421032
0.421039
0.42106
0.421054
0.421003
0.421001
0.42099
0.421004
0.421003
0.421037
0.421003
0.421047
0.42109
0.420999
0.421034
0.421034
0.421001
0.420972
0.420963
0.420937
0.420918
0.420924
0.420929
0.420948
0.420973
0.420967
0.42095
0.420962
0.420952
0.420927
0.420927
0.420917
0.420893
0.420884
0.42089
0.420909
0.420914
0.420892
0.420859
0.420819
0.420866
0.420861
0.420819
0.420815
0.420805
0.420814
0.420796
0.420799
0.420795
0.420803
0.420781
0.42079
0.420789
0.420767
0.420804
0.420796
0.420824
0.420839
0.42085
0.420828
0.420846
0.42092
0.420865
0.420879
0.420867
0.420853
0.420822
0.42077
0.420723
0.42072
0.420727
0.420763
0.42072
0.420726
0.420668
0.420652
0.420672
0.420626
0.420645
0.420638
0.420646
0.420634
0.420645
0.420637
0.420635
0.420624
0.420618
0.420572
0.420568
0.420522
0.420511
0.420503
0.420466
0.420394
0.420424
0.420455
0.420476
0.420473
0.420513
0.420533
0.420532
0.420544
0.420549
0.42056
0.420578
0.420513
0.420471
0.420477
0.420455
0.420471
0.420423
0.420446
0.420446
0.42046
0.420486
0.420466
0.420462
0.420408
0.420426
0.420359
0.420376
0.420397
0.420406
0.420435
0.420476
0.420404
0.420397
0.420413
0.420342
0.420353
0.420358
0.420366
0.420352
0.42037
0.420325
0.42035
0.420318
0.420271
0.420232
0.420254
0.420302
0.420311
0.420235
0.420226
0.420259
0.420269
0.420312
0.42033
0.420317
0.420293
0.420293
0.420247
0.420231
0.420206
0.420197
0.420212
0.420226
0.420205
0.420214
0.420224
0.420253
0.420262
0.420262
0.420212
0.420237
0.420233
0.420176
0.420179
0.420151
0.420141
0.420167
0.420136
0.420154
0.42019
0.420187
0.420183
0.420151
0.420183
0.420193
0.420216
0.420216
0.420209
0.420205
0.420209
0.420218
0.42019
0.420195
0.420176
0.42017
0.42012
0.420102
0.420108
0.420112
0.420139
0.420088
0.420054
0.420007
0.420045
0.420012
0.41997
0.419964
0.419989
0.41998
0.419943
0.419959
0.419989
0.419986
0.419988
0.420001
0.420034
0.420052
0.420062
0.420037
0.420004
0.419982
0.419975
0.419972
0.419942
0.419948
0.419979
0.419999
0.41994
0.419917
0.419872
0.419876
0.419852
0.419854
0.419782
0.419861
0.419869
0.419862
0.419844
0.419863
0.419885
0.419901
0.419938
0.419893
0.419917
0.419925
0.419954
0.419973
0.42001
0.420028
0.420032
0.420049
0.420037
0.420032
0.420036
0.420018
0.419982
0.420006
0.42
0.419943
0.419913
0.419922
0.419933
0.419964
0.419914
0.419947
0.419941
0.419924
0.419929
0.419934
0.419914
0.419937
0.419959
0.41999
0.420013
0.419984
0.419958
0.419978
0.420005
0.420002
0.420031
0.420058
0.42007
0.420079
0.420075
0.420093
0.420071
0.420065
0.420087
0.420098
0.420073
0.420066
0.420109
0.420126
0.420129
0.420139
0.420127
0.420126
0.420104
0.420081
0.420102
0.42009
0.420105
0.420119
0.420122
0.420176
0.420168
0.420186
0.420166
0.420144
0.420152
0.420146
0.420102
0.420114
0.420123
0.420106
0.420082
0.420101
0.420059
0.420039
0.420026
0.420009
0.420029
0.420062
0.42007
0.42001
0.419983
0.42
0.419992
0.419994
0.420008
0.419998
0.419984
0.419982
0.420024
0.420077
0.420072
0.420088
0.420111
0.420134
0.420173
0.420199
0.420151
0.42014
0.420123
0.420086
0.420051
0.419996
0.419973
0.419926
0.419933
0.419923
0.41989
0.419929
0.419911
0.419937
0.419968
0.419965
0.419993
0.419951
0.41991
0.419879
0.4199
0.419885
0.419893
0.419903
0.419857
0.419855
0.419834
0.419843
0.419839
0.419825
0.419814
0.419828
0.419804
0.419824
0.419856
0.419863
0.419897
0.41992
0.419956
0.419986
0.420034
0.420029
0.419993
0.419935
0.419902
0.419867
0.419891
0.419878
0.419855
0.419877
0.419897
0.419913
0.419884
0.419882
0.419888
0.419858
0.419924
0.419947
0.419937
0.419917
0.419875
0.419902
0.419908
0.419913
0.419948
0.419931
0.419944
0.419979
0.419998
0.419985
0.419934
0.419969
0.419963
0.420019
0.420014
0.420025
0.420027
0.420007
0.420051
0.420043
0.420081
0.420089
0.420121
0.420098
0.420123
0.420117
0.420103
0.420119
0.420143
0.420185
0.420201
0.4202
0.420199
0.420236
0.420191
0.420204
0.420194
0.420177
0.420152
0.420182
0.420208
0.420188
0.420184
0.420149
0.420176
0.420196
0.420198
0.420218
0.420199
0.420189
0.420179
0.420165
0.420169
0.420143
0.420091
0.420078
0.420085
0.420053
0.420035
0.420026
0.420022
0.420043
0.420012
0.420057
0.420092
0.420094
0.420097
0.420117
0.420147
0.420118
0.420156
0.420102
0.420088
0.420061
0.42008
0.420077
0.420102
0.420123
0.420175
0.42019
0.420163
0.420149
0.420123
0.420146
0.420114
0.4201
0.420093
0.42011
0.420133
0.420119
0.42014
0.420127
0.420155
0.420147
0.420174
0.42013
0.420135
0.420141
0.420142
0.420143
0.420187
0.420216
0.420221
0.420227
0.42027
0.420285
0.420265
0.420257
0.420247
0.420277
0.420239
0.420247
0.420228
0.42016
0.420183
0.420143
0.420158
0.420158
0.420144
0.420154
0.420166
0.420146
0.42018
0.420167
0.420162
0.420197
0.420182
0.42019
0.420194
0.420192
0.420158
0.420173
0.420169
0.420194
0.420182
0.420204
0.420174
0.420183
0.42019
0.420207
0.420203
0.420223
0.420246
0.420252
0.420261
0.420302
0.420339
0.42035
0.420353
0.420355
0.420394
0.420385
0.420366
0.420377
0.420372
0.420354
0.420364
0.420414
0.420404
0.420378
0.420386
0.420373
0.420372
0.420372
0.420375
0.420392
0.420366
0.420411
0.420386
0.420403
0.420355
0.42038
0.420402
0.42039
0.420384
0.420357
0.420361
0.420352
0.420362
0.420371
0.420385
0.420389
0.420418
0.420414
0.420421
0.420434
0.420448
0.420466
0.420453
0.420454
0.420461
0.420466
0.420465
0.420469
0.420474
0.420494
0.420526
0.420508
0.420494
0.420502
0.420516
0.420489
0.420493
0.42051
0.420494
0.420474
0.420499
0.420505
0.420533
0.420545
0.420534
0.420527
0.420539
0.420533
0.420503
0.420511
0.420468
0.420454
0.42047
0.420458
0.420489
0.42053
0.420523
0.420506
0.420484
0.420473
0.420474
0.420437
0.420456
0.420448
0.420469
0.420463
0.420454
0.420483
0.420491
0.420497
0.420513
0.4205
0.420471
0.420479
0.420475
0.420459
0.420494
0.420489
0.420478
0.420492
0.420461
0.420489
0.420474
0.420478
0.420481
0.420477
0.420491
0.420503
0.420525
0.420542
0.420556
0.420556
0.420541
0.420555
0.420545
0.420535
0.420509
0.420519
0.420545
0.420583
0.420585
0.420593
0.420617
0.42062
0.420594
0.420567
0.420579
0.420625
0.420583
0.420595
0.42062
0.420607
0.420587
0.420581
0.420583
0.420589
0.420578
0.420587
0.420553
0.42057
0.420538
0.420527
0.420508
0.420487
0.420516
0.420518
0.420512
0.420529
0.42051
0.420509
0.420499
0.420472
0.420492
0.42047
0.420457
0.420483
0.420464
0.420446
0.420418
0.420471
0.420443
0.420453
0.420429
0.420424
0.420411
0.420418
0.420432
0.420469
0.420459
0.420457
0.420448
0.420442
0.420455
0.420441
0.420496
0.420504
0.420519
0.42054
0.420504
0.420498
0.420468
0.420467
0.420502
0.420507
0.420496
0.420484
0.420479
0.420479
0.420468
0.420463
0.420464
0.420466
0.420506
0.420519
0.420548
0.420545
0.420588
0.4206
0.420608
0.420645
0.420646
0.420631
0.420637
0.42065
0.420648
0.42066
0.420659
0.420674
0.420634
0.420644
0.420631
0.420633
0.420651
0.420668
0.420642
0.420642
0.420638
0.420644
0.420662
0.420697
0.420711
0.420743
0.420721
0.420718
0.420716
0.420704
0.42069
0.42066
0.420671
0.420653
0.420632
0.420672
0.420677
0.420689
0.420705
0.420692
0.420735
0.420748
0.420753
0.420779
0.420774
0.420759
0.420752
0.420733
0.42073
0.420732
0.420738
0.420707
0.420669
0.420646
0.420637
0.42064
0.420665
0.420679
0.420638
0.42063
0.420645
0.420656
0.420678
0.420668
0.420676
0.420696
0.42067
0.420673
0.420665
0.420674
0.420642
0.420634
0.420611
0.420598
0.420588
0.420587
0.420545
0.420533
0.420535
0.420541
0.42053
0.420531
0.420532
0.420555
0.420547
0.420519
0.420519
0.420528
0.420537
0.420524
0.42053
0.420491
0.420485
0.420491
0.420503
0.420522
0.42053
0.420527
0.420545
0.420523
0.420499
0.420499
0.420502
0.420487
0.420464
0.420453
0.420459
0.420416
0.420417
0.420442
0.420464
0.42045
0.420467
0.420462
0.420481
0.420473
0.420473
0.420463
0.420479
0.420486
0.420515
0.420532
0.420528
0.42051
0.420545
0.420554
0.420565
0.420582
0.420582
0.42061
0.420651
0.420629
0.420653
0.420666
0.420678
0.420671
0.420703
0.420665
0.420672
0.420683
0.420683
0.420662
0.420656
0.42065
0.420672
0.420699
0.420728
0.420708
0.420709
0.420706
0.420727
0.420727
0.420715
0.4207
0.420662
0.420658
0.420657
0.42064
0.420651
0.420644
0.420624
0.420634
0.420632
0.420636
0.420618
0.420605
0.420593
0.420567
0.420594
0.420638
0.420641
0.420659
0.42066
0.420682
0.420706
0.420714
0.420721
0.420717
0.420689
0.42069
0.420675
0.420682
0.420683
0.420668
0.420639
0.420647
0.420623
0.420616
0.420612
0.420639
0.420659
0.420621
0.420627
0.42064
0.420644
0.420651
0.420659
0.420699
0.420693
0.42069
0.420679
0.420689
0.420658
0.420675
0.420677
0.420691
0.420687
0.420707
0.420709
0.42071
0.420735
0.420708
0.420685
0.420679
0.42065
0.420661
0.420626
0.420626
0.420639
0.420662
0.420665
0.420666
0.420617
0.420619
0.420645
0.420653
0.420654
0.420654
0.420669
0.420667
0.420716
0.420709
0.420721
0.420734
0.420775
0.420743
0.420774
0.420751
0.420771
0.420733
0.420755
0.420752
0.420771
0.420722
0.420712
0.420747
0.420783
0.42078
0.420795
0.420787
0.420809
0.420797
0.420783
0.420769
0.420771
0.420724
0.420725
0.420727
0.420684
0.420678
0.420653
0.420658
0.420672
0.420665
0.420672
0.420651
0.420638
0.42064
0.420629
0.420645
0.420635
0.420633
0.420634
0.420641
0.42064
0.420668
0.420658
0.420664
0.420658
0.420651
0.420645
0.420649
0.420677
0.420667
0.420667
0.420653
0.420637
0.420636
0.420648
0.420674
0.420675
0.42068
0.420672
0.420669
0.420689
0.420721
0.420729
0.420742
0.420731
0.420724
0.420731
0.420724
0.420723
0.42075
0.42075
0.420758
0.420791
0.420773
0.420741
0.420747
0.420753
0.420752
0.420779
0.420821
0.42083
0.420836
0.420844
0.420825
0.420832
0.42085
0.42084
0.420878
0.420864
0.42084
0.420838
0.420843
0.42082
0.420809
0.420797
0.420793
0.4208
0.42083
0.420809
0.420811
0.420796
0.420796
0.420812
0.420828
0.420822
0.420837
0.42084
0.420839
0.420861
0.420868
0.420873
0.420896
0.42089
0.420884
0.420879
0.420857
0.420855
0.420829
0.420836
0.420849
0.420857
0.420837
0.420838
0.420816
0.420778
0.420775
0.420767
0.420764
0.420728
0.420714
0.420692
0.420719
0.420745
0.420743
0.420707
0.420688
0.420715
0.420687
0.420688
0.420673
0.420669
0.42065
0.420635
0.420621
0.420631
0.42063
0.420655
0.420669
0.420654
0.420645
0.42065
0.42067
0.420678
0.42067
0.420654
0.420678
0.420671
0.420658
0.420655
0.420663
0.420619
0.42062
0.420623
0.420624
0.42062
0.420626
0.420633
0.420647
0.420649
0.420658
0.42068
0.420668
0.420662
0.420661
0.420678
0.420679
0.420681
0.420692
0.420717
0.420723
0.420739
0.420766
0.420784
0.420773
0.420768
0.420796
0.420788
0.420801
0.420833
0.420841
0.420836
0.420842
0.420799
0.42078
0.420789
0.420795
0.42082
0.420837
0.420801
0.420795
0.42079
0.420779
0.420783
0.420775
0.420776
0.420792
0.4208
0.420806
0.420822
0.420834
0.420833
0.420832
0.420857
0.420844
0.420846
0.420849
0.420853
0.420874
0.420871
0.420868
0.420882
0.420902
0.420904
0.420862
0.42087
0.420875
0.420873
0.420865
0.420853
0.420836
0.420795
0.420789
0.420774
0.420746
0.420752
0.420756
0.420725
0.420724
0.420719
0.420737
0.420737
0.420737
0.420762
0.42076
0.420764
0.420773
0.420772
0.420771
0.420765
0.420795
0.420828
0.420808
0.420798
0.420812
0.420826
0.420803
0.420821
0.420827
0.420838
0.420841
0.420846
0.42085
0.420872
0.42089
0.420883
0.420917
0.420916
0.420933
0.420944
0.420937
0.420933
0.420932
0.420965
0.420955
0.420971
0.420962
0.420952
0.420947
0.420938
0.420951
0.42094
0.420942
0.420937
0.420951
0.420944
0.420911
0.420918
0.420909
0.420896
0.420899
0.420868
0.42083
0.420825
0.420832
0.420835
0.42084
0.420819
0.420837
0.420818
0.420816
0.4208
0.420794
0.420818
0.42082
0.420791
0.420785
0.420789
0.4208
0.420804
0.420821
0.420797
0.420821
0.420823
0.420803
0.420809
0.420831
0.420813
0.420812
0.420811
0.420816
0.420795
0.420811
0.420856
0.420848
0.420864
0.42087
0.420845
0.420839
0.420818
0.420798
0.420807
0.420778
0.420795
0.420801
0.420807
0.420787
0.420793
0.42078
0.420777
0.420777
0.420778
0.42077
0.420771
0.420748
0.420761
0.420797
0.420829
0.42083
0.420818
0.42081
0.420815
0.42081
0.420823
0.420827
0.420816
0.420801
0.420813
0.420832
0.420829
0.420836
0.420835
0.420828
0.420815
0.420795
0.42079
0.420808
0.42079
0.420773
0.420779
0.420812
0.420813
0.42078
0.420789
0.420804
0.420821
0.420808
0.420788
0.420789
0.420773
0.420762
0.420779
0.420772
0.420785
0.420804
0.420824
0.420818
0.420809
0.420823
0.420816
0.420794
0.420795
0.420778
0.42079
0.420814
0.420827
0.42081
0.420835
0.420824
0.420807
0.420805
0.420809
0.420821
0.420817
0.420811
0.420786
0.420796
0.420819
0.420799
0.420784
0.420801
0.420805
0.420833
0.420836
0.420851
0.420854
0.420867
0.420887
0.420893
0.420858
0.42086
0.420862
0.420844
0.420824
0.42081
0.420814
0.420803
0.420777
0.420792
0.420779
0.420757
0.420752
0.420781
0.420787
0.420801
0.420788
0.420776
0.420763
0.42077
0.420748
0.420741
0.420745
0.420758
0.420783
0.420787
0.42082
0.420833
0.42082
0.42083
0.420855
0.420832
0.420846
0.420847
0.420825
0.420846
0.420855
0.420846
0.420855
0.420865
0.420881
0.420892
0.420883
0.420863
0.420835
0.420861
0.42086
0.420855
0.42082
0.420823
0.420796
0.420794
0.420783
0.420795
0.420781
0.420756
0.420765
0.420762
0.420719
0.420733
0.420713
0.420714
0.42069
0.420674
0.420649
0.420656
0.420628
0.420634
0.420641
0.420636
0.420607
0.420631
0.420636
0.420645
0.420643
0.420652
0.420653
0.420663
0.42066
0.420665
0.420662
0.420653
0.420657
0.420668
0.420663
0.420653
0.420669
0.42069
0.420708
0.420708
0.420718
0.420735
0.420725
0.420706
0.420711
0.420715
0.420718
0.420686
0.420695
0.420698
0.420709
0.420698
0.420699
0.42069
0.420676
0.420635
0.420629
0.420622
0.420652
0.420664
0.420679
0.420673
0.420659
0.420626
0.420606
0.420571
0.420545
0.420535
0.420535
0.42055
0.420533
0.420526
0.420547
0.42053
0.420554
0.420549
0.420544
0.420531
0.420519
0.42049
0.420479
0.420515
0.420525
0.420536
0.420527
0.420548
0.420539
0.420536
0.420553
0.420563
0.420559
0.420555
0.420582
0.420574
0.420532
0.420533
0.420539
0.420526
0.420538
0.420561
0.420577
0.420564
0.420582
0.420599
0.420625
0.420586
0.420578
0.420561
0.420586
0.420608
0.420601
0.420578
0.420597
0.420603
0.420599
0.420638
0.420626
0.420588
0.420574
0.420573
0.420585
0.420571
0.420549
0.420548
0.420577
0.420579
0.420561
0.420568
0.420572
0.420555
0.420555
0.420561
0.420558
0.42057
0.420562
0.42055
0.420556
0.420557
0.420516
0.420525
0.420513
0.420542
0.420541
0.420562
0.42057
0.420594
0.420565
0.420566
0.420587
0.42058
0.420573
0.420574
0.420587
0.420583
0.420585
0.420588
0.420602
0.420571
0.420576
0.42057
0.420576
0.420576
0.420571
0.420569
0.420579
0.420558
0.420554
0.420578
0.420587
0.420608
0.420594
0.420578
0.420569
0.420573
0.420571
0.420563
0.420563
0.420556
0.420536
0.420557
0.42057
0.420578
0.420592
0.420596
0.420589
0.420573
0.420569
0.420594
0.420594
0.420607
0.420603
0.420582
0.420599
0.420601
0.420622
0.420627
0.42063
0.420641
0.420645
0.420651
0.420646
0.420646
0.420628
0.420604
0.420619
0.42063
0.420637
0.420634
0.420659
0.420647
0.420663
0.420673
0.420695
0.420695
0.420717
0.420742
0.420764
0.420757
0.420766
0.420744
0.420723
0.420739
0.42072
0.42075
0.420741
0.42074
0.420744
0.420751
0.420742
0.420742
0.420728
0.420739
0.420729
0.420733
0.420747
0.420738
0.420703
0.420689
0.420687
0.420691
0.420676
0.420679
0.420686
0.420691
0.420706
0.420698
0.42071
0.42073
0.420722
0.420722
0.420724
0.420712
0.420724
0.420703
0.420678
0.420678
0.42069
0.420686
0.420684
0.420692
0.420675
0.420674
0.420691
0.420705
0.420717
0.420718
0.420723
0.420709
0.420716
0.420722
0.420716
0.420721
0.420727
0.42073
0.42075
0.420741
0.420703
0.420711
0.420718
0.420737
0.42074
0.420741
0.420756
0.420728
0.420724
0.420714
0.420717
0.420742
0.420713
0.420702
0.420699
0.420677
0.420675
0.420691
0.420692
0.420694
0.420704
0.420713
0.420728
0.420715
0.420726
0.420732
0.420725
0.420722
0.420725
0.420745
0.420742
0.420719
0.420715
0.420699
0.420696
0.420701
0.420688
0.420681
0.420671
0.420664
0.420657
0.420666
0.42066
0.42067
0.420616
0.420628
0.420616
0.420607
0.420616
0.420646
0.420648
0.420653
0.420643
0.420656
0.420657
0.420636
0.420668
0.420679
0.420682
0.420711
0.420725
0.420696
0.420689
0.420692
0.420682
0.420672
0.420668
0.420673
0.420671
0.420667
0.420648
0.420656
0.42066
0.420672
0.420657
0.420675
0.420669
0.420668
0.420682
0.420664
0.420691
0.420702
0.420706
0.420711
0.420724
0.420706
0.420711
0.420709
0.420712
0.420715
0.42073
0.42075
0.420752
0.420753
0.420747
0.42073
0.420719
0.420725
0.420703
0.420698
0.420704
0.420715
0.420701
0.420697
0.420699
0.420719
0.420738
0.42072
0.42072
0.420718
0.420712
0.4207
0.420688
0.420673
0.420681
0.420685
0.420702
0.420693
0.4207
0.420691
0.420702
0.42072
0.420722
0.420718
0.420725
0.420719
0.420727
0.420714
0.420711
0.420711
0.42072
0.420724
0.420745
0.420751
0.420771
0.420778
0.420788
0.420809
0.4208
0.420806
0.420794
0.420812
0.420829
0.420803
0.42078
0.420755
0.420746
0.420723
0.420726
0.420737
0.420744
0.420752
0.420748
0.420735
0.420735
0.420755
0.420746
0.420755
0.420769
0.42079
0.420796
0.420823
0.420808
0.420814
0.420794
0.420773
0.420773
0.420788
0.420795
0.420792
0.420785
0.420769
0.42075
0.420733
0.420737
0.420745
0.420749
0.420746
0.420736
0.420737
0.420715
0.420717
0.420714
0.420712
0.420711
0.420712
0.420724
0.420732
0.420745
0.420747
0.42071
0.420702
0.420701
0.420722
0.420727
0.420726
0.420733
0.420714
0.420728
0.420725
0.420719
0.420723
0.420706
0.420683
0.420692
0.420686
0.420662
0.420637
0.420621
0.420628
0.420646
0.42066
0.420663
0.420658
0.42066
0.420645
0.420628
0.420624
0.420629
0.42064
0.420644
0.420627
0.420629
0.420619
0.420616
0.420595
0.420632
0.420646
0.420633
0.420611
0.420615
0.420632
0.420614
0.420603
0.420607
0.420597
0.420591
0.420577
0.420563
0.420566
0.42058
0.420604
0.420608
0.420597
0.420579
0.420574
0.420569
0.420564
0.420577
0.420592
0.420599
0.420604
0.420591
0.420571
0.420556
0.420555
0.420564
0.420539
0.420535
0.420525
0.420516
0.420539
0.42053
0.420529
0.420533
0.420522
0.420522
0.420535
0.420549
0.420549
0.420536
0.42055
0.420538
0.420542
0.420534
0.420553
0.420548
0.420547
0.420565
0.420575
0.420552
0.420567
0.420571
0.420578
0.420575
0.420575
0.420589
0.420587
0.420566
0.420555
0.420564
0.42057
0.420565
0.420543
0.420554
0.420556
0.420543
0.420551
0.420544
0.420569
0.420585
0.420561
0.42057
0.420571
0.420569
0.420585
0.420602
0.420623
0.42062
0.420602
0.420604
0.420614
0.420617
0.420635
0.420657
0.420656
0.42065
0.420645
0.420659
0.420653
0.420656
0.420676
0.420676
0.420681
0.420682
0.42069
0.420689
0.42069
0.420696
0.420672
0.420663
0.420687
0.420683
0.420693
0.420692
0.420692
0.420691
0.420707
0.420716
0.420692
0.4207
0.420695
0.420697
0.4207
0.420714
0.420706
0.42071
0.420698
0.420696
0.420695
0.42069
0.420698
0.420735
0.420751
0.420734
0.420696
0.420697
0.420692
0.420677
0.420686
0.420676
0.42068
0.420692
0.420708
0.420726
0.420708
0.42074
0.420749
0.420753
0.420756
0.420754
0.420748
0.420749
0.420707
0.420706
0.420714
0.420729
0.420721
0.420723
0.420707
0.420717
0.420718
0.420693
0.420704
0.420712
0.420709
0.420707
0.420683
0.420666
0.420678
0.420671
0.42067
0.420653
0.420668
0.42066
0.420648
0.420658
0.420643
0.420635
0.420628
0.420656
0.42063
0.420641
0.420601
0.420595
0.420582
0.420575
0.420591
0.420582
0.420585
0.420563
0.420541
0.420544
0.420558
0.420562
0.420535
0.42054
0.420533
0.42054
0.420556
0.42056
0.420562
0.420563
0.420571
0.420553
0.420525
0.420536
0.420529
0.420521
0.420515
0.420536
0.420552
0.42055
0.420554
0.420565
0.420566
0.420542
0.420548
0.420558
0.420562
0.420578
0.420575
0.420586
0.420599
0.420602
0.420597
0.420596
0.42058
0.42057
0.420554
0.420555
0.420561
0.420561
0.420541
0.420539
0.420549
0.42053
0.420535
0.420533
0.420513
0.420486
0.420498
0.420522
0.420524
0.420528
0.420536
0.420532
0.42051
0.420517
0.420513
0.420509
0.420514
0.420527
0.420513
0.420528
0.420547
0.420536
0.420541
0.420554
0.420543
0.420495
0.420506
0.42052
0.420528
0.420514
0.420519
0.420531
0.420555
0.420556
0.420546
0.420533
0.420526
0.420521
0.420525
0.420528
0.420543
0.420526
0.420498
0.4205
0.420509
0.420503
0.42049
0.42048
0.420496
0.420477
0.42049
0.420497
0.420503
0.420513
0.420525
0.420504
0.420507
0.420511
0.420522
0.42055
0.420537
0.420553
0.420571
0.420575
0.420571
0.420569
0.420584
0.420591
0.420586
0.420579
0.420576
0.420559
0.420566
0.42055
0.42054
0.420563
0.420555
0.420535
0.420534
0.420534
0.420556
0.420547
0.420543
0.420555
0.420545
0.42055
0.420549
0.420548
0.420527
0.420505
0.420511
0.4205
0.420479
0.420474
0.420482
0.420492
0.420496
0.420505
0.420514
0.420519
0.420525
0.420531
0.420511
0.420502
0.420519
0.42052
0.420519
0.42052
0.420515
0.420499
0.420501
0.420504
0.420496
0.420486
0.420495
0.420472
0.420484
0.420482
0.420479
0.420464
0.420478
0.420501
0.420489
0.420494
0.420493
0.420476
0.420462
0.420464
0.420459
0.420468
0.420467
0.42046
0.42046
0.420452
0.420465
0.42047
0.420459
0.420452
0.420435
0.420433
0.420428
0.420433
0.420425
0.420415
0.420421
0.420429
0.420428
0.420412
0.420432
0.420428
0.420429
0.420417
0.420413
0.420398
0.420373
0.420374
0.420378
0.420355
0.420335
0.420335
0.420325
0.420341
0.420352
0.42035
0.420322
0.420332
0.420329
0.420329
0.420328
0.420329
0.420328
0.420305
0.420314
0.420329
0.420333
0.420339
0.420357
0.420354
0.420362
0.420362
0.420363
0.420349
0.420373
0.420371
0.420358
0.42036
0.420368
0.420373
0.420373
0.420385
0.420385
0.420392
0.420397
0.420398
0.42038
0.420385
0.420402
0.420398
0.420373
0.420377
0.420389
0.420397
0.420392
0.420387
0.420387
0.420397
0.420382
0.420402
0.420382
0.420382
0.420386
0.420398
0.420391
0.420414
0.420421
0.420411
0.420417
0.42043
0.420404
0.420399
0.420404
0.420415
0.420412
0.420428
0.420435
0.420433
0.420429
0.420432
0.420436
0.420431
0.420428
0.420419
0.420436
0.420429
0.420433
0.420425
0.420423
0.420423
0.420419
0.420441
0.420432
0.420435
0.420416
0.420422
0.420417
0.420405
0.420393
0.420411
0.420406
0.420426
0.420445
0.420445
0.420465
0.420467
0.420476
0.420461
0.420448
0.420455
0.420479
0.420483
0.420494
0.420501
0.420504
0.420528
0.420521
0.420514
0.420511
0.420519
0.420501
0.420502
0.420512
0.420504
0.420495
0.420485
0.420471
0.42048
0.420456
0.420453
0.420464
0.420455
0.420461
0.420471
0.420466
0.420472
0.42048
0.42048
0.42045
0.42046
0.420453
0.420469
0.420459
0.420464
0.420465
0.42047
0.420473
0.420474
0.42047
0.420476
0.420474
0.420481
0.420479
0.420473
0.420466
0.420474
0.420483
0.420484
0.4205
0.420492
0.420492
0.420488
0.420484
0.420497
0.420504
0.420509
0.420506
0.420496
0.420467
0.420473
0.420477
0.420491
0.420476
0.420492
0.420469
0.420474
0.420486
0.42048
0.420476
0.4205
0.4205
0.420507
0.420498
0.420483
0.420461
0.420479
0.420484
0.420466
0.420461
0.420469
0.42045
0.420459
0.420467
0.420454
0.420436
0.420427
0.420424
0.420443
0.420453
0.42044
0.42044
0.420441
0.420449
0.420445
0.420454
0.420451
0.420447
0.420428
0.420423
0.420431
0.420434
0.420447
0.420425
0.420419
0.420428
0.420426
0.420403
0.420417
0.420413
0.420418
0.420404
0.420408
0.42041
0.420417
0.420414
0.420399
0.420403
0.420411
0.420403
0.420397
0.4204
0.420404
0.42041
0.420413
0.420416
0.420424
0.420427
0.420429
0.420406
0.420414
0.420413
0.420409
0.420407
0.420405
0.420406
0.420403
0.420398
0.420389
0.420411
0.420407
0.420413
0.420408
0.42039
0.420372
0.420383
0.4204
0.420404
0.420399
0.42041
0.420424
0.420416
0.420417
0.420422
0.420426
0.420416
0.420405
0.420398
0.420409
0.420395
0.42041
0.420405
0.420403
0.420412
0.420395
0.420392
0.420394
0.420392
0.420389
0.420388
0.420394
0.420399
0.420401
0.420379
0.420398
0.420397
0.420407
0.420391
0.420399
0.420396
0.420397
0.420404
0.420426
0.420419
0.420409
0.420414
0.4204
0.420388
0.42039
0.420374
0.420371
0.420369
0.420366
0.420383
0.420374
0.420382
0.420371
0.420378
0.420391
0.4204
0.420408
0.420414
0.420441
0.420453
0.420466
0.420485
0.420481
0.420483
0.420472
0.420497
0.420483
0.420485
0.420474
0.420474
0.420473
0.420467
0.420452
0.420452
0.420446
0.420446
0.420443
0.42046
0.420481
0.420492
0.420486
0.420477
0.42047
0.420456
0.420431
0.420446
0.420449
0.420453
0.420428
0.420429
0.420427
0.420438
0.420438
0.420445
0.420456
0.420437
0.420433
0.420422
0.420435
0.420443
0.420426
0.420412
0.420409
0.420407
0.420415
0.420427
0.420432
0.420442
0.420448
0.420434
0.420446
0.420418
0.420422
0.420417
0.420392
0.420382
0.420384
0.420386
0.420387
0.420387
0.420377
0.420392
0.420388
0.420364
0.420363
0.420365
0.42034
0.420347
0.420357
0.420358
0.420334
0.420331
0.420337
0.420333
0.42034
0.420325
0.420322
0.420311
0.420293
0.420285
0.420286
0.420283
0.42028
0.420284
0.420276
0.420278
0.420285
0.420295
0.42029
0.420294
0.420321
0.42033
0.420336
0.420336
0.420356
0.420357
0.420352
0.420351
0.420345
0.420338
0.420337
0.420326
0.420321
0.420312
0.420335
0.42035
0.420351
0.420341
0.420334
0.420345
0.420348
0.420335
0.420332
0.420352
0.420362
0.420348
0.420349
0.420356
0.420351
0.420356
0.420357
0.420324
0.420315
0.420306
0.420288
0.420292
0.420281
0.420293
0.4203
0.4203
0.420309
0.420311
0.4203
0.420299
0.420306
0.420301
0.420302
0.420291
0.420289
0.420311
0.420315
0.420319
0.42032
0.420322
0.420321
0.420296
0.420305
0.420305
0.420326
0.420346
0.420346
0.420356
0.420362
0.42034
0.42033
0.420318
0.420301
0.420319
0.42032
0.420323
0.42033
0.420332
0.420333
0.420336
0.420322
0.42032
0.420342
0.420345
0.420354
0.420349
0.420365
0.420356
0.420362
0.420361
0.42035
0.42035
0.420348
0.420325
0.420333
0.420335
0.420326
0.420305
0.42031
0.420303
0.420293
0.420277
0.420289
0.420303
0.420306
0.42031
0.420309
0.420297
0.4203
0.420316
0.420317
0.420318
0.420326
0.420334
0.420324
0.420339
0.420339
0.420353
0.42035
0.420371
0.420362
0.42037
0.420373
0.420361
0.420363
0.420342
0.420342
0.420341
0.420326
0.420316
0.420327
0.420339
0.420327
0.420324
0.420323
0.42032
0.420327
0.420326
0.420322
0.420326
0.420315
0.420312
0.420308
0.420295
0.42031
0.420317
0.420317
0.420321
0.420306
0.420329
0.420306
0.420311
0.420297
0.420299
0.420321
0.42034
0.420341
0.420342
0.420347
0.420365
0.420354
0.420357
0.42035
0.420375
0.420374
0.420385
0.420375
0.42038
0.420378
0.420374
0.420377
0.420366
0.420361
0.42037
0.42038
0.42038
0.42039
0.42038
0.420387
0.420383
0.420382
0.420372
0.420369
0.42036
0.420374
0.420362
0.420361
0.420378
0.420377
0.420363
0.420376
0.420387
0.420388
0.420384
0.420387
0.420381
0.420391
0.420386
0.420395
0.420394
0.420396
0.420393
0.420409
0.420395
0.420402
0.420409
0.420401
0.420407
0.420416
0.420417
0.420429
0.420424
0.420422
0.420428
0.42044
0.420436
0.420445
0.420448
0.420429
0.420411
0.42041
0.420395
0.420412
0.420404
0.420405
0.420411
0.4204
0.420399
0.420395
0.420396
0.420411
0.420416
0.42043
0.420417
0.420412
0.420412
0.420419
0.420406
0.420416
0.420424
0.420442
0.420447
0.420466
0.42047
0.420482
0.420473
0.420487
0.420469
0.420465
0.420466
0.420467
0.420475
0.42048
0.420488
0.420485
0.420484
0.420499
0.420482
0.420485
0.420485
0.420483
0.420497
0.420519
0.42052
0.42051
0.42051
0.420495
0.420489
0.420512
0.420509
0.420509
0.420517
0.420513
0.420522
0.420532
0.420541
0.420527
0.420505
0.420508
0.420514
0.420523
0.420532
0.420531
0.420521
0.420521
0.420506
0.420498
0.420498
0.420504
0.420512
0.420504
0.42049
0.420482
0.420489
0.420501
0.420504
0.420501
0.420499
0.420488
0.4205
0.420492
0.420505
0.420505
0.42049
0.420495
0.420483
0.420498
0.420484
0.42048
0.420477
0.420482
0.42048
0.42049
0.4205
0.420492
0.4205
0.420507
0.420507
0.420517
0.420534
0.420543
0.420537
0.420544
0.42055
0.42055
0.420557
0.420565
0.420566
0.420557
0.420551
0.420556
0.420548
0.420537
0.420539
0.420542
0.420526
0.420513
0.420519
0.420522
0.420506
0.420504
0.420515
0.420507
0.420516
0.420512
0.420506
0.420502
0.420491
0.4205
0.420494
0.420496
0.420503
0.420507
0.420494
0.420513
0.420504
0.420511
0.420517
0.420523
0.420518
0.420518
0.420526
0.420527
0.420525
0.42053
0.42052
0.42053
0.420535
0.420519
0.420504
0.420508
0.420486
0.420515
0.420511
0.420502
0.420514
0.420519
0.42052
0.420527
0.420527
0.420518
0.42053
0.420534
0.420529
0.420515
0.420519
0.420528
0.420537
0.420538
0.420537
0.420544
0.420542
0.420523
0.420525
0.4205
0.420488
0.420485
0.420494
0.420494
0.42049
0.420489
0.420502
0.420497
0.420491
0.420495
0.420483
0.420483
0.420475
0.420464
0.420463
0.420456
0.420454
0.420451
0.420425
0.420422
0.42044
0.420452
0.420459
0.42046
0.420479
0.420475
0.42046
0.420461
0.420452
0.420454
0.420449
0.420452
0.420466
0.420464
0.420456
0.420436
0.420441
0.420457
0.420459
0.42045
0.420458
0.420459
0.420439
0.420444
0.420443
0.420452
0.420447
0.420441
0.420448
0.420445
0.42045
0.420443
0.420447
0.420455
0.42046
0.420457
0.420464
0.420472
0.420466
0.420455
0.42047
0.420466
0.42047
0.420457
0.42046
0.420458
0.420443
0.420456
0.420451
0.420458
0.420453
0.420459
0.42046
0.420462
0.420461
0.420478
0.420477
0.420472
0.420488
0.420499
0.420495
0.420498
0.420507
0.420496
0.420508
0.420509
0.420527
0.420526
0.420536
0.420525
0.420529
0.420532
0.42053
0.420527
0.420535
0.420531
0.420525
0.42053
0.420513
0.420513
0.420512
0.42053
0.420543
0.420543
0.420552
0.420552
0.420556
0.420561
0.420578
0.420577
0.420574
0.420566
0.420585
0.42059
0.420594
0.420612
0.420617
0.42063
0.420624
0.420626
0.420625
0.420607
0.420588
0.420602
0.420602
0.420605
0.420601
0.420607
0.420605
0.420585
0.420595
0.420596
0.42059
0.420595
0.42058
0.420591
0.420591
0.420603
0.42061
0.420625
0.420629
0.420633
0.420628
0.420631
0.420615
0.420605
0.4206
0.42061
0.420618
0.420635
0.420638
0.420624
0.420621
0.420614
0.420594
0.420586
0.420574
0.420581
0.420593
0.420591
0.42059
0.420587
0.420595
0.420577
0.420572
0.420554
0.420554
0.420572
0.420571
0.42056
0.420573
0.420582
0.420591
0.42058
0.420577
0.420581
0.420578
0.420584
0.420589
0.420606
0.420606
0.420615
0.420619
0.420617
0.420616
0.420609
0.420596
0.420604
0.420612
0.420608
0.420603
0.420604
0.420599
0.420594
0.42058
0.420574
0.420573
0.420579
0.420568
0.420562
0.420569
0.420571
0.420558
0.420556
0.420554
0.420539
0.420536
0.42054
0.420545
0.420517
0.420527
0.420524
0.420541
0.420549
0.420554
0.420539
0.420546
0.420542
0.420537
0.420538
0.420535
0.420538
0.420545
0.420548
0.420542
0.420551
0.420533
0.42052
0.420526
0.420529
0.420535
0.420539
0.420544
0.420538
0.420549
0.420553
0.420552
0.42055
0.42054
0.420541
0.420534
0.420523
0.420546
0.420559
0.420561
0.420572
0.420581
0.420587
0.420588
0.420581
0.420583
0.420578
0.42057
0.420569
0.420574
0.420578
0.42058
0.42059
0.420582
0.420594
0.420576
0.420572
0.420584
0.420584
0.420577
0.42057
0.420568
0.420571
0.420591
0.420597
0.420609
0.420598
0.420591
0.420604
0.42063
0.420622
0.42061
0.420615
0.420626
0.420639
0.420634
0.420629
0.42062
0.42063
0.420606
0.420604
0.42061
0.42062
0.420627
0.420632
0.420645
0.420644
0.420638
0.420645
0.420644
0.420654
0.420654
0.420672
0.420677
0.420665
0.420675
0.420682
0.420677
0.420655
0.42067
0.420665
0.420669
0.420673
0.420679
0.42068
0.420683
0.420677
0.420671
0.420678
0.420695
0.420704
0.420708
0.420707
0.420703
0.420701
0.420696
0.420699
0.420688
0.420697
0.420691
0.420696
0.420705
0.420695
0.420708
0.42071
0.420707
0.420709
0.4207
0.420695
0.420709
0.420711
0.420705
0.42071
0.420711
0.420698
0.42071
0.420697
0.420703
0.420693
0.420707
0.420709
0.420706
0.420713
0.420716
0.420718
0.420724
0.420753
0.420745
0.420731
0.420734
0.420744
0.420759
0.420746
0.42076
0.420726
0.420716
0.420702
0.420702
0.420713
0.420714
0.42071
0.420705
0.420699
0.420685
0.420704
0.420709
0.420717
0.420723
0.420729
0.420723
0.420722
0.420731
0.420741
0.420748
0.420738
0.420731
0.420733
0.420733
0.420735
0.420734
0.420735
0.420726
0.420721
0.420709
0.420697
0.420706
0.420701
0.420701
0.420704
0.420702
0.420693
0.420693
0.420697
0.420714
0.420715
0.420718
0.420724
0.42073
0.420728
0.420718
0.420726
0.420721
0.420716
0.420704
0.420703
0.4207
0.420693
0.420694
0.4207
0.420695
0.420701
0.420697
0.420704
0.420704
0.420709
0.420702
0.420715
0.420719
0.420711
0.420717
0.420717
0.420705
0.42071
0.420718
0.420717
0.420709
0.420707
0.420709
0.420695
0.420693
0.420708
0.420714
0.420706
0.420713
0.420714
0.420711
0.420718
0.420716
0.420723
0.420717
0.420721
0.420733
0.420718
0.420721
0.420722
0.420718
0.420717
0.420716
0.420714
0.420713
0.42072
0.420723
0.42074
0.420733
0.420745
0.420747
0.420757
0.420757
0.420776
0.420776
0.420784
0.420776
0.420767
0.420776
0.42077
0.420773
0.420761
0.420756
0.420758
0.420766
0.420768
0.420771
0.420774
0.42078
0.42078
0.420771
0.420775
0.420768
0.420777
0.420789
0.42079
0.420804
0.420804
0.420799
0.420797
0.420794
0.420792
0.420799
0.4208
0.420786
0.420789
0.420789
0.420774
0.42078
0.420791
0.420777
0.420788
0.420798
0.42079
0.420794
0.420797
0.420792
0.420779
0.420772
0.420775
0.420788
0.420799
0.420802
0.420802
0.420785
0.420789
0.420793
0.420784
0.420768
0.42077
0.420773
0.420766
0.420759
0.420758
0.420741
0.420754
0.420757
0.420739
0.420727
0.420723
0.420733
0.420709
0.42072
0.420712
0.420717
0.420716
0.420724
0.420713
0.420693
0.420688
0.420687
0.420687
0.420689
0.420677
0.42068
0.420676
0.420685
0.420676
0.420667
0.420676
0.42068
0.420694
0.420702
0.42069
0.42068
0.420664
0.420668
0.420667
0.420666
0.420675
0.420674
0.420675
0.420677
0.42068
0.420682
0.420692
0.420695
0.420693
0.420707
0.420701
0.420717
0.420714
0.420709
0.420706
0.4207
0.420697
0.420719
0.420718
0.420725
0.420747
0.420739
0.420732
0.420748
0.420747
0.420756
0.420764
0.420766
0.42077
0.420776
0.420791
0.420793
0.420785
0.420786
0.420782
0.420762
0.42077
0.420777
0.420794
0.4208
0.420807
0.420812
0.420818
0.420835
0.420846
0.420853
0.420847
0.420851
0.420839
0.420826
0.420821
0.420832
0.420832
0.420826
0.420836
0.420849
0.420832
0.420835
0.420818
0.420807
0.420804
0.420792
0.420805
0.420795
0.420806
0.420797
0.420789
0.420793
0.420785
0.420775
0.42078
0.420793
0.420781
0.420768
0.420756
0.420755
0.420763
0.42077
0.420764
0.420755
0.420771
0.420772
0.420775
0.420763
0.420767
0.420766
0.420761
0.420752
0.420764
0.42077
0.420774
0.42078
0.420777
0.420777
0.420771
0.420762
0.420746
0.420733
0.42073
0.42074
0.420732
0.420736
0.420741
0.420733
0.420745
0.42076
0.420753
0.420767
0.420776
0.420762
0.420758
0.42076
0.420771
0.420782
0.420788
0.42077
0.420772
0.420777
0.420788
0.420791
0.420769
0.420777
0.420775
0.420777
0.420784
0.420785
0.420786
0.420794
0.420807
0.4208
0.420789
0.4208
0.42078
0.420789
0.420772
0.420769
0.420774
0.420758
0.420753
0.420747
0.420764
0.420761
0.420773
0.420768
0.420786
0.420795
0.42078
0.420766
0.420773
0.420778
0.420777
0.420784
0.420779
0.420775
0.420772
0.420788
0.42079
0.420787
0.420789
0.420796
0.420803
0.420821
0.420813
0.420819
0.420819
0.420831
0.420826
0.420822
0.420826
0.420846
0.420855
0.420848
0.42085
0.420855
0.420855
0.42085
0.420851
0.420851
0.420847
0.420842
0.420816
0.420811
0.420817
0.42082
0.420821
0.420838
0.420842
0.420844
0.420849
0.420867
0.420878
0.420882
0.4209
0.420897
0.420891
0.420881
0.42088
0.420878
0.420874
0.420876
0.420891
0.420897
0.420888
0.420894
0.420894
0.420898
0.420903
0.420905
0.420895
0.420888
0.420902
0.420901
0.420902
0.420901
0.420893
0.420914
0.420917
0.420917
0.42092
0.42092
0.420923
0.42093
0.420931
0.420931
0.42093
0.420943
0.42094
0.420931
0.42093
0.420926
0.420917
0.420912
0.42092
0.420926
0.420925
0.420914
0.420936
0.420934
0.420927
0.420928
0.420915
0.420931
0.420918
0.420906
0.420908
0.420899
0.420892
0.420893
0.420892
0.420894
0.42088
0.420881
0.420889
0.420871
0.420853
0.420861
0.420853
0.420838
0.420842
0.420855
0.420858
0.420857
0.420861
0.420868
0.420874
0.42088
0.420895
0.420891
0.420898
0.420886
0.420886
0.42089
0.420897
0.420906
0.420912
0.420917
0.42092
0.420922
0.420919
0.420912
0.420895
0.420893
0.420888
0.420892
0.420879
0.420874
0.420875
0.420872
0.420882
0.420888
0.420906
0.420898
0.420876
0.420875
0.420875
0.420878
0.420876
0.420888
0.42088
0.420881
0.420873
0.420884
0.420867
0.420875
0.420857
0.42084
0.420837
0.420843
0.420835
0.420821
0.420825
0.420829
0.420832
0.420834
0.420833
0.420838
0.420842
0.420836
0.420831
0.420839
0.420819
0.420817
0.420825
0.420828
0.420837
0.420847
0.420839
0.420851
0.420837
0.420831
0.420835
0.420821
0.420814
0.420824
0.420824
0.420823
0.420811
0.420793
0.420783
0.42078
0.420775
0.420771
0.42076
0.420756
0.420754
0.420761
0.420766
0.420766
0.420767
0.420765
0.420765
0.420781
0.42077
0.420776
0.420763
0.420767
0.420776
0.420774
0.420778
0.420776
0.42078
0.420781
0.420779
0.420773
0.420764
0.420774
0.420773
0.420769
0.420771
0.420765
0.420758
0.420774
0.420779
0.420774
0.420781
0.420776
0.420776
0.420764
0.42078
0.420782
0.42079
0.420795
0.420808
0.420804
0.420806
0.420813
0.420804
0.420816
0.42082
0.420824
0.420831
0.420832
0.420842
0.420829
0.420833
0.42084
0.42085
0.420855
0.420857
0.420857
0.420853
0.420854
0.420851
0.420861
0.420863
0.420868
0.420873
0.420879
0.420883
0.420895
0.420894
0.420896
0.420894
0.420904
0.420905
0.420899
0.420899
0.420903
0.420908
0.420907
0.420911
0.420912
0.420899
0.420908
0.420918
0.420913
0.420907
0.420912
0.420911
0.420925
0.420929
0.420918
0.420909
0.42092
0.420931
0.420939
0.420936
0.42094
0.420937
0.420943
0.420941
0.420936
0.420937
0.420945
0.420942
0.420935
0.420931
0.42093
0.420923
0.420917
0.420923
0.420921
0.420925
0.420939
0.420937
0.420944
0.42095
0.420951
0.420951
0.420946
0.420954
0.42095
0.420958
0.420951
0.420939
0.420935
0.420929
0.420934
0.420928
0.420915
0.420919
0.420908
0.420909
0.420911
0.420903
0.420895
0.420894
0.42089
0.420883
0.420895
0.420898
0.420891
0.4209
0.420901
0.420897
0.420898
0.420888
0.420869
0.420883
0.420894
0.420896
0.420902
0.4209
0.420901
0.420897
0.420897
0.420894
0.420895
0.420892
0.420878
0.420865
0.420853
0.420846
0.420851
0.420867
0.420858
0.420847
0.420845
0.420838
0.420835
0.420833
0.42084
0.420836
0.420852
0.420843
0.420842
0.420849
0.420865
0.420867
0.420853
0.420848
0.420843
0.420849
0.420833
0.420829
0.420823
0.420822
0.420822
0.420824
0.420834
0.420832
0.420846
0.420844
0.420843
0.420847
0.420855
0.420853
0.420873
0.420872
0.42088
0.420877
0.420892
0.420893
0.420883
0.420883
0.420876
0.420876
0.420866
0.420873
0.420874
0.420888
0.42088
0.420884
0.420893
0.420905
0.4209
0.420902
0.4209
0.420902
0.42091
0.420907
0.42091
0.420913
0.420891
0.420889
0.420888
0.420887
0.420887
0.42089
0.420877
0.420881
0.420894
0.420901
0.420904
0.420914
0.420927
0.420932
0.420936
0.420934
0.420945
0.420941
0.420933
0.420935
0.420941
0.42095
0.420946
0.42096
0.420961
0.42096
0.420963
0.42097
0.420975
0.420963
0.420958
0.42097
0.420961
0.420972
0.420979
0.420971
0.420986
0.420965
0.420951
0.420947
0.420942
0.420952
0.420966
0.420971
0.420964
0.420965
0.420968
0.420978
0.420961
0.420967
0.420964
0.420974
0.420981
0.420987
0.420989
0.420979
0.420963
0.420973
0.420975
0.420981
0.420974
0.420975
0.420978
0.42097
0.420967
0.420967
0.420971
0.420959
0.420975
0.420982
0.420974
0.420966
0.420975
0.420968
0.420988
0.420983
0.420979
0.420972
0.420972
0.420972
0.420966
0.420964
0.420973
0.420963
0.420964
0.420959
0.420973
0.420967
0.420959
0.420948
0.420946
0.420944
0.420954
0.420958
0.420947
0.42095
0.420954
0.420954
0.420956
0.420957
0.420955
0.420956
0.420963
0.420949
0.420947
0.420942
0.420953
0.420957
0.420956
0.420957
0.420963
0.420977
0.420969
0.420979
0.420973
0.420979
0.420983
0.420988
0.42098
0.420973
0.420978
0.420985
0.420993
0.420993
0.421
0.420994
0.420991
0.421005
0.421004
0.421001
0.420986
0.420991
0.421001
0.421002
0.421004
0.420992
0.420999
0.420994
0.420982
0.420988
0.420989
0.420983
0.420983
0.420985
0.420991
0.420997
0.420987
0.421002
0.421001
0.421007
0.421009
0.421001
0.420995
0.420994
0.420993
0.420984
0.420987
0.420992
0.420989
0.420987
0.420996
0.42099
0.420998
0.421
0.421004
0.421013
0.421002
0.420987
0.420976
0.420984
0.420989
0.420985
0.420996
0.420991
0.421008
0.421009
0.421001
0.420999
0.421006
0.421017
0.421018
0.421021
0.421027
0.421018
0.421013
0.421003
0.42101
0.421015
0.421003
0.421008
0.421002
0.420996
0.421
0.420994
0.421004
0.420994
0.420995
0.420997
0.420992
0.420991
0.420985
0.420995
0.420995
0.420988
0.420979
0.420972
0.420975
0.420967
0.420969
0.420984
0.420981
0.420974
0.420975
0.420963
0.420956
0.420956
0.420934
0.420922
0.420914
0.420906
0.420901
0.420901
0.420909
0.420912
0.420911
0.420908
0.420908
0.420913
0.420916
0.420906
0.420892
0.42088
0.420887
0.420881
0.420877
0.420875
0.420881
0.420873
0.420869
0.420872
0.420879
0.420885
0.420879
0.420888
0.420898
0.420906
0.420896
0.420905
0.420901
0.420901
0.420902
0.420901
0.420889
0.420895
0.420875
0.420877
0.420868
0.420862
0.420871
0.420878
0.42087
0.420879
0.420872
0.420877
0.420873
0.420861
0.420856
0.42085
0.420859
0.42086
0.420864
0.420876
0.420882
0.420886
0.420885
0.420885
0.420879
0.420877
0.420879
0.420888
0.420893
0.420899
0.420908
0.420918
0.420908
0.420903
0.420906
0.420916
0.420927
0.420927
0.420922
0.420898
0.420909
0.420892
0.420897
0.420911
0.420914
0.420921
0.42093
0.420925
0.420918
0.420923
0.420931
0.420918
0.420907
0.420907
0.420895
0.420907
0.420911
0.420928
0.42092
0.420903
0.420909
0.420902
0.42089
0.420891
0.420905
0.42091
0.420908
0.420905
0.4209
0.4209
0.420891
0.420883
0.4209
0.420898
0.420893
0.42089
0.420887
0.420896
0.420888
0.420882
0.420879
0.420876
0.420882
0.420881
0.420877
0.420863
0.420851
0.420858
0.420849
0.42085
0.420837
0.420847
0.420845
0.420849
0.420842
0.42084
0.42084
0.420834
0.420828
0.420833
0.420831
0.420838
0.420839
0.420828
0.420829
0.420829
0.420821
0.420838
0.420842
0.420845
0.420852
0.420856
0.420868
0.42087
0.420865
0.420855
0.420846
0.420838
0.420824
0.420831
0.420826
0.420816
0.420816
0.42082
0.420828
0.420826
0.420825
0.420819
0.420813
0.420805
0.420801
0.420787
0.420794
0.420794
0.420795
0.420777
0.420779
0.420793
0.420784
0.420778
0.420778
0.420777
0.420777
0.420783
0.420778
0.420787
0.420792
0.420803
0.420801
0.420796
0.420798
0.4208
0.420807
0.42081
0.420809
0.420818
0.42081
0.420819
0.420817
0.420809
0.420802
0.420795
0.420802
0.420802
0.420811
0.420819
0.420823
0.420832
0.420834
0.42083
0.420838
0.420833
0.420834
0.420843
0.420831
0.420832
0.420826
0.420818
0.420815
0.42082
0.420824
0.420834
0.420824
0.420825
0.420832
0.420838
0.420841
0.42086
0.420854
0.420867
0.420863
0.420866
0.420847
0.420855
0.420849
0.42086
0.420864
0.420864
0.420867
0.420872
0.420881
0.420891
0.420897
0.420874
0.420868
0.42087
0.420874
0.420882
0.420886
0.420893
0.420886
0.420888
0.420879
0.420883
0.420876
0.420878
0.420872
0.42086
0.420842
0.420849
0.420871
0.420866
0.420862
0.420859
0.420865
0.420876
0.420872
0.420868
0.420874
0.420877
0.420885
0.420883
0.420885
0.420875
0.420882
0.420881
0.420887
0.420889
0.420895
0.420896
0.420903
0.420902
0.420899
0.420904
0.420911
0.420913
0.420912
0.420911
0.420905
0.420908
0.4209
0.420909
0.420912
0.420908
0.420916
0.420927
0.420922
0.420911
0.420905
0.420918
0.420917
0.420923
0.420925
0.420926
0.420925
0.420929
0.420932
0.420935
0.420936
0.420934
0.420935
0.420929
0.420931
0.420938
0.420939
0.42094
0.42095
0.420951
0.420942
0.42094
0.420951
0.42096
0.420956
0.420953
0.420948
0.420952
0.420954
0.420965
0.420967
0.420965
0.420963
0.420969
0.420978
0.420988
0.420995
0.420993
0.420998
0.421002
0.421
0.421005
0.421012
0.421001
0.421007
0.421004
0.421005
0.420998
0.421002
0.421003
0.421009
0.421011
0.421013
0.421012
0.421014
0.421021
0.421018
0.421012
0.421017
0.421026
0.421031
0.421029
0.421023
0.421023
0.421024
0.421017
0.421015
0.421007
0.421009
0.421006
0.421004
0.42099
0.420994
0.420995
0.420993
0.420996
0.420985
0.42099
0.421
0.421004
0.420998
0.420993
0.421002
0.42101
0.421018
0.421013
0.421016
0.421021
0.421022
0.42101
0.421015
0.421011
0.421024
0.421026
0.421022
0.421032
0.421038
0.421022
0.421026
0.421023
0.421015
0.421006
0.421005
0.420996
0.421002
0.420997
0.421004
0.420989
0.420981
0.420987
0.420978
0.420986
0.420974
0.420975
0.420972
0.420969
0.420977
0.420975
0.420987
0.420972
0.420974
0.420974
0.420969
0.420972
0.420966
0.420961
0.420974
0.420985
0.420978
0.420978
0.420979
0.42098
0.420983
0.420985
0.420975
0.420974
0.420978
0.420972
0.420966
0.420973
0.420971
0.420959
0.420964
0.420953
0.420958
0.420957
0.420966
0.420957
0.420953
0.420951
0.42096
0.420964
0.420949
0.420944
0.420938
0.420942
0.420938
0.420943
0.420942
0.420943
0.420942
0.420941
0.420938
0.420935
0.420938
0.420939
0.420956
0.42096
0.420967
0.420971
0.420985
0.420991
0.420988
0.420998
0.420999
0.421003
0.421001
0.420996
0.420984
0.420977
0.420975
0.420954
0.420951
0.420963
0.420968
0.420965
0.42097
0.420973
0.420978
0.420994
0.420991
0.421001
0.421013
0.421011
0.421011
0.421006
0.421011
0.421018
0.421007
0.421005
0.421007
0.420995
0.421002
0.421006
0.42101
0.421019
0.42102
0.42102
0.421017
0.42102
0.421019
0.421014
0.421022
0.42103
0.421028
0.421023
0.421021
0.421036
0.42103
0.421031
0.421046
0.421048
0.42105
0.421037
0.421032
0.421028
0.42103
0.421029
0.421028
0.421033
0.421026
0.421022
0.421026
0.421027
0.42102
0.421016
0.421022
0.421014
0.42101
0.421022
0.421014
0.421012
0.421006
0.421006
0.421022
0.421028
0.421031
0.421039
0.421028
0.421027
0.421023
0.421027
0.421023
0.421021
0.42103
0.421022
0.421016
0.421012
0.421007
0.420999
0.421005
0.420995
0.42099
0.420985
0.420996
0.420986
0.420988
0.420985
0.420976
0.42099
0.420982
0.420981
0.420985
0.420991
0.420994
0.420993
0.421003
0.421008
0.421008
0.421023
0.42103
0.421029
0.421032
0.421029
0.421029
0.421029
0.421024
0.421016
0.421016
0.421019
0.421016
0.421014
0.421024
0.421027
0.421035
0.421035
0.42103
0.421035
0.42104
0.421044
0.421047
0.421038
0.42103
0.421019
0.421008
0.420987
0.42099
0.42097
0.420981
0.420978
0.420971
0.420972
0.420954
0.420966
0.420971
0.420983
0.420973
0.420966
0.420981
0.420992
0.420976
0.420976
0.42097
0.420962
0.420959
0.420953
0.420944
0.420952
0.420934
0.420934
0.420928
0.420935
0.42093
0.420937
0.420947
0.420954
0.420937
0.420936
0.420941
0.42094
0.42094
0.420936
0.420936
0.420932
0.42094
0.420932
0.42093
0.420935
0.420932
0.420929
0.420929
0.420928
0.420931
0.420934
0.420935
0.420927
0.420929
0.420941
0.420931
0.420917
0.420901
0.420897
0.420901
0.420896
0.42089
0.420878
0.420882
0.420893
0.420884
0.420885
0.420878
0.42089
0.420894
0.420897
0.420892
0.420888
0.420891
0.420899
0.420889
0.420888
0.420891
0.420892
0.420887
0.420893
0.420885
0.420891
0.420897
0.420889
0.420891
0.420896
0.420896
0.420881
0.420868
0.420873
0.420875
0.420867
0.420871
0.420872
0.420866
0.420878
0.42087
0.420871
0.420862
0.42086
0.420857
0.420854
0.42087
0.420861
0.420874
0.420876
0.420876
0.420883
0.420892
0.420879
0.42088
0.420885
0.420873
0.420868
0.420867
0.420859
0.420864
0.420852
0.420858
0.42086
0.420854
0.42085
0.420841
0.420847
0.42085
0.420855
0.420852
0.420849
0.420848
0.420846
0.420845
0.420838
0.420839
0.420854
0.420855
0.420869
0.420859
0.420857
0.420863
0.420862
0.420869
0.420873
0.420877
0.420879
0.420885
0.420882
0.420886
0.420883
0.420886
0.420893
0.420893
0.420891
0.420891
0.420895
0.420894
0.420902
0.420908
0.420906
0.420899
0.42089
0.420885
0.420874
0.420883
0.420893
0.420891
0.420903
0.420908
0.420884
0.420877
0.420884
0.420872
0.420873
0.420871
0.420867
0.420871
0.42087
0.420876
0.420874
0.420874
0.420882
0.420893
0.420898
0.4209
0.420902
0.420901
0.420905
0.420904
0.420912
0.420923
0.420913
0.420915
0.420915
0.420914
0.420914
0.42091
0.420893
0.420892
0.420892
0.420893
0.42088
0.420881
0.420869
0.420872
0.420865
0.420879
0.420878
0.420878
0.420881
0.420881
0.420878
0.420885
0.420891
0.420885
0.420896
0.420901
0.420901
0.420899
0.420909
0.420908
0.420909
0.420919
0.420905
0.420909
0.420914
0.420925
0.42093
0.42094
0.420943
0.42094
0.42094
0.420946
0.420943
0.420942
0.420948
0.420953
0.420955
0.420945
0.42094
0.420947
0.420935
0.420946
0.420943
0.420938
0.420935
0.420926
0.420928
0.420932
0.420939
0.420946
0.420942
0.420937
0.420937
0.420933
0.420932
0.420938
0.420932
0.420934
0.420933
0.42094
0.42095
0.420958
0.420956
0.42096
0.420941
0.420939
0.420944
0.420951
0.420962
0.420957
0.420943
0.420946
0.420951
0.420947
0.420941
0.420925
0.420921
0.42093
0.420923
0.420915
0.420921
0.420918
0.420911
0.420922
0.420919
0.420927
0.420928
0.420933
0.420941
0.420938
0.420932
0.420922
0.420926
0.420937
0.420937
0.420944
0.420949
0.420947
0.420958
0.420964
0.420958
0.420956
0.420956
0.420954
0.420961
0.420952
0.420959
0.420952
0.420954
0.42095
0.420944
0.420957
0.420956
0.420956
0.420952
0.420944
0.420944
0.42093
0.420943
0.420948
0.420952
0.420952
0.420947
0.420952
0.420952
0.420957
0.420952
0.420953
0.42095
0.42095
0.420948
0.420949
0.420966
0.420971
0.420974
0.420952
0.420964
0.420964
0.420961
0.420958
0.420966
0.42097
0.420962
0.42096
0.420965
0.42095
0.420949
0.42095
0.420946
0.420952
0.420959
0.420961
0.42096
0.420968
0.420976
0.420973
0.420982
0.420987
0.42099
0.420987
0.420981
0.420997
0.420999
0.421
0.420999
0.421001
0.420984
0.420988
0.420981
0.420967
0.420959
0.420954
0.420943
0.420958
0.420957
0.420949
0.420965
0.420963
0.420974
0.420975
0.420985
0.420992
0.420991
0.420986
0.420985
0.420985
0.42099
0.420988
0.420988
0.420993
0.420982
0.420983
0.420985
0.420984
0.420988
0.420979
0.420974
0.420968
0.420974
0.420968
0.420972
0.420966
0.420973
0.420971
0.420964
0.420969
0.420969
0.420968
0.420972
0.420963
0.420964
0.420967
0.420954
0.420959
0.420959
0.420951
0.420962
0.420968
0.420971
0.420973
0.420973
0.420973
0.420966
0.420962
0.420965
0.420975
0.420971
0.42097
0.420956
0.420956
0.420968
0.42097
0.420973
0.420973
0.42097
0.420969
0.420962
0.420973
0.420973
0.42097
0.420974
0.420976
0.42098
0.420969
0.420962
0.420961
0.420961
0.420962
0.420962
0.420966
0.420962
0.420972
0.420978
0.420978
0.420978
0.420973
0.420967
0.420976
0.420972
0.420969
0.420966
0.42097
0.420983
0.420975
0.420982
0.420988
0.420989
0.420984
0.420982
0.420986
0.420977
0.420977
0.420989
0.420982
0.420984
0.420978
0.420981
0.420962
0.420966
0.420961
0.420961
0.420956
0.420951
0.420945
0.420938
0.42093
0.420924
0.420924
0.420915
0.420916
0.42092
0.420914
0.420917
0.420918
0.420915
0.420915
0.420912
0.420908
0.420914
0.420912
0.420914
0.420895
0.420902
0.420897
0.420897
0.42089
0.42089
0.420881
0.420876
0.420876
0.420872
0.42087
0.420856
0.420855
0.42086
0.420856
0.420842
0.420842
0.420827
0.420821
0.420817
0.420814
0.420819
0.420816
0.420818
0.420827
0.420815
0.420827
0.420819
0.420826
0.420826
0.420827
0.420816
0.420818
0.420815
0.420814
0.420818
0.420804
0.420816
0.420818
0.420819
0.420819
0.420827
0.420813
0.420824
0.420814
0.420818
0.42082
0.420814
0.420809
0.420814
0.420821
0.42081
0.420811
0.420816
0.420809
0.420809
0.420803
0.420806
0.420795
0.420798
0.420804
0.420808
0.420813
0.420814
0.420809
0.420817
0.420803
0.420796
0.420801
0.420804
0.420801
0.420809
0.420807
0.420804
0.420811
0.420802
0.420801
0.420802
0.420789
0.420791
0.420795
0.420782
0.420789
0.420791
0.420794
0.4208
0.420792
0.420797
0.4208
0.420805
0.4208
0.420804
0.420798
0.420801
0.420804
0.4208
0.420792
0.420786
0.420777
0.420775
0.420768
0.420771
0.420768
0.42078
0.420776
0.420784
0.420789
0.420781
0.420787
0.420788
0.420778
0.420787
0.420789
0.42079
0.420794
0.420792
0.420804
0.420809
0.420806
0.420803
0.420816
0.420813
0.420806
0.4208
0.420817
0.420795
0.420805
0.420798
0.420805
0.420802
0.420804
0.420814
0.420822
0.420813
0.420814
0.420815
0.420812
0.420805
0.420804
0.420804
0.420795
0.420798
0.420795
0.420802
0.420802
0.420805
0.420805
0.420813
0.420807
0.420809
0.420825
0.42082
0.420818
0.420818
0.420804
0.420801
0.42082
0.420812
0.420818
0.420824
0.42083
0.420825
0.420824
0.420819
0.420827
0.420825
0.420835
0.420835
0.420833
0.420826
0.420828
0.420834
0.420833
0.420832
0.420829
0.420822
0.420824
0.420823
0.420821
0.420825
0.420829
0.420828
0.420828
0.420835
0.420838
0.420843
0.420834
0.42083
0.420832
0.42083
0.420824
0.420817
0.420819
0.42082
0.420832
0.420835
0.420832
0.420837
0.420829
0.420836
0.420843
0.42085
0.420858
0.420865
0.420861
0.420861
0.420863
0.420863
0.420864
0.420855
0.420849
0.420844
0.42084
0.420834
0.420828
0.420823
0.420838
0.420834
0.420835
0.420826
0.420821
0.420821
0.420816
0.420807
0.420814
0.420825
0.420818
0.420819
0.420821
0.420813
0.420817
0.420811
0.420826
0.420827
0.420821
0.420822
0.420827
0.420834
0.420832
0.420823
0.420812
0.420815
0.42081
0.420813
0.420814
0.420809
0.420803
0.420785
0.420771
0.420767
0.420774
0.42078
0.420786
0.420795
0.420794
0.420791
0.420785
0.420784
0.420791
0.420796
0.420794
0.420778
0.420771
0.42077
0.420769
0.420766
0.42077
0.420772
0.420774
0.42078
0.420783
0.420788
0.420793
0.42078
0.420792
0.420799
0.420803
0.420788
0.420787
0.420791
0.420794
0.420803
0.420809
0.42081
0.420804
0.4208
0.420806
0.420804
0.420801
0.420795
0.420791
0.420802
0.420793
0.420777
0.420763
0.420765
0.420761
0.420763
0.420765
0.42076
0.420763
0.420759
0.420753
0.420764
0.420775
0.420778
0.420772
0.420756
0.420754
0.420761
0.420765
0.420771
0.420776
0.420781
0.420768
0.420772
0.420765
0.420778
0.420788
0.420795
0.420809
0.420815
0.420813
0.420809
0.420814
0.420816
0.420821
0.420827
0.420837
0.420824
0.420828
0.420837
0.420843
0.420851
0.420852
0.420849
0.420847
0.420846
0.420848
0.420841
0.420841
0.420849
0.420849
0.420849
0.420857
0.420866
0.420853
0.420846
0.420859
0.420864
0.420866
0.42088
0.420869
0.420874
0.420883
0.420874
0.42087
0.420869
0.420872
0.420871
0.420866
0.420869
0.420878
0.420887
0.420888
0.420881
0.420887
0.420879
0.42087
0.420872
0.420863
0.420863
0.420859
0.420854
0.420859
0.420859
0.42085
0.420847
0.420857
0.420858
0.420859
0.420848
0.420848
0.42085
0.42084
0.420839
0.420838
0.420835
0.42084
0.420843
0.42084
0.420838
0.420831
0.420834
0.420824
0.420827
0.42082
0.420819
0.420822
0.420817
0.420817
0.420813
0.420807
0.420806
0.420815
0.420803
0.420803
0.420794
0.4208
0.420811
0.420818
0.420806
0.420805
0.420801
0.420799
0.420797
0.420788
0.420781
0.420782
0.420776
0.420769
0.420764
0.420768
0.420765
0.42077
0.420767
0.420774
0.420771
0.420768
0.420769
0.420779
0.420784
0.420781
0.420781
0.420771
0.420778
0.420762
0.420769
0.420773
0.420777
0.420781
0.42078
0.420772
0.420768
0.420759
0.420745
0.420738
0.420753
0.42076
0.420756
0.420767
0.420764
0.42076
0.420756
0.420756
0.420767
0.420783
0.42078
0.420779
0.420787
0.420778
0.42078
0.420777
0.420778
0.42078
0.420788
0.420789
0.420792
0.42079
0.420792
0.420785
0.420793
0.420787
0.420773
0.420778
0.420777
0.420779
0.420784
0.420777
0.420778
0.42077
0.420776
0.420777
0.420792
0.420796
0.420784
0.42078
0.420777
0.420764
0.420759
0.420754
0.42075
0.42075
0.42074
0.420748
0.42075
0.420745
0.420746
0.420746
0.420743
0.42074
0.420738
0.420737
0.420744
0.420744
0.420742
0.420729
0.420731
0.420726
0.42073
0.420744
0.420746
0.42074
0.420732
0.420731
0.42073
0.420735
0.420739
0.420736
0.420747
0.420747
0.420746
0.42075
0.420757
0.420754
0.420758
0.420764
0.420768
0.420768
0.420781
0.420786
0.420779
0.420776
0.420773
0.420772
0.420779
0.420783
0.420785
0.42079
0.420793
0.420795
0.420788
0.420781
0.420787
0.420793
0.420789
0.420787
0.420782
0.420785
0.420789
0.420789
0.420778
0.420778
0.420766
0.42076
0.420757
0.42076
0.420757
0.420753
0.42075
0.420758
0.420762
0.420771
0.420777
0.420789
0.420786
0.420785
0.420788
0.420784
0.420771
0.420772
0.420768
0.420748
0.420751
0.420738
0.420734
0.420731
0.420733
0.420736
0.420736
0.420741
0.420746
0.420751
0.420754
0.420755
0.420762
0.420771
0.420777
0.420777
0.420767
0.420761
0.420763
0.420764
0.420774
0.420772
0.420768
0.420765
0.420757
0.420761
0.420764
0.420769
0.420766
0.420758
0.420765
0.420764
0.420763
0.420769
0.420772
0.420773
0.420775
0.420771
0.420773
0.420775
0.420771
0.420761
0.420759
0.420759
0.420771
0.420773
0.420779
0.420767
0.420759
0.420758
0.420757
0.420762
0.42076
0.420757
0.420755
0.420754
0.420751
0.420755
0.420768
0.420775
0.420783
0.420786
0.420794
0.420794
0.420783
0.420776
0.42078
0.42078
0.420777
0.420774
0.42077
0.420767
0.420764
0.420764
0.420762
0.420774
0.420777
0.420777
0.420778
0.420764
0.420766
0.420757
0.420758
0.420756
0.42075
0.420766
0.420762
0.420767
0.420771
0.420778
0.420776
0.420777
0.420763
0.420759
0.420761
0.420763
0.420756
0.420751
0.420757
0.42075
0.420751
0.420755
0.420747
0.420741
0.420748
0.420753
0.420755
0.420755
0.420761
0.420766
0.420778
0.420773
0.420771
0.420776
0.420782
0.420785
0.420788
0.420784
0.420775
0.420775
0.420786
0.420776
0.420769
0.420776
0.420782
0.420773
0.420777
0.42078
0.420791
0.420783
0.420787
0.420786
0.420789
0.420787
0.42078
0.420772
0.420778
0.420778
0.420784
0.420791
0.420784
0.420787
0.420798
0.420803
0.420804
0.420806
0.420807
0.420804
0.42081
0.420806
0.420797
0.420792
0.420786
0.42078
0.420775
0.420782
0.420796
0.420799
0.420803
0.420804
0.4208
0.420794
0.420797
0.420808
0.420807
0.420797
0.420797
0.420794
0.420802
0.420801
0.420801
0.420792
0.420794
0.420803
0.420805
0.420801
0.420804
0.420798
0.420794
0.420795
0.42079
0.420795
0.42079
0.420794
0.420788
0.420789
0.420784
0.420785
0.420793
0.420791
0.420792
0.420791
0.420786
0.420797
0.420802
0.420803
0.420805
0.420806
0.420806
0.420819
0.420823
0.420815
0.420814
0.42081
0.420816
0.420828
0.420828
0.420823
0.42083
0.420825
0.420827
0.420828
0.420828
0.420836
0.420835
0.42083
0.420837
0.420835
0.420837
0.420839
0.420837
0.420836
0.420836
0.420837
0.420838
0.420845
0.420848
0.420852
0.420853
0.420848
0.420844
0.420847
0.420856
0.420853
0.420846
0.420844
0.420836
0.420844
0.420838
0.420852
0.420849
0.420855
0.420856
0.42085
0.420856
0.420858
0.420846
0.420845
0.420847
0.420853
0.420866
0.420868
0.420851
0.420852
0.420839
0.420831
0.420824
0.420821
0.420819
0.420825
0.420831
0.420826
0.42083
0.420828
0.420834
0.420843
0.420831
0.420822
0.420827
0.420821
0.420819
0.420822
0.420822
0.420827
0.420836
0.420833
0.420832
0.420825
0.420825
0.420825
0.42083
0.420829
0.420822
0.420825
0.420821
0.420822
0.420814
0.420806
0.420804
0.420798
0.420799
0.4208
0.420811
0.420813
0.420806
0.420813
0.420816
0.420823
0.420827
0.420829
0.420834
0.420833
0.420833
0.420829
0.420827
0.420818
0.420812
0.420821
0.420818
0.42082
0.420813
0.420816
0.420818
0.420815
0.420819
0.420815
0.42082
0.420813
0.420808
0.420813
0.420821
0.420812
0.420814
0.42081
0.420808
0.420809
0.420816
0.420823
0.420824
0.420816
0.420807
0.420813
0.420814
0.420811
0.42082
0.420822
0.420826
0.420822
0.420821
0.420818
0.420809
0.420818
0.420833
0.420833
0.420833
0.420822
0.420808
0.420804
0.420801
0.4208
0.420797
0.420799
0.420801
0.420802
0.420804
0.420798
0.420798
0.420798
0.420803
0.420797
0.420807
0.420798
0.420807
0.420817
0.420825
0.420824
0.420824
0.420813
0.420809
0.420812
0.420817
0.420806
0.420809
0.420808
0.4208
0.420795
0.420796
0.4208
0.420798
0.420801
0.420801
0.420797
0.420802
0.420803
0.420811
0.420813
0.420816
0.42083
0.420824
0.420821
0.420813
0.420817
0.420819
0.420814
0.420824
0.420821
0.420819
0.420827
0.420828
0.420825
0.420829
0.420831
0.420824
0.420819
0.420815
0.420822
0.420825
0.420829
0.42084
0.420837
0.420838
0.420834
0.420825
0.42082
0.420821
0.420821
0.420814
0.420818
0.420815
0.420818
0.420816
0.420804
0.420806
0.42081
0.42081
0.420807
0.420819
0.420807
0.420798
0.420804
0.420802
0.420805
0.420806
0.420803
0.420799
0.420807
0.420806
0.420798
0.420799
0.420795
0.420789
0.420794
0.420799
0.420797
0.420795
0.42079
0.420793
0.42079
0.420788
0.420797
0.420787
0.420789
0.420797
0.420798
0.420795
0.420799
0.420794
0.420792
0.420798
0.420788
0.420782
0.420777
0.420769
0.420758
0.420759
0.420744
0.420746
0.420745
0.420747
0.420733
0.420738
0.420736
0.420731
0.420718
0.420723
0.420716
0.420718
0.420723
0.420727
0.420722
0.42072
0.420721
0.420719
0.420721
0.420711
0.42071
0.420701
0.420696
0.420696
0.420698
0.420696
0.420697
0.420698
0.4207
0.420705
0.420708
0.420696
0.4207
0.420691
0.420689
0.420702
0.420696
0.420701
0.420708
0.420706
0.420688
0.420696
0.420702
0.420697
0.420704
0.420694
0.42069
0.420694
0.4207
0.420702
0.4207
0.420696
0.420698
0.420704
0.420702
0.420709
0.420704
0.420711
0.420714
0.420717
0.420725
0.420728
0.420734
0.42073
0.420733
0.420739
0.420739
0.420735
0.420742
0.420737
0.420739
0.420747
0.42074
0.420742
0.420746
0.420743
0.420747
0.420752
0.420759
0.420759
0.420763
0.420762
0.420768
0.420766
0.420766
0.420764
0.420763
0.420759
0.420759
0.420764
0.420762
0.420771
0.42077
0.420772
0.420764
0.42077
0.420777
0.42078
0.420785
0.420786
0.42078
0.420777
0.420779
0.420786
0.420796
0.420795
0.420798
0.420789
0.420789
0.420793
0.420778
0.420791
0.420798
0.4208
0.4208
0.420801
0.420806
0.420787
0.420776
0.420782
0.420781
0.420777
0.42078
0.420775
0.420775
0.420777
0.420782
0.420786
0.420788
0.420797
0.420803
0.420801
0.42081
0.420805
0.420802
0.420811
0.420822
0.42081
0.420813
0.42081
0.420813
0.420801
0.420805
0.42081
0.420807
0.420816
0.420817
0.420811
0.420813
0.420814
0.420816
0.420821
0.420827
0.420827
0.420829
0.42083
0.420822
0.42082
0.420815
0.420826
0.420824
0.420818
0.420819
0.420825
0.420824
0.420826
0.420821
0.420823
0.420823
0.420822
0.420817
0.420822
0.420829
0.420824
0.420818
0.420816
0.420809
0.420799
0.4208
0.420807
0.420813
0.420817
0.42082
0.420818
0.420819
0.420814
0.420812
0.420818
0.420821
0.420808
0.420795
0.420796
0.420798
0.420791
0.420792
0.420795
0.420793
0.42079
0.420796
0.420804
0.420816
0.420822
0.42082
0.420822
0.42083
0.420833
0.420832
0.420831
0.420834
0.420825
0.420829
0.42083
0.420832
0.420821
0.42082
0.420819
0.420828
0.42084
0.420851
0.420859
0.420854
0.42085
0.420854
0.42086
0.420869
0.420875
0.420882
0.420888
0.420895
0.420896
0.420889
0.420897
0.420897
0.420899
0.420901
0.420902
0.420905
0.420904
0.420909
0.420911
0.42091
0.420916
0.420925
0.420918
0.420917
0.420915
0.420914
0.420914
0.420914
0.420906
0.420906
0.420905
0.420907
0.420915
0.420907
0.42091
0.420909
0.420916
0.420909
0.420909
0.420894
0.420898
0.4209
0.420891
0.420896
0.420906
0.420909
0.420908
0.420913
0.420914
0.420916
0.420922
0.420917
0.42091
0.420914
0.420912
0.420915
0.420916
0.420914
0.420906
0.420906
0.420904
0.420907
0.420903
0.420901
0.420902
0.420911
0.420902
0.420907
0.420894
0.420893
0.420909
0.420914
0.42092
0.420926
0.420924
0.420923
0.42092
0.420921
0.42093
0.42093
0.420939
0.420943
0.420942
0.420938
0.420945
0.420948
0.420942
0.42094
0.420943
0.420942
0.420941
0.420945
0.420943
0.420949
0.420946
0.420945
0.420942
0.420941
0.420936
0.42094
0.420935
0.420931
0.420937
0.420937
0.420939
0.420948
0.420952
0.420962
0.420959
0.420954
0.420946
0.420953
0.420945
0.42095
0.420957
0.420952
0.420948
0.420942
0.420948
0.420953
0.420954
0.420949
0.42094
0.420941
0.420941
0.420941
0.42094
0.420938
0.420937
0.420939
0.420933
0.420929
0.420925
0.420923
0.420933
0.420934
0.420935
0.420938
0.420934
0.420932
0.420927
0.420924
0.420919
0.420923
0.420926
0.420922
0.420917
0.42091
0.420912
0.420914
0.420918
0.420919
0.420932
0.420938
0.420945
0.420942
0.420946
0.420937
0.420936
0.420932
0.420932
0.420932
0.420937
0.42094
0.420934
0.420948
0.420942
0.420946
0.420949
0.420948
0.420945
0.420941
0.420931
0.420941
0.420937
0.420936
0.420925
0.42093
0.420933
0.420929
0.420928
0.420936
0.420943
0.420943
0.420949
0.420945
0.420943
0.42095
0.420939
0.420947
0.420955
0.420963
0.420958
0.420958
0.420959
0.42096
0.420951
0.420947
0.42095
0.420946
0.420952
0.420943
0.420933
0.420945
0.420945
0.420957
0.420949
0.420952
0.420956
0.42095
0.42095
0.420951
0.420954
0.420956
0.420956
0.420949
0.420948
0.420937
0.420944
0.420946
0.420945
0.42094
0.420939
0.420937
0.420934
0.420942
0.42094
0.420937
0.420933
0.420941
0.420939
0.420938
0.420938
0.420947
0.420946
0.420949
0.420948
0.420943
0.420946
0.420945
0.420941
0.420942
0.420943
0.420945
0.420942
0.420945
0.420939
0.420936
0.420932
0.420935
0.420924
0.420921
0.420922
0.420933
0.420929
0.420922
0.420923
0.420926
0.420927
0.420929
0.420933
0.420938
0.420938
0.42093
0.420928
0.420921
0.420926
0.420927
0.420921
0.420917
0.420921
0.420918
0.420928
0.420933
0.420934
0.420938
0.420939
0.42094
0.420942
0.420937
0.420931
0.420933
0.420924
0.42092
0.420917
0.420914
0.42091
0.420905
0.420906
0.420915
0.420909
0.420914
0.420919
0.42092
0.420917
0.42092
0.420915
0.420915
0.420906
0.420911
0.420907
0.420902
0.420905
0.420898
0.420898
0.420895
0.420886
0.420892
0.420895
0.420895
0.420901
0.420904
0.4209
0.420901
0.420904
0.420901
0.420896
0.420903
0.420905
0.420903
0.420903
0.420907
0.420905
0.420899
0.420896
0.420896
0.4209
0.420889
0.420893
0.420899
0.420897
0.420901
0.420901
0.420895
0.420895
0.420898
0.420908
0.420905
0.420912
0.420905
0.420907
0.420915
0.420916
0.420909
0.420909
0.420916
0.420921
0.420921
0.42092
0.420921
0.420925
0.420938
0.420936
0.420938
0.42094
0.420947
0.420945
0.420942
0.420943
0.420943
0.420949
0.420949
0.420948
0.420951
0.420954
0.420954
0.420952
0.420951
0.420955
0.420956
0.420964
0.420972
0.420968
0.42096
0.420959
0.420963
0.420959
0.420964
0.420971
0.420972
0.420971
0.420978
0.420975
0.420977
0.420973
0.420965
0.420961
0.420962
0.420967
0.420963
0.420964
0.42097
0.420978
0.420972
0.420976
0.420974
0.420975
0.420974
0.420972
0.420974
0.420975
0.420981
0.420973
0.420974
0.420971
0.420969
0.420961
0.420954
0.420959
0.420952
0.42095
0.420947
0.420954
0.420949
0.420951
0.420961
0.420959
0.420961
0.420958
0.420969
0.420976
0.420985
0.420984
0.420991
0.420995
0.420995
0.421001
0.420999
0.421008
0.421002
0.421001
0.420998
0.420992
0.420986
0.420977
0.420972
0.420973
0.420982
0.420981
0.42098
0.420976
0.420975
0.420972
0.420967
0.420968
0.420965
0.420958
0.42095
0.420955
0.420946
0.420949
0.420948
0.420959
0.420956
0.42096
0.420959
0.420951
0.420944
0.42095
0.420953
0.420949
0.420946
0.420945
0.420952
0.420948
0.420945
0.420949
0.42095
0.42095
0.420951
0.420956
0.420958
0.420962
0.420969
0.420977
0.420977
0.420978
0.420979
0.420982
0.420968
0.420966
0.420963
0.420961
0.42097
0.420956
0.420961
0.420959
0.420961
0.420972
0.420975
0.420964
0.420966
0.420967
0.420965
0.420971
0.420972
0.42097
0.420972
0.420978
0.420972
0.420961
0.420966
0.420969
0.420963
0.42095
0.420939
0.420941
0.420943
0.420943
0.420939
0.420941
0.420947
0.420943
0.420934
0.420931
0.420924
0.420929
0.420927
0.420924
0.420928
0.420923
0.420928
0.420926
0.420929
0.420928
0.420929
0.42093
0.420928
0.420923
0.420921
0.420924
0.420926
0.42093
0.420935
0.420935
0.420932
0.420932
0.420937
0.420934
0.420934
0.420936
0.420935
0.420936
0.420937
0.420941
0.420942
0.420937
0.420934
0.420936
0.420935
0.420943
0.420953
0.420955
0.42096
0.420957
0.420963
0.420962
0.420966
0.420966
0.420967
0.420969
0.420963
0.420973
0.420974
0.420978
0.420982
0.42098
0.420983
0.420987
0.420985
0.420979
0.420981
0.420983
0.420981
0.420986
0.420978
0.420981
0.420981
0.420981
0.420982
0.420973
0.420981
0.420977
0.420984
0.420986
0.42099
0.420998
0.420999
0.420999
0.420996
0.421
0.420992
0.420993
0.42099
0.420986
0.420987
0.420986
0.420985
0.42099
0.42099
0.420981
0.420982
0.420985
0.420986
0.420978
0.420974
0.420976
0.420973
0.420967
0.420968
0.420973
0.420973
0.42097
0.420965
0.420972
0.420969
0.42097
0.420973
0.420974
0.420976
0.42097
0.420977
0.420973
0.42098
0.420973
0.420975
0.420978
0.42098
0.420987
0.420992
0.420992
0.421002
0.421012
0.421007
0.421007
0.421013
0.421014
0.421012
0.42101
0.421011
0.421009
0.421016
0.421013
0.421015
0.421012
0.421009
0.421009
0.420999
0.421001
0.421007
0.421011
0.421011
0.421014
0.421012
0.421013
0.42102
0.421024
0.421023
0.421017
0.421021
0.421021
0.42103
0.421034
0.421035
0.421038
0.421041
0.42104
0.421034
0.421043
0.421049
0.42106
0.421065
0.421073
0.421073
0.421074
0.421072
0.421072
0.421064
0.421069
0.421071
0.421068
0.421068
0.421067
0.421065
0.421068
0.421066
0.421059
0.42106
0.421058
0.421067
0.421066
0.421068
0.421063
0.421061
0.421062
0.42106
0.421064
0.421059
0.421066
0.421069
0.421061
0.42106
0.421067
0.421067
0.421071
0.421079
0.421081
0.421085
0.421086
0.421083
0.421078
0.421078
0.421085
0.421084
0.42109
0.421081
0.421076
0.421082
0.421084
0.421091
0.421099
0.421099
0.421094
0.421092
0.421086
0.4211
0.421103
0.421103
0.421098
0.421104
0.421092
0.421093
0.421102
0.421101
0.421096
0.421094
0.421096
0.421087
0.421098
0.421105
0.421104
0.421098
0.421088
0.421089
0.421088
0.421085
0.421094
0.421088
0.421079
0.42108
0.421076
0.421085
0.421091
0.421087
0.421078
0.421074
0.421074
0.421083
0.421082
0.421082
0.421083
0.421084
0.421081
0.421089
0.421084
0.421085
0.421084
0.421084
0.421091
0.421088
0.421082
0.421075
0.421066
0.421067
0.42107
0.421067
0.421069
0.42107
0.421062
0.42106
0.421066
0.421071
0.42107
0.421071
0.421062
0.421062
0.421066
0.421066
0.421063
0.421061
0.421061
0.421057
0.421058
0.42106
0.421054
0.421054
0.421054
0.42106
0.421059
0.421075
0.421064
0.421064
0.421067
0.421067
0.421079
0.421081
0.421079
0.421081
0.421071
0.421069
0.421071
0.421079
0.421081
0.421087
0.421086
0.421082
0.421076
0.421069
0.421067
0.421066
0.421068
0.42107
0.421076
0.421073
0.421074
0.421075
0.421067
0.421076
0.42107
0.421058
0.421053
0.421051
0.421053
0.421052
0.421062
0.421062
0.42106
0.421063
0.421073
0.421077
0.421077
0.421076
0.421071
0.421076
0.421073
0.421072
0.421075
0.421073
0.421067
0.421068
0.421065
0.421064
0.421064
0.421061
0.421059
0.421065
0.421058
0.421061
0.421053
0.421052
0.421051
0.421058
0.421059
0.421057
0.42106
0.421063
0.421063
0.421068
0.421079
0.421075
0.42108
0.421079
0.421067
0.421061
0.421058
0.421062
0.421059
0.421057
0.421058
0.421054
0.421054
0.421054
0.421045
0.421051
0.421052
0.421052
0.421055
0.421061
0.421067
0.421066
0.421066
0.421077
0.421075
0.421075
0.421079
0.421083
0.421086
0.421095
0.421096
0.421098
0.421096
0.421087
0.421089
0.421089
0.421094
0.42109
0.421086
0.421089
0.421091
0.421091
0.421093
0.421098
0.421103
0.421095
0.421099
0.421098
0.421092
0.421088
0.421079
0.421083
0.421078
0.421078
0.421073
0.42107
0.421072
0.421068
0.421066
0.421064
0.421062
0.421069
0.421062
0.421062
0.421064
0.421062
0.42107
0.421075
0.421073
0.421078
0.421083
0.421092
0.421092
0.421094
0.421101
0.421105
0.421101
0.421094
0.421092
0.42109
0.421088
0.421084
0.421082
0.421073
0.421071
0.421068
0.421068
0.421073
0.421075
0.421078
0.421075
0.421077
0.421067
0.421072
0.421081
0.421078
0.42108
0.421083
0.421084
0.42109
0.421083
0.421071
0.421075
0.421076
0.421081
0.42108
0.421079
0.421079
0.421072
0.42107
0.421066
0.421066
0.421059
0.421054
0.421048
0.421048
0.421043
0.421042
0.421038
0.421031
0.421036
0.421039
0.421038
0.42103
0.421022
0.421022
0.421017
0.421009
0.420997
0.420999
0.420991
0.420992
0.420987
0.420988
0.420979
0.420981
0.420978
0.420986
0.420989
0.420981
0.420978
0.420973
0.420973
0.420976
0.420981
0.42098
0.420981
0.420976
0.42098
0.420977
0.420984
0.420988
0.420988
0.420995
0.421001
0.420995
0.421
0.420994
0.420995
0.420988
0.420988
0.420995
0.420995
0.420998
0.421002
0.421005
0.421007
0.421006
0.421016
0.421017
0.421014
0.421016
0.421009
0.421003
0.42101
0.421009
0.421004
0.421
0.421
0.420999
0.421002
0.420994
0.420999
0.42099
0.420994
0.420997
0.420992
0.420991
0.420999
0.421002
0.420997
0.420996
0.421
0.421001
0.421004
0.421002
0.421
0.421002
0.42101
0.421009
0.421009
0.421008
0.421008
0.421004
0.42101
0.421009
0.421002
0.420997
0.421
0.420996
0.420994
0.420998
0.421002
0.421001
0.421004
0.421
0.421004
0.421005
0.421004
0.421011
0.421008
0.421008
0.421007
0.421013
0.421001
0.421001
0.420999
0.421004
0.421008
0.421008
0.42101
0.421007
0.421011
0.421008
0.42101
0.421012
0.421021
0.421025
0.421025
0.421026
0.421034
0.421038
0.42103
0.421025
0.421029
0.42103
0.421024
0.421023
0.421024
0.421022
0.421015
0.421016
0.421015
0.421024
0.42102
0.421022
0.42102
0.421024
0.421019
0.421017
0.42102
0.421024
0.421028
0.421029
0.421028
0.42103
0.421035
0.421037
0.421033
0.421031
0.42103
0.421031
0.421032
0.421025
0.421029
0.421025
0.421018
0.421006
0.421003
0.420997
0.42099
0.420982
0.420985
0.42098
0.420978
0.42098
0.420973
0.420979
0.420978
0.420977
0.420977
0.420972
0.420968
0.42097
0.420978
0.420982
0.420972
0.420979
0.420976
0.420979
0.420983
0.420985
0.420985
0.420983
0.420992
0.420999
0.421001
0.421003
0.420991
0.421001
0.420992
0.420996
0.420994
0.420995
0.420995
0.42099
0.42099
0.420992
0.420987
0.420994
0.420999
0.421006
0.421006
0.421001
0.420998
0.421
0.420997
0.421
0.421002
0.421003
0.421006
0.420999
0.421001
0.420996
0.421004
0.421007
0.421002
0.420999
0.420992
0.420999
0.420997
0.420992
0.420991
0.420995
0.420999
0.421004
0.421004
0.421007
0.421012
0.421014
0.42101
0.421002
0.420999
0.420994
0.421003
0.421007
0.421009
0.421009
0.420999
0.421004
0.421001
0.420996
0.420997
0.420998
0.421
0.420997
0.420997
0.420996
0.420993
0.420988
0.420986
0.420989
0.420991
0.420979
0.420973
0.420969
0.420978
0.420974
0.420972
0.420969
0.420973
0.420975
0.420977
0.420974
0.420981
0.420983
0.420984
0.420988
0.420981
0.420981
0.42098
0.420976
0.420971
0.420969
0.420968
0.420958
0.420956
0.420959
0.420962
0.420957
0.420958
0.420968
0.420969
0.420968
0.420973
0.420979
0.420977
0.420975
0.42098
0.420978
0.42097
0.420975
0.420974
0.420967
0.420974
0.420969
0.420963
0.420966
0.420957
0.420957
0.420955
0.420959
0.420963
0.420961
0.420955
0.420948
0.420952
0.420958
0.420952
0.420946
0.420946
0.420946
0.420953
0.420959
0.420956
0.420952
0.420956
0.42096
0.420963
0.420968
0.420967
0.420965
0.420964
0.420961
0.420955
0.420956
0.420956
0.420958
0.420956
0.420959
0.420958
0.42095
0.420948
0.420954
0.420953
0.42096
0.420954
0.420957
0.420952
0.420949
0.420957
0.420964
0.420974
0.420982
0.420983
0.420986
0.420978
0.420974
0.420972
0.420977
0.420981
0.420982
0.420992
0.420992
0.420993
0.420993
0.420994
0.420986
0.420986
0.420981
0.420986
0.420986
0.420987
0.420979
0.420982
0.420981
0.420977
0.420967
0.420958
0.420963
0.420955
0.420957
0.420965
0.420962
0.42096
0.420954
0.420955
0.420959
0.420962
0.420967
0.42097
0.420968
0.42096
0.420952
0.420946
0.420947
0.420955
0.42096
0.420959
0.420965
0.420968
0.42097
0.420962
0.420961
0.420963
0.420966
0.420964
0.420962
0.420962
0.420964
0.420965
0.420964
0.420966
0.420972
0.420976
0.420978
0.420975
0.420976
0.420972
0.420972
0.420968
0.420969
0.420977
0.420975
0.420979
0.420987
0.420983
0.420973
0.420976
0.420976
0.420983
0.420984
0.420978
0.420983
0.420978
0.42098
0.420978
0.420985
0.420984
0.420987
0.420986
0.420981
0.420976
0.420976
0.420976
0.420977
0.420976
0.420982
0.420984
0.420989
0.420985
0.420982
0.420983
0.420984
0.420985
0.420981
0.420982
0.420986
0.420987
0.420985
0.420983
0.420984
0.420987
0.420983
0.420985
0.420991
0.420998
0.420987
0.420978
0.420976
0.420968
0.420971
0.420967
0.420975
0.420982
0.420975
0.42098
0.420982
0.420977
0.420965
0.420969
0.420973
0.420976
0.42098
0.420981
0.420986
0.420983
0.420986
0.420986
0.420989
0.420996
0.420993
0.420993
0.420998
0.420994
0.420989
0.420975
0.420976
0.420972
0.420969
0.420964
0.420967
0.420968
0.420963
0.420974
0.420973
0.420975
0.420979
0.42098
0.420974
0.420973
0.420972
0.420966
0.420965
0.420974
0.420977
0.420976
0.420983
0.420977
0.420987
0.420997
0.420997
0.421002
0.421009
0.42101
0.421009
0.421019
0.421015
0.421006
0.421006
0.421008
0.421017
0.421012
0.421011
0.421012
0.421011
0.421005
0.421001
0.421006
0.421003
0.421001
0.420993
0.420992
0.420992
0.420989
0.420979
0.420978
0.420978
0.420977
0.420992
0.42099
0.420992
0.420992
0.420991
0.420995
0.420998
0.420994
0.420993
0.421002
0.421002
0.421
0.420996
0.420992
0.420994
0.420995
0.420999
0.421003
0.421009
0.421015
0.421012
0.421028
0.421035
0.421035
0.421031
0.42103
0.421024
0.421026
0.421029
0.42102
0.421024
0.421024
0.421019
0.421016
0.421015
0.421019
0.421017
0.421009
0.421015
0.421025
0.421018
0.421015
0.421016
0.421
0.421004
0.421014
0.421022
0.421026
0.421022
0.421024
0.421026
0.421022
0.421023
0.42103
0.421034
0.421032
0.421023
0.421022
0.421015
0.421013
0.421016
0.421017
0.421019
0.421025
0.421027
0.421033
0.421042
