3.192848020434227285e-09	4.876535508267816316e-17	2.147108854809914503e-16	1.000000000000000000e+00
6.385696040868453743e-09	1.070223676372386043e-16	1.731763181506406251e-16	1.000000000000000000e+00
9.578544061302680614e-09	3.370743166507030154e-16	1.995874392162902553e-16	1.000000000000000000e+00
1.277139208173690749e-08	3.002154078079927088e-16	3.417381634811394823e-16	1.000000000000000000e+00
1.596424010217113601e-08	9.277012993524832771e-16	1.529114893695106343e-15	1.000000000000000000e+00
1.915708812260536123e-08	-8.850510812242563696e-15	1.168715627135546918e-14	1.000000000000000000e+00
2.234993614303958975e-08	9.440590465971332233e-14	3.773162397547335996e-14	1.000000000000000000e+00
2.554278416347381828e-08	1.327614155894174953e-15	9.519142184792569716e-16	1.000000000000000000e+00
2.873563218390804350e-08	7.039999536850423428e-16	8.276987959405246794e-16	1.000000000000000000e+00
3.192848020434226541e-08	2.789219140659370922e-13	1.577577087022962168e-13	1.000000000000000000e+00
3.512132822477649062e-08	7.997382277898718980e-17	9.389040686154744051e-17	1.000000000000000000e+00
3.831417624521072246e-08	-8.136397921687184858e-17	6.229671682769989625e-17	1.000000000000000000e+00
4.150702426564494767e-08	-7.979473549259632467e-17	7.717559828841955742e-17	1.000000000000000000e+00
4.469987228607917289e-08	1.576982961836402525e-17	8.785587450508837971e-17	1.000000000000000000e+00
4.789272030651340473e-08	-4.668182692272699582e-18	5.679584421672908851e-17	1.000000000000000000e+00
5.108556832694762994e-08	1.014588582854174258e-16	5.685224155040131923e-17	1.000000000000000000e+00
5.427841634738185516e-08	-2.966286492882309548e-17	8.147442045777573778e-17	1.000000000000000000e+00
5.747126436781608038e-08	-1.007816709123987444e-16	6.963616237599763222e-17	1.000000000000000000e+00
6.066411238825031221e-08	-1.037894217536479825e-17	1.016048074747404263e-16	1.000000000000000000e+00
6.385696040868454405e-08	1.866155742873281524e-17	8.007905371537443894e-17	1.000000000000000000e+00
