3.179681211055445794e-09	-1.528620530307389632e-14	1.149754983125451215e-14	1.000000000000000000e+00
6.359362422110891589e-09	-3.240968163562278577e-14	3.396035755957434952e-14	1.000000000000000000e+00
9.539043633166336970e-09	1.791824380759900775e-13	3.425293794307654339e-13	1.000000000000000000e+00
1.271872484422178318e-08	-2.985485386854855665e-13	3.164581225594551749e-13	1.000000000000000000e+00
1.589840605527722939e-08	-1.130490306961314477e-13	1.876325249775311439e-13	1.000000000000000000e+00
1.907808726633267394e-08	-7.274877758032462102e-14	1.058764775097485592e-13	1.000000000000000000e+00
2.225776847738811849e-08	3.079770798740717250e-12	6.983378504535492306e-13	1.000000000000000000e+00
2.543744968844356636e-08	8.247279272480589200e-15	4.641662806174721233e-15	1.000000000000000000e+00
2.861713089949901091e-08	3.165357227122471219e-15	2.924254540561164596e-15	1.000000000000000000e+00
3.179681211055445877e-08	1.661501249268008917e-15	2.030510163983292305e-15	1.000000000000000000e+00
3.497649332160990332e-08	9.354432256067051146e-16	1.732322525635562407e-15	1.000000000000000000e+00
3.815617453266534788e-08	-3.172876801920772255e-16	1.138159641343718061e-15	1.000000000000000000e+00
4.133585574372079243e-08	1.294574117523855449e-15	1.363793396969239591e-15	1.000000000000000000e+00
4.451553695477623699e-08	1.019534790015539917e-15	9.784268862062905720e-16	1.000000000000000000e+00
4.769521816583168816e-08	-3.260506769828416928e-16	8.522105231613034793e-16	1.000000000000000000e+00
5.087489937688713271e-08	-8.487171265945641415e-19	6.236522815923423324e-16	1.000000000000000000e+00
5.405458058794257726e-08	-5.738778951385604136e-16	5.248820211123641763e-16	1.000000000000000000e+00
5.723426179899802182e-08	4.990564377942017484e-16	5.767073377719171430e-16	1.000000000000000000e+00
6.041394301005346637e-08	-8.575007516266014008e-16	5.817511812168621433e-16	1.000000000000000000e+00
6.359362422110891754e-08	4.957853380015751849e-16	4.807105026331797221e-16	1.000000000000000000e+00
