0.4
0.365217
0.319767
0.276423
0.271186
0.283286
0.270833
0.265469
0.256591
0.257862
0.256716
0.250704
0.250678
0.249032
0.249692
0.250294
0.251131
0.248104
0.246862
0.242669
0.24192
0.241412
0.23919
0.239574
0.237522
0.241064
0.242376
0.242401
0.240881
0.24184
0.240876
0.239546
0.241213
0.244459
0.24183
0.243056
0.242778
0.242188
0.242925
0.240645
0.242099
0.243213
0.241567
0.24215
0.243737
0.245148
0.245861
0.246276
0.247934
0.247363
0.247418
0.246885
0.245582
0.246545
0.245522
0.244731
0.243644
0.244361
0.241605
0.241864
0.241584
0.24119
0.239676
0.240381
0.240964
0.239718
0.23813
0.24036
0.241884
0.242339
0.243478
0.242798
0.244151
0.243207
0.243773
0.244094
0.244898
0.244637
0.243902
0.244604
0.244602
0.24491
0.244511
0.245086
0.245055
0.245768
0.245457
0.245148
0.245059
0.244277
0.24426
0.244518
0.244227
0.244898
0.24461
0.244731
0.243864
0.243909
0.243784
0.24524
0.245918
0.245898
0.245696
0.246349
0.245846
0.24553
0.245279
0.246021
0.245708
0.245856
0.245614
0.245424
0.244454
0.244726
0.243892
0.244974
0.244787
0.244545
0.244819
0.24469
0.245363
0.245086
0.245902
0.245773
0.246107
0.245678
0.24531
0.245491
0.244971
0.244611
0.24471
0.243831
0.243968
0.243186
0.244046
0.243893
0.243751
0.244909
0.245559
0.244992
0.244924
0.245094
0.24599
0.24584
0.246099
0.245818
0.245663
0.246602
0.247446
0.248151
0.248845
0.248892
0.249491
0.24882
0.249497
0.249834
0.249586
0.248973
0.248366
0.248905
0.24891
0.248358
0.248844
0.249802
0.249764
0.250469
0.250466
0.250657
0.251113
0.251261
0.250875
0.250416
0.250376
0.250337
0.250409
0.250889
0.25
0.249562
0.249529
0.250144
0.250395
0.250678
0.251029
0.251095
0.251371
0.251782
0.251358
0.252147
0.252311
0.252097
0.252155
0.251668
0.251929
0.25148
0.251605
0.251564
0.251324
0.250691
0.250687
0.251074
0.251166
0.251708
0.2517
0.251403
0.251651
0.251075
0.25107
0.251504
0.25159
0.25121
0.251111
0.251229
0.25153
0.251463
0.251364
0.251145
0.25123
0.251464
0.251337
0.251951
0.252235
0.252487
0.252128
0.251917
0.251446
0.251238
0.252236
0.252054
0.252439
0.253273
0.253513
0.253499
0.252981
0.252661
0.252541
0.252642
0.252877
0.25281
0.253097
0.253111
0.253503
0.254002
0.253746
0.25341
0.253241
0.253548
0.254141
0.254177
0.254551
0.25453
0.254566
0.255038
0.254632
0.254566
0.253986
0.254149
0.254287
0.254727
0.255038
0.255193
0.254773
0.255033
0.255218
0.255374
0.254964
0.254969
0.255152
0.255057
0.255431
0.255484
0.255589
0.255668
0.256011
0.255983
0.255916
0.256088
0.255854
0.255671
0.256142
0.25622
0.256384
0.25669
0.256415
0.255885
0.256325
0.256561
0.256584
0.25638
0.256406
0.25679
0.256612
0.256903
0.25677
0.256725
0.256859
0.257128
0.257526
0.257656
0.257516
0.257781
0.257821
0.257667
0.257685
0.257458
0.257471
0.257775
0.258222
0.258283
0.25821
0.258059
0.258401
0.258692
0.259187
0.259051
0.259238
0.259046
0.259386
0.259204
0.259054
0.258719
0.258605
0.258537
0.258697
0.258638
0.258892
0.259046
0.259014
0.258908
0.258889
0.259038
0.259032
0.258866
0.258542
0.258655
0.258837
0.258676
0.258747
0.258215
0.258017
0.257895
0.257736
0.257506
0.257408
0.256922
0.257315
0.257712
0.25772
0.257906
0.258089
0.258103
0.257782
0.257932
0.25787
0.257715
0.257673
0.257762
0.257647
0.257447
0.257484
0.257554
0.257496
0.257491
0.257716
0.257715
0.257767
0.257535
0.257782
0.257885
0.257648
0.257874
0.257957
0.258272
0.258387
0.258421
0.258189
0.258216
0.257932
0.25795
0.258069
0.257908
0.257991
0.258211
0.258313
0.258635
0.258508
0.258432
0.258486
0.258671
0.258257
0.258269
0.258338
0.258351
0.258352
0.25861
0.258443
0.258133
0.257966
0.257765
0.257828
0.258183
0.258342
0.258238
0.258056
0.25789
0.257647
0.257786
0.258073
0.257914
0.257994
0.257762
0.257746
0.257996
0.258091
0.258252
0.258341
0.258428
0.258421
0.258463
0.258491
0.258599
0.258701
0.25904
0.25928
0.25942
0.259071
0.259069
0.259188
0.259383
0.25976
0.259493
0.259332
0.259309
0.25921
0.258949
0.25881
0.25858
0.258452
0.258556
0.258703
0.258695
0.258883
0.258894
0.258935
0.25892
0.258837
0.259051
0.25887
0.259028
0.259196
0.259122
0.258899
0.258677
0.258559
0.258701
0.258492
0.25836
0.258842
0.258608
0.258596
0.258636
0.25859
0.258716
0.258508
0.258548
0.258474
0.258313
0.25845
0.258374
0.258201
0.258241
0.258226
0.258066
0.258277
0.258298
0.258806
0.25884
0.258835
0.258911
0.258739
0.258519
0.258391
0.258234
0.258214
0.258079
0.258087
0.258105
0.258119
0.258101
0.258017
0.257974
0.258103
0.258278
0.25834
0.258173
0.258421
0.25852
0.258533
0.258371
0.258253
0.258104
0.258087
0.258127
0.258032
0.257922
0.257983
0.257921
0.258051
0.258164
0.258254
0.258304
0.258446
0.258478
0.258477
0.258487
0.258373
0.258422
0.258469
0.258186
0.258091
0.25814
0.258189
0.258437
0.258295
0.258293
0.258416
0.258183
0.258196
0.258189
0.25806
0.257994
0.257981
0.257915
0.258234
0.258194
0.258253
0.258298
0.258417
0.258475
0.258495
0.258396
0.258235
0.258415
0.258599
0.258767
0.258741
0.258683
0.258727
0.25895
0.258926
0.259184
0.25921
0.259261
0.259006
0.259169
0.259164
0.259423
0.259261
0.259228
0.259258
0.259219
0.259156
0.259292
0.259176
0.259287
0.259356
0.259403
0.259202
0.259081
0.259078
0.258839
0.258802
0.258599
0.258504
0.25869
0.258689
0.258629
0.25849
0.258477
0.258325
0.258479
0.258603
0.258544
0.258597
0.258422
0.258579
0.258567
0.258856
0.25895
0.258989
0.25892
0.258756
0.258836
0.258773
0.258682
0.258721
0.258753
0.258662
0.258768
0.258799
0.25895
0.258856
0.258775
0.258872
0.258892
0.259022
0.25906
0.259222
0.259064
0.259154
0.259171
0.258992
0.259049
0.258976
0.259047
0.259007
0.25909
0.259033
0.259129
0.259229
0.259224
0.259296
0.259256
0.259214
0.259248
0.259391
0.259427
0.259554
0.259677
0.25964
0.259615
0.259664
0.259573
0.259621
0.259541
0.259476
0.259438
0.259455
0.259504
0.259385
0.259337
0.259226
0.259233
0.259178
0.259185
0.259232
0.259075
0.259074
0.25891
0.258789
0.258597
0.258563
0.25847
0.258508
0.2583
0.258153
0.258273
0.258354
0.258542
0.258592
0.258651
0.258758
0.258724
0.258563
0.258425
0.258392
0.258484
0.258431
0.258372
0.258459
0.258504
0.258415
0.258618
0.258527
0.258485
0.258543
0.258665
0.258711
0.25867
0.258659
0.258693
0.258874
0.258785
0.258794
0.258725
0.258624
0.258488
0.258623
0.258608
0.258532
0.258624
0.258468
0.258322
0.258243
0.258374
0.258322
0.258208
0.25828
0.258222
0.258298
0.258515
0.258587
0.258433
0.258452
0.258757
0.258812
0.258648
0.258408
0.25849
0.25857
0.258666
0.258543
0.25856
0.258653
0.258641
0.258667
0.258551
0.258361
0.258388
0.258384
0.258317
0.258506
0.258508
0.258671
0.258795
0.258794
0.258892
0.258706
0.258721
0.258812
0.258708
0.258784
0.258848
0.258953
0.258722
0.258847
0.258819
0.258798
0.258851
0.258905
0.259045
0.259015
0.258942
0.258969
0.259057
0.259311
0.259354
0.259324
0.259411
0.259186
0.259161
0.259254
0.259368
0.259381
0.259433
0.259381
0.259292
0.259358
0.259163
0.259066
0.259029
0.259025
0.258952
0.258969
0.258842
0.258944
0.258898
0.258836
0.258901
0.258795
0.259031
0.259125
0.259322
0.259307
0.259079
0.259049
0.258977
0.258959
0.258966
0.259113
0.259035
0.259061
0.259196
0.259136
0.259301
0.259323
0.259294
0.259301
0.259214
0.259278
0.259346
0.259494
0.259349
0.259441
0.25942
0.259394
0.259457
0.259378
0.259317
0.259272
0.259393
0.259321
0.259209
0.259313
0.259297
0.259326
0.259218
0.259064
0.259041
0.25898
0.258977
0.258965
0.259006
0.258912
0.258924
0.258986
0.258968
0.258989
0.259037
0.259024
0.25906
0.259048
0.258931
0.259003
0.259005
0.259066
0.258949
0.259162
0.259284
0.259171
0.259207
0.259155
0.259215
0.259244
0.259305
0.259421
0.259483
0.2594
0.259318
0.259355
0.259279
0.259044
0.259008
0.259042
0.25896
0.258881
0.258957
0.258889
0.258863
0.258902
0.258913
0.258906
0.25878
0.258669
0.258636
0.258508
0.258468
0.258237
0.258133
0.258039
0.258109
0.258245
0.258339
0.258285
0.258291
0.258123
0.257968
0.257961
0.257966
0.257972
0.258008
0.257983
0.258066
0.258024
0.258084
0.258013
0.257966
0.257905
0.257858
0.257778
0.257806
0.25786
0.257794
0.257875
0.257829
0.25779
0.257743
0.25781
0.257877
0.257907
0.257914
0.257825
0.257913
0.257965
0.258046
0.257984
0.257922
0.257808
0.257815
0.25791
0.257941
0.257941
0.257958
0.257897
0.257816
0.257917
0.257878
0.257994
0.257919
0.257895
0.257881
0.257954
0.257949
0.257926
0.257908
0.257798
0.257869
0.257882
0.257911
0.257909
0.257856
0.257819
0.25778
0.257744
0.257684
0.257676
0.257596
0.257522
0.257586
0.257571
0.257594
0.257542
0.257504
0.257444
0.257486
0.257487
0.257409
0.25736
0.257331
0.257351
0.257449
0.257506
0.257563
0.257519
0.25753
0.257539
0.257494
0.25755
0.257703
0.257634
0.257455
0.257425
0.257459
0.257382
0.257339
0.25724
0.257197
0.257113
0.257191
0.257268
0.257253
0.257142
0.257147
0.257126
0.25701
0.257079
0.257168
0.257145
0.257129
0.257033
0.257059
0.257206
0.257218
0.257273
0.257334
0.257162
0.257244
0.25732
0.257279
0.257372
0.257405
0.257601
0.257552
0.25762
0.257489
0.257399
0.257345
0.257414
0.257361
0.257354
0.25734
0.25734
0.257305
0.257447
0.25742
0.257325
0.257365
0.257384
0.257268
0.257427
0.257439
0.257451
0.257361
0.257472
0.257504
0.257484
0.257412
0.257298
0.25731
0.257203
0.257249
0.257367
0.257294
0.257221
0.257233
0.257271
0.257277
0.257349
0.257257
0.257244
0.257236
0.257185
0.257212
0.257191
0.257071
0.257031
0.256998
0.257026
0.25702
0.257005
0.256932
0.257002
0.256944
0.256936
0.256807
0.256658
0.256623
0.256687
0.256539
0.25645
0.256465
0.25648
0.256467
0.25641
0.256378
0.256463
0.256446
0.256478
0.256459
0.256486
0.256689
0.256683
0.25658
0.256543
0.256486
0.256612
0.256587
0.256783
0.256714
0.256664
0.256734
0.25679
0.256841
0.256866
0.25684
0.256833
0.256854
0.256865
0.256771
0.256895
0.256908
0.25694
0.256904
0.256845
0.256962
0.257092
0.257339
0.257376
0.25742
0.257301
0.257324
0.25728
0.257273
0.257248
0.25716
0.25708
0.256993
0.256994
0.257035
0.256936
0.257034
0.257053
0.257063
0.256993
0.257024
0.257041
0.257046
0.257009
0.256917
0.256959
0.257032
0.256965
0.256928
0.256934
0.256956
0.25692
0.257086
0.2571
0.257178
0.257219
0.257122
0.257102
0.257121
0.256986
0.257027
0.257014
0.257015
0.256997
0.257026
0.257056
0.257044
0.257002
0.256996
0.256949
0.256936
0.257084
0.257125
0.256994
0.256973
0.256902
0.256848
0.256806
0.256859
0.256976
0.256865
0.2569
0.256907
0.256896
0.256886
0.256862
0.256866
0.256878
0.256837
0.256769
0.256741
0.256817
0.256769
0.256739
0.256717
0.256879
0.256892
0.257001
0.257069
0.257023
0.257034
0.256919
0.256942
0.257001
0.257047
0.257024
0.257059
0.257162
0.257059
0.257008
0.257134
0.257207
0.257265
0.257323
0.257282
0.257287
0.257354
0.257355
0.257354
0.2574
0.257389
0.257434
0.257416
0.257308
0.257278
0.25729
0.257211
0.257182
0.257153
0.257094
0.257207
0.257155
0.257151
0.257066
0.257145
0.257026
0.257055
0.25705
0.256959
0.256887
0.256808
0.256937
0.256965
0.256964
0.256875
0.256898
0.256898
0.256803
0.256797
0.256747
0.256719
0.256725
0.256869
0.256947
0.257056
0.257073
0.257089
0.257068
0.25713
0.257156
0.257216
0.25715
0.257078
0.257062
0.25717
0.257086
0.257082
0.257142
0.257186
0.257141
0.257147
0.257165
0.257109
0.257099
0.257072
0.257116
0.257106
0.257068
0.257133
0.257111
0.257159
0.257202
0.257156
0.257101
0.257166
0.257221
0.257119
0.257173
0.257125
0.257131
0.257164
0.257147
0.257108
0.25715
0.257235
0.257148
0.257074
0.257128
0.257149
0.257126
0.257104
0.257029
0.257006
0.256959
0.256958
0.256878
0.256828
0.256914
0.256909
0.256941
0.256929
0.25687
0.25688
0.256885
0.256895
0.257046
0.257068
0.257005
0.256964
0.256933
0.256981
0.256923
0.256923
0.256923
0.256934
0.25697
0.256974
0.257004
0.256921
0.256958
0.256999
0.257029
0.257038
0.257065
0.25707
0.257095
0.257036
0.257042
0.257086
0.257091
0.256988
0.256987
0.256899
0.256833
0.256843
0.256792
0.256803
0.256838
0.256884
0.256889
0.256926
0.256806
0.256797
0.256806
0.256785
0.256779
0.256831
0.256922
0.256962
0.25705
0.257075
0.25709
0.257074
0.256966
0.25693
0.256995
0.25701
0.257026
0.257007
0.257012
0.257042
0.257007
0.257002
0.256987
0.257043
0.257038
0.257073
0.257107
0.257072
0.257112
0.257052
0.257013
0.256988
0.257023
0.256982
0.256975
0.256998
0.25694
0.256899
0.256894
0.256889
0.25689
0.256884
0.25689
0.256835
0.256881
0.256871
0.256746
0.256646
0.256749
0.256781
0.256698
0.256687
0.256731
0.256738
0.256695
0.256714
0.256744
0.256818
0.25692
0.256863
0.256882
0.256852
0.256911
0.256936
0.256913
0.257
0.256982
0.257026
0.25704
0.256966
0.256933
0.25691
0.256861
0.2569
0.256946
0.256879
0.256916
0.25689
0.25689
0.256899
0.256868
0.256887
0.25682
0.256861
0.256851
0.256877
0.256891
0.2569
0.256933
0.257032
0.257008
0.257066
0.257041
0.257031
0.257003
0.257026
0.256968
0.25681
0.25682
0.256844
0.256825
0.256804
0.256803
0.256744
0.256703
0.25667
0.256717
0.256627
0.256744
0.256753
0.256758
0.256759
0.256764
0.256742
0.256892
0.256873
0.256872
0.256885
0.256785
0.256856
0.256798
0.256686
0.25678
0.256798
0.256774
0.256808
0.256839
0.256759
0.256807
0.256816
0.256761
0.256715
0.256793
0.256803
0.256812
0.256766
0.256779
0.256798
0.256919
0.256872
0.256936
0.256843
0.256852
0.256797
0.256784
0.256748
0.256716
0.256587
0.256582
0.256518
0.256587
0.256612
0.256688
0.256761
0.256862
0.256877
0.256809
0.256927
0.256982
0.256989
0.256985
0.256966
0.256961
0.257055
0.257086
0.257082
0.257113
0.257152
0.257126
0.257099
0.257113
0.257143
0.257184
0.257191
0.257138
0.257107
0.257165
0.257166
0.257202
0.257305
0.257354
0.257325
0.257376
0.257385
0.25733
0.257356
0.257368
0.257287
0.257198
0.257251
0.257319
0.257332
0.257351
0.257403
0.25741
0.257304
0.257209
0.257204
0.257227
0.257206
0.25725
0.25735
0.257403
0.257327
0.257335
0.257272
0.257338
0.257334
0.257342
0.257325
0.257231
0.257236
0.2572
0.25717
0.257209
0.257296
0.25723
0.257134
0.257089
0.25705
0.257015
0.257019
0.256949
0.256917
0.256917
0.25693
0.256864
0.256898
0.256881
0.256863
0.256829
0.256837
0.256804
0.256826
0.256878
0.256774
0.256744
0.256724
0.256711
0.256686
0.256673
0.256686
0.256709
0.256653
0.256666
0.256679
0.256653
0.256705
0.256675
0.25673
0.256744
0.256705
0.256708
0.256712
0.25682
0.256843
0.256873
0.256857
0.256883
0.256891
0.256924
0.256886
0.256848
0.256843
0.256872
0.256825
0.256785
0.256854
0.25687
0.256883
0.256925
0.257005
0.257014
0.257078
0.257007
0.256989
0.257044
0.25706
0.257119
0.257086
0.257052
0.257125
0.257164
0.257155
0.257154
0.257184
0.257185
0.257189
0.257247
0.257183
0.257137
0.257076
0.257047
0.257038
0.257083
0.257066
0.257059
0.257012
0.257034
0.257054
0.256984
0.257001
0.257084
0.257092
0.2571
0.257129
0.257022
0.256939
0.25696
0.256923
0.256968
0.25701
0.257048
0.256964
0.256996
0.25702
0.256983
0.257016
0.257024
0.257012
0.257029
0.257053
0.257025
0.257004
0.257041
0.257064
0.257072
0.257109
0.257182
0.25717
0.257133
0.25714
0.257194
0.257213
0.257197
0.257161
0.257184
0.257167
0.257139
0.257126
0.257066
0.256993
0.256984
0.256977
0.256964
0.256964
0.256902
0.256955
0.256971
0.256991
0.257007
0.257004
0.257064
0.257069
0.257065
0.257093
0.25707
0.257098
0.257137
0.257153
0.257125
0.25708
0.257141
0.257201
0.257262
0.257233
0.257236
0.257296
0.257263
0.257223
0.257237
0.257209
0.257245
0.257217
0.257273
0.257253
0.257177
0.257157
0.257272
0.257279
0.257306
0.257275
0.257256
0.257283
0.257294
0.257259
0.257215
0.257152
0.25718
0.257168
0.257116
0.257186
0.257234
0.257238
0.257258
0.257178
0.257147
0.257163
0.257178
0.257254
0.2572
0.257183
0.257163
0.257202
0.257283
0.257333
0.257337
0.257302
0.257294
0.257223
0.257242
0.257258
0.257256
0.257273
0.257265
0.257226
0.257167
0.257163
0.257248
0.257205
0.257274
0.257251
0.257297
0.257204
0.257223
0.257195
0.257257
0.257264
0.25726
0.257221
0.257236
0.257308
0.2573
0.25728
0.257318
0.257353
0.257342
0.25734
0.257351
0.257352
0.257382
0.257327
0.257265
0.257272
0.257355
0.257415
0.257471
0.257421
0.25745
0.257415
0.257385
0.257433
0.257411
0.25736
0.257288
0.257325
0.257274
0.257324
0.257339
0.257376
0.257345
0.257363
0.257382
0.257345
0.257365
0.257372
0.25739
0.257439
0.257407
0.257419
0.257418
0.257411
0.257411
0.257538
0.257583
0.257564
0.257564
0.257476
0.257494
0.257535
0.257415
0.257426
0.257407
0.257391
0.257399
0.257365
0.257372
0.257349
0.257338
0.257381
0.257384
0.257347
0.257329
0.257358
0.257407
0.25738
0.257338
0.25738
0.25728
0.25724
0.257238
0.257212
0.257193
0.257095
0.257069
0.257025
0.257077
0.25711
0.257079
0.257035
0.257015
0.256993
0.256994
0.256965
0.256943
0.256998
0.256977
0.257043
0.257061
0.257052
0.256982
0.256968
0.256908
0.256927
0.256949
0.256956
0.257011
0.257011
0.25699
0.256967
0.256904
0.256878
0.256882
0.256936
0.256881
0.256851
0.256814
0.256807
0.256843
0.256796
0.256847
0.256901
0.256889
0.256894
0.256872
0.256872
0.2568
0.256812
0.25681
0.256822
0.256788
0.256777
0.256799
0.256791
0.256741
0.256701
0.256669
0.256672
0.256671
0.256646
0.256614
0.256596
0.256542
0.256571
0.256589
0.2566
0.256622
0.25665
0.256639
0.256604
0.256568
0.256546
0.256522
0.256575
0.256601
0.256658
0.256694
0.256654
0.256645
0.256649
0.256634
0.256648
0.256634
0.256642
0.256663
0.256716
0.256703
0.256709
0.256719
0.256662
0.256707
0.256689
0.256689
0.256678
0.256752
0.256802
0.256747
0.256758
0.256751
0.256749
0.25671
0.256734
0.256678
0.256699
0.256737
0.256678
0.256731
0.256786
0.256783
0.25674
0.256762
0.256731
0.256674
0.256644
0.256633
0.25659
0.256563
0.256539
0.256568
0.256519
0.256537
0.256534
0.256499
0.25659
0.256544
0.25657
0.256568
0.256552
0.256559
0.256534
0.2565
0.256507
0.256562
0.256642
0.256628
0.2566
0.256576
0.256617
0.256632
0.256619
0.256618
0.256573
0.256556
0.256519
0.256512
0.256536
0.256551
0.256552
0.256614
0.256604
0.256624
0.256638
0.256641
0.256672
0.256707
0.256672
0.256649
0.256601
0.25654
0.256485
0.256475
0.256506
0.256499
0.2565
0.256479
0.256462
0.256422
0.256432
0.256419
0.256413
0.256405
0.256464
0.25648
0.256431
0.256425
0.256432
0.256452
0.256475
0.256458
0.256499
0.25654
0.25657
0.256605
0.256634
0.256661
0.256674
0.256637
0.256647
0.256664
0.256688
0.256734
0.256788
0.256791
0.256858
0.256881
0.256872
0.256818
0.256841
0.25682
0.25681
0.256814
0.25679
0.2568
0.256727
0.256743
0.256693
0.256759
0.256735
0.256799
0.256795
0.256805
0.256868
0.256844
0.256872
0.256908
0.256951
0.256922
0.256912
0.256958
0.257021
0.257157
0.257229
0.257291
0.257258
0.257305
0.257334
0.257334
0.257304
0.257225
0.257236
0.257321
0.257303
0.25725
0.257273
0.257263
0.25723
0.257275
0.257347
0.25731
0.25729
0.257298
0.257285
0.257271
0.257284
0.257284
0.257264
0.257258
0.257247
0.257241
0.257251
0.257249
0.257259
0.257224
0.257155
0.257152
0.257165
0.257146
0.257104
0.257032
0.257086
0.257067
0.257121
0.257134
0.257081
0.257059
0.257075
0.257094
0.257123
0.25712
0.25712
0.257093
0.257069
0.257082
0.257101
0.257072
0.257072
0.257014
0.256988
0.257004
0.256994
0.257053
0.257017
0.257094
0.257087
0.257096
0.257132
0.257103
0.257094
0.25709
0.25711
0.257097
0.257029
0.257012
0.256971
0.257009
0.256945
0.256904
0.256914
0.256911
0.256901
0.256837
0.256861
0.256865
0.256859
0.256938
0.256942
0.256903
0.256954
0.256976
0.25696
0.25695
0.256917
0.256899
0.256915
0.256903
0.25689
0.25689
0.256918
0.256868
0.256878
0.256923
0.256935
0.256898
0.256895
0.256904
0.256888
0.256885
0.256844
0.256866
0.256894
0.256894
0.256894
0.256901
0.256933
0.256926
0.256881
0.256904
0.256844
0.256808
0.256808
0.256817
0.25682
0.256854
0.256854
0.256857
0.256876
0.256857
0.256904
0.256897
0.256879
0.256919
0.256871
0.256862
0.256868
0.25684
0.256862
0.256861
0.25692
0.256888
0.256876
0.25695
0.256968
0.25695
0.256906
0.256949
0.256959
0.256949
0.256907
0.256895
0.25691
0.25688
0.256922
0.256906
0.2569
0.256899
0.256865
0.256847
0.256829
0.256881
0.256908
0.256933
0.256956
0.256941
0.256962
0.256909
0.256894
0.256854
0.256894
0.256879
0.256934
0.256925
0.256946
0.25694
0.256961
0.256955
0.25693
0.256933
0.256957
0.256926
0.256944
0.256943
0.256958
0.256915
0.256881
0.256884
0.256873
0.256865
0.256828
0.256877
0.256874
0.256907
0.256892
0.25685
0.256804
0.256756
0.25679
0.256797
0.256821
0.256852
0.256856
0.256881
0.25691
0.256901
0.256927
0.256921
0.256939
0.256898
0.256907
0.256916
0.256881
0.256878
0.256846
0.256795
0.2568
0.256788
0.256857
0.25686
0.256857
0.25683
0.256803
0.256818
0.256801
0.256827
0.256821
0.256788
0.25675
0.256765
0.256804
0.256798
0.256797
0.256821
0.25678
0.256803
0.256827
0.256864
0.256903
0.2569
0.25695
0.257003
0.256971
0.256956
0.256914
0.256911
0.256933
0.256907
0.25685
0.256861
0.256876
0.256896
0.256889
0.256865
0.256901
0.256874
0.256901
0.256895
0.256881
0.256827
0.256863
0.256898
0.256889
0.25688
0.256851
0.256795
0.256795
0.256762
0.25673
0.256734
0.256746
0.256726
0.256735
0.256674
0.256668
0.256666
0.25668
0.256689
0.256686
0.256726
0.256706
0.256683
0.256654
0.256593
0.256566
0.25657
0.256604
0.256587
0.256592
0.256624
0.256624
0.256598
0.256589
0.256534
0.25656
0.256551
0.256569
0.256595
0.256612
0.256655
0.256635
0.256574
0.256548
0.256551
0.256525
0.256467
0.256492
0.25649
0.256449
0.256508
0.256505
0.256448
0.256424
0.256398
0.25641
0.256401
0.256448
0.256465
0.256467
0.256498
0.256542
0.256545
0.256491
0.256448
0.2565
0.256534
0.256491
0.256503
0.256529
0.256518
0.25649
0.256539
0.256562
0.256584
0.256576
0.256561
0.256573
0.256558
0.256564
0.256556
0.256544
0.256535
0.256598
0.256598
0.256644
0.256652
0.256671
0.256679
0.256689
0.25666
0.256606
0.256598
0.256607
0.256579
0.256619
0.256602
0.25662
0.256606
0.256591
0.256566
0.256559
0.25657
0.256629
0.256623
0.256662
0.256631
0.256594
0.256563
0.256622
0.256613
0.256594
0.256613
0.256607
0.256571
0.256568
0.256602
0.256619
0.256627
0.256613
0.25666
0.256654
0.256685
0.256694
0.256714
0.256726
0.256728
0.256807
0.256831
0.256792
0.256773
0.256753
0.2568
0.256813
0.256777
0.25679
0.256795
0.256795
0.256851
0.256831
0.256822
0.256778
0.256753
0.256714
0.256736
0.256726
0.25674
0.256683
0.256691
0.256705
0.256683
0.256673
0.25666
0.256624
0.256649
0.256621
0.2566
0.256653
0.256694
0.256673
0.256642
0.256631
0.256626
0.256659
0.256625
0.25662
0.256609
0.256634
0.256642
0.256618
0.25667
0.256658
0.256664
0.256648
0.256656
0.256634
0.256648
0.256651
0.256682
0.256654
0.256651
0.256654
0.256627
0.256665
0.256682
0.256668
0.256699
0.256691
0.256652
0.256731
0.256725
0.256734
0.256725
0.256706
0.256693
0.25669
0.256693
0.256709
0.256679
0.256683
0.256694
0.256704
0.256718
0.256772
0.256713
0.256694
0.256703
0.256668
0.256652
0.256628
0.256612
0.256642
0.256611
0.256601
0.256599
0.25657
0.256605
0.256576
0.256561
0.25655
0.256568
0.25655
0.256558
0.256553
0.2565
0.256447
0.256422
0.256478
0.256467
0.256454
0.256489
0.256471
0.256458
0.256453
0.256414
0.256419
0.256385
0.256385
0.256353
0.256347
0.256316
0.256308
0.256252
0.256226
0.256229
0.256216
0.256251
0.256243
0.256225
0.256212
0.256224
0.256267
0.256259
0.256223
0.256211
0.256202
0.256226
0.256176
0.25619
0.256188
0.256214
0.25623
0.256227
0.256229
0.256243
0.25624
0.256215
0.256138
0.256134
0.256131
0.256119
0.256151
0.256164
0.256162
0.256149
0.256155
0.256132
0.256095
0.256103
0.256079
0.256061
0.256085
0.256038
0.256057
0.256104
0.256145
0.256184
0.256174
0.256213
0.25618
0.256146
0.256136
0.256151
0.256149
0.256181
0.256187
0.256235
0.256235
0.256235
0.256229
0.256212
0.256204
0.256204
0.256191
0.256163
0.256223
0.256244
0.256221
0.256227
0.256281
0.256256
0.256229
0.256227
0.256186
0.256166
0.25615
0.256119
0.256169
0.256177
0.256148
0.256155
0.256153
0.256138
0.256123
0.256136
0.256095
0.256062
0.256119
0.256131
0.256111
0.2561
0.256083
0.256057
0.256052
0.256073
0.256042
0.255968
0.255998
0.255999
0.255958
0.255929
0.255955
0.255961
0.255992
0.255953
0.255948
0.255913
0.255891
0.255884
0.255898
0.25589
0.255872
0.255885
0.255847
0.25586
0.255866
0.255823
0.255809
0.255824
0.255845
0.255805
0.255798
0.255763
0.255751
0.255748
0.255711
0.255734
0.255745
0.25575
0.255809
0.255809
0.255766
0.255775
0.255774
0.255754
0.255748
0.255741
0.255764
0.255737
0.25578
0.255785
0.255813
0.255803
0.255781
0.255773
0.255781
0.255796
0.255779
0.25578
0.255748
0.255748
0.255774
0.255786
0.25581
0.25576
0.255747
0.255725
0.255724
0.255752
0.2557
0.255693
0.255761
0.255767
0.255783
0.255769
0.255777
0.255822
0.255835
0.255806
0.255826
0.255811
0.255807
0.255756
0.255749
0.255737
0.255738
0.25574
0.255748
0.255737
0.255771
0.255774
0.255817
0.255848
0.255893
0.255912
0.2559
0.255926
0.255929
0.25593
0.255921
0.255929
0.255879
0.255871
0.255864
0.255848
0.255856
0.255822
0.255814
0.255839
0.255841
0.255876
0.255835
0.255842
0.255847
0.255821
0.255786
0.255759
0.255828
0.255848
0.255876
0.255893
0.255949
0.255962
0.255976
0.25595
0.255989
0.255984
0.255965
0.255958
0.255958
0.255968
0.255954
0.25595
0.255943
0.255934
0.255924
0.255966
0.255986
0.255974
0.255939
0.255954
0.255952
0.255955
0.255933
0.255956
0.255954
0.255968
0.255966
0.255998
0.255967
0.255962
0.256015
0.256012
0.256047
0.25604
0.256059
0.256062
0.256076
0.256076
0.256066
0.256069
0.256015
0.255998
0.256
0.255988
0.255986
0.255965
0.256025
0.256091
0.256098
0.25606
0.256021
0.256004
0.255961
0.255958
0.255968
0.255965
0.255946
0.255942
0.25594
0.255969
0.255941
0.255924
0.255881
0.255855
0.255867
0.255848
0.255868
0.255841
0.25581
0.255868
0.25586
0.255841
0.255866
0.255844
0.255833
0.255853
0.255849
0.25583
0.255818
0.255819
0.255826
0.255819
0.255837
0.255842
0.255866
0.255826
0.255866
0.255859
0.255877
0.255859
0.255847
0.255857
0.25584
0.255831
0.255846
0.255834
0.255856
0.255842
0.255837
0.255868
0.255866
0.255857
0.255884
0.255892
0.255873
0.255873
0.255827
0.255829
0.255893
0.255906
0.255904
0.255897
0.255857
0.255848
0.255872
0.255922
0.255916
0.255986
0.255991
0.255979
0.255989
0.255989
0.255973
0.255945
0.255943
0.255934
0.255927
0.255948
0.255916
0.25591
0.255917
0.255993
0.256026
0.256068
0.256066
0.256048
0.25606
0.256133
0.256133
0.256149
0.256208
0.256197
0.256169
0.256156
0.256143
0.256141
0.256104
0.256102
0.256079
0.256082
0.256068
0.25608
0.256039
0.256021
0.256072
0.25607
0.256078
0.256034
0.256024
0.255987
0.255971
0.255931
0.255901
0.255876
0.255864
0.255859
0.255849
0.255819
0.255871
0.255878
0.25587
0.255898
0.255896
0.255923
0.255958
0.255917
0.255933
0.255975
0.255971
0.256003
0.256017
0.256008
0.256036
0.256046
0.256014
0.256003
0.255996
0.255988
0.255956
0.255929
0.255897
0.255899
0.25589
0.255892
0.255871
0.25584
0.255873
0.255893
0.255884
0.255882
0.255891
0.255923
0.25594
0.255963
0.255952
0.255961
0.25595
0.256002
0.256014
0.256047
0.256029
0.256066
0.256126
0.256124
0.256096
0.256113
0.256113
0.256122
0.256074
0.256067
0.256031
0.256005
0.256017
0.255992
0.255976
0.256004
0.255995
0.256017
0.256025
0.256046
0.256066
0.256064
0.25603
0.256054
0.256097
0.256099
0.25607
0.25608
0.256062
0.256025
0.256033
0.256042
0.25603
0.256025
0.256009
0.255987
0.255974
0.255938
0.255879
0.255863
0.255848
0.255864
0.255907
0.2559
0.255889
0.255895
0.255872
0.255908
0.25589
0.255851
0.255849
0.255832
0.255791
0.255807
0.255802
0.255775
0.255785
0.255777
0.255714
0.255721
0.255702
0.255709
0.255718
0.255731
0.255772
0.255779
0.255761
0.255779
0.255782
0.255778
0.255772
0.255765
0.255788
0.255779
0.255751
0.255789
0.255754
0.255776
0.255774
0.255769
0.255759
0.255741
0.255724
0.255726
0.255704
0.25568
0.255685
0.255678
0.255667
0.255632
0.255628
0.255648
0.255653
0.255647
0.255625
0.255621
0.255596
0.255593
0.255542
0.255517
0.2555
0.255499
0.255484
0.255458
0.255449
0.255428
0.255424
0.255429
0.255412
0.255437
0.255465
0.255483
0.255501
0.255495
0.255511
0.25554
0.255519
0.255469
0.255465
0.255423
0.255425
0.255415
0.255407
0.255379
0.255366
0.255356
0.25537
0.255432
0.25544
0.255432
0.255428
0.255396
0.255371
0.255328
0.255314
0.255284
0.255328
0.255349
0.255299
0.255302
0.2553
0.255295
0.255335
0.255302
0.255303
0.255292
0.255277
0.255282
0.255285
0.255316
0.255301
0.255326
0.25532
0.255346
0.255349
0.255317
0.255308
0.255265
0.255256
0.255259
0.255229
0.255232
0.255249
0.255267
0.25528
0.255288
0.255317
0.255306
0.255304
0.255303
0.255333
0.255339
0.255331
0.255336
0.255293
0.255274
0.255271
0.255259
0.255276
0.255238
0.255243
0.255258
0.25525
0.255222
0.255218
0.255246
0.255219
0.255216
0.255248
0.25527
0.25526
0.255271
0.255306
0.255294
0.255318
0.255308
0.25528
0.255336
0.255343
0.25532
0.255299
0.255286
0.255323
0.255351
0.255403
0.255399
0.255383
0.255432
0.255429
0.25538
0.255414
0.255378
0.255402
0.255422
0.255467
0.255444
0.255432
0.255404
0.2554
0.255396
0.255384
0.255373
0.255397
0.255401
0.255423
0.255424
0.2554
0.255384
0.255397
0.255404
0.255344
0.255345
0.255339
0.255324
0.255317
0.255273
0.255255
0.255274
0.255302
0.255294
0.255271
0.255251
0.255251
0.255271
0.255254
0.255263
0.25528
0.255228
0.255218
0.255204
0.255217
0.255254
0.255286
0.255244
0.255231
0.255276
0.255317
0.255326
0.255342
0.255347
0.255369
0.255358
0.255365
0.255345
0.255351
0.255358
0.255398
0.25542
0.255462
0.255464
0.255414
0.255408
0.255409
0.255409
0.255412
0.255391
0.255366
0.255363
0.255365
0.255376
0.255362
0.25536
0.255369
0.255355
0.255361
0.255376
0.255398
0.255371
0.255386
0.255384
0.255364
0.255371
0.255352
0.255355
0.25537
0.255347
0.255358
0.255356
0.255359
0.25537
0.255363
0.255357
0.255357
0.255387
0.255373
0.255396
0.255409
0.255406
0.255431
0.255437
0.255445
0.255425
0.25544
0.255432
0.255449
0.255424
0.25541
0.255433
0.25541
0.255454
0.255456
0.25542
0.255451
0.255448
0.255442
0.255483
0.255518
0.255502
0.255519
0.255508
0.255518
0.255549
0.255599
0.255612
0.25561
0.255592
0.255572
0.255568
0.255607
0.255597
0.255606
0.255596
0.255611
0.255624
0.255626
0.255647
0.25567
0.255668
0.255664
0.255674
0.255656
0.255648
0.255618
0.255639
0.255619
0.255605
0.25561
0.255629
0.255641
0.255681
0.255667
0.255676
0.255697
0.255716
0.25574
0.25573
0.255729
0.255725
0.255732
0.255718
0.255698
0.255707
0.255736
0.255744
0.255742
0.255745
0.255741
0.255766
0.255779
0.255751
0.255788
0.255788
0.255818
0.255808
0.255806
0.255805
0.255799
0.255775
0.255779
0.255779
0.255773
0.25577
0.255776
0.255783
0.255781
0.255764
0.255767
0.255757
0.255783
0.255775
0.255804
0.25583
0.255826
0.255873
0.255881
0.2559
0.255873
0.255849
0.25586
0.255826
0.255824
0.25583
0.255843
0.255863
0.255882
0.25586
0.25586
0.255857
0.255855
0.255877
0.255857
0.255823
0.255798
0.255769
0.255737
0.255765
0.255765
0.255754
0.25575
0.255743
0.255775
0.255761
0.255756
0.255769
0.25578
0.255765
0.255767
0.255724
0.255702
0.255684
0.255661
0.255644
0.25562
0.255614
0.255656
0.255623
0.255623
0.255641
0.255641
0.255653
0.25569
0.25565
0.255664
0.255641
0.255613
0.255622
0.255652
0.25566
0.255678
0.255645
0.255637
0.255646
0.255666
0.255656
0.255657
0.25565
0.255674
0.255678
0.255706
0.255748
0.255748
0.255748
0.255727
0.255725
0.255737
0.255753
0.255728
0.255749
0.255742
0.25575
0.255719
0.255725
0.255739
0.25573
0.255738
0.25575
0.255725
0.255705
0.255705
0.255684
0.255684
0.255698
0.255694
0.255716
0.255699
0.255752
0.255709
0.255722
0.255719
0.255692
0.25569
0.255694
0.255704
0.255722
0.255708
0.255693
0.255671
0.255668
0.255651
0.255636
0.255642
0.255644
0.255642
0.255613
0.255559
0.255577
0.255583
0.255616
0.255597
0.255634
0.255669
0.25571
0.255712
0.255707
0.255699
0.255707
0.25567
0.255667
0.255675
0.255642
0.255656
0.255637
0.255637
0.255643
0.255634
0.255636
0.255674
0.255674
0.255657
0.255678
0.255665
0.255662
0.255653
0.255657
0.255685
0.255742
0.255725
0.255716
0.255728
0.255744
0.255765
0.255735
0.255756
0.255766
0.255786
0.255776
0.255771
0.255731
0.255705
0.255719
0.25572
0.255737
0.255737
0.255713
0.255724
0.255721
0.255721
0.255708
0.255714
0.255742
0.255748
0.255719
0.255737
0.255748
0.255786
0.255794
0.255789
0.255766
0.255773
0.255816
0.255833
0.25585
0.25582
0.255824
0.255803
0.255798
0.255791
0.255797
0.255791
0.255814
0.255801
0.255803
0.255806
0.255787
0.255741
0.255743
0.255739
0.255719
0.255679
0.255675
0.255658
0.255689
0.255711
0.255713
0.255713
0.255689
0.255703
0.255724
0.255707
0.255698
0.255668
0.25568
0.255658
0.255648
0.255654
0.25563
0.255645
0.255679
0.255651
0.255652
0.25565
0.255677
0.255677
0.255659
0.255665
0.255652
0.255652
0.25561
0.255612
0.255624
0.255624
0.255617
0.255642
0.255631
0.255644
0.255646
0.255652
0.25566
0.255645
0.255619
0.255639
0.255618
0.25561
0.255597
0.255582
0.255583
0.255572
0.255548
0.255537
0.255537
0.255526
0.255541
0.2555
0.255485
0.255529
0.255533
0.255537
0.255543
0.255541
0.255543
0.255581
0.255566
0.255583
0.255578
0.255576
0.255605
0.255568
0.255572
0.255593
0.255607
0.255611
0.255607
0.25566
0.255651
0.255636
0.255654
0.255659
0.25568
0.255647
0.25563
0.255636
0.255599
0.25557
0.25557
0.255555
0.25553
0.255521
0.25552
0.255564
0.255549
0.255566
0.255572
0.255539
0.255554
0.255542
0.255529
0.255518
0.255539
0.255545
0.255564
0.255592
0.255612
0.255602
0.255592
0.255648
0.255677
0.255691
0.255706
0.255709
0.255722
0.255704
0.255678
0.255662
0.255649
0.255638
0.255633
0.255648
0.255656
0.255634
0.255651
0.255655
0.255686
0.255703
0.255694
0.255659
0.255665
0.255687
0.255689
0.255704
0.255708
0.255704
0.255677
0.255657
0.255646
0.255661
0.255617
0.255628
0.255641
0.25566
0.255702
0.255675
0.255661
0.255653
0.255667
0.255684
0.255675
0.255672
0.255707
0.255696
0.255685
0.255685
0.255649
0.255629
0.25563
0.25561
0.25558
0.255607
0.255599
0.255599
0.255599
0.255572
0.255529
0.255521
0.255523
0.255505
0.255484
0.25547
0.255506
0.255485
0.255489
0.255473
0.2555
0.255465
0.255467
0.255465
0.255433
0.255419
0.255392
0.255353
0.255369
0.255379
0.255377
0.255376
0.255348
0.255362
0.255359
0.255366
0.255349
0.255399
0.2554
0.255408
0.255422
0.255399
0.255403
0.255409
0.255417
0.255401
0.255448
0.255443
0.255418
0.255418
0.25544
0.25544
0.255434
0.255436
0.255431
0.255458
0.255489
0.255504
0.255513
0.255503
0.255482
0.255503
0.255505
0.255525
0.255525
0.255563
0.255563
0.255535
0.255559
0.255559
0.255576
0.255585
0.25561
0.255589
0.255598
0.255602
0.255622
0.255613
0.25557
0.255544
0.255557
0.25555
0.255529
0.255511
0.255515
0.255526
0.255555
0.255571
0.255575
0.255533
0.255545
0.25551
0.25551
0.255509
0.255501
0.255519
0.255528
0.255509
0.255512
0.255525
0.255503
0.255525
0.255531
0.255512
0.255505
0.255502
0.255481
0.255482
0.255464
0.255445
0.255449
0.25541
0.255409
0.255399
0.255377
0.25537
0.255407
0.255422
0.255445
0.255443
0.255445
0.255494
0.255503
0.255477
0.255476
0.255488
0.255503
0.255492
0.255494
0.255523
0.255529
0.255552
0.255544
0.255513
0.255488
0.255492
0.255533
0.255539
0.25552
0.255506
0.255499
0.255484
0.255493
0.255481
0.255469
0.255466
0.255474
0.255478
0.255514
0.25552
0.255529
0.25551
0.255493
0.255513
0.255494
0.255494
0.255493
0.25547
0.255439
0.255447
0.255426
0.25543
0.255429
0.25545
0.255405
0.255414
0.255404
0.255397
0.255394
0.255388
0.255364
0.255322
0.255298
0.255271
0.255265
0.255248
0.25528
0.255294
0.255279
0.255281
0.255304
0.255296
0.255291
0.255297
0.255304
0.255315
0.255303
0.255314
0.255325
0.255343
0.255328
0.255347
0.255366
0.255415
0.255403
0.255414
0.255399
0.255382
0.25536
0.255369
0.255378
0.255378
0.25537
0.255369
0.255336
0.255347
0.255363
0.255387
0.255375
0.25539
0.255394
0.255377
0.25538
0.255391
0.255388
0.255392
0.255406
0.255439
0.255415
0.255417
0.255409
0.255413
0.255415
0.255412
0.255428
0.255435
0.255464
0.255458
0.255452
0.255433
0.255428
0.255425
0.255453
0.255432
0.255409
0.255412
0.255423
0.255415
0.255402
0.255389
0.255393
0.25539
0.255401
0.255397
0.255372
0.255368
0.255372
0.255386
0.255386
0.255403
0.255394
0.255391
0.255378
0.255368
0.255392
0.255387
0.255372
0.255366
0.255353
0.25536
0.255376
0.255376
0.255375
0.255358
0.255347
0.255337
0.255325
0.255317
0.255326
0.255279
0.255273
0.255268
0.255268
0.25526
0.255279
0.255307
0.255289
0.255298
0.255295
0.255298
0.255292
0.255257
0.255271
0.255246
0.255258
0.25525
0.25528
0.255279
0.255291
0.255266
0.255265
0.255277
0.255299
0.255333
0.255352
0.255336
0.255335
0.255335
0.255328
0.255337
0.255336
0.255339
0.255318
0.255315
0.255295
0.255296
0.2553
0.255312
0.255312
0.255286
0.255316
0.255333
0.255355
0.255368
0.2554
0.255389
0.255376
0.255378
0.255367
0.255351
0.25531
0.255305
0.255284
0.255264
0.25529
0.255254
0.25527
0.25527
0.255252
0.255255
0.255255
0.255255
0.255251
0.255265
0.255269
0.255274
0.255263
0.255287
0.255287
0.255291
0.255278
0.25526
0.255226
0.255216
0.255236
0.255215
0.255206
0.255188
0.255213
0.25521
0.255204
0.255219
0.255215
0.255182
0.255204
0.255189
0.255173
0.255185
0.255185
0.255156
0.255126
0.255118
0.25513
0.255146
0.255136
0.255132
0.255152
0.255161
0.255126
0.255129
0.255088
0.255057
0.25503
0.255021
0.255048
0.255018
0.255012
0.255033
0.255009
0.255009
0.254995
0.255003
0.255024
0.254998
0.25497
0.254992
0.254989
0.254968
0.254982
0.254968
0.25497
0.254954
0.254985
0.254975
0.254999
0.254996
0.255004
0.254994
0.254986
0.254972
0.254974
0.254964
0.254951
0.254939
0.254952
0.254937
0.254939
0.254933
0.254966
0.254986
0.254969
0.25495
0.254942
0.254937
0.254938
0.254946
0.254932
0.254937
0.254916
0.2549
0.254891
0.2549
0.254877
0.254881
0.254865
0.254864
0.254856
0.254858
0.254852
0.254875
0.254892
0.254876
0.254863
0.254874
0.254869
0.254876
0.25487
0.254864
0.254865
0.254844
0.254844
0.254854
0.25487
0.254886
0.254885
0.254892
0.254865
0.254887
0.254902
0.25491
0.254882
0.254871
0.254834
0.254817
0.254816
0.254802
0.254796
0.254784
0.254817
0.254812
0.254802
0.254828
0.254816
0.254826
0.254823
0.254789
0.254785
0.2548
0.254832
0.254851
0.254816
0.254808
0.25481
0.254818
0.254836
0.254838
0.254837
0.254838
0.254834
0.254828
0.254795
0.254833
0.254833
0.254843
0.254837
0.254812
0.254788
0.254793
0.254791
0.254839
0.25483
0.254847
0.254802
0.254828
0.254837
0.25485
0.254817
0.254803
0.254765
0.254786
0.254753
0.254766
0.254769
0.254779
0.254775
0.254771
0.254754
0.25477
0.254785
0.254781
0.254802
0.254804
0.254776
0.2548
0.254814
0.254805
0.254803
0.254815
0.254798
0.254792
0.254784
0.25478
0.254802
0.25481
0.254813
0.254821
0.254818
0.254801
0.254846
0.254835
0.254861
0.254863
0.254879
0.254873
0.254856
0.254843
0.254874
0.25488
0.254877
0.254879
0.254883
0.254882
0.254904
0.254895
0.254886
0.2549
0.254885
0.25489
0.25486
0.25486
0.254886
0.25491
0.254886
0.254879
0.254887
0.254894
0.25494
0.254934
0.254908
0.254857
0.25485
0.254876
0.254848
0.254864
0.254863
0.254892
0.254879
0.254866
0.254858
0.254862
0.254876
0.254873
0.254878
0.254865
0.254848
0.254852
0.254868
0.254853
0.254877
0.254871
0.254894
0.254881
0.254885
0.25487
0.254912
0.254889
0.254909
0.254936
0.254919
0.254943
0.254915
0.254964
0.254961
0.254969
0.254995
0.254995
0.254978
0.254994
0.25499
0.255015
0.255017
0.255047
0.255064
0.255071
0.255095
0.255087
0.255092
0.255089
0.255068
0.255057
0.255039
0.25503
0.255021
0.255012
0.254982
0.254995
0.25501
0.255027
0.255067
0.255069
0.255068
0.255073
0.255051
0.255037
0.255029
0.25501
0.255007
0.255029
0.25503
0.254999
0.255019
0.255011
0.254988
0.254957
0.254947
0.25494
0.254936
0.254927
0.254942
0.254936
0.254958
0.254962
0.254962
0.254958
0.254964
0.254956
0.254978
0.254967
0.254972
0.254981
0.254988
0.255027
0.255053
0.255039
0.255047
0.255039
0.255043
0.255053
0.255051
0.255053
0.255033
0.255021
0.255012
0.255006
0.255022
0.255038
0.255039
0.255082
0.255122
0.255135
0.25514
0.255134
0.255123
0.255108
0.255102
0.255085
0.255066
0.255087
0.255091
0.255097
0.255099
0.255118
0.255127
0.255123
0.255114
0.25512
0.255134
0.255152
0.255165
0.255165
0.255174
0.255146
0.25517
0.255135
0.255123
0.255117
0.255095
0.255109
0.255101
0.255087
0.255111
0.255087
0.255093
0.255092
0.255082
0.255083
0.255083
0.25508
0.255105
0.255082
0.255057
0.255065
0.255048
0.255055
0.25505
0.255032
0.255024
0.255004
0.254996
0.254995
0.254993
0.254988
0.254977
0.254955
0.254966
0.254978
0.254986
0.254984
0.254996
0.255015
0.255022
0.255005
0.255016
0.255042
0.25505
0.255064
0.255065
0.255067
0.255098
0.255098
0.255098
0.255106
0.25513
0.255125
0.255124
0.255129
0.255112
0.255111
0.255086
0.255063
0.255068
0.255064
0.255099
0.255094
0.255082
0.255142
0.255167
0.255159
0.255156
0.255153
0.255162
0.25516
0.255172
0.255185
0.255176
0.255195
0.255207
0.255194
0.255212
0.255202
0.255201
0.255174
0.255171
0.255172
0.255171
0.25515
0.25515
0.255169
0.255171
0.25517
0.255177
0.255181
0.255166
0.255188
0.255175
0.255174
0.25519
0.255186
0.255196
0.255222
0.255229
0.25523
0.255247
0.255249
0.25526
0.255254
0.255257
0.255242
0.255221
0.255208
0.255172
0.255189
0.255182
0.255202
0.255204
0.255204
0.255205
0.255195
0.255168
0.255166
0.255144
0.255156
0.255135
0.255135
0.255146
0.255136
0.255121
0.255114
0.255107
0.255101
0.255115
0.255121
0.25512
0.255142
0.255138
0.255134
0.255132
0.255115
0.255153
0.255163
0.255161
0.255165
0.255145
0.255168
0.255205
0.255195
0.255198
0.25519
0.255199
0.255213
0.255188
0.255215
0.255226
0.255223
0.255233
0.255214
0.25521
0.255216
0.25525
0.255252
0.255239
0.255232
0.255211
0.2552
0.255189
0.25518
0.255194
0.255184
0.255195
0.255205
0.255187
0.255184
0.255183
0.255164
0.255177
0.25517
0.255163
0.255159
0.255167
0.255182
0.2552
0.255198
0.255184
0.255175
0.255195
0.255157
0.255147
0.255163
0.255162
0.255174
0.25516
0.255173
0.255172
0.255187
0.255198
0.25521
0.255231
0.255235
0.255233
0.255214
0.255216
0.255269
0.25528
0.255288
0.255284
0.255284
0.255278
0.255274
0.255267
0.255252
0.255253
0.255228
0.255254
0.255248
0.255239
0.255235
0.255215
0.255193
0.255185
0.255184
0.255211
0.255232
0.255253
0.255252
0.255265
0.255265
0.255239
0.255235
0.255253
0.255259
0.255229
0.255242
0.255238
0.25524
0.255226
0.25522
0.255244
0.25526
0.255288
0.255314
0.255289
0.255308
0.255309
0.25531
0.255306
0.255307
0.255308
0.255316
0.255299
0.255286
0.255291
0.255303
0.255308
0.255288
0.255274
0.255283
0.255275
0.255284
0.255273
0.255281
0.255295
0.255299
0.255327
0.255319
0.255315
0.255332
0.255355
0.255373
0.255362
0.255337
0.255329
0.255323
0.255309
0.255303
0.255278
0.255284
0.255301
0.255291
0.255296
0.25528
0.255258
0.255261
0.255255
0.255241
0.255235
0.255223
0.255226
0.255225
0.255224
0.255229
0.255214
0.255199
0.255183
0.255189
0.255191
0.255194
0.255193
0.255223
0.255214
0.255227
0.255253
0.255249
0.255225
0.255226
0.255215
0.255218
0.255222
0.255222
0.255227
0.255217
0.255212
0.255218
0.255233
0.255217
0.255226
0.255187
0.25516
0.255149
0.255144
0.255153
0.255142
0.255128
0.255139
0.255139
0.255142
0.255161
0.255184
0.255156
0.255162
0.255138
0.255124
0.255103
0.255097
0.255078
0.255106
0.255098
0.25507
0.255059
0.255052
0.255063
0.255056
0.255032
0.25503
0.25506
0.255066
0.255053
0.255072
0.255071
0.255085
0.255107
0.255085
0.255077
0.25508
0.255068
0.255035
0.255017
0.255026
0.255005
0.254985
0.255023
0.255009
0.255023
0.255045
0.255034
0.255023
0.255038
0.255044
0.255026
0.255028
0.255028
0.255032
0.255039
0.255041
0.255042
0.255024
0.255026
0.255019
0.255055
0.255034
0.255021
0.25502
0.255025
0.255029
0.255026
0.255058
0.255042
0.255027
0.255037
0.255003
0.25498
0.254972
0.254955
0.254943
0.254963
0.254954
0.254947
0.25494
0.25493
0.254947
0.254945
0.254951
0.254963
0.254968
0.254997
0.25501
0.255003
0.255001
0.255016
0.255017
0.255039
0.255034
0.255036
0.255034
0.255019
0.255021
0.255017
0.255035
0.255012
0.255006
0.255003
0.255001
0.254984
0.254994
0.254989
0.254982
0.254985
0.255009
0.255033
0.255028
0.255018
0.255029
0.255023
0.255026
0.255035
0.255059
0.255069
0.255053
0.255062
0.255069
0.25505
0.25506
0.255079
0.255099
0.255112
0.255098
0.255101
0.255105
0.255108
0.255104
0.255103
0.255113
0.25509
0.255109
0.255124
0.255137
0.255134
0.255132
0.255147
0.255123
0.255152
0.255144
0.255138
0.255128
0.255109
0.255122
0.255117
0.25513
0.255091
0.255118
0.255122
0.255145
0.255142
0.255151
0.255144
0.255124
0.255113
0.255112
0.255117
0.255124
0.255131
0.255136
0.25514
0.255137
0.25513
0.25514
0.255117
0.25513
0.255115
0.255105
0.255075
0.255068
0.255082
0.255072
0.255088
0.255104
0.255138
0.255159
0.25515
0.25514
0.255139
0.255158
0.255144
0.255172
0.255156
0.255156
0.255156
0.255166
0.255163
0.255163
0.255173
0.255176
0.255146
0.255134
0.255132
0.255119
0.255135
0.255147
0.255149
0.25518
0.255193
0.255189
0.255189
0.255204
0.255195
0.255213
0.255217
0.255198
0.255208
0.255195
0.255224
0.255216
0.255212
0.255241
0.255249
0.25526
0.255261
0.25526
0.255233
0.25523
0.255219
0.255214
0.255187
0.255169
0.255161
0.255158
0.255144
0.255169
0.255185
0.255183
0.255182
0.25517
0.255175
0.255178
0.255192
0.255177
0.255175
0.255164
0.255177
0.255174
0.255188
0.255195
0.255183
0.255178
0.255207
0.255213
0.255227
0.255237
0.255241
0.255244
0.255242
0.255239
0.255242
0.255255
0.25524
0.255235
0.255263
0.255267
0.25527
0.255253
0.255265
0.255249
0.255267
0.255273
0.255275
0.255285
0.255291
0.255284
0.255278
0.255272
0.255291
0.255277
0.255254
0.255257
0.255252
0.25525
0.255254
0.255225
0.255239
0.255263
0.255271
0.255286
0.255273
0.255285
0.255285
0.255285
0.255264
0.255283
0.255275
0.255258
0.25527
0.25525
0.255257
0.255265
0.255254
0.255248
0.255227
0.255208
0.255207
0.255209
0.255233
0.25523
0.255253
0.255258
0.255263
0.255264
0.255273
0.255286
0.255293
0.255301
0.255288
0.255284
0.255299
0.255314
0.255313
0.255316
0.255317
0.255322
0.255298
0.255296
0.255304
0.255322
0.255319
0.255337
0.255341
0.255342
0.255323
0.255301
0.255303
0.255292
0.255294
0.255303
0.255312
0.255328
0.255337
0.255314
0.2553
0.255273
0.255279
0.255286
0.255307
0.255282
0.255289
0.255296
0.255304
0.255315
0.255317
0.255333
0.255323
0.255322
0.255322
0.255345
0.255336
0.255355
0.255354
0.255359
0.255362
0.255362
0.255344
0.255345
0.255338
0.255325
0.255348
0.255331
0.255351
0.255345
0.255367
0.255373
0.255379
0.255368
0.255363
0.255371
0.255346
0.255336
0.25534
0.255326
0.255312
0.255329
0.255316
0.255329
0.255309
0.255311
0.255298
0.255296
0.255313
0.255312
0.255301
0.255319
0.255339
0.25532
0.255335
0.25534
0.255329
0.255345
0.255345
0.255332
0.255314
0.255317
0.255329
0.255301
0.255286
0.255339
0.255367
0.255374
0.255399
0.255411
0.255412
0.255394
0.255388
0.255383
0.255371
0.255355
0.255388
0.255375
0.255383
0.255404
0.25541
0.255407
0.255383
0.255374
0.255374
0.255397
0.255387
0.255401
0.255411
0.255396
0.255409
0.255425
0.255414
0.255431
0.255418
0.255429
0.25542
0.255428
0.255426
0.255411
0.255413
0.255417
0.255394
0.255405
0.255408
0.255414
0.255418
0.255425
0.255426
0.255425
0.255444
0.255435
0.255446
0.255469
0.255495
0.255474
0.255486
0.255476
0.255469
0.255475
0.255472
0.255483
0.255462
0.255456
0.255451
0.255457
0.255441
0.255427
0.25544
0.255426
0.255422
0.255422
0.2554
0.25538
0.255389
0.255393
0.25539
0.255377
0.255365
0.255376
0.255408
0.255385
0.255373
0.255375
0.255389
0.255421
0.255441
0.255445
0.255446
0.255458
0.255439
0.255423
0.255415
0.255416
0.255451
0.255441
0.255449
0.255442
0.255433
0.255453
0.25546
0.255461
0.255479
0.255463
0.255459
0.255467
0.255453
0.255446
0.255458
0.255462
0.255441
0.255462
0.255456
0.255465
0.255451
0.255454
0.255461
0.255438
0.255434
0.255441
0.255451
0.255484
0.255487
0.255469
0.255478
0.255481
0.255478
0.255462
0.255489
0.255514
0.255499
0.255487
0.255477
0.255473
0.255471
0.255483
0.255488
0.255481
0.255497
0.255483
0.255496
0.255495
0.255506
0.255488
0.255483
0.255483
0.255471
0.255477
0.255476
0.255471
0.255472
0.255471
0.255467
0.255448
0.255451
0.255448
0.255435
0.255416
0.255407
0.255423
0.255431
0.255435
0.255452
0.255443
0.255439
0.255418
0.255393
0.25539
0.255403
0.255409
0.255421
0.255412
0.25541
0.255405
0.255424
0.255409
0.255403
0.255393
0.255379
0.255387
0.255389
0.255377
0.255401
0.255382
0.255372
0.255381
0.255361
0.255376
0.255362
0.255389
0.255397
0.255407
0.255402
0.255404
0.255411
0.255406
0.255387
0.255386
0.255404
0.255393
0.255401
0.255414
0.255416
0.255407
0.255408
0.255416
0.255406
0.255404
0.255396
0.255393
0.255385
0.255389
0.255402
0.255408
0.255407
0.255415
0.255415
0.255404
0.255414
0.255411
0.255417
0.255434
0.255446
0.255445
0.255436
0.255436
0.255435
0.255423
0.255429
0.255422
0.255422
0.255414
0.255437
0.255417
0.25541
0.25542
0.25541
0.255411
0.255412
0.255416
0.255414
0.255408
0.255407
0.255405
0.255403
0.255399
0.255391
0.255401
0.255447
0.255451
0.255466
0.255469
0.255465
0.255474
0.255501
0.255498
0.255486
0.255472
0.255474
0.25545
0.255485
0.255476
0.255471
0.255471
0.255476
0.255455
0.255452
0.255466
0.25546
0.25545
0.255441
0.255423
0.255405
0.255405
0.255408
0.2554
0.255381
0.2554
0.25541
0.255439
0.25545
0.255446
0.255481
0.255467
0.25546
0.255436
0.255445
0.255448
0.25545
0.255453
0.255451
0.255454
0.255456
0.25545
0.255436
0.255429
0.255428
0.255446
0.255444
0.25543
0.255409
0.255439
0.255449
0.255455
0.255446
0.255442
0.255445
0.25544
0.255436
0.25543
0.255444
0.255472
0.255461
0.255443
0.255421
0.255423
0.255425
0.255392
0.255408
0.255403
0.255389
0.255413
0.255428
0.255435
0.255444
0.255456
0.255456
0.25546
0.255453
0.25546
0.255436
0.255409
0.255409
0.255407
0.255408
0.255412
0.255395
0.255373
0.2554
0.255395
0.255399
0.255364
0.255349
0.25533
0.255318
0.255323
0.255321
0.255319
0.255297
0.255306
0.255305
0.255306
0.255282
0.255275
0.255261
0.255251
0.255227
0.255213
0.255214
0.255203
0.255211
0.255218
0.255223
0.255236
0.255216
0.255198
0.255188
0.255202
0.255203
0.255187
0.255192
0.255209
0.255191
0.255187
0.255195
0.255201
0.255222
0.255224
0.255247
0.255266
0.255264
0.255292
0.255281
0.255267
0.25525
0.255256
0.255245
0.255241
0.255228
0.255224
0.255204
0.255196
0.255183
0.255192
0.255184
0.255173
0.255167
0.255178
0.255158
0.255183
0.255177
0.25516
0.255159
0.25516
0.255176
0.25519
0.255211
0.255209
0.25521
0.255183
0.255175
0.255184
0.255198
0.255195
0.255193
0.255198
0.255194
0.255199
0.255202
0.255192
0.255169
0.255174
0.255173
0.255183
0.255184
0.255183
0.25519
0.255172
0.255188
0.25519
0.255171
0.25517
0.255177
0.255186
0.255179
0.255182
0.255178
0.255203
0.255195
0.255189
0.25517
0.255189
0.255207
0.255195
0.255185
0.255198
0.255189
0.255175
0.255187
0.25521
0.255213
0.255212
0.255215
0.255222
0.25523
0.255226
0.255243
0.255259
0.255254
0.255239
0.255257
0.255267
0.255262
0.255254
0.255254
0.255259
0.255274
0.25529
0.255278
0.255295
0.255297
0.255303
0.255306
0.255275
0.255268
0.255256
0.255251
0.255258
0.255264
0.255246
0.255239
0.255248
0.255253
0.255252
0.255251
0.255245
0.255236
0.255238
0.255224
0.255214
0.255215
0.25524
0.255228
0.255232
0.255225
0.255211
0.255226
0.255209
0.255187
0.255173
0.255171
0.255155
0.255166
0.255177
0.255174
0.255165
0.255159
0.255141
0.255138
0.25514
0.255141
0.255144
0.255135
0.255127
0.255125
0.255132
0.255142
0.25514
0.255122
0.255147
0.255155
0.25515
0.255157
0.25517
0.255157
0.255139
0.255149
0.255148
0.255153
0.255157
0.255152
0.255159
0.255161
0.255145
0.255142
0.255139
0.25513
0.25514
0.255117
0.25514
0.255156
0.255157
0.255169
0.255181
0.255185
0.255178
0.255176
0.255191
0.255196
0.255169
0.25518
0.255167
0.255162
0.255149
0.255159
0.255176
0.255174
0.25517
0.255183
0.255167
0.255152
0.255167
0.255177
0.25519
0.255201
0.255198
0.255209
0.255205
0.255234
0.255218
0.255212
0.255221
0.255223
0.255227
0.255215
0.255209
0.255185
0.255205
0.255192
0.255184
0.255172
0.255182
0.255189
0.255178
0.255167
0.255175
0.255178
0.255173
0.255171
0.255187
0.255182
0.255157
0.25516
0.255156
0.255141
0.255145
0.255135
0.255137
0.255141
0.255135
0.255148
0.255153
0.255154
0.255147
0.255172
0.25516
0.255153
0.25515
0.255128
0.255125
0.255094
0.255112
0.255109
0.255143
0.255152
0.255148
0.255138
0.255134
0.255136
0.255147
0.255137
0.255115
0.255109
0.255124
0.255122
0.25512
0.255128
0.255116
0.255113
0.255114
0.255085
0.255083
0.255075
0.255067
0.255068
0.255064
0.25505
0.255047
0.255049
0.255035
0.255062
0.255064
0.25507
0.255064
0.255087
0.255062
0.255059
0.255049
0.255034
0.254996
0.255007
0.25501
0.255033
0.255041
0.255049
0.255053
0.255074
0.255073
0.255068
0.255071
0.255082
0.255075
0.255065
0.255093
0.255114
0.255104
0.255106
0.255121
0.255119
0.255116
0.255133
0.255136
0.255155
0.255156
0.255143
0.255149
0.25516
0.255155
0.255151
0.255165
0.255157
0.255168
0.255183
0.2552
0.255188
0.255197
0.255182
0.255193
0.25518
0.255173
0.255157
0.255166
0.255193
0.255188
0.255174
0.255179
0.255161
0.255158
0.255167
0.255168
0.255183
0.25518
0.255163
0.255153
0.255155
0.255141
0.25516
0.255172
0.255173
0.255182
0.255183
0.255149
0.255144
0.255146
0.255118
0.255113
0.255115
0.255129
0.255142
0.255132
0.255115
0.255105
0.2551
0.255108
0.255116
0.25513
0.255132
0.255143
0.255158
0.25515
0.255158
0.255162
0.255146
0.255135
0.255119
0.25514
0.25513
0.255128
0.255117
0.255121
0.25512
0.255115
0.25513
0.255136
0.255135
0.255143
0.255143
0.25513
0.25512
0.255138
0.255133
0.255136
0.255122
0.255114
0.255122
0.255114
0.255121
0.25512
0.255115
0.255102
0.255093
0.25509
0.255087
0.255082
0.255081
0.255075
0.255084
0.255099
0.255103
0.255126
0.255122
0.255123
0.255104
0.255094
0.255075
0.255084
0.255098
0.255102
0.255084
0.255093
0.255083
0.255081
0.25509
0.255105
0.255117
0.255118
0.255128
0.255114
0.255104
0.255103
0.255121
0.255127
0.255126
0.255147
0.255162
0.255158
0.255158
0.255127
0.255157
0.25516
0.255159
0.255164
0.255164
0.255179
0.255162
0.255182
0.255168
0.255172
0.255163
0.255155
0.255159
0.255161
0.255147
0.255131
0.255157
0.255164
0.25517
0.255173
0.255166
0.255189
0.255194
0.255199
0.255198
0.255213
0.255196
0.255197
0.255186
0.255193
0.255205
0.2552
0.255188
0.255172
0.255174
0.255167
0.25517
0.255189
0.255198
0.255216
0.255224
0.255211
0.25522
0.255225
0.255201
0.255213
0.255224
0.255223
0.255243
0.255242
0.255256
0.25526
0.255252
0.25525
0.255267
0.255259
0.255252
0.255272
0.255258
0.255253
0.25526
0.255272
0.255257
0.255239
0.255247
0.25527
0.255257
0.255275
0.255273
0.255289
0.255288
0.255267
0.255256
0.255268
0.255271
0.255287
0.255284
0.2553
0.255298
0.255277
0.25529
0.255302
0.255313
0.2553
0.255317
0.255342
0.255323
0.255316
0.255311
0.255315
0.255342
0.255341
0.255341
0.255347
0.255351
0.255344
0.255323
0.25532
0.255303
0.255291
0.255297
0.255305
0.255294
0.255282
0.255269
0.255271
0.25528
0.255267
0.255265
0.255278
0.255265
0.255252
0.255239
0.255207
0.25522
0.25522
0.255214
0.255204
0.255222
0.255232
0.255225
0.255209
0.255212
0.255211
0.255231
0.255211
0.255205
0.255216
0.255217
0.255237
0.255237
0.255249
0.255228
0.255229
0.25522
0.255207
0.255197
0.255177
0.255198
0.255194
0.255203
0.255211
0.2552
0.25519
0.255203
0.255209
0.255214
0.255201
0.255205
0.255195
0.255199
0.255209
0.255219
0.255207
0.255206
0.255212
0.255203
0.255207
0.255192
0.255183
0.255174
0.255172
0.255179
0.255166
0.255171
0.255186
0.255187
0.25518
0.255166
0.255171
0.255174
0.255182
0.255181
0.255186
0.255179
0.255174
0.25519
0.255177
0.255175
0.255189
0.255178
0.255201
0.255234
0.255239
0.255231
0.255224
0.255218
0.255219
0.255206
0.255221
0.255217
0.255219
0.255208
0.255214
0.255212
0.25523
0.255216
0.255226
0.255243
0.255213
0.255258
0.255247
0.255243
0.255246
0.255246
0.255226
0.255216
0.255209
0.255229
0.255224
0.255206
0.25521
0.255198
0.255204
0.255195
0.255209
0.255215
0.255206
0.255194
0.255217
0.255199
0.255197
0.255189
0.255187
0.255176
0.255175
0.255162
0.255144
0.255144
0.255131
0.255121
0.255116
0.255097
0.255101
0.255088
0.255082
0.255077
0.255083
0.255092
0.255097
0.255099
0.2551
0.255113
0.255116
0.255112
0.255153
0.255163
0.255172
0.25518
0.255181
0.255173
0.25519
0.255199
0.25519
0.255181
0.255167
0.255175
0.255184
0.255171
0.255159
0.25516
0.255153
0.255138
0.255139
0.255122
0.25511
0.255115
0.25512
0.255135
0.25514
0.25514
0.25513
0.255137
0.255156
0.255134
0.255142
0.255138
0.255132
0.255122
0.255131
0.255103
0.255095
0.255104
0.255111
0.255112
0.255118
0.25512
0.255133
0.255124
0.25513
0.255131
0.25515
0.255142
0.255137
0.255126
0.255124
0.255125
0.255129
0.255118
0.25511
0.255101
0.255112
0.255114
0.255131
0.255126
0.255127
0.255136
0.255139
0.255138
0.255139
0.255139
0.25514
0.255127
0.255118
0.255141
0.255165
0.255174
0.25518
0.255205
0.255197
0.255207
0.255206
0.255216
0.255208
0.255212
0.255201
0.255198
0.255201
0.255206
0.255207
0.255202
0.255195
0.255188
0.255205
0.255206
0.255213
0.255208
0.255218
0.255233
0.255238
0.255253
0.255267
0.255266
0.25527
0.255253
0.255256
0.255246
0.255239
0.255245
0.255231
0.255223
0.255218
0.255242
0.255244
0.255231
0.255228
0.255216
0.255212
0.255218
0.2552
0.255184
0.255189
0.255206
0.25521
0.255214
0.255226
0.255214
0.255217
0.255228
0.255212
0.255208
0.255199
0.255191
0.255187
0.255195
0.255195
0.255197
0.255196
0.255218
0.255221
0.255217
0.25521
0.255218
0.255191
0.255216
0.255212
0.255212
0.255226
0.255225
0.255233
0.255219
0.255218
0.255227
0.255222
0.255241
0.25524
0.255245
0.255246
0.255269
0.255289
0.255279
0.255284
0.255294
0.255298
0.255293
0.255285
0.255289
0.255283
0.255287
0.255292
0.25529
0.255289
0.255271
0.255249
0.255251
0.255254
0.255266
0.255278
0.255288
0.255298
0.255293
0.255281
0.255276
0.255264
0.255263
0.255269
0.255252
0.255258
0.255265
0.255288
0.255305
0.2553
0.255314
0.255303
0.255313
0.255325
0.255307
0.255292
0.255309
0.255324
0.255311
0.255299
0.255293
0.255302
0.255304
0.255296
0.255303
0.255306
0.255312
0.255307
0.255314
0.255322
0.25532
0.255324
0.255313
0.25531
0.255307
0.255309
0.255306
0.255307
0.255293
0.2553
0.255304
0.255323
0.255327
0.255315
0.255301
0.255307
0.255305
0.255306
0.255293
0.255303
0.255301
0.255317
0.255321
0.255332
0.255344
0.255354
0.255364
0.255352
0.255375
0.255368
0.255361
0.255361
0.25536
0.255348
0.255343
0.255329
0.255304
0.255324
0.255327
0.255322
0.255328
0.255326
0.255313
0.255337
0.255336
0.255328
0.25532
0.255318
0.255322
0.255323
0.255325
0.25532
0.255312
0.255309
0.255309
0.255288
0.255277
0.25528
0.255294
0.255288
0.255296
0.255295
0.255309
0.255308
0.2553
0.255304
0.255308
0.255307
0.255304
0.255315
0.255314
0.255317
0.255321
0.255314
0.255321
0.255318
0.255326
0.255352
0.255357
0.255347
0.255347
0.255337
0.255322
0.255332
0.255319
0.25531
0.255315
0.255323
0.255313
0.255301
0.255283
0.255285
0.255275
0.255272
0.255287
0.255287
0.255269
0.255284
0.255282
0.255273
0.255292
0.255288
0.255284
0.255286
0.255267
0.255266
0.255254
0.255246
0.255237
0.255238
0.255241
0.255234
0.255222
0.255218
0.25523
0.255233
0.255228
0.255221
0.255238
0.255233
0.255227
0.255234
0.255239
0.255227
0.255229
0.255218
0.255227
0.255212
0.255204
0.255205
0.255212
0.255209
0.255196
0.255177
0.25517
0.255182
0.255199
0.255208
0.255203
0.255204
0.255213
0.255218
0.255205
0.255203
0.255199
0.255198
0.255208
0.255205
0.255197
0.255197
0.255183
0.255177
0.255155
0.255145
0.255145
0.255154
0.255139
0.255152
0.255136
0.255139
0.25515
0.255162
0.255155
0.255142
0.255134
0.255134
0.255136
0.255136
0.255115
0.255118
0.255108
0.255105
0.255109
0.255103
0.2551
0.255095
0.255084
0.255088
0.255076
0.255078
0.255088
0.255094
0.255115
0.255112
0.255122
0.255118
0.255108
0.2551
0.255092
0.255101
0.255099
0.255117
0.255112
0.255136
0.255142
0.255127
0.255126
0.255126
0.255151
0.25515
0.255149
0.255145
0.25515
0.255147
0.255148
0.255162
0.255178
0.255167
0.255159
0.255166
0.255138
0.255138
0.255147
0.255146
0.25515
0.255146
0.25514
0.255115
0.255102
0.255103
0.255096
0.255095
0.255106
0.255092
0.255098
0.255105
0.255089
0.255096
0.255088
0.255078
0.255077
0.255068
0.255083
0.255092
0.255082
0.255093
0.255094
0.255081
0.255086
0.255095
0.255099
0.25508
0.255081
0.255096
0.255094
0.255107
0.255114
0.255108
0.255109
0.255094
0.255092
0.255096
0.255107
0.255103
0.255112
0.255105
0.255111
0.255109
0.255121
0.255109
0.255112
0.255102
0.255111
0.255117
0.255124
0.255113
0.255128
0.255139
0.255123
0.255123
0.255127
0.25511
0.255118
0.255111
0.255118
0.255108
0.255101
0.255082
0.255072
0.255064
0.255069
0.255064
0.255067
0.255058
0.25505
0.25503
0.255029
0.25502
0.25502
0.255032
0.255043
0.255047
0.255076
0.255079
0.255087
0.255081
0.255082
0.255105
0.255119
0.255109
0.255097
0.255086
0.255079
0.25508
0.255072
0.255072
0.255094
0.255104
0.255105
0.255102
0.255118
0.255117
0.25512
0.255108
0.255098
0.255086
0.255074
0.255056
0.255061
0.255077
0.25506
0.255051
0.25505
0.255059
0.255066
0.255066
0.255069
0.255086
0.255083
0.255092
0.25509
0.255091
0.255076
0.255081
0.255072
0.255071
0.255074
0.255073
0.255078
0.255078
0.255092
0.255089
0.255112
0.255113
0.255121
0.255104
0.255107
0.2551
0.255097
0.255099
0.255107
0.25512
0.255123
0.255139
0.255126
0.25512
0.255124
0.255131
0.255123
0.255108
0.255109
0.255117
0.255128
0.25513
0.255128
0.255112
0.255121
0.255117
0.255116
0.255105
0.255103
0.255102
0.255122
0.255117
0.255127
0.255121
0.255123
0.255136
0.255128
0.255113
0.255112
0.255115
0.255113
0.255116
0.255121
0.255122
0.255123
0.255142
0.25512
0.255126
0.255117
0.255115
0.255138
0.255132
0.255159
0.25515
0.255148
0.255153
0.255141
0.255127
0.255115
0.255106
0.2551
0.255093
0.255097
0.255084
0.255062
0.255061
0.255071
0.255074
0.255053
0.255057
0.255051
0.255045
0.255056
0.255068
0.25509
0.255112
0.255119
0.255111
0.255124
0.25514
0.255134
0.255127
0.25514
0.255139
0.255149
0.255175
0.255174
0.255162
0.255159
0.255151
0.255144
0.255124
0.255145
0.255138
0.255164
0.255173
0.255192
0.25521
0.255218
0.255199
0.255205
0.255208
0.255213
0.255208
0.255211
0.255212
0.255224
0.255221
0.255223
0.25522
0.255218
0.255202
0.255199
0.255189
0.255182
0.255171
0.255175
0.255168
0.255157
0.255158
0.255156
0.255163
0.255167
0.255169
0.255155
0.255158
0.255164
0.255157
0.255158
0.255155
0.255147
0.255142
0.255133
0.255135
0.255132
0.255152
0.255145
0.255139
0.255146
0.255166
0.255158
0.255174
0.25518
0.255172
0.255177
0.255187
0.255209
0.255187
0.255198
0.255184
0.255176
0.255165
0.255165
0.255173
0.255164
0.25517
0.255172
0.255165
0.255179
0.255156
0.255155
0.25517
0.255188
0.255197
0.255183
0.255188
0.255189
0.255182
0.255173
0.255166
0.255175
0.255171
0.255165
0.255187
0.255178
0.255162
0.255155
0.255145
0.255126
0.255113
0.255112
0.255112
0.255116
0.255105
0.255105
0.255093
0.255104
0.255115
0.255126
0.255119
0.255129
0.255135
0.255144
0.255148
0.25513
0.255121
0.255123
0.255116
0.255119
0.255123
0.255122
0.255131
0.255131
0.255124
0.255114
0.255128
0.255123
0.25511
0.255115
0.255095
0.255088
0.255095
0.255093
0.255091
0.255089
0.255072
0.255076
0.25508
0.255082
0.255088
0.255098
0.255102
0.255104
0.255113
0.255098
0.255111
0.255114
0.25511
0.255105
0.255094
0.25511
0.255108
0.255113
0.255111
0.25509
0.255097
0.255086
0.255083
0.255072
0.255062
0.255067
0.255063
0.255068
0.25506
0.255074
0.255086
0.255079
0.255078
0.255065
0.255057
0.255059
0.255069
0.255064
0.255072
0.25507
0.255068
0.255078
0.255082
0.255088
0.255077
0.255055
0.255043
0.255046
0.255037
0.255037
0.255044
0.255041
0.25506
0.25505
0.255052
0.255052
0.255044
0.25504
0.255042
0.255035
0.255027
0.25503
0.255031
0.255033
0.255032
0.255025
0.255038
0.255037
0.255054
0.255052
0.255053
0.255067
0.255048
0.255054
0.255077
0.255088
0.255096
0.255098
0.255084
0.255073
0.255065
0.255062
0.255065
0.255076
0.25511
0.255093
0.255099
0.255099
0.255092
0.255106
0.255099
0.255093
0.255099
0.25508
0.255064
0.255076
0.255077
0.255096
0.255108
0.255102
0.255086
0.255101
0.255089
0.255097
0.255103
0.255113
0.255125
0.255143
0.255122
0.255135
0.255129
0.255118
0.255118
0.255103
0.255084
0.255079
0.255079
0.255083
0.255086
0.255093
0.255094
0.2551
0.255077
0.255095
0.25511
0.255126
0.255149
0.255138
0.255142
0.255138
0.255146
0.255129
0.25512
0.255144
0.25514
0.255141
0.255143
0.255146
0.255135
0.255145
0.255156
0.255149
0.255143
0.255133
0.255117
0.255124
0.255122
0.25513
0.255137
0.255143
0.25513
0.255123
0.255146
0.255146
0.25517
0.255169
0.25515
0.25515
0.255149
0.255171
0.255173
0.255156
0.255148
0.255151
0.255149
0.255177
0.255176
0.255185
0.255191
0.255188
0.255195
0.255176
0.255181
0.255182
0.255188
0.255188
0.255193
0.2552
0.255194
0.255188
0.255189
0.255187
0.255191
0.255183
0.255187
0.255192
0.255186
0.255201
0.2552
0.255193
0.255191
0.255182
0.255173
0.255167
0.255152
0.255154
0.255154
0.255146
0.255155
0.25516
0.25515
0.255163
0.255147
0.255128
0.25511
0.255123
0.255101
0.2551
0.255096
0.255096
0.255097
0.255109
0.255118
0.255144
0.255132
0.255155
0.25515
0.255148
0.255143
0.255146
0.255138
0.255121
0.255115
0.255127
0.255127
0.255127
0.255125
0.255123
0.255121
0.255117
0.255109
0.255112
0.255107
0.255121
0.255111
0.255111
0.255103
0.255104
0.255098
0.255087
0.255081
0.255083
0.255085
0.255086
0.255074
0.255075
0.255078
0.255065
0.255068
0.255064
0.255061
0.255061
0.255051
0.255042
0.255057
0.255055
0.255059
0.255063
0.255062
0.255086
0.25511
0.255115
0.255098
0.255098
0.255103
0.255091
0.255086
0.255081
0.255095
0.255097
0.255088
0.255089
0.255097
0.255118
0.255108
0.255113
0.255099
0.255121
0.255124
0.255125
0.255121
0.25511
0.255109
0.255101
0.255105
0.255093
0.255105
0.255099
0.255092
0.25509
0.255102
0.255087
0.255102
0.255113
0.255098
0.255106
0.255105
0.25508
0.255085
0.255083
0.255067
0.255063
0.25506
0.255062
0.255077
0.255087
0.255098
0.255106
0.255113
0.255113
0.255105
0.255097
0.255095
0.255101
0.255097
0.255111
0.25511
0.255117
0.255115
0.255133
0.255126
0.255146
0.255148
0.255159
0.255144
0.255129
0.255132
0.255118
0.255117
0.255101
0.255122
0.255135
0.255142
0.255126
0.25512
0.255138
0.255138
0.255147
0.25515
0.255143
0.255133
0.255135
0.25513
0.255127
0.255146
0.25514
0.255147
0.255138
0.255136
0.255136
0.255145
0.255138
0.255152
0.255136
0.255163
0.255159
0.255149
0.25514
0.255143
0.255134
0.255136
0.255127
0.255125
0.255123
0.255136
0.255123
0.25511
0.255111
0.255102
0.255112
0.255129
0.255113
0.255125
0.255122
0.255125
0.255129
0.255132
0.255136
0.255143
0.255164
0.255175
0.255168
0.255182
0.255184
0.255198
0.255228
0.255219
0.255217
0.255194
0.255201
0.255202
0.255206
0.255201
0.255221
0.255214
0.255214
0.255227
0.255229
0.255209
0.255195
0.25521
0.255224
0.255213
0.255214
0.255206
0.255225
0.255222
0.255213
0.255205
0.255221
0.255216
0.255236
0.25523
0.25522
0.255244
0.255238
0.255231
0.25524
0.255221
0.255236
0.255234
0.25523
0.255223
0.255218
0.255214
0.255219
0.255234
0.255232
0.255231
0.255234
0.255221
0.255216
0.255234
0.255238
0.255226
0.255217
0.255213
0.255216
0.255231
0.255221
0.255224
0.255223
0.255216
0.255223
0.255219
0.255215
0.255219
0.25522
0.25521
0.255209
0.255196
0.25519
0.25519
0.25519
0.255212
0.255211
0.255215
0.255207
0.255207
0.255211
0.25522
0.255228
0.255231
0.255225
0.255211
0.255209
0.255202
0.255199
0.25519
0.255199
0.255196
0.255213
0.255218
0.255214
0.25522
0.255218
0.255221
0.255223
0.255228
0.255219
0.255215
0.255233
0.255254
0.25524
0.255239
0.255218
0.25522
0.255225
0.255232
0.255214
0.255212
0.255198
0.255197
0.255201
0.255201
0.255196
0.255186
0.255174
0.255154
0.255172
0.255175
0.255159
0.255156
0.25516
0.255174
0.255163
0.255177
0.255183
0.25519
0.255199
0.255199
0.255188
0.255189
0.255179
0.255181
0.255174
0.255183
0.255187
0.255181
0.255209
0.255191
0.255197
0.255206
0.255202
0.255209
0.255206
0.255202
0.255199
0.255191
0.255193
0.255188
0.255189
0.255192
0.255186
0.255195
0.255192
0.255195
0.255183
0.255179
0.255177
0.255164
0.255171
0.255174
0.25517
0.255169
0.255167
0.255161
0.255148
0.255152
0.255142
0.255143
0.255153
0.255156
0.255167
0.255157
0.25514
0.255138
0.255142
0.255139
0.255137
0.255137
0.255138
0.255136
0.255161
0.255147
0.255159
0.255159
0.255165
0.255172
0.255172
0.255185
0.255178
0.255186
0.255172
0.255158
0.255146
0.255136
0.255161
0.255169
0.255181
0.255182
0.255177
0.255183
0.255187
0.25519
0.255193
0.255187
0.255183
0.255187
0.255188
0.255184
0.255172
0.255167
0.255171
0.255176
0.255173
0.255186
0.255172
0.255168
0.25519
0.255213
0.255215
0.255217
0.255215
0.25523
0.255234
0.255223
0.255221
0.255239
0.255241
0.255234
0.255235
0.255215
0.255197
0.25519
0.255189
0.255196
0.255191
0.255187
0.255193
0.255196
0.255197
0.255198
0.255213
0.255202
0.255193
0.255188
0.255191
0.255203
0.255198
0.255192
0.255212
0.255214
0.255214
0.255217
0.255222
0.255233
0.255226
0.255227
0.255231
0.255239
0.255264
0.255269
0.255269
0.255288
0.255286
0.255281
0.25528
0.255282
0.255295
0.255313
0.255319
0.255322
0.255314
0.255321
0.255319
0.255327
0.255336
0.255322
0.255326
0.255342
0.255335
0.25533
0.255335
0.255334
0.255341
0.255341
0.25535
0.255349
0.255359
0.255363
0.255375
0.255386
0.255388
0.255388
0.255405
0.255401
0.255405
0.255419
0.255406
0.255404
0.255426
0.255433
0.255433
0.255432
0.255431
0.255433
0.255437
0.255432
0.255429
0.255452
0.255444
0.255465
0.255497
0.255499
0.255495
0.255509
0.255502
0.255518
0.255515
0.255525
0.25552
0.255528
0.255538
0.255532
0.25554
0.255541
0.255529
0.25551
0.255514
0.255529
0.255544
0.255549
0.255551
0.255554
0.255555
0.255537
0.255532
0.255546
0.255544
0.255554
0.255554
0.255557
0.255559
0.255563
0.255543
0.255554
0.255562
0.255565
0.255565
0.255564
0.255565
0.255563
0.255562
0.255564
0.255543
0.255558
0.255567
0.255561
0.255563
0.255562
0.255569
0.255585
0.25558
0.25559
0.255587
0.255579
0.255578
0.255598
0.255585
0.255587
0.255594
0.255587
0.255579
0.255582
0.255572
0.255563
0.255579
0.255584
0.255587
0.255597
0.255603
0.255586
0.255598
0.255597
0.255602
0.255603
0.255612
0.255628
0.255635
0.255638
0.255659
0.255662
0.255661
0.255652
0.255636
0.255639
0.255632
0.255642
0.255632
0.255636
0.255629
0.255637
0.255618
0.255616
0.255605
0.255605
0.255593
0.255593
0.255585
0.255597
0.255591
0.255593
0.255584
0.25558
0.255574
0.255576
0.255587
0.255554
0.255555
0.25556
0.255558
0.255552
0.255558
0.255551
0.255553
0.255575
0.255569
0.255577
0.255574
0.255557
0.255551
0.255549
0.255549
0.255558
0.255547
0.255559
0.255545
0.255555
0.255558
0.255564
0.255557
0.25555
0.255551
0.255548
0.255548
0.25556
0.255554
0.255559
0.25555
0.255561
0.255567
0.255574
0.255582
0.255575
0.255576
0.255591
0.255597
0.255592
0.2556
0.255599
0.255611
0.255609
0.255601
0.255586
0.255582
0.255581
0.255584
0.255579
0.25556
0.255559
0.255542
0.255538
0.255552
0.255557
0.255558
0.255547
0.255548
0.255557
0.255565
0.255568
0.255568
0.255579
0.255596
0.255587
0.255602
0.255606
0.255593
0.255604
0.2556
0.255606
0.255599
0.255589
0.255597
0.255607
0.255609
0.255624
0.255639
0.255637
0.255646
0.255637
0.255643
0.255641
0.255642
0.255634
0.255651
0.255655
0.255651
0.25564
0.255625
0.255628
0.255624
0.255628
0.255621
0.255616
0.25562
0.255617
0.255615
0.25562
0.255626
0.25563
0.255644
0.255655
0.255658
0.255667
0.255673
0.255682
0.255689
0.255682
0.255693
0.255692
0.255688
0.255691
0.255683
0.255693
0.255681
0.255676
0.255671
0.255654
0.255659
0.255648
0.255638
0.255663
0.255665
0.255647
0.255624
0.255645
0.255645
0.255658
0.255659
0.255657
0.255653
0.255653
0.255659
0.255672
0.255657
0.255672
0.25566
0.25565
0.255641
0.255634
0.255627
0.25565
0.255657
0.255653
0.255658
0.255663
0.25566
0.25565
0.255658
0.255668
0.255664
0.255679
0.255682
0.255675
0.255676
0.255674
0.255657
0.255652
0.255657
0.255668
0.255678
0.255671
0.25567
0.25569
0.255692
0.255694
0.25568
0.25568
0.255679
0.255673
0.255668
0.255668
0.255662
0.255677
0.25568
0.255683
0.25569
0.255687
0.255686
0.255691
0.255687
0.255696
0.255687
0.255676
0.255678
0.255674
0.25569
0.255689
0.255715
0.255706
0.255711
0.255694
0.255686
0.255681
0.255671
0.255658
0.255661
0.255664
0.255649
0.255651
0.255653
0.255664
0.255676
0.255683
0.255681
0.255669
0.255675
0.25568
0.255675
0.255691
0.255687
0.255686
0.255686
0.255695
0.255688
0.255684
0.255685
0.255688
0.25569
0.255691
0.255687
0.255688
0.255698
0.255707
0.255717
0.255729
0.255743
0.255733
0.255728
0.255727
0.25571
0.255709
0.255706
0.255706
0.255701
0.255688
0.255685
0.255692
0.255697
0.255701
0.255712
0.255712
0.255718
0.255694
0.255687
0.255682
0.255685
0.255692
0.255694
0.25569
0.255685
0.255691
0.255685
0.25568
0.255687
0.25568
0.255675
0.255669
0.255662
0.255665
0.255667
0.255673
0.255676
0.255675
0.255677
0.255674
0.255688
0.255692
0.255686
0.255684
0.255687
0.255696
0.255685
0.255677
0.255663
0.255648
0.255646
0.25565
0.255635
0.255635
0.255647
0.255633
0.255643
0.25564
0.255655
0.25567
0.255688
0.255701
0.255715
0.255731
0.255721
0.255747
0.255734
0.255737
0.255748
0.255759
0.255761
0.255742
0.255736
0.255727
0.255724
0.255729
0.255726
0.255728
0.255732
0.255723
0.255712
0.255718
0.255715
0.255731
0.255737
0.255722
0.255734
0.255737
0.25573
0.255743
0.255745
0.255764
0.255765
0.255767
0.25577
0.255776
0.255782
0.255792
0.255795
0.255793
0.255796
0.255784
0.255787
0.255786
0.255785
0.255798
0.255801
0.255799
0.255802
0.255804
0.255792
0.255786
0.255788
0.255779
0.255785
0.255802
0.255797
0.255802
0.255813
0.255818
0.255819
0.255832
0.255814
0.255819
0.255813
0.255814
0.255823
0.255828
0.255828
0.255815
0.255819
0.255799
0.255797
0.255793
0.255801
0.255796
0.255795
0.255803
0.255805
0.255799
0.2558
0.255792
0.2558
0.255794
0.255796
0.255806
0.255816
0.255818
0.255825
0.255817
0.255825
0.255826
0.255821
0.255817
0.255818
0.255834
0.255829
0.255833
0.25584
0.255826
0.255822
0.255823
0.255819
0.255823
0.25583
0.255839
0.255857
0.255855
0.255843
0.255837
0.255832
0.255838
0.255838
0.25584
0.255844
0.25584
0.255839
0.255837
0.255823
0.255807
0.255812
0.255808
0.255801
0.2558
0.255799
0.255796
0.255799
0.255808
0.255806
0.255807
0.255808
0.255798
0.255814
0.25582
0.255814
0.25581
0.255799
0.255791
0.255805
0.255811
0.255813
0.255796
0.255798
0.255799
0.25579
0.255789
0.255798
0.255808
0.25581
0.255812
0.255806
0.255806
0.255802
0.255802
0.255804
0.255798
0.255804
0.255808
0.255817
0.255811
0.255813
0.255814
0.255818
0.255826
0.255834
0.255837
0.255839
0.255837
0.25584
0.255833
0.255825
0.255818
0.255806
0.255803
0.255796
0.255798
0.255798
0.255805
0.255803
0.255792
0.255792
0.255781
0.255782
0.255804
0.2558
0.255797
0.255789
0.255799
0.255799
0.255795
0.255781
0.255777
0.255772
0.255765
0.25576
0.255755
0.255764
0.255774
0.255771
0.255775
0.255775
0.255768
0.25576
0.255742
0.255745
0.255745
0.255757
0.255745
0.25574
0.255729
0.255725
0.25572
0.255719
0.255718
0.255729
0.25574
0.255755
0.255755
0.255751
0.255739
0.255746
0.25575
0.255762
0.255765
0.255757
0.255766
0.255745
0.255756
0.255756
0.255757
0.255761
0.255756
0.255746
0.255733
0.25573
0.25572
0.25572
0.255732
0.255703
0.255722
0.255716
0.255704
0.255693
0.255722
0.255716
0.255712
0.255712
0.255712
0.255713
0.25572
0.25572
0.255719
0.255728
0.255735
0.255731
0.255722
0.255729
0.255724
0.25572
0.255728
0.25573
0.25574
0.255728
0.255735
0.25574
0.255744
0.25575
0.255744
0.255751
0.255757
0.255763
0.255754
0.255761
0.255758
0.255743
0.255738
0.255744
0.255741
0.255745
0.255752
0.255757
0.255758
0.255752
0.25575
0.255763
0.255775
0.255764
0.255783
0.255788
0.255788
0.255789
0.255796
0.255798
0.255797
0.255794
0.255797
0.255799
0.255804
0.255796
0.255806
0.255809
0.255805
0.255797
0.255806
0.255803
0.255797
0.255797
0.25579
0.255792
0.255804
0.255793
0.255793
0.255791
0.255775
0.255797
0.255792
0.255792
0.255787
0.255773
0.255784
0.255783
0.255795
0.255797
0.255804
0.255808
0.255805
0.255798
0.25579
0.255797
0.2558
0.255806
0.255822
0.255823
0.255842
0.255857
0.255855
0.25585
0.255846
0.255847
0.255852
0.255853
0.255855
0.255835
0.255833
0.25585
0.25585
0.255852
0.255859
0.255851
0.255842
0.255845
0.255837
0.255826
0.255814
0.255818
0.255819
0.255828
0.255824
0.255825
0.255826
0.255808
0.255809
0.255811
0.255814
0.255804
0.255814
0.255799
0.255793
0.255786
0.255782
0.25578
0.255779
0.255784
0.255791
0.255784
0.25578
0.255776
0.255775
0.255769
0.255778
0.25579
0.255788
0.255785
0.255797
0.255802
0.255794
0.255779
0.25577
0.255766
0.255752
0.255752
0.255739
0.25573
0.255732
0.255723
0.255723
0.255713
0.255704
0.255687
0.255689
0.255684
0.255683
0.255682
0.255686
0.255674
0.255671
0.255674
0.25567
0.255661
0.25567
0.255653
0.255647
0.255647
0.255652
0.255658
0.255659
0.255658
0.255658
0.255643
0.255637
0.255646
0.25564
0.255645
0.255637
0.255648
0.255647
0.255648
0.255655
0.255658
0.255656
0.255659
0.255652
0.255648
0.255649
0.255643
0.255646
0.255645
0.255642
0.255633
0.255638
0.255632
0.255636
0.255647
0.255644
0.255637
0.25564
0.255644
0.255653
0.255676
0.255672
0.255671
0.255681
0.255678
0.255672
0.255673
0.25568
0.255678
0.255677
0.255703
0.255696
0.255696
0.255696
0.255699
0.25571
0.255715
0.2557
0.255689
0.255686
0.255689
0.255688
0.255683
0.255678
0.255667
0.255665
0.255651
0.255652
0.255645
0.255653
0.25565
0.255643
0.255646
0.255643
0.255642
0.255636
0.255648
0.255642
0.255645
0.255642
0.255651
0.255666
0.255658
0.255655
0.255655
0.255668
0.255665
0.255667
0.25566
0.255652
0.255672
0.255665
0.255664
0.255658
0.255663
0.255676
0.255675
0.255685
0.255679
0.255682
0.255678
0.255672
0.255671
0.255674
0.255677
0.255687
0.255693
0.25569
0.255684
0.255696
0.255694
0.255699
0.255705
0.255694
0.255688
0.255686
0.255688
0.255678
0.255682
0.255673
0.255678
0.255674
0.255685
0.255702
0.255701
0.25569
0.255677
0.255683
0.255692
0.255689
0.255686
0.255693
0.255682
0.255706
0.255712
0.255691
0.255704
0.255701
0.255713
0.255713
0.25571
0.255699
0.255693
0.255686
0.255705
0.255703
0.2557
0.255695
0.255692
0.255697
0.255693
0.255694
0.255691
0.255691
0.255686
0.255692
0.255694
0.255692
0.255693
0.255686
0.255692
0.255692
0.255692
0.25571
0.255706
0.255693
0.255677
0.255686
0.255683
0.255676
0.255673
0.255682
0.255684
0.255685
0.255683
0.255683
0.255684
0.255693
0.255688
0.255691
0.255678
0.255682
0.255689
0.255688
0.255698
0.255685
0.255686
0.255675
0.255669
0.255656
0.25565
0.255638
0.255642
0.255646
0.255646
0.255648
0.255641
0.255657
0.25564
0.255641
0.255646
0.255634
0.255636
0.255634
0.255641
0.255634
0.255643
0.255662
0.255666
0.255666
0.255664
0.255651
0.255645
0.255643
0.255643
0.255644
0.255643
0.255643
0.255634
0.25564
0.255637
0.255634
0.255629
0.25562
0.255624
0.255611
0.255605
0.255595
0.255606
0.255601
0.255599
0.255616
0.255604
0.255591
0.255597
0.255599
0.255613
0.255602
0.255589
0.255599
0.255622
0.255628
0.255633
0.255633
0.255636
0.25565
0.255656
0.255656
0.255657
0.25566
0.255669
0.255659
0.255662
0.255669
0.255678
0.255678
0.255683
0.255674
0.255669
0.25567
0.255667
0.255669
0.255669
0.255675
0.255681
0.255671
0.255666
0.255664
0.255658
0.255664
0.255644
0.255645
0.255643
0.25566
0.255643
0.255647
0.255642
0.255637
0.255647
0.255641
0.255651
0.255654
0.255667
0.255657
0.255659
0.255637
0.255635
0.25564
0.255628
0.255612
0.2556
0.255599
0.255609
0.255608
0.255606
0.255603
0.255599
0.255598
0.255602
0.255597
0.255589
0.255587
0.25558
0.255587
0.255594
0.255596
0.255595
0.255589
0.255602
0.255618
0.255613
0.25561
0.255602
0.25559
0.255583
0.255576
0.255573
0.255576
0.255578
0.255576
0.255572
0.255576
0.255574
0.255567
0.255586
0.25559
0.255594
0.255579
0.255566
0.255566
0.255572
0.255573
0.255565
0.255581
0.255591
0.255598
0.255598
0.2556
0.255596
0.255587
0.255592
0.255593
0.255597
0.25562
0.255633
0.255655
0.255662
0.255668
0.255657
0.255652
0.255654
0.25564
0.255641
0.255637
0.255639
0.255636
0.255626
0.255619
0.255611
0.255616
0.255609
0.255607
0.255615
0.255603
0.255622
0.255617
0.255604
0.255601
0.255604
0.255597
0.255593
0.255589
0.255589
0.255602
0.255599
0.255595
0.255607
0.255611
0.255605
0.255592
0.255596
0.255607
0.255611
0.255611
0.255604
0.255595
0.255596
0.25561
0.255595
0.255604
0.255604
0.255603
0.255602
0.255599
0.255613
0.255604
0.255604
0.255595
0.255584
0.255569
0.255576
0.255582
0.255576
0.255562
0.255564
0.255568
0.255566
0.255572
0.255576
0.255586
0.25558
0.255572
0.255575
0.255563
0.255563
0.255562
0.255549
0.255558
0.255548
0.255563
0.255551
0.255555
0.255553
0.255548
0.255561
0.255559
0.255562
0.255567
0.255562
0.255554
0.255555
0.255557
0.255551
0.255564
0.255577
0.255581
0.255588
0.255587
0.255601
0.255598
0.255591
0.25559
0.255579
0.255568
0.255562
0.255562
0.255571
0.255579
0.255588
0.255584
0.255588
0.255591
0.255595
0.255592
0.255596
0.2556
0.25559
0.255598
0.255594
0.255593
0.255587
0.255582
0.255573
0.255585
0.255602
0.255601
0.255603
0.255608
0.255599
0.255602
0.255581
0.255589
0.255594
0.255619
0.255632
0.255624
0.255627
0.255635
0.255621
0.255617
0.255601
0.255584
0.255607
0.255612
0.255611
0.255612
0.25561
0.255617
0.255618
0.255623
0.255632
0.255638
0.255626
0.255629
0.255615
0.255615
0.255624
0.255619
0.255605
0.255601
0.255591
0.255589
0.255585
0.255581
0.255582
0.25558
0.255578
0.25559
0.255592
0.255595
0.2556
0.255612
0.255605
0.255608
0.255602
0.255623
0.255616
0.255604
0.255607
0.255609
0.255604
0.255606
0.255623
0.255635
0.255649
0.255654
0.255656
0.255647
0.255631
0.255633
0.255643
0.255652
0.255657
0.25565
0.255638
0.255644
0.255645
0.255658
0.255658
0.255648
0.255642
0.255638
0.255644
0.255654
0.255648
0.255654
0.255655
0.255658
0.255649
0.25566
0.255656
0.255668
0.255664
0.25566
0.255661
0.255655
0.255661
0.255656
0.255655
0.255651
0.255645
0.25563
0.255627
0.255646
0.255644
0.255644
0.255653
0.255661
0.255651
0.255645
0.255644
0.255623
0.255636
0.25562
0.25563
0.255615
0.25561
0.255602
0.255607
0.25562
0.25563
0.255622
0.25563
0.255636
0.255636
0.255629
0.255641
0.255647
0.255647
0.25565
0.255636
0.255617
0.255604
0.255601
0.255611
0.255617
0.255614
0.25561
0.255621
0.255641
0.255641
0.255656
0.255656
0.255657
0.255669
0.255664
0.255664
0.255668
0.255659
0.255664
0.255662
0.255674
0.255685
0.255688
0.255692
0.255689
0.255694
0.255689
0.255697
0.25569
0.255692
0.255694
0.255699
0.255708
0.255703
0.255707
0.255703
0.255708
0.255705
0.255697
0.255694
0.255696
0.255694
0.255694
0.255701
0.25571
0.255695
0.255711
0.25571
0.255711
0.255711
0.255713
0.25571
0.255723
0.255725
0.255732
0.255734
0.255726
0.255729
0.255724
0.25575
0.255753
0.255756
0.255756
0.255767
0.255756
0.255748
0.255749
0.255758
0.25576
0.255759
0.255751
0.255754
0.255755
0.255761
0.255765
0.25576
0.255764
0.255774
0.25578
0.255795
0.255815
0.255798
0.255802
0.255795
0.2558
0.255801
0.255808
0.255819
0.255819
0.25582
0.255814
0.255829
0.255833
0.255843
0.255847
0.255848
0.255849
0.255858
0.255862
0.255863
0.255865
0.25586
0.255872
0.255864
0.255864
0.255867
0.255876
0.255877
0.255889
0.255884
0.255891
0.255889
0.255878
0.255879
0.255886
0.255876
0.255867
0.255866
0.255867
0.255872
0.255877
0.255879
0.255872
0.255873
0.25587
0.255859
0.25586
0.255853
0.255847
0.255849
0.255851
0.255855
0.255865
0.25588
0.255877
0.255872
0.25587
0.255867
0.255848
0.255853
0.255846
0.255854
0.255844
0.255839
0.255824
0.255832
0.255831
0.255836
0.255845
0.255862
0.255865
0.255859
0.255861
0.255859
0.25586
0.25585
0.25587
0.255882
0.255886
0.25589
0.255896
0.255897
0.255903
0.255897
0.255893
0.255891
0.25589
0.255894
0.255874
0.255876
0.255866
0.255878
0.255874
0.255861
0.255866
0.255874
0.255884
0.255877
0.255871
0.255873
0.255874
0.255874
0.255868
0.25586
0.255874
0.255864
0.255843
0.255847
0.255827
0.25583
0.255827
0.255823
0.255834
0.255838
0.255864
0.255867
0.255863
0.255857
0.255869
0.25587
0.255861
0.255854
0.255856
0.255858
0.255853
0.255852
0.255858
0.255852
0.255861
0.255871
0.255872
0.255872
0.255861
0.255859
0.25586
0.255863
0.255868
0.255861
0.25587
0.255877
0.255876
0.255876
0.255879
0.255883
0.255872
0.255867
0.255869
0.255863
0.255868
0.25586
0.255861
0.25587
0.255859
0.255852
0.255857
0.25586
0.255849
0.255851
0.255846
0.25585
0.255858
0.25585
0.255846
0.255859
0.25585
0.255845
0.255843
0.255849
0.255856
0.255863
0.255849
0.255848
0.255844
0.255847
0.255838
0.255844
0.255836
0.255835
0.255827
0.25582
0.25582
0.255816
0.255813
0.25581
0.255796
0.255799
0.255806
0.255805
0.255805
0.255799
0.255795
0.255799
0.255803
0.255812
0.255812
0.255822
0.255815
0.255822
0.255817
0.255821
0.25582
0.255821
0.255821
0.255823
0.255812
0.255808
0.255821
0.255825
0.255808
0.255803
0.255804
0.255809
0.255804
0.255805
0.255813
0.255807
0.255802
0.255792
0.255806
0.255803
0.255803
0.255803
0.255805
0.255809
0.255807
0.25581
0.255814
0.255831
0.255824
0.255844
0.255844
0.255839
0.255861
0.255867
0.255852
0.255856
0.255867
0.255874
0.255866
0.255869
0.255873
0.25587
0.255875
0.255878
0.255873
0.25588
0.255884
0.255879
0.255878
0.255874
0.255878
0.255875
0.255867
0.255875
0.255867
0.255873
0.255876
0.255882
0.255871
0.255865
0.255866
0.25587
0.255863
0.25586
0.255873
0.255883
0.255872
0.25588
0.255876
0.255874
0.255874
0.25587
0.255868
0.255874
0.255875
0.255877
0.255879
0.255875
0.255872
0.255873
0.25588
0.255891
0.255891
0.25589
0.255893
0.255898
0.255899
0.255892
0.255894
0.2559
0.2559
0.255902
0.255895
0.255889
0.255903
0.255902
0.2559
0.255905
0.255899
0.255899
0.255904
0.255912
0.255923
0.255917
0.255919
0.255923
0.255916
0.255917
0.255922
0.255926
0.255924
0.255917
0.255922
0.25592
0.25591
0.255919
0.255918
0.255907
0.255912
0.255916
0.255915
0.255915
0.255915
0.255929
0.25593
0.255949
0.255946
0.255956
0.255957
0.255951
0.255951
0.255958
0.255956
0.255954
0.255945
0.25594
0.255943
0.255953
0.255958
0.255968
0.255981
0.255977
0.255987
0.255978
0.255979
0.255974
0.255976
0.255983
0.255984
0.255979
0.256002
0.256004
0.256003
0.255997
0.255983
0.255991
0.255998
0.255993
0.255998
0.255996
0.255985
0.255978
0.255974
0.25597
0.25597
0.255966
0.255968
0.255968
0.255962
0.255969
0.255977
0.255987
0.255986
0.255979
0.255986
0.255999
0.255986
0.255983
0.255978
0.255984
0.255988
0.25598
0.255971
0.255977
0.25598
0.255984
0.255987
0.256004
0.256008
0.256017
0.256018
0.256018
0.256016
0.256011
0.256006
0.256018
0.256029
0.256023
0.256012
0.256015
0.256032
0.256033
0.256027
0.256028
0.25602
0.256013
0.256009
0.256014
0.256015
0.256012
0.256002
0.255996
0.25599
0.255998
0.255988
0.256
0.255986
0.255988
0.255991
0.255991
0.255995
0.25599
0.256
0.256011
0.256021
0.256034
0.25603
0.256032
0.256029
0.256047
0.256051
0.256051
0.256039
0.256039
0.256044
0.256057
0.256063
0.256056
0.256058
0.25605
0.256049
0.256052
0.25605
0.256058
0.256074
0.256075
0.256073
0.256068
0.256086
0.256088
0.256079
0.256079
0.256087
0.256098
0.256105
0.256107
0.25613
0.25613
0.25613
0.256127
0.256133
0.256126
0.256115
0.256121
0.256118
0.256128
0.256131
0.256134
0.256137
0.256135
0.256144
0.256143
0.256145
0.256141
0.256143
0.256141
0.256142
0.256149
0.256152
0.256138
0.256131
0.256138
0.256137
0.256131
0.256131
0.256139
0.256137
0.256137
0.256124
0.256128
0.25612
0.256109
0.256099
0.256093
0.256086
0.25608
0.25609
0.256094
0.256095
0.256091
0.256079
0.256078
0.256074
0.256065
0.256053
0.256059
0.256058
0.256066
0.256069
0.256065
0.256065
0.256072
0.256059
0.256054
0.25605
0.256051
0.25605
0.256045
0.256041
0.256031
0.256022
0.256021
0.256013
0.25601
0.255995
0.255998
0.255995
0.255982
0.255986
0.255982
0.255981
0.25599
0.25599
0.256007
0.256006
0.255998
0.255998
0.256004
0.255992
0.255988
0.255992
0.255995
0.255999
0.255998
0.255996
0.255983
0.255984
0.255981
0.255982
0.255987
0.255992
0.255992
0.255998
0.256003
0.255997
0.255999
0.255997
0.255988
0.255991
0.255999
0.256001
0.256004
0.25601
0.256013
0.256002
0.255998
0.256002
0.256007
0.256008
0.256021
0.256031
0.256038
0.25605
0.256064
0.256065
0.256063
0.256073
0.256066
0.256073
0.256068
0.25607
0.256081
0.256101
0.256104
0.256101
0.256104
0.256106
0.256115
0.256108
0.256103
0.256127
0.256114
0.256117
0.256148
0.256158
0.256166
0.256157
0.256147
0.256136
0.256146
0.256149
0.256144
0.256134
0.256125
0.256124
0.25614
0.256131
0.256124
0.256126
0.256122
0.256122
0.256125
0.256129
0.256111
0.256118
0.256114
0.256112
0.256118
0.256129
0.256126
0.256119
0.25612
0.256111
0.256117
0.256117
0.256121
0.256123
0.256128
0.256119
0.256124
0.256115
0.256126
0.256131
0.256127
0.256123
0.256112
0.256107
0.25611
0.256099
0.256087
0.256087
0.256081
0.256072
0.256061
0.25607
0.256052
0.256051
0.256039
0.256054
0.256052
0.25607
0.256079
0.256084
0.256092
0.256082
0.256088
0.256095
0.256106
0.256102
0.256111
0.256118
0.256128
0.256124
0.25614
0.256139
0.256133
0.256133
0.256131
0.256129
0.25613
0.256139
0.256149
0.256148
0.256144
0.256144
0.256141
0.256143
0.256132
0.256131
0.256135
0.256133
0.256127
0.256134
0.256129
0.256113
0.256111
0.256109
0.256101
0.2561
0.256105
0.256112
0.25611
0.25611
0.256106
0.256101
0.25609
0.256086
0.256083
0.256089
0.25608
0.256074
0.256071
0.256074
0.256071
0.25608
0.256071
0.25607
0.256073
0.256081
0.25608
0.256087
0.256096
0.256098
0.256104
0.256107
0.256123
0.256122
0.256139
0.256149
0.256159
0.256154
0.25616
0.25615
0.256153
0.256158
0.256152
0.256161
0.256152
0.256159
0.25617
0.256161
0.256166
0.256176
0.256197
0.256194
0.256191
0.256178
0.25617
0.256171
0.256182
0.256189
0.25619
0.256193
0.256185
0.256178
0.256185
0.256182
0.256177
0.256175
0.256173
0.256171
0.256182
0.25617
0.256159
0.256152
0.256151
0.256154
0.256161
0.256154
0.256157
0.256155
0.25616
0.256157
0.256153
0.25615
0.256146
0.256137
0.256139
0.256143
0.256137
0.256136
0.256133
0.256122
0.256116
0.256104
0.256114
0.256114
0.256117
0.256118
0.256119
0.256115
0.256117
0.256117
0.256111
0.256111
0.256107
0.256116
0.256114
0.256105
0.25611
0.256117
0.256113
0.256117
0.256107
0.2561
0.256102
0.25611
0.256109
0.25611
0.256109
0.256115
0.256115
0.256109
0.256112
0.256112
0.256123
0.256133
0.256123
0.256126
0.256111
0.256103
0.256101
0.25611
0.256095
0.256084
0.256077
0.256077
0.256064
0.256069
0.256077
0.256073
0.256072
0.256061
0.256059
