0.800512
0.800977
0.797386
0.803268
0.80981
0.813433
0.814118
0.813234
0.817781
0.820811
0.805174
0.791356
0.782559
0.774982
0.76514
0.757031
0.750725
0.74528
0.742605
0.736292
0.725451
0.714397
0.704725
0.697168
0.689104
0.680727
0.674008
0.66897
0.663515
0.658784
0.650135
0.641763
0.63527
0.628236
0.622017
0.614927
0.610022
0.603595
0.598564
0.592756
0.585916
0.579276
0.572741
0.567577
0.561544
0.556436
0.550464
0.545851
0.54089
0.537173
0.531594
0.525254
0.518771
0.513983
0.509271
0.503519
0.498941
0.494276
0.489741
0.486199
0.482026
0.477017
0.472666
0.468231
0.463995
0.459833
0.456019
0.452176
0.448576
0.444839
0.441066
0.437553
0.433263
0.429871
0.426751
0.423444
0.419593
0.416575
0.413857
0.410704
0.408112
0.405299
0.402792
0.400415
0.397462
0.394939
0.392312
0.390323
0.388037
0.385477
0.382924
0.380811
0.379109
0.377326
0.375601
0.373847
0.372209
0.370617
0.368811
0.367629
0.365939
0.364111
0.362112
0.360097
0.357896
0.356095
0.354494
0.352625
0.350744
0.349008
0.347861
0.34636
0.345124
0.343802
0.342242
0.340785
0.339469
0.338164
0.336582
0.33507
0.334036
0.332771
0.331744
0.330596
0.329552
0.328698
0.327559
0.326601
0.325358
0.324352
0.323305
0.321996
0.320955
0.319955
0.318794
0.317871
0.31689
0.31607
0.314975
0.313874
0.312855
0.311848
0.311205
0.31019
0.30934
0.308539
0.307384
0.306499
0.305786
0.304891
0.304059
0.303025
0.302145
0.301332
0.300477
0.299712
0.299184
0.298472
0.298023
0.297226
0.296463
0.29587
0.294908
0.293943
0.293244
0.292269
0.291457
0.29063
0.28989
0.289374
0.288814
0.288258
0.287648
0.287019
0.286397
0.28594
0.285496
0.284981
0.284459
0.283777
0.283319
0.282631
0.282219
0.281941
0.281409
0.280863
0.280295
0.279772
0.279147
0.27875
0.278379
0.277826
0.277329
0.276732
0.276252
0.275752
0.275263
0.274759
0.274405
0.273828
0.273278
0.273078
0.27247
0.271961
0.27147
0.271003
0.270578
0.270115
0.269956
0.269286
0.268923
0.268485
0.268143
0.267707
0.267381
0.266904
0.266507
0.266139
0.265749
0.26549
0.265024
0.26459
0.264092
0.263759
0.263699
0.263598
0.263205
0.262769
0.262583
0.262335
0.262013
0.261709
0.261507
0.261179
0.260814
0.260683
0.260441
0.260201
0.259841
0.259651
0.259465
0.259152
0.258711
0.258371
0.257977
0.257707
0.257354
0.256999
0.256733
0.25661
0.25621
0.25596
0.255659
0.255533
0.255328
0.255315
0.255015
0.254711
0.254415
0.254157
0.253927
0.253636
0.253315
0.253245
0.253052
0.25269
0.252282
0.251987
0.251795
0.251586
0.251383
0.251188
0.250974
0.250961
0.250558
0.250369
0.250324
0.250252
0.250035
0.25002
0.249849
0.249698
0.249451
0.249337
0.249149
0.248897
0.248768
0.248517
0.248335
0.248248
0.2481
0.247756
0.247665
0.247416
0.247213
0.247077
0.246848
0.246649
0.246522
0.246423
0.246185
0.245948
0.245673
0.245671
0.245586
0.245302
0.245165
0.244981
0.244739
0.244675
0.244454
0.244383
0.244097
0.243884
0.243583
0.243532
0.243422
0.243252
0.243157
0.243031
0.242886
0.242723
0.24245
0.242376
0.242326
0.242088
0.241946
0.241858
0.241756
0.241623
0.241591
0.241506
0.241296
0.241197
0.240996
0.240729
0.240623
0.240481
0.240376
0.240182
0.239877
0.239809
0.239584
0.23947
0.239415
0.23925
0.239009
0.238941
0.238749
0.238572
0.238373
0.238119
0.238002
0.237888
0.237747
0.237632
0.237454
0.237339
0.237222
0.237
0.236894
0.236708
0.236588
0.236445
0.23625
0.236159
0.235991
0.235847
0.235699
0.235508
0.235274
0.235132
0.234988
0.234856
0.234822
0.234727
0.23458
0.23443
0.234244
0.234168
0.234063
0.233925
0.233754
0.23361
0.233518
0.233453
0.23341
0.233226
0.233101
0.23303
0.232906
0.232676
0.232502
0.23241
0.232258
0.232132
0.231962
0.231781
0.231721
0.231527
0.231456
0.231448
0.231349
0.23124
0.231113
0.230918
0.230818
0.230659
0.230386
0.230364
0.230206
0.230105
0.230072
0.229917
0.229909
0.229778
0.229674
0.229573
0.229551
0.229448
0.229274
0.229293
0.22914
0.229108
0.228871
0.228733
0.228611
0.228434
0.228251
0.228126
0.22794
0.227843
0.227697
0.227573
0.227571
0.227391
0.227217
0.227166
0.227058
0.226911
0.226857
0.226796
0.226768
0.226716
0.22666
0.226619
0.226484
0.226399
0.226306
0.226263
0.226178
0.226083
0.22593
0.225808
0.225717
0.225599
0.225479
0.22538
0.225259
0.225184
0.225218
0.225168
0.225126
0.225019
0.224909
0.224793
0.224617
0.224468
0.224411
0.224229
0.224255
0.224232
0.224158
0.224043
0.22396
0.22391
0.223832
0.22371
0.223645
0.223586
0.223525
0.2234
0.223308
0.223222
0.223116
0.222981
0.2229
0.222748
0.22257
0.222511
0.222568
0.222427
0.222385
0.222287
0.22222
0.222104
0.222057
0.221936
0.221893
0.221808
0.221657
0.221558
0.221453
0.221347
0.221265
0.221164
0.220977
0.220839
0.220742
0.220676
0.220655
0.220667
0.220534
0.220475
0.220352
0.220302
0.22023
0.220273
0.22018
0.220086
0.219951
0.219852
0.219736
0.219574
0.219447
0.2193
0.219202
0.219105
0.219059
0.21897
0.218842
0.218742
0.218702
0.218588
0.218471
0.218349
0.21828
0.218149
0.2181
0.217919
0.217792
0.21764
0.217587
0.217521
0.217437
0.217361
0.217307
0.217215
0.217138
0.217049
0.216908
0.21685
0.216679
0.216646
0.21663
0.216533
0.216501
0.216461
0.216327
0.216331
0.216272
0.21625
0.216179
0.216066
0.21598
0.215917
0.215811
0.215718
0.21557
0.215505
0.215417
0.215417
0.215369
0.21524
0.215173
0.215081
0.214984
0.214862
0.214808
0.214786
0.214716
0.214677
0.214592
0.214511
0.214441
0.214391
0.21429
0.214239
0.214209
0.214121
0.214108
0.214032
0.213972
0.213857
0.213827
0.213733
0.213703
0.21367
0.213592
0.213525
0.213514
0.213483
0.213411
0.213371
0.213229
0.213238
0.213271
0.213147
0.213087
0.213103
0.213019
0.212936
0.212859
0.212812
0.212785
0.212838
0.212826
0.212768
0.212721
0.212653
0.21264
0.212566
0.212547
0.212505
0.212462
0.21239
0.212351
0.212326
0.212335
0.212371
0.212333
0.21228
0.212213
0.212101
0.212064
0.211997
0.211944
0.211907
0.211876
0.211879
0.211814
0.211781
0.211751
0.211679
0.211604
0.211566
0.211565
0.211567
0.211497
0.211393
0.211351
0.211361
0.211333
0.211338
0.211315
0.211328
0.211197
0.211124
0.211123
0.211082
0.211013
0.210954
0.210904
0.210831
0.210802
0.210724
0.210713
0.21066
0.21063
0.210557
0.210502
0.210495
0.210478
0.210462
0.210403
0.210357
0.210266
0.210233
0.210244
0.210227
0.210163
0.21007
0.210017
0.209974
0.210006
0.209962
0.209881
0.209883
0.209822
0.209811
0.209772
0.209726
0.209688
0.209666
0.209577
0.209528
0.209481
0.209458
0.209401
0.20934
0.209299
0.209332
0.209334
0.209254
0.209199
0.209198
0.209169
0.209139
0.20909
0.20908
0.208967
0.208922
0.208873
0.208812
0.208814
0.208796
0.208738
0.20867
0.208574
0.208536
0.208516
0.208537
0.208497
0.208448
0.208455
0.208455
0.208351
0.208301
0.208257
0.208205
0.208205
0.208181
0.208145
0.208128
0.208113
0.208073
0.208043
0.208043
0.208003
0.207995
0.207922
0.207847
0.20783
0.207777
0.207722
0.207685
0.207677
0.207642
0.207586
0.207541
0.207493
0.207487
0.20743
0.207414
0.207411
0.207387
0.20733
0.207288
0.207292
0.207299
0.20728
0.207298
0.207312
0.207276
0.207249
0.20717
0.207133
0.2071
0.207027
0.207036
0.206985
0.206922
0.206883
0.206816
0.206772
0.206747
0.206715
0.206735
0.206692
0.206642
0.206653
0.206632
0.206571
0.206511
0.206468
0.206435
0.206452
0.206421
0.206376
0.206316
0.206257
0.20626
0.206248
0.20624
0.206199
0.206131
0.206104
0.206079
0.206074
0.206001
0.205965
0.205976
0.205996
0.206009
0.205963
0.205971
0.205966
0.205985
0.205995
0.20595
0.205942
0.205891
0.205854
0.205876
0.205839
0.205834
0.205843
0.205858
0.205809
0.205744
0.205735
0.205742
0.205716
0.205761
0.205741
0.205709
0.205657
0.205632
0.205659
0.205562
0.205535
0.205459
0.205441
0.205467
0.205436
0.205403
0.205376
0.205298
0.205246
0.205238
0.205188
0.205162
0.205144
0.205074
0.205051
0.205033
0.205023
0.204972
0.204963
0.204995
0.204986
0.205002
0.205005
0.204914
0.204907
0.204865
0.204886
0.204872
0.204883
0.204885
0.204843
0.204838
0.204775
0.204768
0.204721
0.204693
0.204653
0.204672
0.204658
0.204625
0.204568
0.20457
0.204564
0.204558
0.204537
0.204519
0.204529
0.204555
0.204616
0.204611
0.204614
0.204571
0.204554
0.204638
0.204636
0.204602
0.204548
0.204522
0.20448
0.204463
0.204443
0.204434
0.204375
0.204382
0.204401
0.204419
0.204357
0.204304
0.204286
0.204242
0.204197
0.20416
0.204192
0.204145
0.204073
0.204108
0.204114
0.204095
0.204021
0.204012
0.203974
0.203955
0.20396
0.203931
0.203892
0.203843
0.203795
0.203736
0.203694
0.203713
0.203704
0.203666
0.203626
0.203607
0.203611
0.203568
0.20354
0.203559
0.203511
0.203436
0.203426
0.203435
0.203442
0.203401
0.203394
0.203395
0.203336
0.20332
0.203263
0.203189
0.203139
0.203138
0.203103
0.203086
0.203021
0.20302
0.20302
0.202997
0.202954
0.202952
0.202927
0.2029
0.202834
0.202837
0.202798
0.202768
0.202718
0.202733
0.202719
0.202673
0.202601
0.202584
0.202557
0.202488
0.202405
0.202412
0.202432
0.202415
0.202376
0.202315
0.202311
0.202268
0.202234
0.202169
0.202128
0.202112
0.202044
0.201984
0.20198
0.201949
0.2019
0.201851
0.20182
0.201789
0.201773
0.201795
0.201742
0.201702
0.201693
0.201664
0.201659
0.201608
0.201635
0.201665
0.201648
0.201596
0.201567
0.201511
0.201471
0.201454
0.201414
0.201356
0.201342
0.201318
0.201298
0.201245
0.201238
0.201206
0.201171
0.20114
0.201138
0.201092
0.201057
0.201046
0.201057
0.201062
0.201064
0.20105
0.201072
0.201063
0.201052
0.200994
0.200995
0.200969
0.200955
0.200937
0.200895
0.200916
0.200881
0.200859
0.200876
0.200854
0.200859
0.200831
0.200791
0.200744
0.200705
0.200668
0.200652
0.200638
0.20064
0.200612
0.200587
0.200572
0.200551
0.200541
0.200549
0.200513
0.20051
0.200479
0.200463
0.200392
0.200363
0.200322
0.200315
0.200283
0.200259
0.200257
0.200276
0.20026
0.20024
0.200231
0.200212
0.200214
0.200209
0.200224
0.200225
0.200219
0.200213
0.200194
0.200176
0.200148
0.200105
0.200088
0.200076
0.200092
0.200108
0.200133
0.200133
0.200089
0.20005
0.199987
0.199967
0.199929
0.199955
0.199947
0.199921
0.199925
0.199914
0.199881
0.19988
0.199894
0.199884
0.199899
0.199883
0.199861
0.199848
0.199828
0.199817
0.199827
0.199804
0.199826
0.199798
0.199783
0.199792
0.199743
0.199738
0.199735
0.199707
0.199726
0.199699
0.199691
0.199669
0.19968
0.199669
0.19965
0.199656
0.199664
0.199651
0.199599
0.19962
0.199603
0.199583
0.199581
0.199575
0.199519
0.199483
0.19951
0.199498
0.199489
0.199484
0.199456
0.199469
0.199463
0.199421
0.199414
0.199396
0.19941
0.199398
0.199408
0.199363
0.199376
0.199366
0.199322
0.199297
0.199277
0.199274
0.199285
0.199307
0.199309
0.199314
0.199298
0.199274
0.199296
0.199281
0.199247
0.199242
0.199237
0.199257
0.199254
0.199251
0.19925
0.199245
0.19922
0.19923
0.199226
0.199199
0.19922
0.199204
0.199219
0.199219
0.199231
0.199221
0.199181
0.199185
0.199187
0.199194
0.199214
0.199231
0.199284
0.199259
0.199229
0.199231
0.199228
0.199225
0.199198
0.199192
0.199191
0.199136
0.199113
0.199106
0.199069
0.199105
0.199115
0.199134
0.199155
0.199147
0.199134
0.19912
0.19912
0.199109
0.199083
0.199085
0.199063
0.199064
0.199072
0.19904
0.199076
0.199119
0.199106
0.199056
0.199073
0.199042
0.199026
0.199001
0.199016
0.199031
0.199061
0.199028
0.199013
0.199
0.198981
0.198993
0.198964
0.198946
0.198937
0.198942
0.19892
0.198913
0.1989
0.198879
0.198859
0.198861
0.198859
0.198844
0.198825
0.198827
0.198806
0.198824
0.1988
0.198812
0.198792
0.198778
0.198767
0.198801
0.19876
0.198715
0.198719
0.198723
0.198689
0.198656
0.198641
0.198645
0.198658
0.198675
0.198696
0.198695
0.198705
0.198713
0.198705
0.198662
0.198681
0.198675
0.198642
0.198667
0.198621
0.198642
0.19863
0.198622
0.198649
0.198631
0.198603
0.1986
0.198564
0.198541
0.198557
0.198523
0.198535
0.198512
0.198477
0.198483
0.198474
0.198481
0.198485
0.198481
0.198487
0.198487
0.19848
0.198457
0.19844
0.198423
0.198425
0.198409
0.198409
0.198421
0.198383
0.198365
0.198354
0.19834
0.198329
0.198345
0.19834
0.198335
0.198289
0.198258
0.198249
0.198234
0.198193
0.198197
0.198187
0.198201
0.198193
0.198167
0.198165
0.198182
0.19816
0.198148
0.198127
0.198104
0.198106
0.198145
0.198137
0.198139
0.198105
0.198078
0.198075
0.198062
0.198055
0.198046
0.198056
0.198064
0.198078
0.198093
0.198078
0.198097
0.198115
0.198101
0.198084
0.198084
0.198084
0.198099
0.198074
0.198038
0.198046
0.198029
0.198006
0.197969
0.197961
0.197959
0.197932
0.197914
0.197916
0.19794
0.197934
0.197912
0.197912
0.197945
0.197942
0.197955
0.197934
0.19792
0.197921
0.197932
0.197925
0.197896
0.197881
0.197892
0.197875
0.197867
0.197844
0.197807
0.197822
0.197838
0.19783
0.197849
0.197858
0.19788
0.197882
0.197859
0.197853
0.197825
0.197819
0.197809
0.197787
0.197778
0.197726
0.197713
0.197726
0.19776
0.197757
0.197741
0.19773
0.197744
0.197735
0.197708
0.197752
0.197742
0.197715
0.197698
0.197701
0.197683
0.197692
0.197689
0.197682
0.197715
0.197693
0.197681
0.197655
0.197646
0.197622
0.197621
0.197638
0.197602
0.19761
0.197605
0.1976
0.197597
0.197588
0.197598
0.197587
0.197576
0.197582
0.19757
0.197564
0.197545
0.197566
0.197587
0.197574
0.197564
0.197541
0.197533
0.19755
0.197562
0.197561
0.197554
0.197539
0.197531
0.197514
0.197489
0.197487
0.197495
0.19746
0.197463
0.197455
0.197487
0.197472
0.197474
0.197473
0.197473
0.197479
0.197495
0.197464
0.19747
0.197468
0.197465
0.197462
0.197435
0.197434
0.197406
0.197412
0.197435
0.197426
0.19744
0.197439
0.197405
0.197404
0.19738
0.197371
0.197366
0.197368
0.197353
0.197319
0.197323
0.19732
0.197318
0.197305
0.197306
0.19732
0.197305
0.197289
0.197286
0.19725
0.197265
0.197262
0.197259
0.197234
0.197221
0.197201
0.197196
0.197159
0.197145
0.197123
0.197127
0.197106
0.197107
0.197114
0.197087
0.197071
0.197081
0.197079
0.197072
0.197043
0.197041
0.197053
0.197015
0.197029
0.197027
0.197011
0.197024
0.197024
0.197005
0.196998
0.197011
0.196983
0.196983
0.196997
0.196989
0.196997
0.196974
0.19696
0.196955
0.196937
0.196923
0.196928
0.196916
0.196883
0.196874
0.196872
0.19686
0.196848
0.19687
0.196872
0.196884
0.196871
0.196842
0.196833
0.196817
0.1968
0.196783
0.19676
0.196752
0.196766
0.196781
0.196785
0.196793
0.196784
0.196777
0.196777
0.196774
0.196767
0.196753
0.196734
0.196746
0.196742
0.196731
0.196712
0.19672
0.19672
0.196713
0.19669
0.196685
0.196712
0.19668
0.196702
0.196679
0.196689
0.196679
0.196689
0.196685
0.196686
0.19667
0.196688
0.196683
0.196684
0.19669
0.196704
0.196709
0.196705
0.196695
0.196678
0.196697
0.196674
0.196659
0.19666
0.196668
0.196653
0.196673
0.196655
0.196644
0.196628
0.196626
0.196622
0.196613
0.196637
0.196627
0.19663
0.196638
0.196615
0.196595
0.196602
0.196591
0.196596
0.196576
0.19658
0.196553
0.196543
0.196545
0.196567
0.19659
0.196563
0.196532
0.196517
0.196523
0.196506
0.196501
0.196487
0.196463
0.196455
0.19646
0.196465
0.196448
0.19644
0.196445
0.196425
0.196406
0.196407
0.196416
0.196411
0.196382
0.19637
0.196354
0.196363
0.196352
0.196354
0.196337
0.196339
0.196336
0.196324
0.196336
0.196315
0.196325
0.19631
0.196281
0.196283
0.196265
0.196266
0.196275
0.19627
0.196275
0.196283
0.196288
0.19627
0.196277
0.196283
0.196254
0.196245
0.196216
0.19622
0.196212
0.196211
0.196223
0.196225
0.196228
0.196236
0.196219
0.196219
0.196243
0.196218
0.196218
0.196252
0.196252
0.196244
0.196248
0.196256
0.196259
0.196257
0.196257
0.196243
0.196218
0.196212
0.196193
0.196205
0.196252
0.196233
0.196223
0.19621
0.1962
0.196201
0.196206
0.196217
0.196187
0.196196
0.196214
0.196238
0.196227
0.196222
0.196219
0.196231
0.19624
0.196256
0.196239
0.196252
0.196238
0.19625
0.196247
0.196225
0.196219
0.196195
0.196179
0.196181
0.196144
0.196116
0.196094
0.196085
0.196094
0.196093
0.196106
0.196113
0.196118
0.196131
0.196112
0.196113
0.196117
0.196098
0.196105
0.196108
0.196099
0.19612
0.196116
0.196094
0.196087
0.196084
0.196073
0.19607
0.196058
0.196022
0.196014
0.196015
0.196009
0.196017
0.196031
0.19603
0.196022
0.196017
0.196004
0.196012
0.196014
0.195997
0.196009
0.195999
0.195967
0.195945
0.195929
0.195897
0.195871
0.195854
0.195858
0.19585
0.195839
0.19584
0.195833
0.195812
0.195798
0.195786
0.195776
0.195776
0.195758
0.195733
0.19571
0.195699
0.195702
0.195684
0.195695
0.195669
0.195649
0.195637
0.195649
0.195648
0.195637
0.195637
0.195623
0.195594
0.195583
0.195564
0.195539
0.195527
0.195539
0.195519
0.195532
0.195527
0.195515
0.195524
0.195526
0.195514
0.195522
0.195497
0.195491
0.195476
0.195457
0.195468
0.19547
0.195451
0.195448
0.195421
0.195451
0.195447
0.19545
0.195439
0.195447
0.19545
0.195441
0.195439
0.195449
0.195435
0.195463
0.19547
0.195486
0.195475
0.195481
0.19547
0.195434
0.19544
0.195434
0.195437
0.195425
0.195403
0.195388
0.195359
0.195335
0.195316
0.195312
0.195301
0.195288
0.195285
0.195262
0.195258
0.195257
0.195244
0.195233
0.195262
0.195242
0.195244
0.195229
0.195231
0.195225
0.195224
0.195221
0.195208
0.195181
0.195161
0.195157
0.19513
0.19514
0.195142
0.195137
0.19514
0.195127
0.19511
0.195111
0.19512
0.19511
0.195104
0.195116
0.195128
0.195126
0.195142
0.195131
0.195108
0.195102
0.195092
0.19508
0.195065
0.195068
0.195061
0.195054
0.195034
0.195023
0.195027
0.195006
0.194993
0.194983
0.194968
0.194971
0.194979
0.194997
0.195009
0.194998
0.194978
0.19498
0.194979
0.194965
0.194951
0.194952
0.194954
0.194945
0.19492
0.194889
0.19486
0.194859
0.194865
0.194866
0.194869
0.194842
0.19484
0.194813
0.194804
0.194784
0.194762
0.194758
0.194734
0.194737
0.194736
0.194706
0.194701
0.194693
0.194688
0.194674
0.194647
0.194643
0.194635
0.194623
0.194612
0.194623
0.1946
0.194596
0.194597
0.194593
0.194606
0.19461
0.194592
0.194566
0.194553
0.194546
0.194543
0.194527
0.194538
0.194541
0.194523
0.194517
0.194525
0.194512
0.194495
0.194481
0.194479
0.194466
0.194463
0.194448
0.194469
0.194441
0.194454
0.194445
0.194425
0.194412
0.194407
0.19441
0.1944
0.194401
0.194391
0.194366
0.194348
0.194349
0.194332
0.194309
0.194294
0.194289
0.194276
0.194269
0.194265
0.194265
0.19425
0.194234
0.194224
0.194216
0.194204
0.19419
0.194157
0.194165
0.194147
0.194146
0.194133
0.19414
0.194143
0.194132
0.194133
0.194117
0.194118
0.194099
0.194084
0.194109
0.194114
0.19414
0.194145
0.194132
0.194128
0.194135
0.194133
0.194142
0.194137
0.19414
0.194124
0.194109
0.194093
0.194115
0.194128
0.194136
0.194133
0.19415
0.194134
0.19412
0.19411
0.194102
0.194091
0.194075
0.194045
0.194034
0.194026
0.194022
0.194042
0.194045
0.194047
0.194039
0.194015
0.193994
0.193983
0.193988
0.193972
0.193979
0.193978
0.193975
0.193986
0.193959
0.193969
0.193951
0.193944
0.193937
0.193931
0.19392
0.193913
0.193899
0.193888
0.193885
0.193873
0.193868
0.193883
0.193882
0.193882
0.19387
0.193863
0.193864
0.193854
0.193851
0.193844
0.193842
0.193827
0.193828
0.193819
0.193788
0.193793
0.193793
0.193789
0.193781
0.193779
0.193764
0.193747
0.193728
0.193721
0.193737
0.193716
0.1937
0.193692
0.193658
0.193633
0.193628
0.193613
0.19361
0.193606
0.1936
0.193601
0.193597
0.193589
0.193574
0.193556
0.193553
0.193547
0.193523
0.193523
0.193523
0.193514
0.193489
0.193475
0.193464
0.193455
0.193437
0.193446
0.193431
0.193415
0.193408
0.19342
0.193411
0.193391
0.193379
0.193388
0.193422
0.193409
0.193394
0.19341
0.193404
0.193394
0.19338
0.193359
0.193329
0.193317
0.193316
0.1933
0.19329
0.193274
0.193281
0.193277
0.193252
0.193238
0.193225
0.19321
0.19322
0.193227
0.193215
0.193231
0.193214
0.19321
0.193187
0.193176
0.193161
0.193151
0.193141
0.193125
0.193112
0.193087
0.193095
0.193087
0.193069
0.193061
0.193046
0.193041
0.193008
0.19299
0.192959
0.19294
0.192935
0.192938
0.192934
0.192922
0.192913
0.192915
0.192915
0.192904
0.192895
0.192906
0.192905
0.192883
0.192845
0.192815
0.192815
0.19282
0.192807
0.192795
0.19278
0.192763
0.192757
0.192741
0.192715
0.192711
0.192685
0.192688
0.192674
0.192667
0.192661
0.192648
0.192629
0.19261
0.192597
0.192578
0.19257
0.192557
0.19255
0.192529
0.192528
0.192509
0.192506
0.19251
0.192499
0.192519
0.192513
0.192506
0.192498
0.192483
0.192488
0.192485
0.192474
0.192464
0.19245
0.192443
0.192427
0.192424
0.192404
0.192391
0.192392
0.192382
0.192371
0.192349
0.192343
0.192328
0.192323
0.192305
0.192276
0.192268
0.192252
0.192245
0.192233
0.192221
0.192213
0.192196
0.192178
0.192168
0.192143
0.192112
0.192094
0.192091
0.192081
0.192061
0.192059
0.192047
0.192054
0.192047
0.192055
0.192037
0.192008
0.191999
0.191996
0.191988
0.191981
0.191974
0.191974
0.191954
0.191945
0.191941
0.191921
0.191918
0.191925
0.191921
0.191898
0.191902
0.191893
0.191876
0.191866
0.191861
0.191857
0.191827
0.191815
0.191825
0.191815
0.191817
0.191827
0.191819
0.191795
0.191789
0.191766
0.191778
0.191768
0.191752
0.191733
0.191724
0.191707
0.191693
0.191685
0.191678
0.191673
0.191678
0.191647
0.191649
0.191628
0.191625
0.191619
0.191622
0.191633
0.19163
0.191628
0.191616
0.191625
0.191614
0.191587
0.191596
0.191581
0.191581
0.191569
0.191578
0.191575
0.191558
0.191552
0.191545
0.191554
0.191536
0.191523
0.19151
0.191507
0.191517
0.191523
0.191503
0.191498
0.191485
0.19148
0.191488
0.191505
0.191502
0.191508
0.191516
0.191513
0.1915
0.191508
0.191521
0.191504
0.191497
0.191503
0.191504
0.191515
0.191506
0.191487
0.1915
0.191492
0.191482
0.191483
0.19149
0.191489
0.191495
0.191494
0.191489
0.191518
0.191523
0.191522
0.191536
0.19153
0.191546
0.191534
0.191543
0.191549
0.191546
0.191567
0.191556
0.191553
0.191565
0.191543
0.191543
0.191534
0.191531
0.191517
0.191509
0.191505
0.191506
0.19151
0.191506
0.191508
0.191515
0.191523
0.191539
0.191536
0.191541
0.191538
0.191541
0.191544
0.191543
0.191544
0.191545
0.191548
0.191558
0.191555
0.191555
0.191548
0.191562
0.191563
0.191555
0.191535
0.191538
0.191527
0.191524
0.191525
0.191516
0.191512
0.191502
0.191495
0.191498
0.191486
0.191464
0.191451
0.191448
0.191448
0.191431
0.191426
0.191423
0.191433
0.191417
0.191403
0.19139
0.191377
0.191383
0.19137
0.191366
0.191372
0.191356
0.191333
0.19132
0.191322
0.191331
0.191316
0.19132
0.191322
0.191307
0.191304
0.191299
0.191292
0.191294
0.191279
0.191287
0.191277
0.191282
0.191281
0.191282
0.191275
0.191272
0.191259
0.19126
0.191258
0.19126
0.19125
0.191236
0.191215
0.191206
0.191186
0.19119
0.191169
0.191174
0.191177
0.191158
0.191156
0.191135
0.191128
0.191137
0.191147
0.191142
0.191141
0.191145
0.191128
0.191122
0.191124
0.191113
0.191104
0.191104
0.191091
0.191105
0.191107
0.191113
0.191112
0.191118
0.191115
0.1911
0.191085
0.191075
0.191067
0.191064
0.191059
0.191066
0.191065
0.191079
0.191074
0.191077
0.191077
0.191079
0.191076
0.191071
0.191072
0.191061
0.19105
0.191059
0.191061
0.191033
0.191031
0.191025
0.191023
0.191016
0.191012
0.191005
0.191017
0.191012
0.190993
0.190998
0.190992
0.190997
0.190994
0.19098
0.190978
0.190987
0.190993
0.190992
0.190986
0.190979
0.190971
0.190973
0.190963
0.190977
0.190991
0.191
0.190989
0.190985
0.190984
0.190967
0.190976
0.190982
0.19098
0.190985
0.190987
0.190992
0.190994
0.190989
0.190983
0.190986
0.191016
0.190999
0.190997
0.190994
0.190995
0.19099
0.19098
0.190977
0.190975
0.190966
0.190979
0.190974
0.190952
0.190954
0.190954
0.190963
0.190971
0.190968
0.190964
0.190936
0.190925
0.190924
0.190921
0.190912
0.190914
0.190918
0.190909
0.190924
0.190921
0.190928
0.190912
0.190898
0.190882
0.190872
0.190865
0.190857
0.190873
0.190873
0.190866
0.190869
0.190873
0.190876
0.190875
0.190876
0.190885
0.190892
0.190894
0.190896
0.190906
0.19091
0.19089
0.190879
0.190877
0.190887
0.190879
0.190878
0.190887
0.19088
0.190894
0.190889
0.190892
0.190893
0.190883
0.190902
0.19091
0.190903
0.1909
0.190883
0.19091
0.190902
0.190914
0.190911
0.19092
0.190906
0.190898
0.190887
0.190882
0.190872
0.190882
0.190882
0.190879
0.190856
0.19084
0.190852
0.190843
0.190838
0.190839
0.190825
0.190817
0.190814
0.190811
0.190822
0.190817
0.190816
0.190824
0.190831
0.190821
0.19081
0.190803
0.19079
0.190784
0.190774
0.190769
0.190776
0.190769
0.19077
0.190765
0.190765
0.190757
0.190738
0.190728
0.190718
0.190726
0.190736
0.190733
0.19072
0.190717
0.190705
0.190699
0.190705
0.190706
0.190716
0.190715
0.190718
0.190723
0.190725
0.190723
0.190731
0.190719
0.190712
0.190723
0.190726
0.190739
0.190741
0.19074
0.190734
0.19074
0.190744
0.190748
0.190744
0.190735
0.190739
0.190739
0.190746
0.190746
0.19073
0.190746
0.190736
0.190732
0.19072
0.190702
0.190696
0.19069
0.190693
0.190679
0.190677
0.190675
0.190677
0.190671
0.190673
0.190688
0.190679
0.190678
0.190685
0.190672
0.190675
0.190675
0.19067
0.190663
0.190664
0.190665
0.190654
0.19064
0.19064
0.190646
0.190629
0.190617
0.190618
0.190606
0.190608
0.190597
0.190592
0.190585
0.190586
0.190579
0.190586
0.190567
0.190565
0.190563
0.190561
0.19057
0.190557
0.190568
0.190578
0.190576
0.190584
0.190586
0.190575
0.190582
0.190574
0.190564
0.190554
0.190575
0.190574
0.190581
0.190572
0.190579
0.190576
0.190587
0.190598
0.190596
0.190602
0.190597
0.19059
0.190597
0.190593
0.190595
0.190607
0.190611
0.190616
0.190609
0.190592
0.190605
0.190595
0.190577
0.190588
0.190603
0.190594
0.190582
0.190581
0.190577
0.190588
0.190597
0.190589
0.190593
0.19059
0.190598
0.19059
0.19057
0.190564
0.190571
0.190562
0.190562
0.190561
0.190557
0.190559
0.190563
0.190559
0.190553
0.190559
0.190555
0.190548
0.190534
0.190539
0.190535
0.190537
0.190537
0.19055
0.190538
0.190535
0.190541
0.190532
0.190529
0.19053
0.190522
0.190515
0.19051
0.190494
0.190497
0.190483
0.190471
0.190481
0.190489
0.190472
0.190466
0.190467
0.190461
0.190462
0.19046
0.190444
0.190439
0.190437
0.190434
0.190448
0.19043
0.190413
0.190404
0.190398
0.190402
0.190398
0.190398
0.19039
0.190391
0.190386
0.19039
0.190379
0.190388
0.190392
0.190386
0.190385
0.190389
0.190377
0.190383
0.190374
0.190376
0.190366
0.190361
0.190371
0.190359
0.190359
0.190359
0.190363
0.190358
0.190353
0.190345
0.190335
0.190336
0.190328
0.190316
0.190311
0.190315
0.190313
0.190289
0.19028
0.190279
0.190278
0.190277
0.190263
0.190258
0.190252
0.190248
0.190245
0.190242
0.19023
0.190213
0.190196
0.190198
0.190202
0.190198
0.190206
0.190211
0.190215
0.190208
0.190201
0.190213
0.190222
0.190237
0.190236
0.190242
0.190234
0.190229
0.190229
0.190226
0.19024
0.190235
0.190239
0.190245
0.19024
0.190234
0.190231
0.19023
0.190222
0.190226
0.190233
0.190226
0.190216
0.190217
0.190215
0.190211
0.190208
0.190213
0.190205
0.19021
0.190207
0.190205
0.190205
0.190202
0.190198
0.190203
0.190196
0.190196
0.190206
0.190211
0.190216
0.190218
0.190212
0.190229
0.190221
0.19022
0.190232
0.190234
0.190252
0.190254
0.19027
0.190285
0.190284
0.190285
0.190268
0.190274
0.190284
0.190288
0.190285
0.190281
0.190275
0.190277
0.190274
0.190268
0.190279
0.190303
0.190297
0.190304
0.190287
0.190287
0.190301
0.190297
0.19031
0.190311
0.190319
0.19032
0.190336
0.190333
0.190353
0.190363
0.190367
0.190346
0.190345
0.19034
0.190345
0.190353
0.190344
0.190334
0.190337
0.190356
0.190349
0.190367
0.190381
0.190378
0.190368
0.19036
0.190362
0.190369
0.190364
0.190355
0.190355
0.190359
0.190384
0.190388
0.190386
0.190379
0.19038
0.190382
0.190372
0.190376
0.190375
0.190373
0.190371
0.190362
0.19037
0.190367
0.190384
0.190381
0.190374
0.190372
0.190365
0.190367
0.19037
0.190364
0.19037
0.190361
0.190362
0.190368
0.190355
0.190359
0.190343
0.190329
0.190327
0.190309
0.19029
0.190296
0.190299
0.190302
0.190307
0.190292
0.190301
0.190301
0.190291
0.190282
0.190287
0.190287
0.190293
0.190279
0.190275
0.190257
0.19026
0.190263
0.190261
0.190245
0.190251
0.190253
0.19026
0.190245
0.190233
0.19023
0.190237
0.190236
0.190238
0.190226
0.190217
0.190224
0.190234
0.190235
0.190234
0.19022
0.190219
0.190214
0.190211
0.19021
0.190207
0.190197
0.190187
0.190183
0.190177
0.190181
0.190175
0.190178
0.190169
0.190163
0.190165
0.19015
0.19015
0.190145
0.190143
0.190137
0.190138
0.190137
0.190126
0.190139
0.190122
0.190116
0.190107
0.190105
0.190095
0.190105
0.190105
0.190103
0.190092
0.190097
0.190094
0.190089
0.190088
0.190087
0.190076
0.190072
0.190054
0.190051
0.19005
0.190031
0.19003
0.190031
0.190043
0.19004
0.190037
0.190047
0.190038
0.190041
0.190031
0.190017
0.190015
0.190017
0.190018
0.190022
0.190041
0.19004
0.190042
0.190043
0.190043
0.190055
0.190061
0.190066
0.19007
0.190086
0.190096
0.190072
0.190056
0.190056
0.190054
0.190049
0.190042
0.19005
0.19005
0.190044
0.190039
0.190028
0.190026
0.190027
0.190023
0.19002
0.190018
0.190008
0.190002
0.190011
0.190021
0.190015
0.190003
0.189997
0.189994
0.189979
0.189973
0.18997
0.189975
0.189971
0.18995
0.189948
0.189939
0.189922
0.189918
0.189918
0.189916
0.189917
0.189915
0.189907
0.189903
0.189897
0.189902
0.189882
0.189879
0.189874
0.189857
0.189852
0.189848
0.189845
0.189833
0.189818
0.189817
0.189798
0.189782
0.189789
0.189777
0.189782
0.189785
0.189797
0.189787
0.189781
0.189791
0.189783
0.189785
0.189777
0.189778
0.189781
0.189778
0.189771
0.18976
0.18976
0.189759
0.189749
0.189738
0.189742
0.189752
0.189749
0.189744
0.189751
0.189755
0.189738
0.18974
0.189729
0.189727
0.18971
0.189699
0.189705
0.189696
0.189705
0.189697
0.189682
0.189683
0.189675
0.189671
0.189664
0.189665
0.18966
0.189656
0.189649
0.189634
0.189629
0.189628
0.18961
0.189611
0.18962
0.189615
0.189612
0.189615
0.189611
0.189609
0.189606
0.189596
0.189591
0.189596
0.189599
0.189582
0.18958
0.189575
0.189556
0.189552
0.189536
0.189552
0.189541
0.18955
0.189551
0.189545
0.189545
0.189543
0.189552
0.189545
0.189539
0.189523
0.189521
0.189524
0.189528
0.189532
0.189532
0.189539
0.189531
0.189533
0.189514
0.18951
0.189516
0.189503
0.189503
0.189488
0.189482
0.18948
0.1895
0.189488
0.189495
0.189487
0.18948
0.189488
0.189493
0.189496
0.189497
0.189512
0.189514
0.189506
0.189506
0.1895
0.189497
0.189506
0.189498
0.189496
0.189493
0.189486
0.189479
0.189477
0.189479
0.189479
0.18949
0.189476
0.189468
0.189469
0.189468
0.189466
0.189473
0.189469
0.189466
0.18946
0.189445
0.189443
0.18944
0.18945
0.189433
0.189421
0.18942
0.189411
0.18941
0.1894
0.189386
0.189397
0.189393
0.189375
0.189371
0.189359
0.189342
0.189334
0.189323
0.189323
0.18932
0.189321
0.189318
0.189309
0.189303
0.189305
0.189298
0.189293
0.189281
0.189292
0.189278
0.18927
0.189255
0.189251
0.189246
0.189242
0.189241
0.18923
0.189233
0.18923
0.189235
0.189234
0.189232
0.189232
0.189228
0.189226
0.189225
0.189218
0.189216
0.189224
0.189215
0.189216
0.189214
0.189204
0.189211
0.189202
0.18919
0.189181
0.189179
0.189177
0.189167
0.189159
0.189149
0.189152
0.189153
0.189148
0.189149
0.189146
0.189144
0.189133
0.189125
0.189124
0.189117
0.189118
0.18912
0.189113
0.189124
0.189135
0.189135
0.189127
0.189128
0.189125
0.189117
0.189104
0.189094
0.189101
0.189092
0.189091
0.189086
0.18908
0.189074
0.189075
0.189066
0.189064
0.189061
0.189052
0.189045
0.189038
0.189024
0.189032
0.189033
0.189036
0.18903
0.189025
0.189026
0.189016
0.189017
0.189012
0.189006
0.189
0.188999
0.188996
0.189001
0.188998
0.189002
0.189006
0.188995
0.188995
0.188994
0.18899
0.188999
0.188995
0.188994
0.188998
0.188997
0.188984
0.188978
0.18898
0.188986
0.18899
0.188992
0.189001
0.188998
0.188997
0.188992
0.188992
0.189004
0.189008
0.189004
0.189001
0.189005
0.189001
0.189003
0.189016
0.189018
0.189017
0.189014
0.189008
0.189002
0.188997
0.188989
0.188993
0.188993
0.188987
0.188987
0.18898
0.188979
0.188983
0.18898
0.188972
0.188972
0.188971
0.188973
0.188976
0.188969
0.18898
0.188982
0.188981
0.188978
0.188969
0.188966
0.188973
0.188968
0.188952
0.188941
0.18893
0.188938
0.188949
0.188943
0.188953
0.188952
0.188955
0.188947
0.188943
0.188943
0.188943
0.188946
0.188936
0.188943
0.188943
0.188951
0.188947
0.188958
0.188955
0.18897
0.18897
0.18897
0.188978
0.188963
0.188973
0.18898
0.188991
0.189
0.188991
0.189014
0.189022
0.189038
0.18904
0.189043
0.189047
0.189048
0.18904
0.189052
0.189051
0.189059
0.189056
0.189064
0.18907
0.189069
0.189071
0.189074
0.189081
0.189095
0.189096
0.189099
0.1891
0.189116
0.189119
0.189125
0.189128
0.189147
0.189152
0.189147
0.189164
0.189165
0.189172
0.189179
0.189159
0.189157
0.189155
0.189163
0.189149
0.189157
0.189161
0.189164
0.18917
0.189184
0.189184
0.189192
0.189178
0.189181
0.189184
0.189188
0.189203
0.189207
0.189202
0.189198
0.189199
0.189199
0.189196
0.189191
0.189192
0.189175
0.189161
0.18916
0.18916
0.189152
0.18914
0.189135
0.189146
0.189147
0.189138
0.189145
0.189157
0.189166
0.18917
0.189159
0.189162
0.189162
0.189171
0.189174
0.18918
0.189182
0.189188
0.189176
0.189184
0.189174
0.189173
0.189173
0.189179
0.189182
0.189184
0.189185
0.189177
0.189176
0.189174
0.189178
0.189173
0.189177
0.189166
0.189168
0.189163
0.189158
0.189167
0.189164
0.189163
0.189168
0.18915
0.189149
0.18914
0.189135
0.189128
0.189128
0.18913
0.189128
0.18912
0.189108
0.1891
0.189101
0.189105
0.189105
0.189099
0.189086
0.189084
0.189084
0.189087
0.189095
0.189088
0.189081
0.189079
0.189063
0.189055
0.189053
0.189042
0.189032
0.189034
0.189021
0.189024
0.189015
0.189014
0.189009
0.189006
0.188993
0.188996
0.188995
0.188991
0.188994
0.188984
0.188994
0.188994
0.188989
0.188991
0.188994
0.188993
0.18899
0.188997
0.189007
0.189
0.189003
0.189006
0.188996
0.188981
0.188983
0.188986
0.188991
0.188987
0.188987
0.188984
0.188985
0.188992
0.188981
0.188977
0.188979
0.188988
0.188988
0.188975
0.188975
0.188975
0.188966
0.188958
0.188953
0.188963
0.188962
0.188952
0.188962
0.188966
0.188955
0.188956
0.188965
0.188954
0.188949
0.188953
0.188962
0.188958
0.188955
0.188953
0.188952
0.188949
0.188948
0.188946
0.188937
0.188927
0.188928
0.188923
0.188919
0.188922
0.188915
0.188914
0.188909
0.188893
0.188897
0.188895
0.188895
0.188893
0.188893
0.188888
0.188888
0.188883
0.188869
0.188863
0.188857
0.188863
0.188854
0.188853
0.188852
0.188847
0.18883
0.188832
0.18883
0.188824
0.188817
0.188821
0.188819
0.188819
0.188825
0.188821
0.188814
0.188806
0.188796
0.188789
0.188794
0.188801
0.188802
0.188793
0.188795
0.188795
0.188793
0.188789
0.188789
0.188791
0.188791
0.188788
0.188783
0.188789
0.188787
0.188786
0.188778
0.18877
0.188774
0.188776
0.188769
0.188761
0.188754
0.188747
0.188754
0.188749
0.188742
0.188741
0.188739
0.188727
0.18873
0.188727
0.188728
0.188718
0.18872
0.188719
0.188719
0.188726
0.188732
0.188729
0.18873
0.188732
0.188724
0.188723
0.188731
0.188728
0.188726
0.18873
0.188735
0.188739
0.188747
0.18875
0.188736
0.188735
0.18874
0.188747
0.188745
0.188748
0.188747
0.188754
0.188757
0.188756
0.188753
0.188765
0.188746
0.18875
0.188748
0.188751
0.188755
0.188753
0.188765
0.188763
0.18876
0.188773
0.188777
0.188769
0.188763
0.188763
0.188762
0.188774
0.188783
0.188781
0.188788
0.188787
0.188798
0.188788
0.188787
0.188789
0.188786
0.188784
0.188783
0.188787
0.188784
0.188785
0.18879
0.188793
0.188784
0.188778
0.188788
0.188786
0.188787
0.188784
0.188774
0.188769
0.188774
0.188771
0.18877
0.188768
0.18877
0.188768
0.188781
0.188773
0.188765
0.188766
0.188768
0.188762
0.188763
0.188758
0.188753
0.188764
0.188761
0.188762
0.188765
0.188765
0.188769
0.188774
0.188775
0.188768
0.188756
0.188752
0.188748
0.188752
0.188751
0.18874
0.188734
0.188734
0.188729
0.188732
0.188724
0.188719
0.188713
0.188717
0.188719
0.18872
0.188717
0.188714
0.188707
0.188703
0.18869
0.188683
0.188681
0.188676
0.188672
0.188667
0.18866
0.188652
0.188644
0.188638
0.188641
0.188634
0.188625
0.188624
0.188621
0.188609
0.1886
0.188594
0.188585
0.188577
0.188577
0.188559
0.188553
0.188544
0.18854
0.188547
0.188538
0.188531
0.188523
0.188518
0.188511
0.188514
0.188513
0.1885
0.188496
0.188481
0.188471
0.188468
0.188471
0.188463
0.188457
0.188441
0.188429
0.188423
0.188416
0.188405
0.188399
0.188394
0.188395
0.188388
0.188375
0.188368
0.188368
0.188359
0.188354
0.188347
0.188339
0.188332
0.188331
0.188323
0.188327
0.188322
0.188311
0.188315
0.188312
0.188304
0.188302
0.188292
0.188288
0.188275
0.188265
0.188249
0.188244
0.188231
0.188219
0.188212
0.188216
0.188204
0.188201
0.18819
0.188187
0.188179
0.188174
0.18817
0.188164
0.18815
0.188145
0.188136
0.188123
0.188119
0.188111
0.188115
0.18811
0.188106
0.188109
0.188108
0.188102
0.188108
0.188106
0.188097
0.188092
0.188089
0.188083
0.188082
0.188087
0.188099
0.188104
0.188107
0.188107
0.188097
0.188102
0.188097
0.188102
0.188096
0.188094
0.188097
0.188097
0.188091
0.188084
0.188086
0.188083
0.188082
0.188086
0.188072
0.188068
0.188065
0.188064
0.188061
0.188057
0.18806
0.188051
0.188055
0.18806
0.188052
0.188046
0.188042
0.188038
0.18803
0.188033
0.188026
0.188018
0.188009
0.188002
0.187986
0.187985
0.187986
0.187988
0.187976
0.18797
0.187955
0.187944
0.187939
0.187931
0.187931
0.187916
0.18792
0.187906
0.187903
0.187898
0.187896
0.187894
0.187892
0.187881
0.187884
0.187867
0.187866
0.187865
0.187865
0.187867
0.187874
0.187863
0.18786
0.187853
0.187848
0.187845
0.187844
0.187835
0.187825
0.187826
0.187837
0.187836
0.187846
0.187855
0.187851
0.187847
0.18786
0.187855
0.187844
0.187846
0.187839
0.187838
0.187838
0.18784
0.187833
0.187824
0.187812
0.187805
0.187811
0.187805
0.187792
0.187789
0.187784
0.187784
0.187794
0.187789
0.187795
0.187788
0.187789
0.187789
0.187784
0.187782
0.18778
0.187776
0.187764
0.187759
0.187763
0.187761
0.187758
0.187755
0.187751
0.187752
0.187747
0.187757
0.187748
0.187746
0.18774
0.187733
0.187734
0.187724
0.18773
0.187722
0.187722
0.18772
0.18772
0.187724
0.187716
0.18772
0.187711
0.187717
0.187714
0.187703
0.187699
0.1877
0.18769
0.18769
0.187697
0.187692
0.187699
0.187715
0.187719
0.187727
0.187732
0.187722
0.187713
0.187708
0.187708
0.187708
0.187703
0.187709
0.18771
0.187712
0.187714
0.187704
0.187707
0.187705
0.187703
0.187706
0.187707
0.187701
0.187697
0.187689
0.187695
0.187702
0.18771
0.187714
0.187713
0.187705
0.187705
0.187698
0.187687
0.187688
0.187689
0.187689
0.187688
0.187683
0.187687
0.187687
0.187676
0.18767
0.187662
0.187651
0.187649
0.187643
0.187641
0.187634
0.187624
0.187623
0.187623
0.187618
0.187613
0.187608
0.187609
0.187607
0.1876
0.187597
0.18759
0.187581
0.187578
0.187565
0.187559
0.187559
0.187549
0.187546
0.187557
0.187556
0.187548
0.18754
0.187547
0.187541
0.187537
0.18754
0.187532
0.187522
0.187527
0.187518
0.18751
0.187502
0.187486
0.18749
0.187487
0.187478
0.187479
0.187476
0.187465
0.187458
0.187453
0.187452
0.18744
0.187433
0.187425
0.187419
0.187422
0.187407
0.187405
0.187403
0.187398
0.1874
0.187401
0.187396
0.187401
0.187392
0.187382
0.187385
0.187372
0.187371
0.18737
0.187366
0.187369
0.187362
0.187357
0.187353
0.187344
0.187343
0.187332
0.187326
0.187319
0.187323
0.187317
0.187322
0.187322
0.18732
0.187319
0.187317
0.187314
0.187313
0.187301
0.1873
0.187295
0.187295
0.187291
0.18729
0.187286
0.187283
0.187287
0.187289
0.187284
0.187281
0.187272
0.187271
0.187264
0.187261
0.187257
0.187254
0.18725
0.187249
0.187251
0.187239
0.187236
0.187231
0.187221
0.187219
0.187219
0.187219
0.18721
0.187207
0.187203
0.187191
0.18719
0.187195
0.18719
0.187187
0.187186
0.187181
0.18718
0.187185
0.187183
0.18718
0.187168
0.187167
0.187164
0.187167
0.187172
0.187169
0.187166
0.187166
0.187167
0.187169
0.187162
0.187151
0.187155
0.18715
0.187154
0.187153
0.187149
0.187147
0.187146
0.187152
0.187155
0.187153
0.187158
0.187163
0.187159
0.187157
0.187157
0.187155
0.187157
0.187148
0.187147
0.187146
0.18715
0.187145
0.187144
0.187143
0.187143
0.187146
0.187147
0.187153
0.187151
0.18714
0.187132
0.187126
0.187124
0.187117
0.187114
0.18711
0.187109
0.187101
0.187102
0.187099
0.187106
0.187113
0.187103
0.187109
0.187114
0.18711
0.187111
0.18711
0.18712
0.187117
0.187115
0.187113
0.187112
0.187114
0.187116
0.187109
0.187113
0.187113
0.18712
0.187124
0.187119
0.187113
0.187114
0.187118
0.187121
0.187131
0.187121
0.187125
0.187124
0.187118
0.187109
0.18711
0.187103
0.187098
0.187098
0.187103
0.187102
0.187098
0.187102
0.187111
0.187107
0.18711
0.187104
0.187097
0.187098
0.187101
0.1871
0.187102
0.187108
0.187106
0.187103
0.187102
0.187097
0.187092
0.187088
0.187089
0.187086
0.187084
0.187075
0.187071
0.187078
0.187079
0.187083
0.187079
0.187071
0.187078
0.187069
0.187073
0.18707
0.187066
0.187058
0.187063
0.187063
0.187059
0.187059
0.187056
0.18705
0.18705
0.187052
0.187049
0.187051
0.187043
0.187039
0.187047
0.187044
0.187041
0.187036
0.187031
0.187031
0.187033
0.187029
0.187035
0.187034
0.18703
0.187028
0.187019
0.187018
0.187012
0.187009
0.187005
0.186998
0.186991
0.186985
0.186979
0.186983
0.18698
0.186968
0.186958
0.186964
0.186968
0.186963
0.186956
0.186956
0.186952
0.186948
0.186954
0.186949
0.186952
0.186949
0.186945
0.186946
0.186945
0.18695
0.186939
0.186932
0.186924
0.186924
0.186919
0.18692
0.186922
0.186926
0.186936
0.186933
0.186922
0.186924
0.186933
0.18694
0.186934
0.186927
0.18692
0.186917
0.186914
0.186921
0.186917
0.186922
0.186913
0.186909
0.186898
0.186896
0.186887
0.186877
0.186875
0.186873
0.18687
0.186872
0.186869
0.186865
0.186863
0.186856
0.186853
0.186844
0.186838
0.186839
0.186831
0.186825
0.18683
0.186826
0.18683
0.186835
0.186839
0.186831
0.186832
0.186818
0.186808
0.186809
0.186805
0.186798
0.186787
0.186786
0.186783
0.186779
0.18677
0.186758
0.186755
0.186754
0.186746
0.186744
0.186739
0.186736
0.186736
0.186732
0.186735
0.186737
0.186728
0.186719
0.186722
0.186714
0.186714
0.186709
0.186706
0.1867
0.186691
0.186693
0.186693
0.186692
0.186687
0.186674
0.186665
0.186662
0.186659
0.186653
0.186646
0.186642
0.186637
0.186628
0.186639
0.186632
0.186626
0.186613
0.186606
0.186608
0.186602
0.186594
0.186595
0.186585
0.186587
0.186582
0.186573
0.186566
0.186566
0.186554
0.186544
0.18654
0.186537
0.186533
0.186524
0.186514
0.18651
0.186507
0.186505
0.186501
0.186496
0.1865
0.186491
0.186495
0.18649
0.186495
0.186485
0.186489
0.186482
0.186473
0.186472
0.186465
0.186456
0.186448
0.186439
0.186433
0.186435
0.186434
0.186429
0.186435
0.186436
0.186432
0.186434
0.186426
0.186422
0.186413
0.186416
0.186416
0.186418
0.186416
0.186412
0.186404
0.186407
0.186407
0.186404
0.186401
0.186396
0.186387
0.186377
0.186378
0.186379
0.186382
0.186387
0.186378
0.186371
0.186377
0.186379
0.186378
0.186376
0.186375
0.186374
0.186365
0.186366
0.186359
0.18636
0.18637
0.186375
0.186379
0.18638
0.186377
0.18638
0.18638
0.186378
0.186374
0.186371
0.186359
0.186355
0.186354
0.186349
0.18635
0.186351
0.186342
0.186343
0.186342
0.186334
0.186324
0.186314
0.186315
0.186309
0.186305
0.186302
0.186296
0.18629
0.186287
0.186289
0.186283
0.186284
0.186287
0.186288
0.186288
0.186282
0.186278
0.186267
0.18627
0.186264
0.186253
0.186248
0.186245
0.186246
0.186243
0.18624
0.186232
0.186236
0.18623
0.186232
0.186228
0.186224
0.186224
0.186223
0.186221
0.186219
0.186221
0.186219
0.18622
0.186209
0.186209
0.186201
0.186211
0.186209
0.186206
0.1862
0.186202
0.186197
0.186198
0.186192
0.186181
0.186176
0.186173
0.18617
0.186167
0.186167
0.186162
0.18617
0.186164
0.186153
0.186156
0.186147
0.186147
0.186145
0.186145
0.186141
0.186137
0.186131
0.186122
0.186118
0.186117
0.186119
0.186115
0.186104
0.186105
0.186102
0.186105
0.186096
0.186096
0.186108
0.186111
0.186113
0.186115
0.186112
0.186102
0.186108
0.186111
0.186101
0.1861
0.1861
0.186099
0.186101
0.186095
0.186096
0.186095
0.186093
0.186094
0.186095
0.186094
0.18609
0.186093
0.186097
0.186098
0.186097
0.186096
0.186098
0.186097
0.186099
0.186092
0.18609
0.186083
0.186085
0.186085
0.186083
0.186081
0.186075
0.186075
0.186076
0.186075
0.186078
0.18608
0.186084
0.186088
0.186091
0.186093
0.186085
0.186083
0.186084
0.186085
0.186079
0.186074
0.186076
0.186073
0.18607
0.186062
0.186057
0.186058
0.186057
0.18605
0.186057
0.186054
0.186055
0.186048
0.186045
0.186047
0.186048
0.186048
0.186038
0.186027
0.18603
0.186027
0.186032
0.186029
0.186036
0.18604
0.18603
0.186024
0.186031
0.186033
0.186036
0.186034
0.186038
0.186046
0.186043
0.186045
0.186044
0.186045
0.186047
0.186049
0.186049
0.186043
0.186057
0.186067
0.186066
0.186061
0.186064
0.186059
0.186062
0.18607
0.186062
0.186058
0.186061
0.186068
0.186073
0.18607
0.186068
0.186065
0.186073
0.18607
0.18607
0.18606
0.186056
0.186058
0.186048
0.186047
0.186041
0.186039
0.186032
0.186029
0.186036
0.186038
0.186043
0.18605
0.186059
0.18606
0.18605
0.186048
0.186045
0.186048
0.18605
0.186046
0.186049
0.186041
0.186045
0.186046
0.186043
0.186038
0.186036
0.186031
0.186042
0.186041
0.186038
0.186036
0.186034
0.186036
0.186041
0.186042
0.186037
0.186036
0.186032
0.186035
0.186036
0.186034
0.186027
0.186034
0.186038
0.186043
0.186042
0.186045
0.186047
0.186041
0.186034
0.186033
0.186037
0.186045
0.186042
0.18604
0.186034
0.186032
0.186033
0.186037
0.186038
0.186038
0.186044
0.186043
0.18605
0.186041
0.186033
0.186038
0.186035
0.186031
0.186038
0.186039
0.186042
0.186035
0.186031
0.186034
0.186029
0.186021
0.186021
0.18602
0.186028
0.18603
0.186025
0.186027
0.186028
0.18602
0.186019
0.186019
0.186018
0.186009
0.186005
0.185998
0.185999
0.185999
0.186002
0.186006
0.186002
0.186002
0.185996
0.185997
0.185992
0.185984
0.18598
0.185969
0.185964
0.185958
0.185949
0.185945
0.185937
0.185929
0.185926
0.185924
0.185919
0.18592
0.185916
0.185917
0.185907
0.185909
0.185911
0.185906
0.185899
0.185892
0.185889
0.185897
0.18589
0.185879
0.18588
0.185874
0.185874
0.185874
0.185883
0.185879
0.185872
0.185869
0.185862
0.185867
0.185864
0.185866
0.185855
0.18585
0.185861
0.185851
0.185857
0.185858
0.185862
0.185863
0.185859
0.185865
0.185858
0.185852
0.18585
0.185843
0.185841
0.185838
0.185839
0.185838
0.18584
0.185833
0.185829
0.185825
0.185821
0.185828
0.185817
0.185808
0.185806
0.185799
0.185797
0.185804
0.185797
0.185787
0.185787
0.185793
0.185789
0.185787
0.185777
0.185779
0.185775
0.185771
0.185765
0.185765
0.185773
0.185776
0.185774
0.185771
0.185772
0.185774
0.185774
0.185778
0.185781
0.18578
0.185786
0.185789
0.185784
0.185788
0.185795
0.185791
0.185796
0.1858
0.185804
0.185808
0.1858
0.185796
0.185802
0.185803
0.185812
0.18581
0.185813
0.18581
0.185805
0.185806
0.185811
0.185818
0.185823
0.185829
0.185827
0.18583
0.185829
0.185838
0.185839
0.185845
0.18584
0.185838
0.185844
0.185847
0.185843
0.185844
0.185839
0.18584
0.185846
0.185848
0.185846
0.185845
0.185842
0.185841
0.185846
0.185842
0.185847
0.185845
0.185845
0.185848
0.185847
0.185846
0.185846
0.185846
0.185846
0.185841
0.185846
0.185836
0.185839
0.185846
0.185836
0.185838
0.185838
0.185842
0.185837
0.185835
0.185839
0.18583
0.185828
0.18583
0.185827
0.185822
0.185818
0.185816
0.185811
0.185805
0.185802
0.185798
0.185789
0.185783
0.18578
0.185779
0.185783
0.185788
0.185789
0.185793
0.185792
0.185796
0.185798
0.185805
0.185796
0.185802
0.185798
0.185792
0.185793
0.185784
0.185778
0.185768
0.185763
0.185756
0.185753
0.185745
0.18574
0.185739
0.185736
0.185734
0.185731
0.185729
0.185728
0.185729
0.185728
0.185719
0.185715
0.185711
0.185706
0.185703
0.185697
0.185692
0.18569
0.185686
0.185688
0.185689
0.185687
0.185679
0.185677
0.185675
0.185664
0.18566
0.185657
0.185654
0.185665
0.185664
0.185658
0.185652
0.185645
0.18564
0.185638
0.185635
0.185633
0.185634
0.18563
0.185642
0.185639
0.185635
0.185627
0.185627
0.185631
0.185626
0.185625
0.185619
0.185618
0.185611
0.185603
0.185601
0.185592
0.185595
0.185589
0.185583
0.185585
0.185584
0.185582
0.185577
0.185574
0.185575
0.185569
0.18557
0.185572
0.185576
0.185574
0.185574
0.185584
0.185583
0.185581
0.185576
0.185572
0.185567
0.185564
0.185556
0.185554
0.185547
0.18555
0.185542
0.185533
0.185542
0.185545
0.185547
0.185543
0.18554
0.185537
0.185534
0.185544
0.185536
0.185534
0.18553
0.185522
0.185518
0.18552
0.185522
0.185511
0.18551
0.185509
0.185505
0.18551
0.185509
0.18551
0.185513
0.185511
0.185511
0.185511
0.185511
0.185512
0.185509
0.18551
0.185505
0.1855
0.185503
0.185498
0.185497
0.185492
0.185496
0.185498
0.18549
0.185484
0.185482
0.185486
0.185478
0.185476
0.185473
0.18547
0.185467
0.185459
0.185464
0.185457
0.185457
0.18546
0.185459
0.185453
0.185449
0.185445
0.185443
0.185443
0.185444
0.185438
0.185436
0.185431
0.185438
0.185445
0.185439
0.185439
0.185437
0.185438
0.185435
0.185431
0.185426
0.185431
0.18543
0.18543
0.185425
0.185422
0.185427
0.185419
0.185422
0.185425
0.185428
0.185427
0.185428
0.185425
0.185428
0.185431
0.185422
0.185414
0.185412
0.185413
0.18542
0.185422
0.185426
0.185424
0.185419
0.185419
0.185414
0.185415
0.185403
0.185391
0.185391
0.185385
0.185388
0.185391
0.185391
0.185393
0.185397
0.185392
0.185396
0.185393
0.185404
0.185404
0.185397
0.185399
0.1854
0.185399
0.185403
0.185409
0.185414
0.185415
0.185417
0.185417
0.185414
0.185414
0.185413
0.185411
0.185413
0.185416
0.18542
0.185426
0.185423
0.185421
0.185422
0.185424
0.185419
0.185414
0.185423
0.185424
0.185427
0.185421
0.185421
0.185419
0.185419
0.185414
0.185416
0.185415
0.185416
0.18541
0.185421
0.185416
0.185412
0.185415
0.185414
0.185414
0.185416
0.185417
0.185416
0.185409
0.185415
0.185416
0.185415
0.185415
0.185415
0.185419
0.185418
0.185424
0.185424
0.185421
0.185425
0.185429
0.185424
0.185426
0.185424
0.185426
0.185418
0.185424
0.18542
0.185418
0.185418
0.18542
0.185421
0.185417
0.185424
0.185423
0.185423
0.185422
0.185424
0.185418
0.185422
0.185422
0.185427
0.185425
0.185425
0.185426
0.185428
0.18544
0.185438
0.185448
0.185446
0.185449
0.185447
0.185448
0.185443
0.185443
0.185437
0.185436
0.185429
0.185438
0.185439
0.18544
0.185448
0.185451
0.185449
0.185448
0.185451
0.185454
0.185459
0.185459
0.185455
0.185459
0.18546
0.185453
0.185452
0.185451
0.185453
0.18545
0.18545
0.18545
0.185448
0.185446
0.185448
0.18545
0.185451
0.185452
0.185458
0.185452
0.185455
0.185458
0.185462
0.185463
0.18546
0.185467
0.185473
0.185474
0.185479
0.185485
0.185491
0.185496
0.185496
0.185493
0.185495
0.1855
0.185503
0.185504
0.185511
0.185518
0.18552
0.18553
0.185523
0.185524
0.185521
0.185519
0.185519
0.18552
0.185522
0.185523
0.185526
0.185535
0.185538
0.185538
0.185539
0.185534
0.185526
0.185519
0.185525
0.185528
0.18553
0.185527
0.185524
0.185527
0.185532
0.185524
0.185534
0.185538
0.185547
0.185547
0.185545
0.185539
0.185542
0.185532
0.185536
0.185533
0.185532
0.185529
0.185524
0.185526
0.185525
0.185524
0.185527
0.185524
0.185522
0.185526
0.185524
0.185528
0.18553
0.185534
0.185528
0.185533
0.185527
0.185531
0.185534
0.185528
0.185522
0.185516
0.185516
0.185512
0.185516
0.185517
0.185512
0.185512
0.185515
0.185516
0.185518
0.185515
0.185514
0.185516
0.185518
0.18552
0.185518
0.185517
0.185518
0.185515
0.185518
0.185518
0.18552
0.185512
0.185516
0.185513
0.185513
0.185506
0.185501
0.185498
0.185496
0.185497
0.1855
0.185498
0.185497
0.185496
0.185491
0.185482
0.185486
0.185492
0.185483
0.185486
0.185482
0.185479
0.185476
0.185471
0.185472
0.185463
0.185464
0.185466
0.185469
0.185463
0.185462
0.18546
0.185452
0.185446
0.185441
0.185444
0.185437
0.185433
0.185432
0.185427
0.185424
0.185415
0.185408
0.185401
0.185399
0.185387
0.185385
0.185379
0.185382
0.185375
0.185375
0.185374
0.185367
0.18537
0.185368
0.185363
0.185353
0.185353
0.185353
0.185346
0.185338
0.185334
0.185335
0.185329
0.185326
0.185326
0.185326
0.185327
0.185315
0.185308
0.185302
0.185293
0.18529
0.185287
0.185283
0.18528
0.185279
0.185275
0.185271
0.185265
0.185267
0.185264
0.185252
0.185248
0.185244
0.185239
0.185237
0.185241
0.185242
0.185244
0.185239
0.185238
0.185232
0.185234
0.185225
0.185223
0.18522
0.185216
0.18521
0.185213
0.185213
0.185209
0.185202
0.185203
0.185196
0.185201
0.185196
0.185192
0.185194
0.185197
0.185201
0.185195
0.185197
0.185188
0.185182
0.185178
0.185171
0.185169
0.185166
0.185167
0.185165
0.185166
0.185162
0.185162
0.185169
0.185164
0.185164
0.185164
0.185166
0.18517
0.185161
0.185159
0.185157
0.185156
0.185161
0.185164
0.185162
0.185165
0.185164
0.185161
0.185159
0.18515
0.18515
0.185157
0.185157
0.185164
0.185165
0.18516
0.185156
0.185161
0.185161
0.185164
0.18516
0.18516
0.185161
0.185162
0.185173
0.185174
0.185167
0.185167
0.185171
0.185176
0.185175
0.185179
0.185178
0.185171
0.185171
0.185172
0.185178
0.185184
0.18519
0.185194
0.185201
0.185204
0.185204
0.185197
0.1852
0.185203
0.185202
0.185199
0.185197
0.185197
0.185189
0.18519
0.185187
0.18519
0.185193
0.185201
0.185201
0.185202
0.18521
0.185211
0.185213
0.185211
0.185208
0.18521
0.185211
0.185215
0.185207
0.185207
0.185207
0.185209
0.185216
0.185213
0.185209
0.185211
0.185208
0.185207
0.185208
0.185203
0.185197
0.1852
0.185195
0.185204
0.185202
0.185195
0.185197
0.185197
0.185198
0.185195
0.185193
0.185192
0.185202
0.185204
0.185205
0.1852
0.185198
0.18519
0.185189
0.18519
0.185184
0.185182
0.18518
0.185182
0.185181
0.185185
0.185188
0.18519
0.185184
0.185188
0.185182
0.18518
0.185175
0.185174
0.185178
0.185176
0.185181
0.185183
0.185178
0.18518
0.185182
0.185188
0.185182
0.185182
0.185181
0.185187
0.185187
0.185181
0.185172
0.185169
0.18517
0.185169
0.18516
0.185154
0.185152
0.185154
0.185158
0.185155
0.185156
0.185165
0.185166
0.185167
0.185163
0.185159
0.185152
0.185148
0.185149
0.185149
0.185139
0.185132
0.185132
0.185127
0.185122
0.185113
0.185116
0.185118
0.185115
0.185108
0.185111
0.185114
0.185112
0.185103
0.185102
0.185099
0.185101
0.185101
0.185099
0.1851
0.185094
0.18509
0.185096
0.185097
0.185099
0.185091
0.185088
0.185084
0.185085
0.185084
0.185082
0.18508
0.185082
0.185086
0.185083
0.18508
0.185083
0.18508
0.185075
0.185075
0.185071
0.185071
0.185077
0.185082
0.185088
0.185088
0.185087
0.185087
0.185088
0.185088
0.185091
0.1851
0.1851
0.185097
0.185099
0.185092
0.185091
0.185091
0.185095
0.18509
0.185087
0.185078
0.185074
0.185074
0.185069
0.185066
0.185068
0.185069
0.185076
0.18507
0.185067
0.185064
0.185059
0.185051
0.185047
0.18504
0.185048
0.185048
0.185054
0.18506
0.185055
0.185056
0.185056
0.185063
0.185067
0.185069
0.185071
0.185071
0.185065
0.185068
0.185073
0.185068
0.185073
0.185071
0.185073
0.18508
0.18508
0.185079
0.185084
0.185085
0.185076
0.185072
0.185076
0.185074
0.185078
0.185082
0.18508
0.185078
0.18508
0.185085
0.185087
0.185087
0.185088
0.185088
0.185082
0.185084
0.185082
0.185083
0.18508
0.185081
0.185083
0.185089
0.18508
0.185076
0.185081
0.185079
0.185081
0.185081
0.185079
0.185071
0.185065
0.185064
0.185062
0.185064
0.185064
0.185062
0.185066
0.185065
0.185075
0.185074
0.185076
0.185079
0.185088
0.185091
0.185092
0.185096
0.185099
0.185097
0.185096
0.185099
0.185095
0.185091
0.185088
0.185086
0.185086
0.185087
0.185088
0.185088
0.185089
0.18509
0.185087
0.185091
0.18509
0.185093
0.185097
0.185092
0.185092
0.185092
0.185087
0.18509
0.185089
0.185089
0.185087
0.18509
0.18508
0.185086
0.18509
0.185091
0.185094
0.185096
0.1851
0.185095
0.185094
0.185095
0.1851
0.185106
0.18511
0.185109
0.185111
0.185115
0.185117
0.185117
0.185122
0.185123
0.185125
0.185119
0.185123
0.185124
0.185129
0.185136
0.185137
0.185138
0.185143
0.185148
0.185152
0.185152
0.185156
0.185159
0.18516
0.185164
0.185168
0.185178
0.185179
0.185183
0.185184
0.185185
0.185185
0.185185
0.185192
0.185193
0.18519
0.185191
0.185194
0.185197
0.185199
0.185203
0.185208
0.185217
0.185215
0.185211
0.18521
0.185214
0.185213
0.185217
0.185225
0.185224
0.185219
0.18522
0.185219
0.185225
0.185227
0.185233
0.18524
0.185243
0.185239
0.18524
0.185239
0.185243
0.185249
0.185254
0.185259
0.185259
0.185267
0.185267
0.185273
0.185269
0.18527
0.185276
0.185284
0.185287
0.185288
0.185286
0.185293
0.185296
0.185302
0.185307
0.185317
0.185321
0.185317
0.185316
0.185322
0.18533
0.185337
0.185342
0.185352
0.185359
0.185368
0.185369
0.185365
0.185364
0.185362
0.185359
0.185363
0.185364
0.185365
0.185367
0.185375
0.18538
0.185393
0.185398
0.185404
0.185408
0.185411
0.185421
0.185424
0.185423
0.185431
0.185434
0.185435
0.18543
0.185431
0.185434
0.185441
0.185445
0.185445
0.185452
0.185453
0.185452
0.185449
0.185455
0.185457
0.18545
0.185442
0.18544
0.185444
0.185444
0.18544
0.185444
0.185447
0.185447
0.185447
0.185445
0.185442
0.185441
0.185434
0.185436
0.185433
0.185435
0.185435
0.185441
0.185441
0.185441
0.185441
0.185448
0.185443
0.185441
0.185438
0.185444
0.185441
0.18544
0.18545
0.185446
0.185444
0.185446
0.185444
0.185442
0.185446
0.185451
0.185455
0.185457
0.185457
0.18546
0.185462
0.185462
0.185458
0.185456
0.185455
0.18546
0.185463
0.185468
0.18547
0.185468
0.185466
0.18547
0.185476
0.185481
0.185484
0.185482
0.185478
0.185485
0.185484
0.185486
0.185487
0.185486
0.185484
0.185484
0.185487
0.185488
0.18549
0.18549
0.185493
0.18549
0.185494
0.185486
0.185484
0.185486
0.185486
0.185478
0.185477
0.185477
0.18548
0.185479
0.185479
0.185478
0.185486
0.185486
0.185487
0.185481
0.185477
0.185482
0.185482
0.185484
0.185481
0.185474
0.185475
0.185477
0.185479
0.185478
0.185472
0.185471
0.185469
0.185469
0.185465
0.185462
0.185464
0.185458
0.185461
0.185456
0.185449
0.18545
0.185449
0.185451
0.185451
0.18545
0.185453
0.185456
0.185451
0.18545
0.18544
0.18544
0.18544
0.185434
0.185434
0.185431
0.185424
0.185425
0.185421
0.185414
0.185417
0.185412
0.185411
0.185413
0.185414
0.18541
0.185405
0.185404
0.185396
0.185394
0.185392
0.185389
0.185389
0.185386
0.185377
0.185372
0.185366
0.185364
0.185358
0.185359
0.185358
0.185351
0.185347
0.185346
0.185341
0.185336
0.185333
0.185331
0.185325
0.185329
0.185329
0.185326
0.185329
0.18533
0.185326
0.185325
0.185314
0.185317
0.185318
0.185318
0.185318
0.185315
0.185309
0.18531
0.18531
0.185309
0.185306
0.185304
0.185305
0.185306
0.185305
0.185298
0.185296
0.185288
0.185286
0.185284
0.185278
0.185279
0.185276
0.185271
0.185268
0.185276
0.185274
0.185273
0.18527
0.185268
0.185264
0.18526
0.185261
0.185262
0.185268
0.185266
0.185272
0.185267
0.185264
0.185259
0.185263
0.18526
0.185259
0.185253
0.185253
0.185247
0.185242
0.185234
0.185234
0.185238
0.185242
0.18524
0.185247
0.185249
0.185245
0.18525
0.185246
0.185247
0.185248
0.185247
0.185255
0.185256
0.185252
0.185247
0.185243
0.185245
0.185245
0.185245
0.185241
0.18524
0.185241
0.185249
0.185247
0.185248
0.185248
0.185247
0.18525
0.185248
0.185251
0.185249
0.185251
0.18525
0.18525
0.18525
0.185257
0.185253
0.185263
0.18526
0.185261
0.185258
0.185261
0.18526
0.185258
0.185257
0.185254
0.185252
0.185251
0.185252
0.185251
0.185252
0.185251
0.185248
0.185248
0.185247
0.185247
0.185248
0.185251
0.185253
0.185251
0.185249
0.185243
0.185242
0.185246
0.185244
0.185241
0.185245
0.185249
0.185251
0.185253
0.185255
0.185253
0.185246
0.185246
0.185245
0.185248
0.185253
0.185256
0.185253
0.185257
0.185254
0.185256
0.185254
0.185256
0.185254
0.185253
0.18525
0.185263
0.185265
0.185271
0.185277
0.185281
0.185284
0.185285
0.185285
0.185288
0.185284
0.185282
0.185279
0.185276
0.185274
0.185274
0.185268
0.185263
0.185258
0.185255
0.185255
0.185256
0.185256
0.185255
0.185257
0.185255
0.18525
0.185252
0.18525
0.185254
0.185258
0.185258
0.185256
0.185251
0.185251
0.185254
0.18525
0.185244
0.185242
0.18524
0.185241
0.185239
0.185244
0.185243
0.185241
0.185242
0.185243
0.185243
0.185241
0.185247
0.185247
0.185242
0.185246
0.18524
0.185242
0.185241
0.185236
0.185234
0.18523
0.18522
0.185219
0.185222
0.185223
0.185222
0.185223
0.185226
0.185217
0.185214
0.18521
0.185212
0.185206
0.185203
0.185209
0.1852
0.185197
0.185199
0.185203
0.185199
0.185197
0.185197
0.185192
0.185192
0.185195
0.185197
0.185191
0.185193
0.185186
0.185186
0.185185
0.185185
0.185183
0.185179
0.185172
0.185169
0.185174
0.185172
0.185173
0.185173
0.185173
0.18517
0.185162
0.185161
0.185161
0.185159
0.185162
0.185161
0.18516
0.18516
0.185161
0.185157
0.18515
0.185143
0.185142
0.185142
0.18514
0.185138
0.185134
0.18514
0.185143
0.185141
0.185139
0.185138
0.185142
0.185139
0.185148
0.185144
0.185139
0.18514
0.185141
0.185141
0.185138
0.185136
0.185134
0.185138
0.185136
0.185137
0.185134
0.185129
0.185129
0.185129
0.185129
0.185122
0.185125
0.185117
0.185114
0.185117
0.185118
0.185126
0.185126
0.185128
0.185126
0.185124
0.185125
0.185123
0.185114
0.185119
0.185115
0.185119
0.18512
0.185114
0.185107
0.185105
0.185104
0.185094
0.185092
0.185099
0.185099
0.1851
0.185104
0.185105
0.185104
0.185106
0.185102
0.185107
0.185105
0.185103
0.185105
0.185112
0.185106
0.185106
0.185107
0.185107
0.185102
0.185101
0.185096
0.185095
0.185097
0.185097
0.185091
0.185087
0.185087
0.185081
0.185083
0.185082
0.185088
0.185088
0.185086
0.185087
0.185087
0.18508
0.185079
0.185075
0.18508
0.185076
0.185074
0.18507
0.185065
0.185065
0.185066
0.185067
0.185069
0.185071
0.185069
0.185071
0.18507
0.185069
0.185066
0.185064
0.185063
0.185065
0.185064
0.185063
0.18507
0.185068
0.185069
0.185067
0.185062
0.185058
0.185052
0.185051
0.185051
0.185051
0.185048
0.185045
0.18504
0.18504
0.185041
0.185037
0.185037
0.185034
0.185037
0.185036
0.185038
0.185039
0.185042
0.185042
0.185045
0.185044
0.185047
0.185039
0.185038
0.185041
0.185043
0.185039
0.185039
0.185038
0.185035
0.185029
0.185029
0.185035
0.185036
0.185037
0.185029
0.185032
0.185032
0.185038
0.185038
0.185036
0.185032
0.185028
0.18502
0.185017
0.185018
0.185017
0.185014
0.185013
0.185002
0.184998
0.184998
0.184999
0.184995
0.184998
0.184998
0.184998
0.184999
0.184995
0.184993
0.184995
0.184995
0.184993
0.18499
0.184995
0.184996
0.185004
0.185003
0.185008
0.185009
0.185005
0.185003
0.185007
0.185006
0.185006
0.185005
0.185
0.185003
0.184999
0.185004
0.185005
0.185003
0.185003
0.185003
0.185007
0.185011
0.185012
0.185009
0.185014
0.185011
0.185011
0.185014
0.185009
0.185014
0.185014
0.185011
0.185012
0.185012
0.185008
0.185004
0.185002
0.184999
0.185005
0.185011
0.185012
0.185012
0.185009
0.185006
0.185004
0.185003
0.185002
0.185005
0.18501
0.185009
0.185008
0.185012
0.185011
0.185014
0.185016
0.185016
0.185013
0.185018
0.185024
0.185025
0.185024
0.18502
0.185018
0.185019
0.185015
0.18502
0.185018
0.185023
0.185017
0.185015
0.185014
0.185017
0.185017
0.185014
0.185017
0.185019
0.185022
0.185023
0.185023
0.185024
0.185023
0.185022
0.185018
0.185015
0.185014
0.185012
0.185016
0.185018
0.185018
0.18501
0.185012
0.185012
0.185011
0.185012
0.185011
0.185009
0.185009
0.185016
0.18502
0.185018
0.185016
0.185016
0.185018
0.185016
0.185015
0.185017
0.185014
0.185022
0.185023
0.185022
0.185025
0.185022
0.185031
0.185034
0.185039
0.185043
0.185047
0.185044
0.185048
0.185053
0.185058
0.18506
0.185063
0.185065
0.18507
0.185071
0.185076
0.18508
0.185079
0.185077
0.185082
0.185086
0.185094
0.185098
0.185099
0.185099
0.1851
0.185102
0.185097
0.185097
0.185098
0.185102
0.185099
0.185103
0.185101
0.185103
0.185106
0.185111
0.18511
0.185114
0.185118
0.185119
0.185119
0.18512
0.185124
0.185129
0.185129
0.185135
0.185137
0.185136
0.185136
0.18514
0.18514
0.185143
0.185146
0.185149
0.185151
0.185155
0.185156
0.185148
0.185145
0.185143
0.185148
0.185151
0.185151
0.185154
0.185161
0.185161
0.185162
0.185162
0.185162
0.185159
0.18516
0.185164
0.185162
0.185161
0.185158
0.185162
0.185164
0.185162
0.185155
0.185159
0.185161
0.185163
0.185162
0.18516
0.185161
0.18516
0.185165
0.185169
0.185171
0.185174
0.185175
0.185181
0.185184
0.185186
0.185183
0.185191
0.185189
0.185193
0.185196
0.185196
0.185198
0.185196
0.185189
0.185191
0.185191
0.185194
0.185198
0.185197
0.185198
0.1852
0.185199
0.185199
0.185198
0.185195
0.185188
0.185188
0.185185
0.185181
0.185178
0.185182
0.185183
0.185186
0.185189
0.18519
0.185189
0.185191
0.185192
0.185193
0.185197
0.185196
0.185194
0.185196
0.185193
0.18519
0.185196
0.185204
0.185201
0.185204
0.185206
0.185204
0.185198
0.185193
0.185193
0.185198
0.185194
0.185193
0.185195
0.185196
0.185196
0.185194
0.18519
0.185189
0.185194
0.185199
0.1852
0.185201
0.185199
0.185196
0.185196
0.185196
0.185194
0.185193
0.18519
0.185186
0.18518
0.185178
0.185175
0.185173
0.185175
0.185171
0.185167
0.185172
0.18517
0.185178
0.18518
0.185174
0.185171
0.185172
0.18517
0.185169
0.185168
0.185171
0.18517
0.185172
0.185173
0.185168
0.185163
0.185156
0.18516
0.185161
0.18516
0.185164
0.185163
0.185159
0.185163
0.185165
0.185166
0.185166
0.185169
0.185166
0.185161
0.185158
0.185159
0.185155
0.185155
0.185159
0.185165
0.185162
0.185158
0.18516
0.185161
0.185158
0.18516
0.185155
0.185157
0.185161
0.185157
0.185162
0.185168
0.185172
0.18517
0.185174
0.185173
0.18517
0.185171
0.18517
0.185164
0.185163
0.185162
0.185161
0.185158
0.185161
0.185159
0.18516
0.185158
0.185153
0.185149
0.185152
0.185151
0.185154
0.185157
0.185156
0.185153
0.185157
0.18516
0.185159
0.18517
0.185165
0.185165
0.185162
0.185167
0.185166
0.185165
0.185161
0.185154
0.185155
0.185151
0.185155
0.185154
0.185153
0.18515
0.185148
0.18514
0.185141
0.185139
0.18514
0.185145
0.185145
0.185145
0.185146
0.185148
0.185147
0.185143
0.185146
0.185154
0.185152
0.185147
0.185148
0.185146
0.185148
0.185144
0.185143
0.185139
0.18514
0.18514
0.185143
0.185143
0.185146
0.185148
0.18515
0.185157
0.185156
0.18515
0.185147
0.185144
0.185145
0.185137
0.185139
0.185135
0.185133
0.185132
0.185133
0.185134
0.18514
0.185138
0.185141
0.185133
0.185132
0.185135
0.185136
0.185132
0.185127
0.185124
0.185127
0.18513
0.185132
0.185137
0.185136
0.185134
0.185135
0.185131
0.18513
0.185132
0.185133
0.185135
0.185131
0.185137
0.18514
0.185143
0.185141
0.18514
0.18514
0.185137
0.185137
0.185138
0.185139
0.185141
0.185143
0.185145
0.18515
0.185153
0.185147
0.185155
0.185163
0.185159
0.185155
0.185155
0.185151
0.185157
0.185165
0.185166
0.185163
0.185164
0.185171
0.185179
0.185181
0.185175
0.18518
0.185179
0.185183
0.185189
0.185195
0.185204
0.185209
0.185209
0.185209
0.185209
0.185207
0.185209
0.185211
0.185209
0.185211
0.18521
0.18521
0.185208
0.185208
0.185208
0.185202
0.185207
0.185208
0.185205
0.185206
0.185207
0.185206
0.185207
0.185207
0.185207
0.185206
0.185207
0.18521
0.185211
0.185212
0.185215
0.185213
0.185216
0.185216
0.185215
0.185213
0.18521
0.185208
0.185205
0.185202
0.185204
0.18521
0.185206
0.185204
0.185204
0.185198
0.185198
0.1852
0.185198
0.185192
0.185186
0.185184
0.185189
0.185192
0.185191
0.1852
0.185202
0.185208
0.185211
0.185214
0.185216
0.18522
0.18522
0.185217
0.185211
0.185208
0.185203
0.185195
0.185193
0.185189
0.185185
0.185181
0.185182
0.185179
0.185179
0.185176
0.185176
0.185175
0.185173
0.185175
0.185175
0.185179
0.185177
0.185178
0.185181
0.185177
0.185176
0.185173
0.18517
0.185174
0.185176
0.185176
0.185175
0.185171
0.185172
0.185169
0.185165
0.185161
0.185155
0.185156
0.185154
0.185155
0.185158
0.18516
0.18516
0.18516
0.18516
0.185162
0.18516
0.185157
0.185158
0.185152
0.185147
0.18514
0.185143
0.185142
0.185135
0.185138
0.185136
0.185133
0.185135
0.185133
0.185133
0.185132
0.185134
0.185136
0.185138
0.185139
0.185132
0.185141
0.185136
0.185137
0.185135
0.185133
0.185131
0.18513
0.18513
0.185127
0.185122
0.185124
0.185124
0.185122
0.185127
0.185129
0.185128
0.18513
0.18513
0.185126
0.185129
0.185131
0.185133
0.185132
0.185133
0.185136
0.185137
0.18514
0.185142
0.185146
0.185149
0.185157
0.185158
0.18516
0.185162
0.185164
0.185169
0.185173
0.185172
0.18517
0.185168
0.185166
0.185169
0.185172
0.185171
0.185171
0.185171
0.185168
0.185167
0.185168
0.185167
0.185166
0.18516
0.185163
0.185162
0.185166
0.185171
0.185166
0.18517
0.185167
0.18517
0.185171
0.185168
0.185169
0.185173
0.185174
0.185187
0.185188
0.185187
0.185188
0.185188
0.185189
0.185189
0.185192
0.185192
0.185193
0.185196
0.1852
0.185202
0.1852
0.185203
0.185201
0.185201
0.185207
0.18521
0.185209
0.185209
0.185209
0.185207
0.185204
0.185207
0.185201
0.185198
0.1852
0.1852
0.185205
0.185206
0.185209
0.185205
0.185205
0.185205
0.185202
0.185204
0.185207
0.185208
0.18521
0.185212
0.185204
0.185207
0.18521
0.18521
0.185212
0.185213
0.185221
0.185216
0.185212
0.18521
0.185212
0.185211
0.185217
0.18522
0.185218
0.185213
0.185214
0.185208
0.185211
0.185212
0.185216
0.185219
0.185224
0.185229
0.185232
0.185234
0.18524
0.185238
0.185241
0.185234
0.185237
0.185246
0.185253
0.185256
0.185255
0.185258
0.185257
0.185255
0.185257
0.185256
0.185261
0.185267
0.185266
0.185267
0.185265
0.185268
0.185272
0.185274
0.185272
0.18527
0.185271
0.18527
0.185269
0.185277
0.185272
0.185277
0.185283
0.185283
0.185281
0.185289
0.185291
0.185292
0.185295
0.185295
0.185297
0.185294
0.1853
0.185299
0.1853
0.185307
0.185314
0.185318
0.185317
0.185318
0.185324
0.185326
0.185332
0.185332
0.185333
0.185328
0.185332
0.185329
0.185335
0.185332
0.185331
0.185331
0.185333
0.18533
0.185329
0.185335
0.185331
0.185336
0.185331
0.185334
0.185328
0.185331
0.185334
0.185334
0.185337
0.185332
0.185329
0.185337
0.18534
0.185336
0.185337
0.185338
0.185342
0.185346
0.185349
0.185347
0.185351
0.185351
0.185351
0.185356
0.185355
0.185362
0.185363
0.185364
0.185367
0.185367
0.18537
0.185368
0.18537
0.185368
0.185369
0.185374
0.185372
0.185373
0.185371
0.185375
0.185376
0.185376
0.185377
0.185379
0.185378
0.185374
0.185373
0.185376
0.185375
0.185374
0.185378
0.185374
0.185372
0.185374
0.185372
0.185373
0.18538
0.185382
0.185384
0.185379
0.185377
0.185374
0.185368
0.185367
0.185371
0.185366
0.185364
0.185361
0.18536
0.185358
0.185358
0.185355
0.185356
0.185354
0.185357
0.185357
0.185359
0.18536
0.185357
0.185359
0.18536
0.185355
0.18535
0.185352
0.185356
0.185355
0.185346
0.185347
0.185346
0.185345
0.18534
0.185336
0.185334
0.185332
0.185328
0.18533
0.185329
0.185334
0.185333
0.185338
0.185339
0.185339
0.185344
0.185342
0.185345
0.185343
0.185347
0.185345
0.185341
0.185339
0.18534
0.185335
0.185339
0.185345
0.185339
0.185342
0.185342
0.185339
0.185336
0.185337
0.185336
0.185337
0.185335
0.185334
0.185334
0.185333
0.185334
0.18534
0.185341
0.185346
0.185346
0.185348
0.185349
0.18535
0.185347
0.185349
0.185346
0.185343
0.18534
0.185338
0.185338
0.185342
0.185343
0.185339
0.185346
0.185348
0.185349
0.185346
0.185342
0.185345
0.185348
0.185346
0.185342
0.185341
0.18534
0.185341
0.18534
0.185337
0.185341
0.185341
0.185343
0.18534
0.185341
0.185345
0.185342
0.185342
0.185342
0.185343
0.185346
0.185345
0.185339
0.18534
0.185338
0.185332
0.18533
0.185329
0.185323
0.185319
0.185319
0.185322
0.185323
0.185319
0.185317
0.185324
0.185322
0.185317
0.185316
0.185317
0.185318
0.185314
0.185314
0.18531
0.185308
0.185308
0.185308
0.185309
0.185304
0.185301
0.185299
0.185296
0.185293
0.185299
0.185297
0.185301
0.185299
0.185291
0.185287
0.185285
0.185282
0.18528
0.185279
0.185277
0.185274
0.185272
0.185273
0.185271
0.185269
0.185269
0.185266
0.185267
0.185264
0.18526
0.185259
0.185259
0.185257
0.185259
0.185256
0.185258
0.185255
0.185255
0.185257
0.185257
0.185257
0.185259
0.185258
0.185256
0.185254
0.185249
0.185249
0.185247
0.185246
0.18524
0.185236
0.185232
0.185227
0.185226
0.18522
0.185216
0.18521
0.185208
0.185205
0.185203
0.185203
0.185201
0.185197
0.185198
0.185199
0.185197
0.185193
0.185194
0.185188
0.185186
0.18519
0.185192
0.185188
0.185185
0.18518
0.18518
0.185176
0.185173
0.185172
0.185166
0.185164
0.185164
0.185164
0.185161
0.18516
0.185159
0.185162
0.185161
0.185158
0.185154
0.185151
0.185147
0.185144
0.185143
0.185144
0.18514
0.185134
0.185131
0.185128
0.185129
0.185127
0.185128
0.185128
0.185129
0.185123
0.185119
0.185123
0.185119
0.185116
0.185113
0.185117
0.185113
0.185112
0.185114
0.185112
0.18511
0.185107
0.18511
0.185109
0.185109
0.185108
0.185109
0.185113
0.185113
0.185117
0.185117
0.18511
0.18511
0.185113
0.185112
0.185111
0.185112
0.185109
0.185107
0.185107
0.185105
0.185101
0.185095
0.185088
0.185089
0.185081
0.185081
0.185081
0.185081
0.185083
0.185078
0.185074
0.185075
0.185073
0.185072
0.18507
0.18507
0.185071
0.185067
0.185066
0.185067
0.185065
0.18506
0.185061
0.185065
0.185063
0.185061
0.185059
0.185058
0.185061
0.185057
0.185052
0.185049
0.185047
0.185046
0.18504
0.185036
0.185034
0.18503
0.185027
0.185028
0.185023
0.185025
0.185023
0.185019
0.185023
0.185021
0.185019
0.185019
0.185022
0.185025
0.185027
0.185027
0.185027
0.185025
0.185029
0.185029
0.185029
0.185028
0.185024
0.185026
0.185025
0.185027
0.185026
0.18503
0.18503
0.185029
0.185026
0.185023
0.185023
0.185021
0.185016
0.185017
0.185017
0.185015
0.185017
0.185016
0.185014
0.185014
0.185015
0.185009
0.185011
0.185001
0.185
0.185004
0.185
0.185002
0.185001
0.185
0.185
0.184999
0.185001
0.184997
0.184988
0.184982
0.18498
0.184973
0.184968
0.184968
0.184965
0.184967
0.18497
0.18497
0.184968
0.184964
0.184966
0.184959
0.184958
0.184956
0.184952
0.184948
0.184945
0.184943
0.184941
0.184941
0.18494
0.184937
0.18494
0.184938
0.184939
0.18494
0.184938
0.184936
0.184934
0.18493
0.184929
0.184931
0.184936
0.184939
0.184937
0.184938
0.184937
0.184938
0.184934
0.184932
0.184933
0.184937
0.184934
0.184932
0.18493
0.184933
0.184928
0.184933
0.184933
0.18493
0.184926
0.184923
0.184922
0.184923
0.184926
0.184925
0.18493
0.184936
0.184935
0.184928
0.184925
0.184926
0.184924
0.184923
0.184928
0.18493
0.184931
0.184934
0.184935
0.184935
0.184938
0.184938
0.184943
0.184945
0.184942
0.184944
0.184947
0.184948
0.184945
0.184947
0.184954
0.184952
0.184951
0.184952
0.184951
0.184956
0.184959
0.184963
0.184962
0.18496
0.184957
0.184961
0.184958
0.184956
0.184958
0.184958
0.184958
0.184962
0.184958
0.184964
0.184966
0.184966
0.184967
0.18497
0.184972
0.184973
0.184973
0.184977
0.184987
0.184992
0.184992
0.184991
0.184991
0.18499
0.184994
0.184992
0.184991
0.184993
0.18499
0.184993
0.184995
0.184996
0.184996
0.185003
0.185007
0.185013
0.18502
0.185022
0.185029
0.185033
0.185036
0.185039
0.185039
0.185037
0.185033
0.185033
0.185039
0.185041
0.185045
0.185046
0.185044
0.185046
0.185045
0.185046
0.185051
0.185055
0.185059
0.185062
0.185071
0.185076
0.185082
0.185084
0.185087
0.185082
0.185083
0.185081
0.185084
0.185082
0.185079
0.185077
0.185075
0.185079
0.185084
0.185086
0.185092
0.185098
0.185096
0.185096
0.185098
0.185099
0.185095
0.185098
0.185093
0.185089
0.185086
0.185084
0.185085
0.185084
0.185085
0.185085
0.185089
0.185093
0.185091
0.185089
0.185093
0.185095
0.185096
0.185095
0.185097
0.1851
0.185098
0.185094
0.185096
0.185099
0.185097
0.185093
0.185093
0.185094
0.185097
0.18509
0.18509
0.185091
0.185092
0.185088
0.185087
0.185081
0.185081
0.185079
0.185073
0.18507
0.18507
0.18507
0.185071
0.185068
0.185064
0.185063
0.185058
0.185058
0.185056
0.185055
0.185053
0.185056
0.185056
0.185057
0.185062
0.185062
0.18506
0.185055
0.185047
0.185042
0.185036
0.185033
0.185031
0.18503
0.185029
0.185029
0.185024
0.185023
0.185024
0.185025
0.185024
0.185023
0.185021
0.185021
0.18502
0.185017
0.185018
0.185016
0.185011
0.185007
0.185003
0.184999
0.184998
0.185001
0.185003
0.185003
0.185003
0.185003
0.185002
0.185
0.184998
0.185005
0.185009
0.185006
0.185005
0.185003
0.185002
0.185001
0.185004
0.18501
0.185007
0.185007
0.18501
0.185014
0.185014
0.185012
0.185003
0.185011
0.185014
0.185012
0.185014
0.185012
0.18501
0.185017
0.185018
0.185018
0.185017
0.185019
0.185017
0.185018
0.185023
0.185021
0.185025
0.185026
0.185027
0.185025
0.185027
0.185028
0.185033
0.185032
0.185029
0.185034
0.185034
0.185037
0.185036
0.18504
0.185041
0.185039
0.18504
0.185042
0.18504
0.18504
0.185045
0.185043
0.185039
0.185039
0.185041
0.185044
0.185044
0.185046
0.185047
0.185051
0.185051
0.185049
0.185049
0.185051
0.185052
0.185051
0.185056
0.185064
0.185066
0.185069
0.185071
0.185076
0.185079
0.185079
0.185077
0.18508
0.185076
0.185077
0.185079
0.185076
0.185074
0.185079
0.18508
0.185082
0.18508
0.185083
0.185082
0.185081
0.185081
0.185082
0.185081
0.185079
0.185081
0.185081
0.185074
0.18508
0.185083
0.185083
0.185086
0.185086
0.185084
0.185082
0.185079
0.185074
0.185076
0.185078
0.185078
0.185077
0.185077
0.185077
0.185074
0.185073
0.185073
0.185069
0.185071
0.18507
0.185072
0.185075
0.185071
0.18507
0.185071
0.18507
0.185065
0.185059
0.185059
0.185057
0.18505
0.185051
0.185043
0.185041
0.185041
0.185037
0.185035
0.18503
0.185031
0.185028
0.185026
0.185022
0.185024
0.185024
0.185022
0.185022
0.185016
0.185015
0.185015
0.185012
0.185008
0.185004
0.185
0.184996
0.184996
0.184998
0.184998
0.184999
0.184996
0.184993
0.184992
0.184991
0.184985
0.184984
0.184988
0.184985
0.184986
0.184984
0.184983
0.18498
0.184975
0.184974
0.184967
0.184965
0.184965
0.184958
0.184953
0.184953
0.184956
0.184952
0.184947
0.184949
0.184948
0.184948
0.184949
0.184946
0.184946
0.184943
0.18494
0.184939
0.184934
0.184935
0.184929
0.184929
0.184928
0.184928
0.184928
0.184925
0.184924
0.184923
0.18492
0.184914
0.184913
0.184907
0.184903
0.184901
0.184895
0.184896
0.184895
0.184896
0.184894
0.184894
0.184894
0.184894
0.184889
0.184888
0.184883
0.184881
0.184878
0.184872
0.184867
0.184861
0.18486
0.184858
0.184855
0.184851
0.18485
0.184849
0.184846
0.184844
0.184844
0.184842
0.184841
0.184845
0.184845
0.184842
0.184839
0.184838
0.184837
0.184837
0.184835
0.184833
0.184833
0.18483
0.184828
0.184823
0.184826
0.184825
0.184816
0.184817
0.184814
0.184812
0.184809
0.184807
0.184804
0.184802
0.184804
0.184804
0.184801
0.184798
0.184796
0.184797
0.184793
0.184794
0.184791
0.184789
0.184786
0.184782
0.184779
0.184774
0.184777
0.184776
0.184776
0.184777
0.184774
0.184767
0.184764
0.184765
0.184763
0.184758
0.184756
0.184756
0.184752
0.184758
0.18476
0.184759
0.184758
0.184759
0.184759
0.18476
0.184759
0.184762
0.18476
0.184758
0.184751
0.184754
0.184755
0.18475
0.18475
0.184752
0.18475
0.184751
0.184754
0.184756
0.184757
0.184762
0.184762
0.184762
0.184765
0.184764
0.184763
0.184763
0.184763
0.184757
0.184754
0.184755
0.184759
0.184758
0.184757
0.184763
0.184762
0.184761
0.184761
0.184761
0.18476
0.184759
0.184763
0.184762
0.184762
0.184765
0.184766
0.18477
0.184773
0.184774
0.184774
0.184776
0.184776
0.184778
0.184783
0.184786
0.184793
0.184795
0.184797
0.184801
0.1848
0.184802
0.184805
0.184801
0.184803
0.184803
0.184803
0.184805
0.184805
0.18481
0.184815
0.184817
0.184823
0.184832
0.184833
0.184836
0.184841
0.18484
0.184839
0.18484
0.184846
0.184844
0.184849
0.184852
0.184849
0.184851
0.184852
0.184852
0.18485
0.184845
0.184844
0.184848
0.184854
0.184859
0.18486
0.184857
0.184859
0.184862
0.184867
0.184867
0.184865
0.184867
0.184866
0.184866
0.184869
0.18487
0.184873
0.184874
0.184876
0.184873
0.184875
0.184878
0.184877
0.184879
0.184878
0.18488
0.184877
0.184874
0.184874
0.184876
0.184875
0.184877
0.184882
0.184882
0.184883
0.184881
0.184881
0.184882
0.184879
0.184877
0.184876
0.184868
0.184867
0.184867
0.184864
0.184862
0.184861
0.184859
0.18486
0.184861
0.184857
0.184858
0.184853
0.184852
0.184854
0.184861
0.184866
0.184864
0.184864
0.184868
0.184866
0.18487
0.184873
0.184871
0.184874
0.184878
0.184876
0.184874
0.184875
0.18488
0.184879
0.184884
0.184884
0.184889
0.184888
0.184884
0.184885
0.184886
0.184884
0.184886
0.184885
0.184885
0.184885
0.184885
0.184883
0.184881
0.184883
0.184879
0.184877
0.18488
0.184878
0.184877
0.184876
0.184876
0.18488
0.184882
0.184883
0.184889
0.184894
0.184895
0.184897
0.184893
0.184891
0.184893
0.184891
0.18489
0.184889
0.184885
0.184889
0.184888
0.184886
0.184887
0.184883
0.184884
0.184884
0.184885
0.184885
0.18489
0.184893
0.184898
0.184896
0.184901
0.184899
0.184897
0.1849
0.184897
0.184898
0.184897
0.184898
0.184904
0.184903
0.184904
0.184905
0.184907
0.184908
0.184911
0.18491
0.184906
0.18491
0.184909
0.184906
0.184906
0.18491
0.184912
0.184912
0.184911
0.184906
0.184904
0.184907
0.184908
0.184906
0.184908
0.184909
0.184909
0.18491
0.184912
0.184912
0.184914
0.184913
0.184915
0.18492
0.18492
0.184919
0.184917
0.184914
0.184909
0.184907
0.184906
0.184901
0.184902
0.184902
0.184907
0.184902
0.184901
0.184905
0.184902
0.184903
0.184899
0.184896
0.184894
0.184894
0.184895
0.184902
0.184903
0.184903
0.184907
0.184906
0.184903
0.184906
0.184904
0.184906
0.184903
0.184902
0.1849
0.184895
0.184897
0.1849
0.184899
0.184897
0.184896
0.184899
0.184901
0.184901
0.184903
0.184897
0.184898
0.184901
0.184901
0.184901
0.184902
0.184901
0.184898
0.1849
0.184904
0.184901
0.184896
0.184895
0.184898
0.184899
0.184899
0.184901
0.184901
0.184899
0.184901
0.184905
0.184906
0.184907
0.184904
0.184902
0.1849
0.184902
0.184906
0.184908
0.184909
0.184907
0.184911
0.184912
0.184911
0.184911
0.184908
0.184908
0.184904
0.184906
0.184905
0.184909
0.184907
0.184906
0.184908
0.184906
0.184907
0.18491
0.184913
0.18491
0.184912
0.184913
0.184912
0.184915
0.184917
0.184921
0.18492
0.184917
0.184916
0.184916
0.184912
0.184912
0.184912
0.184911
0.184913
0.184913
0.184916
0.184917
0.184918
0.184919
0.184917
0.184913
0.184915
0.184911
0.184911
0.184908
0.184909
0.184908
0.184906
0.184902
0.184899
0.184897
0.184899
0.184904
0.184908
0.184904
0.184909
0.184911
0.184912
0.184911
0.184909
0.184912
0.184912
0.184915
0.184915
0.184915
0.184919
0.18492
0.184917
0.184912
0.184915
0.184915
0.18492
0.184921
0.184918
0.184916
0.18492
0.184919
0.184919
0.184924
0.184921
0.184923
0.18492
0.18492
0.184919
0.184919
0.184916
0.184916
0.184913
0.184918
0.184918
0.184914
0.184913
0.18491
0.184907
0.184905
0.184902
0.184901
0.184898
0.184898
0.184895
0.184896
0.184897
0.184897
0.184896
0.184893
0.184892
0.184894
0.184897
0.184897
0.184895
0.184894
0.184891
0.184891
0.184893
0.184893
0.184889
0.184892
0.18489
0.184889
0.18489
0.184891
0.184891
0.184892
0.184894
0.184895
0.184896
0.184891
0.184893
0.184892
0.184892
0.184893
0.184893
0.184899
0.184898
0.184902
0.184903
0.184903
0.184906
0.18491
0.184908
0.184907
0.184908
0.184912
0.184908
0.18491
0.184915
0.184917
0.184919
0.184918
0.184921
0.184922
0.18492
0.184919
0.184915
0.184916
0.184918
0.184921
0.184924
0.184921
0.18492
0.184917
0.184914
0.184914
0.184914
0.184914
0.184915
0.184912
0.184917
0.184914
0.184913
0.18491
0.184909
0.184911
0.18491
0.18491
0.18491
0.184908
0.184907
0.184905
0.184905
0.184905
0.184901
0.184901
0.184906
0.184903
0.1849
0.184899
0.184902
0.184901
0.184905
0.184909
0.184903
0.184903
0.184902
0.184898
0.184899
0.184903
0.184903
0.1849
0.184896
0.184902
0.184905
0.184904
0.184903
0.184904
0.184905
0.184906
0.184907
0.18491
0.184908
0.184906
0.184904
0.184904
0.184907
0.184913
0.184917
0.184918
0.184914
0.184911
0.184909
0.184906
0.184905
0.184906
0.184905
0.184905
0.184903
0.184902
0.184901
0.184901
0.184902
0.184904
0.184904
0.184904
0.184904
0.184905
0.184905
0.184904
0.184904
0.184903
0.184907
0.184914
0.184919
0.18492
0.184917
0.184922
0.184921
0.184921
0.184921
0.184927
0.184926
0.184927
0.184928
0.184931
0.184934
0.184933
0.184932
0.184929
0.18493
0.184926
0.184928
0.184925
0.18493
0.184925
0.184928
0.184934
0.184935
0.184935
0.184931
0.184932
0.184932
0.184935
0.184937
0.184937
0.184939
0.184937
0.184939
0.184939
0.184941
0.184943
0.184942
0.184946
0.184944
0.184947
0.184951
0.184952
0.184957
0.184957
0.184958
0.184958
0.184958
0.184957
0.184959
0.184961
0.184962
0.184961
0.184963
0.184964
0.184969
0.184973
0.184975
0.184973
0.184974
0.184972
0.184976
0.18498
0.184985
0.184982
0.184982
0.184985
0.184986
0.184989
0.184992
0.184995
0.184998
0.184999
0.184999
0.184999
0.184996
0.184999
0.185003
0.185001
0.185001
0.185003
0.185005
0.185007
0.185007
0.185007
0.185009
0.185011
0.185014
0.185017
0.185013
0.185011
0.185017
0.185015
0.185017
0.185018
0.185018
0.185016
0.185021
0.185022
0.185017
0.18502
0.185025
0.185026
0.185026
0.185031
0.185026
0.185027
0.185024
0.185022
0.185026
0.185024
0.185017
0.185016
0.185012
0.18501
0.185009
0.185013
0.185013
0.185018
0.185019
0.185019
0.185021
0.185021
0.185021
0.185024
0.185025
0.18503
0.185028
0.185034
0.185035
0.185034
0.185032
0.185026
0.185024
0.185028
0.18503
0.185032
0.185034
0.185038
0.185036
0.185033
0.185029
0.18503
0.185027
0.185021
0.185015
0.185017
0.18502
0.185018
0.185017
0.185011
0.185008
0.185007
0.185004
0.185004
0.185004
0.185005
0.185005
0.185005
0.185002
0.185002
0.184999
0.184996
0.184991
0.184988
0.184984
0.18498
0.184976
0.184977
0.184975
0.184976
0.18498
0.184979
0.18498
0.18498
0.184977
0.184973
0.184979
0.184985
0.184985
0.184981
0.184984
0.184983
0.184982
0.184978
0.184979
0.184973
0.184972
0.184972
0.184975
0.184975
0.184974
0.184973
0.184976
0.184973
0.184976
0.184977
0.184975
0.184977
0.184973
0.184972
0.184975
0.184971
0.184972
0.184969
0.184965
0.184964
0.184963
0.184963
0.184963
0.18496
0.184954
0.184952
0.184954
0.18495
0.184952
0.18495
0.184947
0.184946
0.184942
0.184943
0.18494
0.184941
0.184935
0.184936
0.184935
0.184932
0.184929
0.184929
0.184927
0.184919
0.184921
0.184921
0.184918
0.18492
0.184922
0.184923
0.184924
0.184919
0.184917
0.184915
0.184912
0.184915
0.184913
0.184915
0.184918
0.184916
0.184919
0.184917
0.184915
0.184917
0.184913
0.184914
0.184912
0.184911
0.184912
0.184914
0.184912
0.184915
0.184913
0.18491
0.184907
0.184906
0.184903
0.184906
0.184905
0.184903
0.184905
0.184903
0.1849
0.1849
0.184898
0.184899
0.1849
0.184901
0.184901
0.1849
0.184895
0.184896
0.184901
0.184903
0.184901
0.1849
0.1849
0.184898
0.184901
0.184899
0.184904
0.184903
0.184904
0.184902
0.1849
0.184901
0.184903
0.184899
0.184896
0.184899
0.184898
0.184897
0.184896
0.1849
0.1849
0.184898
0.184898
0.184901
0.1849
0.184899
0.184895
0.184888
0.184889
0.184888
0.184884
0.184883
0.18488
0.184881
0.184884
0.184885
0.184886
0.184886
0.184885
0.184886
0.184883
0.184883
0.184883
0.184885
0.184888
0.184889
0.184888
0.184884
0.184881
0.184877
0.184879
0.184877
0.184878
0.184879
0.184876
0.184875
0.184876
0.184875
0.184877
0.184878
0.184877
0.184878
0.184883
0.18488
0.184883
0.184882
0.184881
0.184882
0.184881
0.184881
0.184886
0.184886
0.184884
0.184882
0.184883
0.184885
0.184886
0.184885
0.184884
0.184884
0.184885
0.184889
0.184888
0.184888
0.184888
0.184888
0.184887
0.184889
0.184888
0.184887
0.184891
0.184891
0.184892
0.184892
0.184889
0.18489
0.184891
0.184888
0.184892
0.184891
0.184894
0.184896
0.184898
0.1849
0.184902
0.184901
0.184902
0.184903
0.184904
0.184903
0.184902
0.184901
0.184904
0.184903
0.184905
0.184908
0.184908
0.184911
0.18491
0.184909
0.184909
0.184909
0.184911
0.184911
0.184908
0.184907
0.184909
0.184907
0.184908
0.184912
0.18491
0.184908
0.184908
0.18491
0.184907
0.184905
0.184901
0.184905
0.184907
0.184904
0.184903
0.184902
0.184901
0.1849
0.1849
0.184902
0.184901
0.1849
0.184898
0.184896
0.184895
0.184893
0.184891
0.184892
0.184893
0.184886
0.184888
0.184888
0.184887
0.184888
0.184885
0.184887
0.18489
0.184888
0.184887
0.184886
0.184887
0.184883
0.184885
0.184884
0.184883
0.18488
0.184877
0.184877
0.184877
0.184877
0.184875
0.184872
0.184871
0.184865
0.184865
0.184862
0.184863
0.184863
0.184861
0.184862
0.184865
0.184867
0.184868
0.184867
0.184868
0.184869
0.184859
0.184857
0.184856
0.184857
0.184859
0.184859
0.184859
0.184862
0.184859
0.184858
0.184852
0.184853
0.184852
0.18485
0.184844
0.184841
0.184838
0.184837
0.184835
0.184838
0.184836
0.184838
0.184836
0.184837
0.184838
0.184836
0.184834
0.184833
0.184835
0.184836
0.184837
0.184833
0.184833
0.184835
0.184838
0.184835
0.18484
0.18484
0.184842
0.184843
0.184846
0.184845
0.184846
0.184846
0.184846
0.18485
0.184849
0.184851
0.18485
0.184851
0.184852
0.184858
0.184862
0.184867
0.184867
0.184864
0.184861
0.184861
0.184864
0.184863
0.184863
0.184864
0.184864
0.184861
0.184858
0.184859
0.184864
0.184867
0.184865
0.184871
0.184872
0.184871
0.184874
0.184877
0.184875
0.184874
0.184874
0.184875
0.184872
0.184873
0.184874
0.184876
0.18488
0.18488
0.184882
0.184885
0.184884
0.18488
0.184883
0.184886
0.184888
0.184885
0.184888
0.184886
0.184886
0.184884
0.184888
0.184886
0.18489
0.184891
0.184889
0.18489
0.184891
0.18489
0.184886
0.184884
0.184887
0.184886
0.184891
0.184888
0.184889
0.18489
0.184891
0.184892
0.184895
0.1849
0.1849
0.1849
0.184901
0.1849
0.1849
0.184904
0.184906
0.18491
0.184911
0.184908
0.184908
0.184911
0.184913
0.184914
0.18491
0.184912
0.184917
0.184917
0.184917
0.184917
0.18492
0.184914
0.184918
0.184916
0.184919
0.184916
0.184917
0.184919
0.184925
0.184924
0.184928
0.184923
0.184921
0.184921
0.184922
0.184924
0.184926
0.184924
0.184923
0.184926
0.184928
0.184926
0.18493
0.18493
0.184931
0.184934
0.184936
0.184938
0.184937
0.184938
0.18494
0.184938
0.184937
0.184938
0.184937
0.184937
0.184938
0.184934
0.184933
0.184934
0.184935
0.184935
0.184941
0.184941
0.184939
0.184942
0.18494
0.184937
0.184936
0.184932
0.184932
0.184931
0.184931
0.184929
0.18493
0.184928
0.184928
0.184927
0.184925
0.184925
0.184922
0.184919
0.184918
0.184917
0.184915
0.184922
0.184921
0.184925
0.184924
0.184922
0.18492
0.184919
0.18492
0.184916
0.184911
0.184907
0.184908
0.184906
0.184901
0.184901
0.184898
0.184898
0.184899
0.184897
0.184895
0.184895
0.184892
0.184889
0.184889
0.184888
0.184884
0.184881
0.184879
0.184878
0.184876
0.184873
0.184873
0.184871
0.184868
0.184868
0.184863
0.18486
0.184865
0.184861
0.184862
0.184861
0.184862
0.184857
0.184855
0.184859
0.184856
0.184849
0.184845
0.184843
0.184842
0.184844
0.18484
0.184839
0.184834
0.184835
0.184835
0.184833
0.184834
0.184828
0.184825
0.184823
0.18482
0.184816
0.184815
0.184814
0.184813
0.184814
0.184817
0.184818
0.184815
0.184812
0.184812
0.184815
0.184815
0.184815
0.18481
0.184811
0.18481
0.184809
0.18481
0.184811
0.184805
0.184812
0.184813
0.184812
0.184809
0.184811
0.184813
0.184814
0.184814
0.184811
0.184811
0.184809
0.184808
0.184808
0.184809
0.184809
0.184807
0.184807
0.184805
0.184806
0.184804
0.184805
0.184803
0.184807
0.184808
0.184806
0.184807
0.184807
0.184807
0.18481
0.184807
0.184807
0.184808
0.18481
0.184808
0.184814
0.184812
0.184814
0.184815
0.184811
0.184813
0.184812
0.184813
0.184813
0.18481
0.184809
0.184807
0.184809
0.184806
0.184806
0.184804
0.184808
0.184807
0.184806
0.184805
0.184801
0.1848
0.184794
0.184796
0.184796
0.184803
0.184807
0.184803
0.184802
0.1848
0.184805
0.184803
0.184805
0.184803
0.184804
0.184805
0.184805
0.184803
0.184805
0.184805
0.184808
0.184812
0.18481
0.184813
0.184813
0.184813
0.184815
0.184814
0.184811
0.184813
0.184816
0.184812
0.184815
0.184817
0.184813
0.184814
0.184813
0.184812
0.184814
0.184807
0.1848
0.184799
0.184795
0.184793
0.18479
0.184789
0.184786
0.184782
0.184779
0.184778
0.18478
0.184775
0.184773
0.18477
0.184774
0.184773
0.18477
0.18477
0.18477
0.184769
0.18477
0.184767
0.184765
0.184762
0.184764
0.184763
0.184759
0.184758
0.184759
0.184759
0.184757
0.184757
0.184756
0.184756
0.184754
0.184752
0.184754
0.184752
0.18475
0.184751
0.184749
0.184749
0.184749
0.184751
0.184751
0.18475
0.18475
0.184752
0.184752
0.184751
0.184749
0.184747
0.184746
0.184746
0.184744
0.184745
0.184744
0.18474
0.184738
0.184735
0.184736
0.184735
0.184735
0.184734
0.184731
0.184729
0.184729
0.184729
0.184726
0.184726
0.184727
0.184725
0.184726
0.184724
0.184726
