3.179681211055455307e-09	2.852436906658731698e-14	1.032004704321768620e-14	1.000000000000000000e+00
6.359362422110910614e-09	7.410064291521370843e-14	3.397119711567611297e-14	1.000000000000000000e+00
9.539043633166366748e-09	-2.363112010214551328e-13	3.476507622995020257e-13	1.000000000000000000e+00
1.271872484422182123e-08	-1.805791607886256088e-13	2.997846128857499513e-13	1.000000000000000000e+00
1.589840605527727571e-08	4.306113166775833001e-14	1.913064722859854272e-13	1.000000000000000000e+00
1.907808726633273019e-08	6.759627920850964899e-14	1.190006460676121147e-13	1.000000000000000000e+00
2.225776847738818798e-08	2.898111499495012814e-12	6.242489537972500395e-13	1.000000000000000000e+00
2.543744968844364246e-08	6.445577688360041530e-16	4.943616150049874504e-15	1.000000000000000000e+00
2.861713089949909694e-08	6.325941050492917181e-16	2.578481551983728165e-15	1.000000000000000000e+00
3.179681211055455142e-08	-1.323629697104929218e-15	1.899778640351928329e-15	1.000000000000000000e+00
3.497649332161000920e-08	5.731914127107905301e-16	1.234250205800652257e-15	1.000000000000000000e+00
3.815617453266546699e-08	9.200175128846410467e-16	1.469151178134010670e-15	1.000000000000000000e+00
4.133585574372092478e-08	-1.574808941986979040e-16	1.438487000257695987e-15	1.000000000000000000e+00
4.451553695477637595e-08	-7.233126168091681133e-16	7.236775809837110272e-16	1.000000000000000000e+00
4.769521816583183374e-08	5.809462469332766937e-16	7.594967346310186062e-16	1.000000000000000000e+00
5.087489937688728491e-08	8.959150764789491981e-16	7.499890067641956765e-16	1.000000000000000000e+00
5.405458058794274270e-08	1.776537171260639158e-16	5.487414120118309422e-16	1.000000000000000000e+00
5.723426179899820049e-08	4.990662501819857013e-16	7.841063323712444944e-16	1.000000000000000000e+00
6.041394301005365166e-08	1.499230600496890860e-15	7.498586010486873081e-16	1.000000000000000000e+00
6.359362422110910283e-08	1.452994997980231655e-16	3.642534330639445577e-16	1.000000000000000000e+00
