3.179681211055445794e-09	6.021635423106000779e-16	3.875852670930164700e-16	1.000000000000000000e+00
6.359362422110891589e-09	1.266847249232384419e-16	3.158620131835734167e-16	1.000000000000000000e+00
9.539043633166336970e-09	-2.004804637471512468e-16	3.160192460519042997e-16	1.000000000000000000e+00
1.271872484422178318e-08	-4.425740187450995367e-17	3.158750704858650694e-16	1.000000000000000000e+00
1.589840605527722939e-08	-3.944486314232892525e-16	3.158601127983116448e-16	1.000000000000000000e+00
1.907808726633267394e-08	7.022482260461729568e-17	3.664756364060070435e-16	1.000000000000000000e+00
2.225776847738811849e-08	1.096851288366321159e-15	5.416184215595371878e-16	1.000000000000000000e+00
2.543744968844356636e-08	-2.545764061638376964e-16	3.158670888955183359e-16	1.000000000000000000e+00
2.861713089949901091e-08	2.118277170131047936e-16	3.159698981961707877e-16	1.000000000000000000e+00
3.179681211055445877e-08	-5.283363896588497864e-16	3.158646740580254484e-16	1.000000000000000000e+00
3.497649332160990332e-08	-8.903369905372361548e-17	4.067045216576144447e-16	1.000000000000000000e+00
3.815617453266534788e-08	-3.125151974352265569e-16	3.160297627073960415e-16	1.000000000000000000e+00
4.133585574372079243e-08	1.815971449841889386e-16	3.159679636861307708e-16	1.000000000000000000e+00
4.451553695477623699e-08	-2.145338193964418408e-16	3.590486556873722067e-16	1.000000000000000000e+00
4.769521816583168816e-08	-2.023474253203412721e-16	3.159092515709354637e-16	1.000000000000000000e+00
5.087489937688713271e-08	-1.605972628167847153e-17	3.158854979304019316e-16	1.000000000000000000e+00
5.405458058794257726e-08	-2.637295247954861682e-16	3.162402649012158682e-16	1.000000000000000000e+00
5.723426179899802182e-08	-4.069957493480921349e-16	3.158612962476575587e-16	1.000000000000000000e+00
6.041394301005346637e-08	-1.298376539153022617e-16	3.158867899856294467e-16	1.000000000000000000e+00
6.359362422110891754e-08	2.652704817477555343e-16	3.985623577302176476e-16	1.000000000000000000e+00
