0.793103
0.8
0.802013
0.80226
0.799305
0.800842
0.802434
0.80467
0.802809
0.805182
0.789595
0.77726
0.765762
0.757537
0.750798
0.745012
0.738243
0.732563
0.727141
0.722854
0.711664
0.70416
0.69834
0.690635
0.684057
0.67659
0.669938
0.664674
0.660045
0.653754
0.646155
0.639318
0.632509
0.625639
0.619638
0.613256
0.60782
0.603352
0.597969
0.594347
0.587611
0.580987
0.575326
0.569361
0.563842
0.557872
0.553118
0.548533
0.543818
0.539396
0.53487
0.529537
0.524007
0.519337
0.514191
0.509643
0.506109
0.502383
0.498057
0.494511
0.489874
0.485298
0.480865
0.47705
0.473206
0.469211
0.465456
0.462169
0.458287
0.454827
0.452168
0.448736
0.445556
0.442369
0.43939
0.436205
0.433186
0.430259
0.427374
0.424237
0.421829
0.419175
0.416724
0.414336
0.412201
0.409752
0.407098
0.404767
0.402279
0.400033
0.398232
0.396619
0.394844
0.393577
0.392327
0.390727
0.389743
0.388223
0.386883
0.384959
0.383652
0.38241
0.381308
0.379915
0.378714
0.377425
0.376322
0.375357
0.374278
0.372725
0.371703
0.370531
0.369381
0.368316
0.36715
0.365942
0.365054
0.364123
0.363177
0.362456
0.361495
0.360614
0.359844
0.359275
0.358709
0.357797
0.357013
0.356105
0.355338
0.354712
0.353982
0.353034
0.352401
0.351652
0.351381
0.350774
0.350125
0.349607
0.348747
0.348143
0.347711
0.346881
0.346362
0.345582
0.344765
0.344475
0.343822
0.343512
0.343057
0.342639
0.342123
0.341827
0.341354
0.340916
0.340438
0.33974
0.339128
0.338229
0.337677
0.337425
0.336645
0.336201
0.335832
0.335431
0.335116
0.334365
0.333991
0.333655
0.333197
0.332784
0.332432
0.332018
0.331632
0.331151
0.330622
0.330069
0.329457
0.329166
0.328769
0.328241
0.327803
0.327536
0.327166
0.326799
0.326316
0.325716
0.325349
0.324921
0.324468
0.32396
0.323415
0.323107
0.322754
0.322459
0.322077
0.321924
0.321394
0.321175
0.320917
0.320385
0.320044
0.319445
0.319064
0.318722
0.31832
0.318076
0.317781
0.317585
0.31732
0.317042
0.316841
0.316648
0.316341
0.31599
0.315694
0.315179
0.3151
0.31477
0.314406
0.314206
0.314037
0.313801
0.313524
0.313445
0.31328
0.313122
0.313169
0.312864
0.312783
0.312502
0.312215
0.311982
0.31186
0.311671
0.311412
0.311193
0.3109
0.310648
0.310348
0.310237
0.309855
0.309621
0.30931
0.309099
0.308835
0.30874
0.30849
0.308275
0.307968
0.307766
0.307587
0.307354
0.307185
0.306854
0.306524
0.306287
0.306302
0.306047
0.305724
0.305552
0.30541
0.305318
0.30525
0.30497
0.305119
0.304788
0.304566
0.304421
0.304415
0.30422
0.303887
0.303597
0.303264
0.303184
0.303154
0.302978
0.302731
0.302375
0.302123
0.301784
0.301644
0.301448
0.301334
0.301345
0.30131
0.301286
0.301113
0.300996
0.300955
0.300828
0.300638
0.300498
0.300324
0.300318
0.300211
0.300056
0.300017
0.299781
0.2997
0.299574
0.299373
0.299248
0.299116
0.29899
0.298638
0.298508
0.298367
0.298176
0.298114
0.298108
0.297989
0.297866
0.297739
0.297531
0.297394
0.297411
0.2974
0.29734
0.297179
0.297062
0.29695
0.296784
0.296618
0.296579
0.296413
0.296375
0.296195
0.296046
0.296158
0.295946
0.295858
0.295736
0.295459
0.295322
0.295206
0.295044
0.294989
0.294913
0.294786
0.294666
0.294494
0.29438
0.294256
0.293972
0.293857
0.293806
0.293659
0.29352
0.293502
0.293325
0.293297
0.293177
0.293036
0.293061
0.292957
0.292851
0.292752
0.292669
0.292621
0.292555
0.292489
0.292426
0.292332
0.292228
0.292145
0.29197
0.291936
0.291785
0.291678
0.291599
0.291489
0.291478
0.291397
0.291378
0.291284
0.291235
0.291216
0.29106
0.290877
0.290769
0.290771
0.290696
0.29059
0.290422
0.290372
0.290181
0.29006
0.289898
0.289908
0.289807
0.289731
0.289702
0.289606
0.289465
0.289397
0.289362
0.289296
0.289162
0.289082
0.289076
0.288972
0.288946
0.288851
0.288727
0.288573
0.288463
0.288437
0.288335
0.288214
0.288125
0.287985
0.287955
0.287887
0.287754
0.287679
0.287569
0.287541
0.287432
0.287365
0.287283
0.287096
0.287121
0.287058
0.286916
0.286888
0.286894
0.286973
0.286951
0.286942
0.286812
0.286768
0.286669
0.286655
0.286611
0.286524
0.286434
0.286243
0.28617
0.28608
0.286129
0.286114
0.28604
0.285953
0.28585
0.285844
0.285888
0.285751
0.285605
0.285572
0.285476
0.285426
0.285352
0.285294
0.285247
0.285189
0.28506
0.284942
0.284827
0.284748
0.284674
0.284617
0.284666
0.284612
0.284563
0.28445
0.284355
0.28433
0.284153
0.28411
0.283991
0.284003
0.283957
0.283826
0.283736
0.283687
0.283562
0.283477
0.28344
0.283253
0.283166
0.283095
0.283033
0.282959
0.282784
0.282688
0.282647
0.28267
0.282613
0.282528
0.282431
0.282395
0.2823
0.282218
0.282116
0.282039
0.28194
0.281832
0.281833
0.281787
0.281691
0.28161
0.281582
0.28148
0.281431
0.281297
0.281281
0.281207
0.281107
0.281085
0.280996
0.280944
0.280922
0.280913
0.28087
0.280802
0.280833
0.280766
0.280668
0.280615
0.280534
0.280461
0.280395
0.280342
0.280416
0.280369
0.280398
0.280322
0.280316
0.280255
0.280227
0.280161
0.280181
0.280079
0.280016
0.279919
0.279865
0.279839
0.279774
0.279733
0.279664
0.279658
0.279618
0.27954
0.279457
0.27943
0.279462
0.279336
0.279247
0.279217
0.27927
0.279303
0.279299
0.279305
0.27929
0.279232
0.279179
0.279128
0.279026
0.278965
0.278875
0.278852
0.278745
0.278724
0.27872
0.278718
0.27868
0.278688
0.278616
0.278634
0.278631
0.278563
0.278573
0.278524
0.278475
0.278463
0.278503
0.278497
0.278549
0.278491
0.278444
0.278438
0.278367
0.278352
0.278319
0.278312
0.278239
0.278199
0.27815
0.278084
0.278109
0.278092
0.278021
0.277898
0.277879
0.277788
0.277818
0.27779
0.277736
0.277725
0.277673
0.27762
0.27761
0.277587
0.277602
0.277635
0.277619
0.27759
0.277571
0.277506
0.277461
0.277419
0.277413
0.277392
0.277308
0.277309
0.277368
0.277304
0.277238
0.277197
0.277204
0.277156
0.277129
0.277091
0.277042
0.277001
0.277056
0.27701
0.277068
0.276996
0.277032
0.276999
0.276982
0.276973
0.277004
0.276926
0.276937
0.276908
0.276878
0.276885
0.276852
0.276801
0.276721
0.276627
0.276637
0.276622
0.276615
0.276556
0.276521
0.276524
0.276472
0.276358
0.2763
0.276317
0.27622
0.276193
0.276177
0.276139
0.276094
0.276023
0.27605
0.275988
0.27591
0.275936
0.27589
0.275886
0.275868
0.275853
0.275835
0.27584
0.275789
0.275802
0.275794
0.275765
0.275773
0.27573
0.275744
0.27574
0.275739
0.275717
0.275714
0.275663
0.275622
0.27558
0.275506
0.275439
0.275374
0.275346
0.275299
0.275299
0.275275
0.275237
0.275198
0.275182
0.27521
0.275159
0.275182
0.275177
0.275185
0.27513
0.275106
0.275086
0.275003
0.275033
0.274946
0.274937
0.274934
0.274948
0.274966
0.274891
0.274899
0.27488
0.274827
0.274759
0.274736
0.274694
0.274557
0.274521
0.274493
0.274455
0.274422
0.27434
0.274301
0.274252
0.274185
0.274161
0.274079
0.274095
0.274099
0.274028
0.273998
0.274015
0.274073
0.274035
0.274021
0.274003
0.273965
0.27397
0.273932
0.27391
0.273953
0.273862
0.273859
0.273861
0.273828
0.273805
0.273733
0.273699
0.273712
0.27366
0.273652
0.273603
0.273581
0.273574
0.273542
0.273553
0.273539
0.273545
0.273514
0.273498
0.273474
0.273507
0.273434
0.273401
0.273361
0.273337
0.273245
0.273238
0.273205
0.27313
0.273054
0.272955
0.272905
0.272865
0.272841
0.272819
0.272748
0.272708
0.272614
0.272553
0.272442
0.272412
0.272407
0.272364
0.272339
0.272329
0.272317
0.272318
0.272287
0.272302
0.272245
0.272157
0.272135
0.272058
0.272022
0.272003
0.27195
0.27195
0.271893
0.27191
0.27188
0.271866
0.271811
0.271798
0.271749
0.271723
0.271714
0.271663
0.271619
0.271657
0.27156
0.271564
0.271567
0.271556
0.271547
0.271522
0.27149
0.271486
0.271429
0.271432
0.271357
0.271337
0.271343
0.271314
0.271255
0.271281
0.271253
0.271248
0.271207
0.271183
0.271174
0.271227
0.271192
0.271121
0.27111
0.27105
0.270997
0.270975
0.270967
0.270928
0.270913
0.270912
0.270851
0.270813
0.270736
0.270658
0.270595
0.270542
0.270501
0.270413
0.270306
0.270242
0.270139
0.270085
0.270029
0.269979
0.26994
0.269922
0.269844
0.269805
0.269736
0.269706
0.269697
0.269637
0.269574
0.269544
0.26952
0.269471
0.269419
0.269388
0.269342
0.26933
0.269266
0.269213
0.269179
0.269093
0.269033
0.269018
0.268986
0.268919
0.268864
0.268801
0.268748
0.268731
0.268719
0.268669
0.268583
0.26856
0.268512
0.268489
0.268426
0.268375
0.268317
0.268262
0.268243
0.268215
0.268206
0.268196
0.268148
0.268109
0.268053
0.267981
0.267955
0.267921
0.267866
0.267826
0.26777
0.267696
0.267658
0.267588
0.267538
0.267525
0.267449
0.267438
0.267424
0.267386
0.267305
0.26727
0.267209
0.267164
0.26714
0.267119
0.267101
0.267023
0.266973
0.26691
0.266889
0.266902
0.266877
0.26679
0.266743
0.266721
0.266685
0.266654
0.266654
0.266585
0.266546
0.266527
0.266513
0.266482
0.266476
0.266438
0.266414
0.266399
0.266363
0.266376
0.266356
0.266309
0.266324
0.266324
0.266318
0.26629
0.266261
0.266254
0.266263
0.2663
0.266278
0.266312
0.2663
0.266263
0.266235
0.266218
0.266193
0.26619
0.266162
0.266137
0.266126
0.266131
0.266134
0.266103
0.266062
0.266051
0.266021
0.266009
0.265967
0.265959
0.265952
0.265927
0.265911
0.265879
0.265859
0.26587
0.265874
0.265852
0.265838
0.26582
0.265782
0.26573
0.265685
0.265677
0.265617
0.265601
0.265579
0.265593
0.265569
0.265531
0.26552
0.265552
0.265525
0.265496
0.265491
0.265486
0.265495
0.265469
0.265459
0.265442
0.265412
0.265425
0.265418
0.265386
0.265372
0.265359
0.265364
0.265327
0.265295
0.265276
0.265256
0.26528
0.265252
0.265191
0.265188
0.265202
0.265202
0.265185
0.265197
0.265153
0.2651
0.265106
0.265106
0.265128
0.26515
0.265127
0.265133
0.265048
0.265059
0.265047
0.265052
0.265085
0.265054
0.265033
0.265015
0.265032
0.265029
0.265024
0.265017
0.265013
0.264988
0.264962
0.264948
0.264947
0.264913
0.264902
0.264916
0.264914
0.264901
0.2649
0.264861
0.264861
0.264822
0.264772
0.264799
0.264759
0.26471
0.264697
0.264727
0.264741
0.264783
0.264767
0.264756
0.264769
0.26477
0.264793
0.264734
0.264687
0.264684
0.264654
0.264655
0.264651
0.264648
0.264653
0.264613
0.264605
0.264569
0.264577
0.264584
0.264555
0.264559
0.264562
0.264542
0.264556
0.264526
0.264529
0.264495
0.264488
0.264453
0.264431
0.264408
0.264369
0.264313
0.264293
0.264312
0.264261
0.264198
0.264165
0.264192
0.264148
0.264142
0.26415
0.264111
0.264078
0.264059
0.264061
0.264052
0.264014
0.263996
0.263956
0.263934
0.26391
0.263897
0.2639
0.263882
0.263832
0.26379
0.263778
0.263763
0.263729
0.263705
0.263688
0.263643
0.263613
0.26363
0.263627
0.26363
0.263597
0.263599
0.263584
0.263553
0.26354
0.263555
0.263551
0.26354
0.263518
0.263505
0.263493
0.263462
0.263452
0.263427
0.263435
0.263425
0.263421
0.263384
0.263324
0.26332
0.263313
0.263303
0.26329
0.263254
0.263234
0.263262
0.263248
0.263267
0.263267
0.263268
0.263263
0.26326
0.263258
0.263218
0.263213
0.263176
0.263171
0.263133
0.263115
0.263062
0.263073
0.263081
0.263053
0.263055
0.26303
0.263033
0.263044
0.263047
0.263038
0.263058
0.263024
0.263006
0.263017
0.263036
0.263052
0.263009
0.263035
0.263066
0.26307
0.263062
0.263062
0.263079
0.263115
0.263095
0.263097
0.263107
0.263114
0.263107
0.263115
0.263086
0.263083
0.263084
0.263086
0.263111
0.263119
0.263112
0.263091
0.263095
0.263093
0.263084
0.263082
0.263051
0.263065
0.263042
0.263022
0.26302
0.263018
0.263034
0.263042
0.263053
0.263039
0.263018
0.263042
0.263052
0.26302
0.262995
0.26298
0.262971
0.262998
0.263008
0.262997
0.263003
0.263003
0.262986
0.263036
0.26306
0.263055
0.263079
0.263079
0.263049
0.263061
0.263032
0.263054
0.263049
0.262985
0.262971
0.262967
0.262981
0.262987
0.263018
0.263021
0.263022
0.263019
0.262998
0.262999
0.262972
0.262938
0.262938
0.262946
0.262982
0.262966
0.262989
0.26303
0.26302
0.263017
0.263009
0.262998
0.263009
0.262995
0.263013
0.262998
0.262982
0.262982
0.262988
0.262995
0.262978
0.262951
0.262961
0.262972
0.262964
0.262956
0.262947
0.262937
0.262943
0.262905
0.262893
0.262877
0.262872
0.262852
0.262849
0.262853
0.262818
0.262796
0.26282
0.262817
0.262803
0.262795
0.262826
0.262835
0.262812
0.262802
0.262798
0.262783
0.262771
0.262755
0.262719
0.262729
0.26275
0.262758
0.262713
0.262685
0.262663
0.262629
0.262623
0.262614
0.262595
0.262604
0.262585
0.262568
0.26258
0.262566
0.262555
0.262574
0.262573
0.262564
0.262568
0.262545
0.262558
0.262557
0.262564
0.262541
0.262543
0.262556
0.262548
0.26252
0.262488
0.262478
0.262473
0.262439
0.262423
0.262418
0.262413
0.262376
0.262402
0.262371
0.262374
0.262373
0.262375
0.262401
0.262406
0.262366
0.262366
0.26237
0.262414
0.262376
0.262374
0.262402
0.262384
0.262374
0.262357
0.262368
0.26235
0.262355
0.262342
0.262324
0.262329
0.262311
0.262305
0.262302
0.262302
0.262263
0.262221
0.262232
0.262218
0.262224
0.262216
0.262207
0.262202
0.2622
0.262197
0.262191
0.262202
0.262218
0.262225
0.262211
0.262209
0.262223
0.262233
0.262221
0.262237
0.262246
0.262221
0.262206
0.262186
0.26221
0.262182
0.262152
0.262134
0.262124
0.262142
0.26215
0.262135
0.26211
0.262094
0.262093
0.262085
0.262076
0.26207
0.262065
0.262054
0.262047
0.262054
0.262056
0.262072
0.262071
0.26206
0.26207
0.262068
0.26205
0.262034
0.262032
0.26205
0.262055
0.262025
0.262019
0.262029
0.262019
0.262019
0.26202
0.262022
0.262039
0.262019
0.262002
0.262002
0.261988
0.262009
0.261998
0.26198
0.261987
0.261962
0.261953
0.261953
0.261933
0.261915
0.261901
0.261898
0.261893
0.2619
0.261882
0.261891
0.261873
0.261874
0.261871
0.261841
0.261822
0.261812
0.261826
0.261814
0.261799
0.261774
0.261771
0.261789
0.261762
0.261762
0.261772
0.261778
0.261788
0.261806
0.261801
0.261788
0.261771
0.261773
0.261729
0.261712
0.261706
0.261691
0.261672
0.261701
0.261715
0.2617
0.261721
0.261765
0.26179
0.261774
0.261768
0.261778
0.261757
0.261741
0.261742
0.261703
0.261729
0.261735
0.261734
0.261729
0.26172
0.261701
0.261715
0.261672
0.26163
0.261629
0.261645
0.261656
0.261664
0.261661
0.261661
0.261652
0.26164
0.261651
0.261633
0.261631
0.261636
0.261634
0.26166
0.261634
0.261632
0.261625
0.261622
0.261626
0.261615
0.261602
0.261617
0.261599
0.26161
0.261588
0.26159
0.261584
0.261588
0.261591
0.261568
0.261531
0.261525
0.261523
0.261523
0.261527
0.261546
0.261525
0.261523
0.261522
0.261535
0.261516
0.261519
0.261507
0.261533
0.261545
0.261558
0.261543
0.26154
0.261537
0.261536
0.261539
0.261578
0.261562
0.26158
0.261575
0.261569
0.261562
0.261551
0.261571
0.261571
0.26156
0.261562
0.261551
0.261551
0.261576
0.261588
0.26161
0.261608
0.261607
0.261618
0.261654
0.261684
0.261689
0.2617
0.261702
0.261697
0.261677
0.261693
0.261693
0.261657
0.261684
0.261704
0.261707
0.2617
0.261668
0.261645
0.261657
0.261695
0.261686
0.261687
0.261663
0.261661
0.261653
0.261648
0.261658
0.261647
0.261647
0.26165
0.261648
0.26166
0.261658
0.261644
0.261659
0.261652
0.261654
0.261629
0.261633
0.261629
0.261635
0.261658
0.261655
0.261647
0.261662
0.261667
0.261693
0.261698
0.261682
0.261673
0.261662
0.261696
0.261698
0.261734
0.261725
0.26173
0.261728
0.261744
0.261732
0.261706
0.261704
0.261701
0.261714
0.261748
0.261752
0.261741
0.261731
0.261728
0.261717
0.261699
0.261682
0.261659
0.261682
0.261675
0.26167
0.261692
0.26168
0.261678
0.26168
0.261674
0.261673
0.261676
0.261666
0.261668
0.261664
0.261669
0.261701
0.261703
0.261712
0.261721
0.26172
0.261701
0.261687
0.261683
0.261687
0.261716
0.261729
0.261734
0.261711
0.261705
0.261691
0.261692
0.261697
0.261696
0.261697
0.261679
0.261697
0.261672
0.261672
0.261652
0.261634
0.261618
0.261615
0.261602
0.261588
0.261573
0.261546
0.261519
0.261509
0.261508
0.261525
0.261525
0.261506
0.261522
0.261514
0.261524
0.261526
0.261527
0.26152
0.261497
0.261473
0.26145
0.261443
0.261442
0.261443
0.261476
0.261466
0.261456
0.261446
0.261441
0.261417
0.261423
0.261428
0.261435
0.261436
0.261438
0.261417
0.261414
0.261408
0.261398
0.261385
0.261388
0.261392
0.261397
0.261384
0.261383
0.261364
0.26135
0.261339
0.26132
0.261342
0.261331
0.261298
0.261294
0.261289
0.261291
0.261267
0.261268
0.261282
0.261264
0.261274
0.261266
0.261252
0.261243
0.261254
0.261266
0.261251
0.261243
0.261246
0.261256
0.26125
0.261241
0.261246
0.261252
0.261248
0.261236
0.261238
0.261226
0.261211
0.261216
0.261209
0.261197
0.261195
0.261193
0.261177
0.261162
0.261163
0.261157
0.261149
0.26115
0.261163
0.261154
0.261152
0.261154
0.26114
0.261149
0.261169
0.261173
0.26117
0.261155
0.261154
0.261145
0.261161
0.261153
0.261158
0.261128
0.261116
0.261092
0.26108
0.261086
0.261077
0.261089
0.261089
0.261095
0.2611
0.261094
0.261114
0.261081
0.261085
0.261071
0.261065
0.261063
0.261056
0.261056
0.261054
0.261033
0.261006
0.261003
0.261001
0.260981
0.260979
0.26097
0.260961
0.260976
0.260986
0.260979
0.260978
0.260989
0.260995
0.260977
0.260959
0.260973
0.260983
0.260951
0.26094
0.260925
0.260922
0.260925
0.260919
0.260894
0.260887
0.260882
0.260883
0.260865
0.260849
0.260826
0.260845
0.260845
0.260834
0.260816
0.260813
0.260795
0.260792
0.260802
0.2608
0.260798
0.260813
0.260793
0.260803
0.260792
0.260793
0.260761
0.260738
0.260721
0.260726
0.260707
0.260696
0.260679
0.260697
0.260698
0.260719
0.260721
0.260724
0.2607
0.260701
0.260701
0.260675
0.26067
0.260661
0.260673
0.260671
0.260701
0.260692
0.260698
0.260691
0.260692
0.260681
0.260685
0.260678
0.260667
0.26066
0.260656
0.260627
0.260629
0.26064
0.260651
0.260635
0.260632
0.260628
0.260614
0.260627
0.260617
0.260615
0.260601
0.260603
0.260581
0.260568
0.260553
0.260554
0.260544
0.260545
0.260524
0.260509
0.260494
0.26049
0.260491
0.260486
0.260471
0.260463
0.260446
0.260428
0.260419
0.260428
0.260438
0.260443
0.260438
0.260443
0.260443
0.260407
0.260386
0.260385
0.260377
0.260361
0.260362
0.260362
0.260367
0.260373
0.260361
0.260368
0.260374
0.260354
0.260339
0.260351
0.260359
0.260376
0.260378
0.260365
0.260368
0.260336
0.260348
0.260343
0.260329
0.260317
0.260312
0.260297
0.260287
0.260301
0.260305
0.260311
0.260303
0.260295
0.260278
0.260272
0.260285
0.260273
0.26027
0.260264
0.260276
0.260273
0.260263
0.260266
0.260275
0.260255
0.260247
0.260227
0.260218
0.260202
0.260189
0.260184
0.26019
0.260159
0.260136
0.260133
0.260129
0.260104
0.260108
0.26014
0.260144
0.260135
0.260122
0.260106
0.260108
0.260112
0.260086
0.260082
0.260059
0.26005
0.260053
0.260071
0.260057
0.260068
0.260049
0.260058
0.260065
0.260064
0.260067
0.260081
0.260074
0.260067
0.260061
0.260048
0.260047
0.260035
0.260037
0.260036
0.260015
0.259999
0.260009
0.260017
0.260022
0.260034
0.260047
0.260032
0.260023
0.260023
0.260027
0.26002
0.260018
0.260034
0.260029
0.260044
0.260048
0.26006
0.260059
0.260055
0.260046
0.260043
0.26003
0.260035
0.260045
0.260049
0.260063
0.260065
0.260081
0.260078
0.260077
0.260085
0.26009
0.260094
0.260097
0.260088
0.26008
0.260108
0.260114
0.260119
0.260117
0.260118
0.260129
0.260125
0.260123
0.260104
0.260098
0.260101
0.260105
0.260115
0.2601
0.260112
0.260114
0.260098
0.260097
0.260107
0.260099
0.260102
0.260103
0.260075
0.260085
0.260068
0.260069
0.260061
0.260047
0.260031
0.260025
0.260048
0.260043
0.260031
0.260022
0.260021
0.260024
0.260048
0.260034
0.26004
0.260036
0.260031
0.260038
0.260058
0.26007
0.260077
0.260066
0.260065
0.26004
0.260041
0.260043
0.260042
0.260038
0.260015
0.260005
0.260005
0.260011
0.260017
0.260022
0.26002
0.260043
0.260037
0.260019
0.260022
0.260016
0.26
0.259994
0.259968
0.259958
0.259945
0.259933
0.259918
0.259912
0.259919
0.259897
0.259906
0.259927
0.259923
0.259916
0.25991
0.259914
0.259894
0.25989
0.259864
0.259873
0.259868
0.259876
0.259887
0.259898
0.259889
0.25988
0.259874
0.259864
0.259851
0.259842
0.259843
0.259816
0.259803
0.259799
0.259791
0.259784
0.259773
0.259787
0.259766
0.259734
0.259726
0.25972
0.259712
0.259694
0.259678
0.25969
0.25968
0.259688
0.259666
0.259654
0.259647
0.259646
0.259634
0.259639
0.259629
0.259638
0.259624
0.259615
0.259602
0.259596
0.259583
0.259579
0.259572
0.259567
0.259553
0.259543
0.25955
0.259563
0.259568
0.25959
0.259583
0.259573
0.259588
0.259575
0.259585
0.259587
0.259584
0.259578
0.259571
0.259571
0.259558
0.259552
0.259545
0.259548
0.259552
0.259547
0.259533
0.259516
0.25949
0.259487
0.25949
0.259472
0.259462
0.259466
0.259463
0.259474
0.259478
0.259474
0.259465
0.25947
0.259474
0.259454
0.259447
0.259436
0.259433
0.259417
0.259407
0.259384
0.259362
0.259364
0.259374
0.259372
0.259348
0.259348
0.259333
0.259325
0.259307
0.259293
0.259286
0.259272
0.259264
0.259257
0.25926
0.25927
0.259259
0.259255
0.259245
0.259257
0.259259
0.259274
0.259291
0.259288
0.259287
0.259271
0.259268
0.25926
0.259258
0.259242
0.259238
0.259238
0.259224
0.259217
0.259222
0.25923
0.259218
0.259224
0.259226
0.259215
0.259229
0.259242
0.259236
0.259228
0.259209
0.259196
0.259206
0.259218
0.259206
0.259196
0.259199
0.259196
0.259206
0.259181
0.259186
0.259191
0.25918
0.25919
0.2592
0.259195
0.259189
0.259174
0.259144
0.259133
0.259125
0.259125
0.25912
0.259127
0.259115
0.259101
0.259079
0.259061
0.259043
0.25904
0.259041
0.259026
0.259033
0.259016
0.259008
0.258978
0.258964
0.258953
0.258937
0.258937
0.258935
0.258936
0.258933
0.258914
0.258914
0.258908
0.258917
0.258912
0.258899
0.258891
0.258899
0.2589
0.258891
0.258882
0.258897
0.258918
0.25892
0.25893
0.258937
0.258913
0.258905
0.258921
0.258906
0.258893
0.25889
0.258875
0.258869
0.258857
0.25887
0.258854
0.258847
0.258849
0.258845
0.258844
0.258826
0.258805
0.258796
0.258775
0.258776
0.258768
0.258765
0.258767
0.258762
0.258764
0.258755
0.258746
0.258749
0.258748
0.258738
0.258728
0.258714
0.258692
0.258687
0.258673
0.258669
0.258659
0.258647
0.258618
0.258591
0.258584
0.258583
0.258573
0.258563
0.258544
0.258538
0.258531
0.25851
0.258494
0.258478
0.258461
0.258451
0.258453
0.258445
0.258441
0.258445
0.258435
0.258434
0.258427
0.258426
0.258406
0.258408
0.258392
0.258381
0.258378
0.25837
0.258343
0.258339
0.258307
0.258282
0.258268
0.25826
0.258248
0.25824
0.258224
0.258206
0.258196
0.258176
0.25817
0.258158
0.258151
0.258119
0.258101
0.258071
0.258044
0.258042
0.258018
0.257997
0.257979
0.257958
0.257954
0.25794
0.257923
0.257903
0.257893
0.257857
0.257841
0.257825
0.257817
0.25781
0.257791
0.257787
0.257792
0.257763
0.257762
0.25776
0.257744
0.257746
0.257728
0.257718
0.257713
0.257712
0.257705
0.257705
0.257695
0.257701
0.257696
0.257697
0.257711
0.257706
0.257713
0.257706
0.257701
0.257706
0.257688
0.25769
0.257692
0.257688
0.257688
0.257677
0.257685
0.257675
0.257666
0.25767
0.257671
0.257673
0.257669
0.257676
0.257684
0.257676
0.257674
0.25768
0.257706
0.257689
0.257696
0.257698
0.257706
0.257712
0.257704
0.257698
0.257706
0.257707
0.257725
0.257717
0.257715
0.257706
0.257711
0.257706
0.257702
0.257702
0.257689
0.257677
0.257648
0.257628
0.257632
0.257644
0.257643
0.257628
0.257645
0.257638
0.257643
0.257653
0.257639
0.257649
0.257637
0.257631
0.257631
0.257639
0.257639
0.257631
0.257642
0.257637
0.257642
0.257652
0.257669
0.257676
0.257686
0.257694
0.257692
0.257719
0.257708
0.257709
0.257707
0.257691
0.257686
0.257687
0.257675
0.257663
0.257676
0.257653
0.257654
0.257644
0.257636
0.257632
0.257633
0.257618
0.257608
0.257608
0.257603
0.257602
0.257588
0.257595
0.257595
0.257599
0.257597
0.257599
0.257605
0.257604
0.257609
0.257593
0.257584
0.257583
0.257567
0.25757
0.25759
0.25758
0.257589
0.257604
0.25761
0.257618
0.25763
0.257635
0.257647
0.257654
0.257665
0.257661
0.257664
0.257661
0.257659
0.257661
0.257653
0.257658
0.257656
0.257662
0.257656
0.257652
0.257653
0.257647
0.257651
0.257645
0.25764
0.257636
0.257629
0.257627
0.257632
0.257632
0.257632
0.257644
0.257637
0.257628
0.257625
0.25762
0.257615
0.25762
0.257633
0.257642
0.257639
0.257639
0.25763
0.257639
0.257634
0.25765
0.257656
0.257665
0.257674
0.257684
0.257679
0.257673
0.257678
0.257657
0.257646
0.257649
0.257648
0.25765
0.257657
0.257652
0.257655
0.257661
0.257679
0.25766
0.257677
0.257684
0.257702
0.257698
0.257717
0.257722
0.257723
0.257721
0.25772
0.257717
0.257726
0.257726
0.257715
0.257708
0.257709
0.257718
0.25774
0.25772
0.257731
0.257738
0.257743
0.257745
0.257752
0.257737
0.257727
0.257719
0.257728
0.257729
0.257723
0.257719
0.257725
0.257739
0.257745
0.25774
0.25773
0.257724
0.257735
0.257716
0.257714
0.257711
0.257712
0.25771
0.25773
0.257733
0.257722
0.257718
0.25772
0.257715
0.257712
0.257711
0.25771
0.257716
0.257705
0.257706
0.257693
0.257686
0.257703
0.2577
0.257687
0.257693
0.257695
0.257721
0.257717
0.25771
0.257709
0.257702
0.257687
0.257684
0.257692
0.257681
0.257687
0.257699
0.257703
0.25772
0.257719
0.257714
0.257718
0.257719
0.257717
0.257713
0.257702
0.257712
0.257705
0.257718
0.257708
0.257712
0.257698
0.257692
0.257708
0.257704
0.257694
0.257689
0.257693
0.257679
0.257668
0.25767
0.257669
0.257676
0.257686
0.257677
0.257684
0.257686
0.257686
0.257687
0.257677
0.257685
0.257679
0.257667
0.25768
0.257673
0.257667
0.25767
0.257668
0.257651
0.257646
0.257651
0.257648
0.257636
0.257631
0.257629
0.257626
0.257634
0.257627
0.25762
0.25762
0.257625
0.257613
0.257607
0.257604
0.257585
0.257575
0.257582
0.257584
0.25758
0.257589
0.257599
0.257589
0.257581
0.257584
0.257587
0.257582
0.257583
0.257559
0.257558
0.257553
0.257534
0.257526
0.257533
0.257516
0.257508
0.257507
0.257507
0.257518
0.257511
0.25751
0.257506
0.257499
0.25751
0.257493
0.257482
0.257487
0.257477
0.257484
0.257492
0.257493
0.257486
0.257498
0.257498
0.257497
0.257493
0.257495
0.257505
0.257502
0.257512
0.257514
0.257513
0.257516
0.257525
0.257525
0.257518
0.257518
0.257522
0.257518
0.257499
0.257503
0.257503
0.257507
0.257497
0.257505
0.257506
0.257531
0.257527
0.257536
0.257538
0.257556
0.257555
0.257553
0.25755
0.257543
0.257539
0.257535
0.257535
0.257526
0.257531
0.257526
0.257534
0.257515
0.257514
0.257513
0.257516
0.257505
0.257499
0.257495
0.257496
0.257513
0.257522
0.257499
0.257507
0.257508
0.257511
0.257501
0.257492
0.257489
0.257484
0.257473
0.25747
0.257459
0.257455
0.257432
0.25743
0.257433
0.257446
0.257439
0.257434
0.257433
0.257434
0.257434
0.257427
0.257425
0.257419
0.25742
0.25742
0.257423
0.257435
0.25744
0.257452
0.257448
0.25745
0.257441
0.257448
0.257444
0.257442
0.257442
0.257437
0.257417
0.257436
0.257438
0.257439
0.257437
0.257445
0.257451
0.257452
0.257453
0.257457
0.257462
0.257454
0.257465
0.25746
0.257454
0.257458
0.257469
0.257471
0.257472
0.257471
0.257464
0.257461
0.257472
0.257467
0.257486
0.257487
0.257487
0.257487
0.257481
0.257477
0.257463
0.257447
0.257432
0.257435
0.257431
0.257416
0.257392
0.257377
0.257372
0.257368
0.257361
0.257353
0.25735
0.257335
0.257319
0.257307
0.257303
0.257293
0.25729
0.257291
0.257274
0.257266
0.257262
0.257244
0.257233
0.257221
0.257219
0.257211
0.257199
0.257195
0.257191
0.257187
0.257177
0.25718
0.257167
0.257145
0.25714
0.25714
0.257134
0.257122
0.257118
0.257114
0.257114
0.257114
0.257105
0.2571
0.257089
0.257086
0.257086
0.257076
0.257076
0.257053
0.257043
0.257025
0.257017
0.257011
0.25698
0.256984
0.256975
0.256978
0.256968
0.256964
0.256955
0.256945
0.25693
0.256923
0.256915
0.256896
0.256893
0.256899
0.256884
0.25688
0.256883
0.256883
0.256871
0.256854
0.256845
0.256828
0.256829
0.256824
0.256804
0.2568
0.256799
0.256797
0.256799
0.25679
0.256787
0.256779
0.256759
0.256743
0.256738
0.256725
0.256719
0.256717
0.256704
0.256704
0.256698
0.256682
0.256676
0.256671
0.256668
0.256669
0.256679
0.2567
0.256709
0.256712
0.256699
0.256687
0.25667
0.256679
0.256676
0.25667
0.256669
0.256669
0.256669
0.256678
0.25668
0.256683
0.256681
0.256679
0.256676
0.256687
0.256692
0.256687
0.256678
0.256667
0.256653
0.25666
0.256657
0.256663
0.256655
0.256644
0.256651
0.256657
0.256658
0.256658
0.256662
0.256662
0.256672
0.256653
0.256657
0.256658
0.256655
0.256657
0.256657
0.25665
0.256646
0.256645
0.256655
0.256648
0.256639
0.256646
0.25664
0.256627
0.256625
0.256617
0.256612
0.256629
0.256627
0.256637
0.256637
0.256655
0.256659
0.256648
0.256654
0.25666
0.256651
0.256644
0.256639
0.256643
0.25665
0.256646
0.256639
0.256653
0.256661
0.256658
0.256666
0.256672
0.256682
0.256679
0.256686
0.256687
0.25669
0.256698
0.256698
0.256701
0.256694
0.256704
0.256699
0.256709
0.256718
0.256732
0.256742
0.256738
0.256743
0.256749
0.256751
0.256755
0.256749
0.256757
0.256752
0.256767
0.256776
0.256786
0.25679
0.256797
0.256806
0.256801
0.256792
0.256794
0.256801
0.256806
0.256794
0.256788
0.25679
0.256773
0.256758
0.256747
0.256748
0.25675
0.256745
0.256753
0.256755
0.256762
0.256773
0.256768
0.256758
0.256763
0.256775
0.256773
0.256771
0.256763
0.256778
0.256783
0.256792
0.2568
0.2568
0.256809
0.256811
0.256808
0.256817
0.256802
0.256803
0.256807
0.256806
0.256807
0.256805
0.256814
0.256809
0.2568
0.256795
0.256788
0.256782
0.256788
0.256779
0.256777
0.256773
0.256782
0.25678
0.25677
0.256777
0.256777
0.256776
0.256773
0.256764
0.25676
0.256752
0.25676
0.256766
0.256767
0.25677
0.256788
0.256784
0.256781
0.256778
0.256768
0.256762
0.256765
0.256758
0.256742
0.25674
0.256734
0.256721
0.25674
0.256743
0.256738
0.256735
0.256727
0.256726
0.256731
0.256725
0.256721
0.25671
0.256703
0.256704
0.256693
0.256694
0.256699
0.25669
0.256701
0.256699
0.256689
0.256675
0.256672
0.256672
0.256664
0.256644
0.25664
0.256638
0.25664
0.256658
0.256653
0.256656
0.256644
0.256644
0.256635
0.256627
0.256627
0.25663
0.256626
0.256631
0.256626
0.256634
0.256641
0.256625
0.256622
0.256619
0.25662
0.256621
0.25662
0.256621
0.256616
0.256627
0.256627
0.256634
0.256636
0.256643
0.256636
0.256636
0.256631
0.256641
0.256625
0.256632
0.256641
0.256641
0.256643
0.256636
0.256637
0.256641
0.256647
0.256648
0.256644
0.256643
0.256633
0.256635
0.256621
0.256629
0.25663
0.256632
0.25662
0.256627
0.256623
0.256643
0.256638
0.256653
0.256653
0.25665
0.256644
0.25665
0.256668
0.256672
0.256678
0.256688
0.256689
0.2567
0.256688
0.256698
0.256704
0.256716
0.256709
0.256699
0.256696
0.256697
0.256698
0.256693
0.256693
0.25669
0.256701
0.256704
0.256702
0.256694
0.256689
0.256697
0.256699
0.256698
0.256697
0.256704
0.256695
0.256702
0.256697
0.256702
0.256697
0.256692
0.256688
0.25669
0.256683
0.256676
0.256668
0.256663
0.256668
0.256664
0.256677
0.256685
0.256685
0.256686
0.256685
0.256691
0.256697
0.256694
0.256692
0.2567
0.256694
0.256681
0.256679
0.256682
0.256682
0.256677
0.256693
0.256692
0.256696
0.256697
0.256706
0.25669
0.256698
0.256686
0.256684
0.256688
0.256691
0.256693
0.256704
0.256721
0.256725
0.256729
0.256718
0.256725
0.256724
0.256724
0.256721
0.256722
0.256726
0.256734
0.256742
0.256731
0.25672
0.256712
0.256703
0.256692
0.256704
0.256706
0.256709
0.256712
0.256722
0.256716
0.256721
0.25673
0.256727
0.256728
0.256722
0.256722
0.256707
0.256721
0.256726
0.256724
0.256731
0.256723
0.25672
0.25672
0.256715
0.256705
0.256705
0.256703
0.256722
0.25672
0.256717
0.2567
0.256703
0.256693
0.256688
0.25668
0.256669
0.256671
0.256678
0.256686
0.256696
0.25669
0.256693
0.256701
0.256702
0.256701
0.256698
0.256692
0.256697
0.256705
0.2567
0.256706
0.256707
0.256716
0.256721
0.256717
0.256715
0.256717
0.256712
0.256713
0.25672
0.25672
0.256712
0.256714
0.256702
0.256703
0.256708
0.256704
0.256696
0.256691
0.256687
0.256683
0.256679
0.256684
0.256703
0.256703
0.256703
0.256694
0.256691
0.256678
0.256668
0.256664
0.256668
0.256653
0.256648
0.256641
0.256633
0.256631
0.256638
0.256638
0.25664
0.256646
0.256645
0.256646
0.256658
0.256668
0.25666
0.256653
0.256646
0.256653
0.256652
0.256646
0.256651
0.256648
0.256639
0.256638
0.256627
0.256634
0.256634
0.256647
0.256649
0.256646
0.25666
0.256661
0.256675
0.256661
0.256672
0.256662
0.256662
0.256677
0.256682
0.25668
0.256674
0.25668
0.256674
0.25667
0.256681
0.256678
0.256656
0.256653
0.256651
0.256644
0.256647
0.256643
0.256641
0.256647
0.256639
0.256628
0.256627
0.256629
0.256625
0.256624
0.256626
0.256613
0.256611
0.25662
0.256631
0.25662
0.256616
0.256616
0.256605
0.2566
0.256594
0.256595
0.256586
0.256577
0.256565
0.256552
0.256555
0.256545
0.256547
0.256539
0.256547
0.256544
0.25655
0.256552
0.256538
0.256538
0.256526
0.256521
0.256514
0.256508
0.256515
0.25652
0.256514
0.256528
0.256521
0.256503
0.256494
0.256498
0.25649
0.256493
0.256492
0.256491
0.256486
0.256478
0.25647
0.256468
0.256466
0.256467
0.256464
0.25647
0.256475
0.256472
0.256474
0.25648
0.256476
0.256474
0.256464
0.256473
0.256473
0.256481
0.25648
0.256474
0.256458
0.256459
0.256457
0.256456
0.256456
0.256445
0.256441
0.256439
0.256435
0.256425
0.256414
0.256424
0.25643
0.256428
0.256407
0.256391
0.256384
0.256376
0.25637
0.256365
0.256362
0.256356
0.256359
0.256358
0.256356
0.256359
0.256365
0.256367
0.256369
0.256372
0.256376
0.256386
0.25638
0.256375
0.256372
0.256367
0.256368
0.256359
0.256363
0.256366
0.256353
0.256352
0.256349
0.256344
0.256351
0.256345
0.256337
0.256332
0.256333
0.256315
0.256303
0.256307
0.25632
0.25632
0.256315
0.256318
0.256326
0.256323
0.256313
0.256307
0.256305
0.256299
0.256295
0.256293
0.256304
0.256308
0.256308
0.256298
0.256303
0.256296
0.256286
0.256279
0.25626
0.256237
0.256226
0.256226
0.256221
0.256209
0.256203
0.256192
0.256193
0.2562
0.2562
0.256206
0.256205
0.256208
0.256205
0.25621
0.256205
0.256205
0.25621
0.256216
0.256216
0.25622
0.256215
0.256209
0.256218
0.256212
0.256208
0.256213
0.256216
0.256217
0.256225
0.256227
0.256221
0.25623
0.256235
0.256232
0.256233
0.256231
0.256239
0.256226
0.256219
0.256234
0.256234
0.256236
0.256237
0.256237
0.256228
0.256216
0.256225
0.256228
0.256234
0.256244
0.256242
0.25624
0.256247
0.256254
0.256257
0.256258
0.256261
0.256247
0.256248
0.256247
0.256248
0.256256
0.256255
0.25626
0.256255
0.256253
0.256255
0.256264
0.256268
0.256272
0.256282
0.256291
0.256286
0.25629
0.256287
0.256286
0.256288
0.256287
0.256292
0.256295
0.2563
0.256303
0.256304
0.256305
0.256302
0.256295
0.256298
0.256299
0.256294
0.256291
0.256284
0.256284
0.256278
0.256285
0.256288
0.256293
0.256291
0.256294
0.256298
0.256303
0.256301
0.256298
0.256302
0.2563
0.256295
0.256295
0.256299
0.256299
0.256308
0.2563
0.256304
0.25632
0.256323
0.256327
0.256328
0.256329
0.256329
0.256327
0.256332
0.256344
0.256338
0.256346
0.256351
0.256346
0.256363
0.256368
0.25638
0.256381
0.256373
0.256374
0.256372
0.256374
0.256375
0.256378
0.256375
0.256374
0.256381
0.256378
0.256379
0.256379
0.256386
0.256382
0.256377
0.256373
0.256366
0.256358
0.256357
0.256364
0.256371
0.256377
0.256376
0.256361
0.256355
0.256354
0.256347
0.256331
0.256334
0.256332
0.256346
0.256337
0.256338
0.256349
0.256343
0.256355
0.256365
0.256355
0.256355
0.256355
0.256346
0.256343
0.256345
0.256349
0.256348
0.256356
0.256343
0.256354
0.256349
0.256352
0.256358
0.25637
0.256366
0.256371
0.256377
0.256376
0.256381
0.256382
0.256377
0.256379
0.256378
0.256368
0.256379
0.25638
0.256382
0.256389
0.256389
0.256378
0.256385
0.256382
0.256387
0.256381
0.25637
0.256365
0.256359
0.256349
0.256355
0.25635
0.256353
0.256363
0.256362
0.256367
0.256365
0.256375
0.256394
0.256395
0.256394
0.2564
0.256385
0.256394
0.256398
0.256399
0.256416
0.256421
0.256423
0.25642
0.256423
0.256427
0.256425
0.256412
0.256405
0.256397
0.256387
0.256387
0.256387
0.256376
0.256379
0.256366
0.256371
0.256374
0.256376
0.256376
0.256375
0.256382
0.256379
0.256376
0.256362
0.256369
0.256373
0.256367
0.256359
0.256367
0.256366
0.256375
0.256374
0.256371
0.256379
0.25638
0.256375
0.256375
0.256374
0.256372
0.256367
0.256357
0.256357
0.25636
0.256364
0.256362
0.256358
0.256355
0.256364
0.256373
0.256367
0.256364
0.256367
0.256371
0.256363
0.256355
0.256353
0.256342
0.256341
0.256331
0.256339
0.25634
0.256344
0.256345
0.256349
0.256349
0.256357
0.256355
0.256355
0.256345
0.256344
0.256328
0.256328
0.256321
0.256317
0.256311
0.256303
0.256298
0.256289
0.256293
0.256285
0.256273
0.256279
0.256275
0.256272
0.256261
0.256263
0.256264
0.256264
0.256259
0.256271
0.256264
0.256264
0.256262
0.256269
0.256268
0.256266
0.256269
0.256255
0.256255
0.25626
0.256258
0.25625
0.256249
0.256248
0.256247
0.256239
0.256231
0.256231
0.256229
0.256219
0.25622
0.256221
0.256219
0.256228
0.256221
0.256223
0.256226
0.256236
0.256234
0.25623
0.256233
0.256228
0.256231
0.25624
0.256233
0.256229
0.256227
0.256228
0.256237
0.25624
0.256248
0.25624
0.256242
0.256233
0.256235
0.256224
0.256229
0.256219
0.256219
0.256209
0.256202
0.2562
0.256195
0.256201
0.2562
0.25621
0.256204
0.256212
0.256215
0.25621
0.256198
0.256188
0.256182
0.25619
0.256192
0.256191
0.256204
0.256197
0.256187
0.256193
0.256187
0.256167
0.256167
0.256167
0.256152
0.256147
0.256157
0.256172
0.256175
0.256179
0.256185
0.256188
0.256184
0.256184
0.256183
0.256183
0.256186
0.256191
0.2562
0.256194
0.256199
0.256202
0.256191
0.256193
0.256189
0.256187
0.25618
0.256182
0.256187
0.256177
0.256173
0.256168
0.256154
0.25616
0.256156
0.256154
0.25614
0.256134
0.256129
0.256122
0.256122
0.256113
0.25611
0.256111
0.25611
0.256108
0.256109
0.256104
0.256115
0.256123
0.25613
0.256127
0.256128
0.256122
0.256117
0.256117
0.256121
0.256126
0.25614
0.256142
0.256141
0.256142
0.256145
0.256152
0.256152
0.256162
0.256162
0.256157
0.256144
0.256137
0.256144
0.256143
0.256143
0.256139
0.256142
0.256133
0.256133
0.256128
0.256133
0.256132
0.256132
0.256129
0.256115
0.256117
0.256133
0.256137
0.256128
0.256128
0.25613
0.256122
0.256126
0.256119
0.256127
0.256133
0.256132
0.25613
0.256124
0.256119
0.256103
0.256094
0.25609
0.256087
0.256086
0.256075
0.256068
0.256064
0.256052
0.25604
0.25604
0.256043
0.256036
0.256033
0.256046
0.256039
0.256033
0.25603
0.256027
0.256012
0.256011
0.256014
0.256006
0.256
0.255993
0.255987
0.255981
0.255973
0.255962
0.255958
0.255955
0.255953
0.255958
0.255957
0.255958
0.255956
0.255961
0.255953
0.255953
0.255941
0.255929
0.255921
0.255923
0.255923
0.255923
0.255912
0.255914
0.255895
0.255891
0.255889
0.255875
0.255857
0.255854
0.255851
0.255849
0.255854
0.255845
0.255837
0.25584
0.25584
0.255838
0.255834
0.255825
0.255814
0.255811
0.255795
0.255791
0.255793
0.255789
0.255783
0.255788
0.255775
0.255771
0.255771
0.255777
0.25577
0.255759
0.255757
0.255747
0.255754
0.255749
0.25574
0.25574
0.255734
0.255737
0.255737
0.255738
0.255737
0.255741
0.255741
0.255738
0.255735
0.255734
0.255741
0.255737
0.255739
0.255731
0.255722
0.25573
0.255724
0.255729
0.255731
0.255726
0.255721
0.255714
0.255718
0.255724
0.255722
0.255732
0.255732
0.255734
0.255738
0.255736
0.255741
0.255746
0.255748
0.255751
0.255751
0.255753
0.255745
0.255727
0.255728
0.255721
0.255723
0.255724
0.255729
0.255725
0.255727
0.255725
0.255719
0.255721
0.25572
0.25572
0.255718
0.255717
0.255717
0.255719
0.25571
0.255704
0.255702
0.255707
0.25571
0.2557
0.255702
0.255709
0.255702
0.255698
0.255703
0.255705
0.255705
0.255705
0.255704
0.255696
0.255704
0.255699
0.255699
0.255697
0.255687
0.255685
0.255686
0.255686
0.255695
0.255694
0.255696
0.255705
0.255703
0.255707
0.255693
0.255696
0.255693
0.255687
0.255683
0.255684
0.255696
0.255693
0.255691
0.255684
0.255686
0.255694
0.255698
0.255704
0.25571
0.255705
0.25571
0.255707
0.255704
0.255704
0.255699
0.255709
0.255699
0.255702
0.255707
0.255717
0.255717
0.255708
0.255709
0.255714
0.255709
0.255707
0.255713
0.255714
0.255709
0.255699
0.255695
0.255692
0.255688
0.255681
0.255694
0.255685
0.255681
0.255675
0.25569
0.255692
0.255694
0.255696
0.255706
0.255712
0.255718
0.255727
0.255737
0.255734
0.255726
0.255735
0.255731
0.255727
0.255731
0.255732
0.25573
0.255737
0.255738
0.25575
0.255758
0.25576
0.255756
0.255769
0.255757
0.255755
0.255755
0.255754
0.255753
0.25576
0.255765
0.255763
0.255753
0.255752
0.255748
0.255752
0.25576
0.255765
0.255758
0.255759
0.255761
0.255767
0.25577
0.255771
0.255772
0.255773
0.25577
0.255768
0.255767
0.255761
0.255763
0.25576
0.255766
0.255756
0.255764
0.255757
0.255759
0.255758
0.255755
0.255757
0.255758
0.255767
0.255767
0.255768
0.255769
0.255765
0.255759
0.255765
0.255764
0.25575
0.255755
0.255745
0.25574
0.255735
0.25573
0.255728
0.255727
0.255717
0.25571
0.25571
0.255709
0.25571
0.255708
0.255694
0.255701
0.255697
0.25569
0.255693
0.255691
0.255694
0.255688
0.255685
0.255677
0.25567
0.255671
0.255668
0.255671
0.255666
0.255655
0.255657
0.255655
0.25565
0.25565
0.255649
0.255646
0.255647
0.25565
0.25564
0.255636
0.255637
0.255629
0.255628
0.255623
0.255618
0.255613
0.255611
0.255609
0.255609
0.255607
0.255607
0.255609
0.255612
0.255606
0.25561
0.255604
0.255603
0.25561
0.255611
0.25561
0.255614
0.255618
0.25561
0.255612
0.255612
0.255615
0.25562
0.255623
0.255623
0.255621
0.255619
0.255616
0.255617
0.255626
0.255626
0.255616
0.255613
0.255617
0.255623
0.255619
0.255625
0.255628
0.255627
0.255625
0.255627
0.255629
0.255636
0.255641
0.255651
0.255651
0.255661
0.255666
0.25567
0.25567
0.255667
0.255664
0.255669
0.255668
0.25567
0.255666
0.255665
0.255676
0.255674
0.255661
0.255667
0.25567
0.255657
0.255659
0.255666
0.255677
0.255671
0.255669
0.255674
0.255676
0.255677
0.255682
0.255681
0.255683
0.255687
0.25569
0.255682
0.255679
0.255684
0.255692
0.255692
0.255707
0.255708
0.255704
0.255702
0.255702
0.255694
0.255699
0.255701
0.255696
0.255689
0.255686
0.255681
0.255681
0.255677
0.255678
0.255671
0.255672
0.255667
0.255669
0.255678
0.255677
0.255683
0.255685
0.255683
0.255688
0.255683
0.255676
0.255668
0.255666
0.255667
0.255662
0.255658
0.255657
0.255651
0.255654
0.255657
0.255661
0.255666
0.255671
0.255673
0.255679
0.255677
0.255677
0.255678
0.255683
0.255691
0.255693
0.255693
0.255698
0.255698
0.255704
0.255717
0.255706
0.255706
0.255704
0.255703
0.255707
0.255703
0.255698
0.255709
0.255706
0.255712
0.255708
0.2557
0.255694
0.2557
0.2557
0.255689
0.255684
0.255682
0.255677
0.255673
0.255674
0.255673
0.255668
0.255667
0.255666
0.255671
0.255667
0.255663
0.255669
0.255676
0.255674
0.25568
0.255679
0.255676
0.255683
0.255672
0.255674
0.25568
0.255684
0.255686
0.255687
0.255694
0.255696
0.255694
0.255694
0.255703
0.255699
0.255698
0.255699
0.255694
0.255703
0.255709
0.255711
0.255716
0.255711
0.25571
0.255704
0.255704
0.255712
0.255707
0.255702
0.2557
0.255696
0.255701
0.255696
0.255691
0.255692
0.255692
0.255678
0.25569
0.25569
0.255677
0.255676
0.255684
0.255692
0.2557
0.2557
0.255699
0.255699
0.255704
0.255711
0.255711
0.255715
0.255705
0.255704
0.255709
0.255712
0.255715
0.255717
0.255715
0.255724
0.255729
0.255732
0.255732
0.255734
0.255745
0.255746
0.255751
0.255754
0.255746
0.255744
0.255748
0.255748
0.255749
0.25575
0.255759
0.255765
0.255764
0.255772
0.255765
0.25577
0.255771
0.255774
0.255774
0.25577
0.255763
0.255763
0.255763
0.255762
0.255763
0.255765
0.255767
0.25577
0.255771
0.255771
0.255767
0.25576
0.255761
0.255757
0.255753
0.25575
0.255747
0.255751
0.255751
0.255757
0.25576
0.255756
0.255758
0.255753
0.25575
0.255745
0.255743
0.255742
0.255734
0.255734
0.255731
0.25573
0.255727
0.255729
0.255731
0.255726
0.255722
0.255722
0.255719
0.255724
0.255728
0.255727
0.255732
0.255729
0.255741
0.255738
0.255744
0.255737
0.255738
0.25574
0.255738
0.255737
0.255734
0.25573
0.255723
0.255725
0.25572
0.255724
0.25572
0.255724
0.255722
0.255716
0.25571
0.255709
0.255709
0.25571
0.255702
0.255704
0.255711
0.255712
0.255716
0.255717
0.255721
0.255709
0.255713
0.255711
0.255713
0.255711
0.255703
0.255704
0.255703
0.255695
0.255696
0.25569
0.255691
0.255689
0.255686
0.25568
0.255676
0.255674
0.255668
0.255651
0.255646
0.255648
0.255643
0.255638
0.255635
0.255636
0.25563
0.255625
0.255622
0.255613
0.255619
0.255613
0.255616
0.255618
0.255618
0.255614
0.255619
0.25561
0.255601
0.255603
0.255592
0.255584
0.255581
0.255583
0.255571
0.255573
0.255575
0.255569
0.255567
0.255563
0.255554
0.25554
0.255534
0.255529
0.255521
0.255509
0.25551
0.255502
0.255494
0.255501
0.255494
0.255498
0.255494
0.255486
0.255483
0.255472
0.255472
0.255467
0.255464
0.25546
0.255458
0.255454
0.255451
0.255449
0.255451
0.255446
0.255446
0.255441
0.255433
0.255431
0.25544
0.255438
0.25543
0.255422
0.255419
0.255418
0.255412
0.255402
0.255403
0.255403
0.255392
0.255389
0.255381
0.255371
0.255368
0.255365
0.255362
0.255364
0.255362
0.255354
0.255353
0.255356
0.255352
0.255351
0.255348
0.255351
0.25535
0.25535
0.255352
0.255347
0.255345
0.255346
0.255346
0.255345
0.255343
0.255348
0.255349
0.255351
0.255347
0.255349
0.255348
0.255345
0.255348
0.255349
0.25535
0.255353
0.255353
0.255346
0.255348
0.25534
0.255341
0.255341
0.255329
0.25533
0.25533
0.255333
0.25533
0.255327
0.255329
0.25533
0.255335
0.25534
0.255336
0.255343
0.255334
0.255329
0.255326
0.25533
0.25534
0.255332
0.255334
0.255337
0.255335
0.255331
0.255334
0.255329
0.255333
0.255337
0.255341
0.255336
0.255341
0.255339
0.255345
0.255339
0.255342
0.255345
0.255343
0.255347
0.255347
0.25535
0.255339
0.255345
0.255346
0.25535
0.255347
0.255345
0.255338
0.255342
0.255331
0.255337
0.255329
0.255329
0.255328
0.255338
0.255334
0.255331
0.255331
0.255347
0.255345
0.255346
0.25535
0.25535
0.255351
0.255345
0.255345
0.255347
0.255357
0.255354
0.255357
0.255359
0.255365
0.25537
0.255379
0.255379
0.255381
0.255384
0.255382
0.25538
0.255385
0.25538
0.255375
0.255377
0.255372
0.255365
0.255366
0.255369
0.255366
0.255364
0.255354
0.255359
0.255356
0.255352
0.255353
0.25536
0.255361
0.255364
0.25537
0.255364
0.255376
0.255371
0.255374
0.25538
0.255375
0.25537
0.25537
0.255374
0.255372
0.255377
0.255375
0.25538
0.255384
0.255391
0.25539
0.255389
0.255388
0.255378
0.255382
0.255385
0.255388
0.255394
0.255391
0.255396
0.255403
0.255398
0.255402
0.255412
0.255406
0.255407
0.255412
0.255415
0.255416
0.255421
0.255424
0.255428
0.255432
0.255434
0.255442
0.25544
0.255442
0.25544
0.255446
0.255443
0.255438
0.255437
0.255435
0.255431
0.255434
0.255441
0.255442
0.255448
0.255444
0.255449
0.255458
0.255456
0.255452
0.255454
0.255452
0.25545
0.255449
0.255448
0.255439
0.255436
0.255437
0.255433
0.255437
0.255431
0.255421
0.255422
0.255429
0.255424
0.255424
0.255433
0.255435
0.25543
0.255431
0.255432
0.255427
0.255428
0.255426
0.255424
0.255421
0.255427
0.255431
0.255428
0.255428
0.255426
0.255424
0.255417
0.255423
0.255423
0.255428
0.255418
0.255423
0.255418
0.255426
0.255426
0.255421
0.255424
0.255423
0.255419
0.255419
0.25541
0.255417
0.255419
0.255417
0.255418
0.255415
0.255418
0.255429
0.255435
0.255427
0.255428
0.255423
0.255431
0.255439
0.25543
0.255427
0.255424
0.255426
0.255419
0.255425
0.255424
0.25542
0.255423
0.255418
0.25543
0.255427
0.255436
0.255433
0.255429
0.255427
0.255427
0.255437
0.255439
0.255432
0.25543
0.255434
0.255429
0.255426
0.255424
0.255421
0.255422
0.255416
0.255411
0.255407
0.255414
0.255418
0.255427
0.255441
0.255444
0.255443
0.255448
0.25545
0.255459
0.255449
0.255462
0.255464
0.255461
0.25547
0.25546
0.255469
0.255468
0.255466
0.255468
0.255463
0.255466
0.255466
0.255464
0.255456
0.255457
0.255455
0.255456
0.255463
0.255459
0.25545
0.255453
0.25545
0.255445
0.255441
0.255438
0.255436
0.255439
0.255433
0.255441
0.255438
0.255434
0.255428
0.255435
0.255444
0.255442
0.255438
0.255439
0.255432
0.255434
0.255426
0.255415
0.255407
0.255403
0.2554
0.255403
0.255402
0.255404
0.255397
0.255393
0.255386
0.255384
0.255387
0.255392
0.255391
0.255389
0.255389
0.255386
0.25538
0.255387
0.255393
0.255387
0.255383
0.255371
0.255368
0.25536
0.255366
0.25536
0.255357
0.255348
0.255347
0.255353
0.255361
0.255353
0.255351
0.255354
0.255358
0.255354
0.255347
0.25535
0.255349
0.255351
0.255352
0.255346
0.255344
0.255337
0.255337
0.255336
0.255334
0.25533
0.255332
0.255333
0.25533
0.255331
0.255326
0.255326
0.255333
0.255333
0.255329
0.25533
0.255321
0.255326
0.255331
0.255329
0.255322
0.255313
0.255313
0.255313
0.255311
0.255305
0.255309
0.25531
0.255306
0.255296
0.255294
0.255296
0.255302
0.255302
0.255306
0.255312
0.255319
0.255324
0.255324
0.255323
0.255325
0.255324
0.255314
0.255316
0.255311
0.255311
0.255303
0.255298
0.255293
0.255295
0.255295
0.255296
0.255296
0.2553
0.255303
0.255309
0.255308
0.2553
0.255297
0.255297
0.255297
0.255294
0.255288
0.255287
0.255286
0.255291
0.255297
0.255299
0.255298
0.255289
0.255291
0.255285
0.255281
0.255282
0.255273
0.255277
0.255277
0.25528
0.255286
0.255286
0.255289
0.255279
0.255276
0.255275
0.255273
0.255276
0.255275
0.255281
0.255279
0.255285
0.255286
0.255286
0.255292
0.255289
0.255288
0.255287
0.255293
0.255294
0.255293
0.25529
0.255293
0.255289
0.255289
0.25529
0.255287
0.255276
0.255275
0.255274
0.255272
0.25527
0.255268
0.255273
0.255275
0.255275
0.255283
0.255281
0.255286
0.255284
0.255281
0.255284
0.255284
0.255284
0.255275
0.255269
0.255279
0.255279
0.255283
0.255289
0.255289
0.255279
0.25528
0.255278
0.255279
0.255272
0.255272
0.255269
0.255269
0.255266
0.255268
0.255267
0.255271
0.255278
0.255275
0.255278
0.255272
0.255274
0.255277
0.255275
0.255276
0.255273
0.255279
0.255288
0.255284
0.255284
0.255279
0.255276
0.255279
0.255281
0.255284
0.255289
0.255292
0.255286
0.255283
0.255276
0.255274
0.255279
0.255284
0.255284
0.255286
0.255286
0.255283
0.255285
0.255284
0.255284
0.255274
0.255276
0.255269
0.255267
0.255264
0.255268
0.25527
0.255275
0.255272
0.255273
0.255267
0.255271
0.25527
0.25527
0.255267
0.25526
0.255259
0.255264
0.25526
0.255268
0.255264
0.25527
0.255269
0.255261
0.255262
0.255266
0.255267
0.255264
0.255272
0.255275
0.255276
0.255274
0.255278
0.255283
0.255287
0.255285
0.255286
0.255283
0.255283
0.255278
0.25529
0.255289
0.255288
0.255281
0.255279
0.255281
0.255284
0.255281
0.255278
0.25528
0.25528
0.25528
0.255287
0.255291
0.255297
0.255303
0.255307
0.255305
0.255301
0.255309
0.255299
0.255297
0.255295
0.255286
0.255286
0.255289
0.255294
0.255288
0.255288
0.255289
0.255291
0.255292
0.255288
0.255292
0.255294
0.255299
0.255294
0.255292
0.2553
0.255304
0.255306
0.255311
0.255314
0.255312
0.255311
0.255309
0.255305
0.255302
0.255296
0.255289
0.25529
0.255288
0.255298
0.255295
0.255298
0.255299
0.255299
0.255302
0.255299
0.255301
0.255299
0.255299
0.255309
0.255303
0.2553
0.255305
0.255307
0.255308
0.255309
0.255315
0.255315
0.255304
0.255309
0.255305
0.255306
0.255309
0.255315
0.255321
0.255313
0.255313
0.255318
0.255324
0.255325
0.255324
0.255324
0.255322
0.255312
0.255314
0.255316
0.255311
0.255312
0.255312
0.25531
0.25531
0.255308
0.255312
0.255315
0.255313
0.25531
0.255305
0.255305
0.255305
0.255308
0.255307
0.255311
0.255315
0.255309
0.255319
0.255327
0.255327
0.255323
0.255324
0.255322
0.255322
0.25532
0.255321
0.255318
0.25532
0.255316
0.255316
0.25532
0.25532
0.255317
0.255318
0.255316
0.255317
0.255318
0.255319
0.255318
0.255321
0.255325
0.255325
0.255328
0.255329
0.255338
0.255343
0.25534
0.255336
0.255334
0.255337
0.255338
0.255341
0.255345
0.255348
0.255355
0.255351
0.255347
0.255348
0.255344
0.255346
0.255346
0.255342
0.255336
0.255336
0.255334
0.25534
0.25534
0.255334
0.255335
0.25533
0.255333
0.255335
0.255341
0.255344
0.255342
0.255338
0.255334
0.255336
0.25533
0.255326
0.255323
0.255326
0.255323
0.255328
0.255329
0.255337
0.25533
0.255324
0.255318
0.255324
0.255316
0.255317
0.255315
0.255314
0.255308
0.255308
0.2553
0.255307
0.255308
0.25531
0.255311
0.25531
0.255313
0.255313
0.255311
0.255306
0.255305
0.25531
0.255314
0.255316
0.25531
0.255313
0.255314
0.255309
0.255313
0.255309
0.255311
0.255306
0.255305
0.255303
0.255305
0.255306
0.255303
0.255294
0.255292
0.255288
0.255285
0.255289
0.255281
0.255279
0.255277
0.255284
0.255288
0.255292
0.255284
0.255282
0.255275
0.255271
0.25526
0.255258
0.25526
0.255259
0.255259
0.255258
0.255261
0.255267
0.255267
0.255268
0.255265
0.25527
0.255262
0.25526
0.255263
0.255254
0.255253
0.255248
0.255251
0.255259
0.255252
0.255253
0.25525
0.255254
0.255251
0.255247
0.255247
0.255243
0.255241
0.255237
0.255235
0.255232
0.255233
0.255232
0.255231
0.255237
0.255231
0.255223
0.255218
0.255218
0.25522
0.255216
0.255212
0.255206
0.255214
0.255214
0.255211
0.255204
0.255203
0.2552
0.255199
0.255201
0.255203
0.255198
0.255189
0.255192
0.255193
0.255192
0.255192
0.255194
0.255197
0.255197
0.25519
0.255192
0.255192
0.255193
0.255196
0.255201
0.255203
0.255199
0.255204
0.255198
0.255193
0.255194
0.255191
0.255188
0.255187
0.255193
0.255201
0.255203
0.255198
0.255197
0.255196
0.255202
0.255203
0.255206
0.255203
0.2552
0.255198
0.255201
0.255208
0.255206
0.255215
0.255218
0.255216
0.255217
0.25522
0.255218
0.255216
0.255209
0.255204
0.25521
0.255211
0.255208
0.255206
0.2552
0.255197
0.255192
0.255194
0.255195
0.255202
0.255201
0.25521
0.255214
0.255217
0.255219
0.255217
0.255221
0.255225
0.255224
0.255224
0.255221
0.255221
0.255223
0.255219
0.255221
0.255225
0.255231
0.255239
0.255238
0.255238
0.255237
0.255248
0.25525
0.255251
0.255256
0.255254
0.25526
0.25527
0.255269
0.255269
0.255266
0.255267
0.255268
0.255266
0.255267
0.255271
0.255269
0.255263
0.255263
0.255269
0.255265
0.255267
0.255264
0.255262
0.255257
0.255261
0.255259
0.255256
0.255259
0.255257
0.255257
0.255259
0.255255
0.255251
0.255254
0.255258
0.255262
0.255262
0.255256
0.255255
0.255255
0.255255
0.255255
0.255255
0.255257
0.255262
0.255263
0.255261
0.255259
0.255264
0.255265
0.255264
0.255263
0.255263
0.255261
0.255259
0.25526
0.255262
0.255259
0.255256
0.255256
0.255261
0.255259
0.255259
0.255264
0.255263
0.255261
0.255256
0.255256
0.255252
0.255255
0.25526
0.255259
0.255267
0.255263
0.25526
0.255254
0.255254
0.255251
0.255245
0.255245
0.255243
0.255241
0.255238
0.255237
0.255239
0.255238
0.255235
0.255236
0.255238
0.25524
0.255242
0.255243
0.255248
0.255251
0.255249
0.255251
0.25525
0.255244
0.25524
0.255243
0.255244
0.255239
0.255236
0.255234
0.255225
0.255227
0.25523
0.255229
0.255226
0.255227
0.255224
0.255229
0.255228
0.25523
0.255224
0.25523
0.255228
0.255228
0.255229
0.255223
0.255219
0.255215
0.255216
0.25522
0.255222
0.255221
0.255218
0.255216
0.255212
0.255215
0.255209
0.255203
0.255201
0.255201
0.255206
0.255207
0.255202
0.255196
0.255195
0.255193
0.25519
0.255192
0.255197
0.255192
0.255192
0.255189
0.255194
0.255196
0.255191
0.255191
0.255195
0.255196
0.255193
0.255189
0.255189
0.255195
0.255198
0.255194
0.255196
0.255198
0.255193
0.255188
0.255186
0.255184
0.255187
0.255185
0.255187
0.255186
0.25519
0.255188
0.255185
0.255185
0.255184
0.255186
0.255177
0.255174
0.255175
0.255174
0.255177
0.255181
0.255175
0.255174
0.255172
0.255173
0.255173
0.255172
0.25517
0.255169
0.255168
0.255161
0.255161
0.255158
0.255158
0.255159
0.255162
0.255161
0.255162
0.25516
0.255167
0.255171
0.255171
0.255171
0.255177
0.255172
0.255177
0.255172
0.255162
0.255167
0.255167
0.255161
0.255158
0.25516
0.255163
0.255171
0.255175
0.255175
0.255171
0.25517
0.255169
0.255169
0.255171
0.255175
0.255167
0.255171
0.255175
0.255178
0.255182
0.25518
0.255182
0.255175
0.25517
0.255178
0.25518
0.255186
0.255183
0.255176
0.255175
0.255179
0.25518
0.255178
0.255179
0.255175
0.255169
0.25517
0.255169
0.25517
0.255171
0.25517
0.255175
0.255174
0.255179
0.255178
0.255181
0.255183
0.255189
0.255187
0.255187
0.255181
0.255183
0.255175
0.255171
0.255168
0.255165
0.255162
0.255163
0.255161
0.255162
0.255166
0.255162
0.255157
0.255156
0.255157
0.255156
0.255156
0.255152
0.255147
0.255148
0.255141
0.255137
0.255136
0.25514
0.255137
0.25514
0.255141
0.255137
0.255138
0.255133
0.255135
0.255134
0.255137
0.255141
0.255135
0.255129
0.255122
0.255127
0.255127
0.255131
0.255131
0.255138
0.25514
0.255138
0.25514
0.255138
0.255136
0.255137
0.255138
0.255143
0.255141
0.255144
0.25515
0.255147
0.25515
0.255145
0.25515
0.255146
0.255146
0.255148
0.255145
0.255141
0.255142
0.255134
0.255137
0.255135
0.255135
0.255135
0.255133
0.255132
0.255131
0.255142
0.255138
0.25514
0.255138
0.255136
0.255137
0.255136
0.255126
0.255126
0.255125
0.25513
0.255132
0.255133
0.255133
0.255137
0.25513
0.25512
0.255124
0.255124
0.255122
0.25512
0.25512
0.255122
0.255119
0.255119
0.255109
0.255115
0.25512
0.255124
0.255123
0.255125
0.255127
0.255126
0.25513
0.255129
0.255126
0.255117
0.255112
0.255112
0.255109
0.255104
0.255101
0.255093
0.255094
0.255091
0.255093
0.255093
0.255097
0.255091
0.255097
0.255092
0.25509
0.255092
0.255093
0.255087
0.255088
0.25508
0.255083
0.255073
0.255073
0.255065
0.25506
0.25506
0.25506
0.255057
0.255057
0.255056
0.255054
0.255054
0.255049
0.255046
0.255042
0.255044
0.255038
0.25504
0.255037
0.255034
0.255035
0.255036
0.255032
0.255032
0.255028
0.255024
0.25502
0.255016
0.255012
0.255016
0.25502
0.255022
0.255016
0.255014
0.255012
0.255005
0.254997
0.254999
0.254997
0.254992
0.254989
0.254992
0.25499
0.254995
0.254994
0.254996
0.254994
0.254997
0.254994
0.255001
0.254999
0.254989
0.254991
0.255
0.254993
0.254995
0.254992
0.254985
0.254982
0.254979
0.254985
0.254986
0.254988
0.25499
0.254991
0.25499
0.254991
0.254983
0.25498
0.254978
0.254974
0.254971
0.254977
0.254985
0.254984
0.254974
0.254978
0.254982
0.254983
0.254987
0.254995
0.254998
0.254997
0.254996
0.254993
0.254987
0.254991
0.25499
0.254988
0.254984
0.254983
0.254981
0.254985
0.254987
0.254984
0.254984
0.254986
0.254982
0.254983
0.254985
0.254987
0.254981
0.254976
0.254975
0.254975
0.254971
0.254971
0.254966
0.254973
0.254979
0.25498
0.254978
0.254977
0.254977
0.254974
0.254976
0.254979
0.25498
0.254977
0.254973
0.254975
0.254972
0.254965
0.254965
0.254959
0.254956
0.254954
0.254958
0.254962
0.254963
0.254964
0.254963
0.254967
0.254971
0.25497
0.254969
0.254971
0.254973
0.254969
0.254967
0.254969
0.254966
0.254964
0.254959
0.25496
0.254962
0.254963
0.254969
0.254972
0.254973
0.254975
0.254978
0.254974
0.254975
0.254977
0.254973
0.254979
0.254975
0.254974
0.254977
0.254974
0.254973
0.254967
0.254977
0.254982
0.254984
0.254991
0.254989
0.254997
0.25499
0.254989
0.254993
0.255003
0.255004
0.255
0.255
0.254999
0.254997
0.254998
0.255
0.255003
0.254998
0.254992
0.254989
0.254994
0.254991
0.25499
0.254991
0.254991
0.254988
0.254977
0.254975
0.254975
0.25498
0.25498
0.254974
0.254977
0.254979
0.254985
0.254988
0.254984
0.254981
0.254979
0.254981
0.25498
0.254975
0.254981
0.254982
0.254977
0.254981
0.254981
0.254981
0.25498
0.254981
0.254984
0.254983
0.254981
0.254981
0.254977
0.254974
0.254975
0.254975
0.254971
0.254969
0.254972
0.254973
0.254975
0.254971
0.254971
0.254973
0.254971
0.254973
0.254971
0.254974
0.254983
0.254986
0.254992
0.254989
0.25499
0.254988
0.254988
0.254987
0.254989
0.254985
0.254981
0.254985
0.254985
0.254982
0.254983
0.254986
0.254983
0.254982
0.254978
0.254975
0.254984
0.25498
0.254978
0.254975
0.254972
0.254969
0.254973
0.254972
0.254977
0.254985
0.254993
0.254997
0.254995
0.254993
0.254998
0.254999
0.254997
0.254999
0.254997
0.255
0.255006
0.255006
0.255006
0.255011
0.255001
0.254999
0.255003
0.255001
0.254998
0.255
0.254999
0.255004
0.25501
0.255004
0.255004
0.254996
0.254996
0.254998
0.254996
0.254995
0.254995
0.254992
0.254989
0.254989
0.254988
0.254988
0.254988
0.25499
0.254992
0.254993
0.254985
0.254985
0.254984
0.254984
0.254977
0.254976
0.254977
0.254976
0.254976
0.254977
0.254983
0.254975
0.254977
0.254979
0.254983
0.254984
0.254988
0.254989
0.254987
0.254986
0.254988
0.254981
0.254982
0.254975
0.254977
0.254974
0.254975
0.254978
0.254982
0.254977
0.254975
0.254973
0.254968
0.254968
0.254962
0.25496
0.254959
0.254962
0.254958
0.254954
0.254956
0.254953
0.254952
0.254947
0.254951
0.254954
0.254953
0.254945
0.254943
0.254942
0.254945
0.254945
0.254941
0.254941
0.254938
0.25494
0.254934
0.254934
0.254942
0.254936
0.254939
0.254937
0.254937
0.254934
0.25493
0.254929
0.254927
0.254928
0.254932
0.254928
0.254926
0.25493
0.254931
0.254931
0.254936
0.254936
0.25494
0.254939
0.254946
0.254935
0.254937
0.254934
0.254937
0.254938
0.254941
0.254941
0.254944
0.254946
0.25495
0.254943
0.25494
0.254941
0.254948
0.254945
0.254951
0.254959
0.254961
0.25496
0.254963
0.254972
0.254972
0.254973
0.254967
0.25496
0.254962
0.25497
0.25497
0.254967
0.254971
0.25497
0.25497
0.254967
0.254962
0.254957
0.254956
0.25495
0.25495
0.254946
0.254949
0.254949
0.254951
0.254949
0.254948
0.254949
0.254951
0.254948
0.254954
0.254952
0.254946
0.254942
0.25494
0.254937
0.254932
0.254933
0.254935
0.254931
0.254936
0.254934
0.254938
0.254941
0.254947
0.254951
0.254948
0.254948
0.254943
0.254946
0.25494
0.254938
0.254934
0.254931
0.254933
0.254934
0.25493
0.254938
0.25494
0.254934
0.254936
0.254936
0.254932
0.254936
0.254933
0.254942
0.254944
0.254944
0.254941
0.254938
0.254937
0.254937
0.254934
0.254936
0.254936
0.254931
0.254932
0.254931
0.254936
0.254939
0.254938
0.254934
0.254929
0.254934
0.254927
0.25493
0.25493
0.254931
0.254926
0.254925
0.254919
0.254919
0.25492
0.254918
0.254915
0.254917
0.254922
0.254919
0.254918
0.254919
0.254914
0.254919
0.254923
0.254927
0.254926
0.254925
0.25492
0.254915
0.254915
0.254915
0.254908
0.254907
0.254909
0.254909
0.254905
0.254909
0.254911
0.254908
0.25491
0.254904
0.254902
0.254901
0.254906
0.254907
0.254912
0.254914
0.254917
0.254922
0.254918
0.254921
0.25492
0.254923
0.254917
0.254922
0.254918
0.254914
0.254916
0.254916
0.254909
0.254909
0.254904
0.254901
0.254902
0.254896
0.254896
0.254895
0.254899
0.254896
0.254894
0.254894
0.254894
0.254897
0.254897
0.254898
0.254898
0.254893
0.254895
0.254892
0.254893
0.254883
0.254883
0.254879
0.254876
0.254872
0.254866
0.254869
0.254872
0.254879
0.254881
0.254881
0.254878
0.254879
0.254877
0.254875
0.254875
0.254869
0.254867
0.254868
0.254867
0.254864
0.254866
0.254865
0.254864
0.254863
0.254866
0.254868
0.25487
0.254865
0.254866
0.254869
0.254868
0.254867
0.25487
0.254864
0.254867
0.254867
0.254872
0.25487
0.254872
0.254873
0.254871
0.254869
0.254872
0.254872
0.254872
0.254875
0.254874
0.254873
0.25487
0.254871
0.254869
0.254867
0.254871
0.254859
0.254861
0.254861
0.254859
0.254866
0.25487
0.254869
0.254863
0.254861
0.254865
0.254866
0.254874
0.254874
0.254875
0.254873
0.25487
0.254859
0.254858
0.254858
0.254857
0.254856
0.254856
0.254855
0.25485
0.254846
0.254848
0.254848
0.254846
0.254844
0.254841
0.254842
0.254838
0.254835
0.254829
0.254829
0.254825
0.254819
0.254815
0.254814
0.254812
0.254813
0.254814
0.254824
0.254822
0.254816
0.254815
0.254811
0.254812
0.25481
0.254804
0.254805
0.2548
0.254796
0.254794
0.254793
0.254793
0.254797
0.254803
0.254802
0.254804
0.254798
0.254799
0.254793
0.254796
0.254791
0.254789
0.254786
0.254786
0.254787
0.25478
0.254779
0.254772
0.254769
0.254767
0.254764
0.254764
0.254757
0.254756
0.254755
0.254755
0.254758
0.254759
0.254766
0.254764
0.254761
0.25476
0.254759
0.254756
0.254754
0.254753
0.254751
0.254752
0.254761
0.254758
0.254761
0.254756
0.254751
0.254754
0.254753
0.254747
0.254746
0.254742
0.254744
0.254742
0.254739
0.254737
0.254735
0.254734
0.254741
0.254741
0.254741
0.254739
0.254741
0.254738
0.254738
0.254736
0.254741
0.254739
0.254734
0.254733
0.254731
0.254731
0.254735
0.254739
0.254737
0.254738
0.254735
0.254732
0.254731
0.254734
0.25473
0.254734
0.254735
0.254736
0.254736
0.254733
0.254733
0.254733
0.254735
0.254731
0.254733
0.254727
0.254729
0.25473
0.254723
0.254723
0.254725
0.254723
0.254727
0.254731
0.254731
0.254734
0.254731
0.254728
0.254737
0.254736
0.254739
0.25474
0.254746
0.254745
0.25475
0.254749
0.254748
0.254741
0.254739
0.254737
0.254735
0.254727
0.25473
0.254727
0.254733
0.254731
0.254732
0.254733
0.254738
0.254732
0.254733
0.254734
0.254728
0.254724
0.254723
0.254719
0.254715
0.254713
0.25471
0.254716
0.254716
0.254715
0.254715
0.254714
0.25471
0.254709
0.254716
0.254721
0.254719
0.254718
0.254715
0.254717
0.254718
0.254718
0.254715
0.254715
0.254716
0.254719
0.254715
0.254716
0.254715
0.254718
0.254715
0.254717
0.254718
0.254719
0.254713
0.254711
0.254713
0.254711
0.254711
0.254711
0.254712
0.254717
0.254715
0.254715
0.254717
0.254716
0.254717
0.25471
0.254705
0.254707
0.254703
0.2547
0.254703
0.254699
0.254696
0.254703
0.254702
0.2547
0.254705
0.254706
0.254707
0.254703
0.254706
0.254708
0.254705
0.254705
0.254705
0.254708
0.25471
0.254711
0.254713
0.254712
0.254709
0.254713
0.254712
0.254709
0.254705
0.25471
0.254713
0.254717
0.254715
0.254717
0.254727
0.254727
0.254727
0.254721
0.254722
0.254728
0.254731
0.254735
0.25474
0.254737
0.254734
0.254733
0.254733
0.254739
0.254734
0.254739
0.25474
0.25474
0.25474
0.25474
0.254737
0.254732
0.254727
0.254725
0.254724
0.254726
0.254727
0.254733
0.254728
0.254733
0.254731
0.254729
0.254726
0.254729
0.254728
0.254734
0.254735
0.254736
0.254736
0.254742
0.25475
0.254748
0.254742
0.254737
0.254736
0.254733
0.254731
0.254739
0.254735
0.254738
0.254744
0.254746
0.254744
0.254739
0.254739
0.254738
0.254736
0.254739
0.254739
0.254734
0.254732
0.254733
0.254732
0.254735
0.254734
0.254734
0.254735
0.254732
0.254727
0.254726
0.25472
0.254725
0.254732
0.254731
0.254735
0.25473
0.254732
0.254731
0.254728
0.254726
0.254728
0.254733
0.254733
0.254727
0.254726
0.254732
0.254732
0.254728
0.254724
0.25472
0.25472
0.25472
0.254715
0.254715
0.254709
0.254711
0.254708
0.254705
0.254704
0.254707
0.254706
0.254706
0.254705
0.254703
0.254705
0.2547
0.254695
0.254699
0.254701
0.254696
0.254695
0.254696
0.254706
0.254708
0.254705
0.254703
0.254702
0.254702
0.2547
0.254699
0.254701
0.254703
0.254704
0.2547
0.2547
0.254704
0.254704
0.2547
0.254698
0.254696
0.254697
0.254698
0.254695
0.254695
0.254691
0.254693
0.254695
0.254696
0.254693
0.254692
0.254688
0.254691
0.254694
0.254701
0.254704
0.254701
0.2547
0.254698
0.254697
0.254698
0.254699
0.254696
0.254693
0.254687
0.254677
0.254676
0.254675
0.254676
0.254676
0.254682
0.254684
0.254683
0.254681
0.25468
0.254676
0.254676
0.254679
0.254682
0.254685
0.254687
0.254693
0.25469
0.254686
0.254682
0.254679
0.254679
0.254673
0.254673
0.254667
0.254665
0.254661
0.254656
0.254651
0.254652
0.254653
0.254654
0.254652
0.254655
0.254654
0.25465
0.254649
0.254645
0.254643
0.254643
0.254642
0.254643
0.254636
0.25463
0.254626
0.254629
0.25463
0.254621
0.254615
0.254614
0.254616
0.254608
0.2546
0.254597
0.254598
0.25459
0.254586
0.254587
0.25459
0.254588
0.254584
0.254576
0.254574
0.254566
0.254569
0.254564
0.254566
0.254563
0.254565
0.254561
0.254555
0.254555
0.254552
0.254549
0.25455
0.254552
0.254551
0.254549
0.254547
0.25454
0.25454
0.254539
0.254535
0.254532
0.25453
0.254528
0.254529
0.254525
0.254525
0.254521
0.254516
0.254513
0.25451
0.254507
0.254512
0.254505
0.254502
0.2545
0.254499
0.254499
0.254492
0.254484
0.254481
0.25448
0.254481
0.254475
0.254468
0.254463
0.254461
0.254455
0.254452
0.254446
0.254443
0.254438
0.254436
0.254432
0.25443
0.254425
0.254423
0.254424
0.254427
0.254426
0.25443
0.25443
0.254432
0.254427
0.254427
0.254428
0.254427
0.254422
0.254422
0.254424
0.254426
0.254427
0.254432
0.254439
0.254442
0.254445
0.254445
0.25444
0.254435
0.254431
0.254431
0.254429
0.254432
0.254432
0.254427
0.254423
0.254429
0.254429
0.25443
0.25443
0.254431
0.254427
0.254429
0.254435
0.254436
0.254436
0.254428
0.254419
0.254417
0.254416
0.254414
0.254419
0.254419
0.254416
0.254415
0.254413
0.254413
0.254413
0.254406
0.254406
0.254409
0.254411
0.254405
0.254409
0.25441
0.254409
0.254404
0.254406
0.254403
0.254404
0.254397
0.254395
0.254393
0.254389
0.254387
0.254387
0.254389
0.254388
0.254383
0.254384
0.254384
0.254381
0.254384
0.25438
0.25438
0.254381
0.254383
0.254379
0.254382
0.254378
0.254378
0.254377
0.254376
0.254381
0.254387
0.254388
0.254387
0.254383
0.254384
0.254384
0.254386
0.254394
0.254402
0.254407
0.254406
0.254399
0.254401
0.254398
0.254397
0.254397
0.254393
0.254392
0.254393
0.254392
0.254384
0.254391
0.254394
0.254391
0.25439
0.254398
0.254407
0.254412
0.25441
0.254408
0.25441
0.254414
0.254413
0.254411
0.25441
0.254407
0.254411
0.254409
0.254412
0.254406
0.254404
0.25441
0.254419
0.254418
0.254419
0.254422
0.254421
0.254421
0.254422
0.254424
0.254425
0.254424
0.254423
0.25442
0.254424
0.254423
0.254419
0.254414
0.254408
0.254406
0.254403
0.25441
0.25441
0.25441
0.254408
0.254409
0.254413
0.254411
0.254416
0.254416
0.25442
0.25442
0.25442
0.25442
0.254418
0.254422
0.254425
0.254426
0.254423
0.254426
0.254427
0.254429
0.254427
0.254427
0.25443
0.25443
0.254431
0.254433
0.254432
0.254431
0.254431
0.254434
0.254437
0.254437
0.254433
0.254428
0.254426
0.254425
0.25443
0.254431
0.25443
0.254429
0.254428
0.254425
0.254432
0.25443
0.254431
0.25443
0.254427
0.254431
0.254434
0.254438
0.254439
0.254446
0.254442
0.25444
0.25444
0.254438
0.254444
0.254447
0.254449
0.254451
0.254455
0.254456
0.254456
0.254456
0.254451
0.254449
0.254447
0.254455
0.254458
0.25446
0.25446
0.25446
0.254455
0.254452
0.254452
0.254454
0.254453
0.254451
0.254451
0.254447
0.25445
0.254448
0.254454
0.254449
0.254446
0.254443
0.254446
0.25445
0.25445
0.254452
0.254452
0.254449
0.254456
0.254457
0.254459
0.25446
0.254459
0.25446
0.254461
0.254456
0.254451
0.25445
0.254451
0.25445
0.254452
0.254451
0.254451
0.254451
0.254453
0.254452
0.254455
0.254452
0.254454
0.254454
0.254454
0.254454
0.254453
0.254449
0.254446
0.254444
0.254442
0.254444
0.254448
0.254444
0.254443
0.254444
0.254442
0.25444
0.254443
0.254446
0.254442
0.254439
0.254441
0.254445
0.254441
0.254447
0.254449
0.25445
0.254454
0.254456
0.254459
0.254459
0.254454
0.254449
0.254449
0.254449
0.254449
0.254448
0.254453
0.254461
0.254455
0.254452
0.254455
0.254458
0.254454
0.254453
0.254449
0.254446
0.254448
0.254451
0.254452
0.254452
0.254455
0.254455
0.254449
0.254456
0.254454
0.254454
0.254452
0.254452
0.25446
0.254461
0.254462
0.254457
0.254464
0.254464
0.254466
0.254461
0.254462
0.25446
0.25446
0.254458
0.254455
0.254456
0.254463
0.254462
0.254463
0.254463
0.254463
0.254468
0.254464
0.254462
0.254461
0.254461
0.254462
0.254454
0.254451
0.254447
0.254448
0.254448
0.254456
0.254456
0.25446
0.254455
0.254456
0.254462
0.254459
0.254464
0.254459
0.254461
0.254459
0.254466
0.254462
0.254457
0.254457
0.254452
0.254446
0.254449
0.254451
0.254448
0.254446
0.254445
0.25445
0.254447
0.254448
0.25445
0.254451
0.254441
0.254442
0.254443
0.25444
0.254435
0.254442
0.254438
0.254438
0.254437
0.25444
0.254441
0.254443
0.254444
0.254439
0.25444
0.254441
0.254438
0.254439
0.254434
0.254432
0.254431
0.254432
0.254434
0.254437
0.25444
0.254438
0.254434
0.25443
0.254431
0.254425
0.254431
0.254431
0.254434
0.254434
0.254433
0.25443
0.254426
0.254421
0.254419
0.254418
0.254419
0.254416
0.254412
0.254408
0.254405
0.254406
0.254407
0.254416
0.254419
0.25442
0.254418
0.254421
0.254424
0.254427
0.254421
0.254416
0.254412
0.254412
0.254415
0.254412
0.25441
0.254408
0.254407
0.254409
0.254408
0.254411
0.254413
0.25441
0.254412
0.254409
0.25441
0.254407
0.254405
0.254407
0.254405
0.254399
0.2544
0.254403
0.254403
0.254402
0.2544
0.2544
0.254396
0.254398
0.254396
0.254397
0.254396
0.254402
0.254398
0.254395
0.254397
0.254395
0.254394
0.254395
0.254398
0.254395
0.254396
0.254399
0.254396
0.254396
0.254401
0.254404
0.254408
0.254403
0.254406
0.254408
0.254403
0.2544
0.254397
0.254398
0.254396
0.254394
0.254395
0.254397
0.254401
0.254397
0.254392
0.254389
0.254386
0.254382
0.25438
0.254384
0.254379
0.254378
0.254378
0.254377
0.254376
0.254372
0.254375
0.254373
0.254372
0.254372
0.254376
0.254377
0.254374
0.254372
0.254367
0.254366
0.254366
0.254365
0.254367
0.254366
0.254366
0.254365
0.254364
0.25436
0.254358
0.254354
0.254354
0.254354
0.25435
0.254352
0.254356
0.254356
0.254357
0.254354
0.254353
0.254353
0.254351
0.254353
0.254352
0.254355
0.25435
0.254354
0.254356
0.254353
0.254352
0.254352
0.254355
0.254351
0.254347
0.254344
0.254337
0.254336
0.254336
0.254336
0.254334
0.254336
0.254332
0.254331
0.254329
0.254323
0.254322
0.254317
0.254318
0.254316
0.254315
0.254313
0.254317
0.254313
0.254311
0.254311
0.254312
0.254311
0.254308
0.254309
0.254309
0.254305
0.254303
0.254305
0.254308
0.254308
0.254302
0.2543
0.254298
0.254299
0.254293
0.25429
0.254293
0.254285
0.254284
0.254282
0.254283
0.254287
0.254283
0.254283
0.254278
0.254273
0.25427
0.254268
0.254266
0.254267
0.254266
0.254262
0.25426
0.254261
0.254257
0.254252
0.254248
0.254254
0.254254
0.254257
0.254251
0.254247
0.254253
0.254253
0.25425
0.254258
0.254256
0.254256
0.254257
0.254258
0.254259
0.254265
0.254267
0.254268
0.254268
0.254269
0.254263
0.254259
0.254257
0.25426
0.254261
0.254257
0.254261
0.254263
0.254262
0.254265
0.254269
0.254274
0.254273
0.254271
0.254272
0.254275
0.254277
0.254277
0.254274
0.254283
0.254287
0.254285
0.254283
0.254279
0.254282
0.254284
0.25429
0.254289
0.254289
0.254289
0.254283
0.254289
0.254293
0.254294
0.254293
0.254288
0.254286
0.254291
0.25429
0.254294
0.2543
0.254303
0.254303
0.254302
0.254307
0.254308
0.254309
0.254316
0.254314
0.254311
0.254309
0.254312
0.254316
0.254317
0.254317
0.254316
0.25432
0.254322
0.254317
0.254315
0.254317
0.254317
0.254313
0.254315
0.254317
0.25432
0.254315
0.254308
0.254307
0.254309
0.254304
0.254307
0.254303
0.254302
0.254308
0.25431
0.254312
0.254311
0.254316
0.254308
0.254308
0.254312
0.25431
0.254313
0.254316
0.254323
0.254321
0.254322
0.254324
0.254323
0.254326
0.254327
0.254328
0.254328
0.254335
0.254334
0.254339
0.254339
0.254339
0.254342
0.254343
0.254348
0.254346
0.254346
0.254344
0.254349
0.254351
0.254353
0.254357
0.254359
0.254358
0.254355
0.254357
0.254349
0.254349
0.254349
0.254348
0.254347
0.254349
0.25435
0.254352
0.25435
0.254351
0.254355
0.254356
0.254354
0.25435
0.254355
0.254361
0.254368
0.254371
0.25437
0.254374
0.25437
0.254369
0.25437
0.254368
0.254369
0.254367
0.254369
0.254369
0.254369
0.254372
0.254379
0.254381
0.254382
0.254385
0.25438
0.254379
0.25438
0.254384
0.254384
0.254382
0.254383
0.254378
0.254379
0.254379
0.25438
0.254381
0.254381
0.254382
0.254383
0.254387
0.254383
0.254382
0.254382
0.25438
0.254383
0.254382
0.25438
0.254385
0.254387
0.254386
0.254383
0.254381
0.254382
0.254384
0.254383
0.254382
0.254378
0.254382
0.254379
0.254381
0.254378
0.25438
0.25438
0.254374
0.254373
0.254381
0.254381
0.254386
0.254388
0.254389
0.254386
0.254389
0.254389
0.254388
0.254389
0.25439
0.254387
0.254384
0.254379
0.254385
0.254383
0.254386
0.25439
0.254391
0.254389
0.254387
0.254389
0.254387
0.254384
0.254383
0.254386
0.25439
0.254391
0.254392
0.254397
0.254395
0.254392
0.254389
0.254393
0.254394
0.254396
0.254391
0.254393
0.254395
0.254396
0.254396
0.2544
0.254398
0.254398
0.254396
0.254393
0.254395
0.2544
0.254401
0.254398
0.254395
0.254393
0.254394
0.254396
0.2544
0.254398
0.2544
0.254402
0.2544
0.254397
0.254401
0.254397
0.254398
0.254397
0.254394
0.254393
0.254394
0.254392
0.254396
0.2544
0.2544
0.254403
0.254401
0.2544
0.2544
0.2544
0.254406
0.254404
0.254403
0.254404
0.254401
0.2544
0.254401
0.254398
0.254395
0.2544
0.2544
0.2544
0.254397
0.254402
0.254401
0.254405
0.254408
0.254407
0.254405
0.254407
0.254407
0.254408
0.254409
0.254416
0.254416
0.254415
0.254416
0.254417
0.254416
0.254419
0.254419
0.254412
0.254409
0.254407
0.254407
0.254402
0.254402
0.254402
0.254402
0.254404
0.254403
0.254401
0.254404
0.254405
0.254408
0.254411
0.254411
0.254412
0.254417
0.254421
0.25442
0.254421
0.254426
0.254423
0.254422
0.254424
0.254422
0.25442
0.254418
0.254416
0.254415
0.254417
0.254409
0.254413
0.254408
0.254408
0.254408
0.254411
0.254414
0.25442
0.25442
0.254419
0.254415
0.254419
0.254417
0.254412
0.254416
0.254416
0.254413
0.254413
0.254412
0.254414
0.254412
0.25441
0.254409
0.254407
0.254405
0.254409
0.25441
0.254413
0.254408
0.254409
0.254407
0.254406
0.254408
0.254409
0.254412
0.254415
0.254415
0.254413
0.254413
0.254408
0.254412
0.254417
0.25442
0.254422
0.254422
0.254428
0.254428
0.254427
0.254424
0.254423
0.254422
0.254422
0.25442
0.254419
0.25442
0.254414
0.254413
0.254414
0.254413
0.25441
0.254413
0.254413
0.254415
0.254416
0.254413
0.254411
0.254413
0.254413
0.254411
0.25441
0.254409
0.25441
0.254412
0.254414
0.254415
0.254418
0.254419
0.254419
0.254421
0.254427
0.254427
0.254427
0.254428
0.254427
0.25443
0.254432
0.254433
0.254433
0.254433
0.254431
0.25443
0.254428
0.254434
0.254436
0.254437
0.254439
0.254441
0.254442
0.254444
0.254446
0.254447
0.254444
0.254446
0.25445
0.25445
0.254452
0.254452
0.254455
0.254452
0.254454
0.25446
0.25446
0.254458
0.25446
0.254453
0.254457
0.254454
0.254456
0.254456
0.254451
0.254453
0.254453
0.254452
0.254456
0.254453
0.254454
0.254457
0.254458
0.254463
0.254465
0.254465
0.254461
0.25446
0.254463
0.254464
0.25446
0.254461
0.254458
0.254459
0.254457
0.254459
0.254462
0.254462
0.254463
0.254462
0.254461
0.254463
0.254466
0.254461
0.254461
0.254463
0.254465
0.25447
0.25447
0.254469
0.254471
0.25447
0.254467
0.254464
0.254466
0.254468
0.254468
0.254465
0.254469
0.254467
0.254467
0.254467
0.254465
0.254463
0.254462
0.254458
0.254459
0.254457
0.254453
0.254458
0.254459
0.254461
0.254459
0.254461
0.254461
0.254465
0.254464
0.254464
0.254462
0.254461
0.254462
0.254467
0.254462
0.254463
0.254466
0.254463
0.254462
0.254465
0.254462
0.254464
0.254461
0.25446
0.254458
0.254458
0.25446
0.25446
0.254459
0.254457
0.254458
0.254463
0.254463
0.254466
0.254466
0.25447
0.254469
0.254474
0.254472
0.254471
0.254471
0.254468
0.254468
0.254465
0.254462
0.254459
0.254458
0.254457
0.254457
0.254457
0.254459
0.254464
0.254464
0.254467
0.254467
0.254467
0.254465
0.254468
0.254471
0.254469
0.254461
0.254456
0.254456
0.254461
0.25446
0.254463
0.254457
0.254455
0.254451
0.254448
0.254445
0.254445
0.254448
0.254448
0.254446
0.254438
0.254437
0.254442
0.254437
0.254434
0.25443
0.254428
0.254425
0.254421
0.254415
0.254421
0.25442
0.254415
0.254416
0.254409
0.254409
0.254403
0.254398
0.2544
0.254398
0.254394
0.254391
0.254389
0.254389
0.254392
0.254392
0.254396
0.254396
0.254393
0.254392
0.254389
0.254388
0.254389
0.25439
0.254388
0.254388
0.25439
0.254391
0.254389
0.254389
0.254382
0.254384
0.254379
0.254378
0.254378
0.254375
0.254372
0.254369
0.254367
0.254359
0.254364
0.254362
0.254363
0.25436
0.254353
0.254351
0.254349
0.254353
0.254351
0.254351
0.254353
0.254352
0.254351
0.254347
0.254343
0.254338
0.254336
0.254332
0.254328
0.254324
0.254322
0.254323
0.25432
0.254318
0.254313
0.254314
0.254309
0.25431
0.254307
0.254304
0.254304
0.254303
0.254302
0.254295
0.254291
0.254294
0.254291
0.254288
0.254295
0.254298
0.254303
0.2543
0.254301
0.254306
0.254304
0.254306
0.254304
0.2543
0.2543
0.254303
0.254302
0.254302
0.254298
0.254298
0.254295
0.254294
0.254295
0.254293
0.254298
0.254291
0.254292
0.254289
0.254283
0.254284
0.254283
0.254282
0.254282
0.254288
0.254287
0.254284
0.254288
0.254289
0.254289
0.254288
0.254286
0.254285
0.254285
0.254278
0.254277
0.254272
0.254269
0.254271
0.25427
0.254273
0.254273
0.254272
0.254274
0.254273
0.254274
0.25427
0.254268
0.254263
0.254264
0.254265
0.254266
0.254267
0.254264
0.254265
0.254263
0.254263
0.25426
0.254256
0.254252
0.25425
0.254248
0.254249
0.254246
0.254246
0.254245
0.254243
0.254246
0.25425
0.254251
0.254255
0.254257
0.254263
0.254264
0.254264
0.254261
0.254262
0.254261
0.254265
0.254266
0.254266
0.254267
0.254264
0.254262
0.254265
0.254265
0.254271
0.25427
0.254268
0.254271
0.25427
0.254269
0.25427
0.254268
0.254269
0.254272
0.254276
0.254273
0.254276
0.254275
0.254277
0.254281
0.254277
0.254279
0.25428
0.254278
0.25428
0.254281
0.254283
0.254283
0.254279
0.25428
0.254282
0.254276
0.254279
0.254276
0.254276
0.254274
0.254264
0.254264
0.254265
0.254265
0.254266
0.254264
0.254266
0.254267
0.25427
0.254266
0.254267
0.254266
0.254263
0.254266
0.254263
0.254259
0.254258
0.254261
0.254256
0.254257
0.254254
0.254256
0.254252
0.254253
0.254254
0.254259
0.254257
0.254252
0.254253
0.254255
0.254254
0.254253
0.254255
0.254253
0.254252
0.254255
0.254254
0.254259
0.254258
0.254258
0.254253
0.254255
0.254257
0.254259
0.254257
0.254262
0.254258
0.254261
0.25426
0.254257
0.254258
0.254264
0.254266
0.254265
0.254266
0.254272
0.254269
0.254267
0.254261
0.254264
0.254262
0.25426
0.254257
0.254257
0.254258
0.254255
0.254255
0.254249
0.254251
0.25425
0.254251
0.254248
0.254247
0.254248
0.254253
0.254254
0.254253
0.254249
0.254244
0.254243
0.254246
0.254244
0.254244
0.254247
0.254246
0.254241
0.25424
0.254238
0.254234
0.254234
0.254235
0.254233
0.254231
0.254229
0.254227
0.254228
0.254228
0.254229
0.254228
0.254227
0.254223
0.254222
0.254223
0.254221
0.254216
0.254216
0.254218
0.254216
0.254219
0.25422
0.254217
0.254218
0.254219
0.25422
0.254221
0.254219
0.254218
0.254216
0.254219
0.254222
0.254217
0.25422
0.254222
0.254219
0.254217
0.254217
0.25422
0.254218
0.25422
0.254224
0.254222
0.254224
0.254226
0.254223
0.254223
0.254223
0.25422
0.254221
0.254224
0.25422
0.254219
0.254221
0.254222
0.254226
0.254226
0.254226
0.254222
0.25422
0.254221
0.254216
0.254216
0.254223
0.254221
0.25422
0.254223
0.254228
0.254229
0.254225
0.254224
0.254219
0.254222
0.254222
0.254225
0.254224
0.254222
0.254224
0.254224
0.254221
0.254218
0.254218
0.254218
0.254217
0.254215
0.254212
0.254212
0.254213
0.254216
0.254219
0.254223
0.254223
0.254226
0.254227
0.25423
0.254229
0.254228
0.254233
0.254236
0.254236
0.254234
0.254235
0.254234
0.254239
0.254241
0.254237
0.254239
0.254244
0.25424
0.254243
0.254243
0.254244
0.254239
0.254234
0.254235
0.254238
0.254238
0.25424
0.254236
0.254241
0.254244
0.254248
0.254248
0.25425
0.254248
0.254248
0.254248
0.254245
0.25424
0.254238
0.254245
0.254245
0.254247
0.254246
0.254246
0.254249
0.25425
0.254252
0.254257
0.254254
0.254255
0.254254
0.254251
0.254249
0.254253
0.254254
0.254252
0.254252
0.254247
0.254241
0.254238
0.254238
0.254239
0.254239
0.254244
0.254248
0.254247
0.254245
0.254241
0.254234
0.254235
0.254235
0.254237
0.254234
0.254234
0.254233
0.254239
0.25424
0.254242
0.254244
0.254244
0.254243
0.254244
0.254247
0.254247
0.254247
0.254245
0.254245
0.254247
0.254251
0.254249
0.254249
0.254241
0.25424
0.254239
0.254233
0.254231
0.254232
0.254229
0.254227
0.254228
0.254227
0.254228
0.254226
0.25423
0.254229
0.25423
0.254232
0.254234
0.254238
0.254236
0.254238
0.254244
0.254248
0.25425
0.254253
0.25426
0.254255
0.254256
0.254256
0.254258
0.254259
0.254264
0.254264
0.254265
0.254263
0.254263
0.254262
0.254271
0.254271
0.254269
0.254266
0.254263
0.254265
0.254263
0.25426
0.254261
0.25426
0.254258
0.25426
0.254257
0.254255
0.254254
0.254256
0.254256
0.254255
0.254255
0.254255
0.254257
0.254258
0.254255
0.254258
0.254262
0.254262
0.254263
0.25426
0.254259
0.254267
0.254265
0.254268
0.254268
0.25427
0.254273
0.254273
0.254266
0.254268
0.254267
0.254265
0.254267
0.25427
0.254273
0.254275
0.254279
0.25428
0.25428
0.254278
0.254274
0.254274
0.254274
0.254271
0.254272
0.254275
0.254274
0.254275
0.25428
0.254279
0.254277
0.254279
0.25428
0.254278
0.254274
0.254273
0.254273
0.25427
0.254264
0.254263
0.254263
0.254262
0.254262
0.254264
0.254266
0.254264
0.254267
0.254268
0.254265
0.254264
0.254259
0.254259
0.25426
0.254253
0.254257
0.254256
0.254256
0.254256
0.254259
0.25426
0.254258
0.254254
0.254258
0.25426
0.254258
0.254258
0.254253
0.254252
0.254256
0.25426
0.25426
0.254257
0.254265
0.254266
0.254266
0.254266
0.254261
0.254259
0.254256
0.254258
0.254259
0.25426
0.25426
0.25426
0.254261
0.254265
0.254265
0.254263
0.25426
0.254256
0.254257
0.254256
0.254254
0.254254
0.254251
0.254252
0.25425
0.254243
0.254247
0.254252
0.254252
0.254253
0.254254
0.254252
0.25425
0.25425
0.254251
0.25425
0.254246
0.254247
0.25425
0.25425
0.254247
0.254247
0.254246
0.254243
0.254244
0.254244
0.254248
0.254248
0.254249
0.254251
0.254251
0.254253
0.254253
0.254251
0.254251
0.254249
0.25425
0.25425
0.25425
0.254253
0.254256
0.254256
0.254256
0.254257
0.254255
0.254254
0.254253
0.254251
0.25425
0.25425
0.254254
0.254254
0.254255
0.254256
0.254255
0.25425
0.254251
0.254251
0.254254
0.254251
0.254249
0.254251
0.25425
0.254253
0.254253
0.254251
0.254256
0.254257
0.254262
0.254259
0.254259
0.254258
0.254254
0.254256
0.254255
0.254255
0.254252
0.254247
0.254246
0.254245
0.254243
0.254237
0.254237
0.254234
0.254236
0.254238
0.254237
0.254234
0.254232
0.254229
0.25423
0.254232
0.25423
0.25423
0.25423
0.25423
0.254229
0.25423
0.254233
0.254233
0.254234
0.254231
0.254231
0.254233
0.254235
0.254234
0.254231
0.254233
0.254233
0.254234
0.254233
0.254236
0.254235
0.254233
0.254233
0.254235
0.254231
0.254231
0.25423
0.254228
0.254224
0.254221
0.254221
0.254221
0.254218
0.254218
0.254219
0.254218
0.25422
0.254221
0.254216
0.254217
0.254218
0.254213
0.254213
0.254212
0.254208
0.254207
0.254205
0.254209
0.25421
0.25421
0.254209
0.254205
0.254206
0.254207
0.254207
0.25421
0.254208
0.254208
0.254206
0.254202
0.2542
0.254199
0.254199
0.254197
0.254198
0.254195
0.25419
0.254191
0.254191
0.254189
0.25419
0.254185
0.254186
0.254188
0.254193
0.25419
0.254193
0.25419
0.254186
0.254185
0.254184
0.254182
0.254186
0.254184
0.254184
0.254183
0.254185
0.254186
0.254185
0.254184
0.254184
0.254186
0.254191
0.254192
0.254189
0.254191
0.254191
0.254187
0.254189
0.254187
0.254192
0.254192
0.25419
0.254186
0.254182
0.25418
0.254182
0.25418
0.254181
0.254185
0.254185
0.254183
0.254183
0.254188
0.254189
0.254189
0.25419
0.254188
0.254189
0.254186
0.254183
0.254185
0.254187
0.254188
0.254182
0.254185
0.254185
0.254184
0.25419
0.254188
0.254188
0.254193
0.254196
0.254191
0.254195
0.254199
0.254196
0.2542
0.254198
0.254201
0.254203
0.254203
0.254203
0.254211
0.254211
0.254212
0.254214
0.254213
0.25421
0.254211
0.254206
0.254203
0.2542
0.2542
0.254199
0.254197
0.254194
0.254198
0.254201
0.254203
0.2542
0.254203
0.2542
0.254201
0.254208
0.254208
0.254209
0.25421
0.254211
0.254212
0.25421
0.254216
0.254216
0.254219
0.254215
0.254218
0.254218
0.254216
0.254216
0.254216
0.254216
0.254218
0.254218
0.254218
0.254216
0.254212
0.254209
0.254207
0.254206
0.25421
0.254208
0.254207
0.254205
0.254204
0.254204
0.254204
0.254202
0.254204
0.254206
0.254208
0.254209
0.254208
0.254209
0.254213
0.254214
0.254213
0.254211
0.254207
0.254207
0.254213
0.254215
0.254218
0.254217
0.254218
0.254222
0.254224
0.254228
0.254227
0.254229
0.254228
0.254225
0.254224
0.254225
0.254223
0.254225
0.254226
0.254225
0.254228
0.254231
0.25423
0.254233
0.254233
0.254235
0.254235
0.254234
0.254233
0.254231
0.25423
0.254228
0.254226
0.254229
0.254229
0.254227
0.25423
0.254233
0.254234
0.254235
0.254236
0.254235
0.254234
0.254235
0.254234
0.254235
0.254234
0.254237
0.254238
0.254236
0.254232
0.254229
0.25423
0.254229
0.254227
0.254226
0.254222
0.254225
0.254223
0.254224
0.254222
0.25422
0.254219
0.25422
0.25422
0.254222
0.254224
0.254224
0.254224
0.254222
0.254217
0.254219
0.254219
0.254215
0.254213
0.254213
0.254211
0.254212
0.254214
0.254214
0.254211
0.254208
0.254206
0.254207
0.254205
0.254202
0.254203
0.254202
0.254198
0.254195
0.254198
0.254199
0.254199
0.254199
0.254196
0.254196
0.254196
0.254198
0.254199
0.254199
0.254198
0.254197
0.254203
0.254203
0.254207
0.254204
0.2542
0.254203
0.254201
0.2542
0.254199
0.254201
0.254203
0.2542
0.254201
0.254203
0.254207
0.254206
0.254206
0.254204
0.254202
0.254203
0.254207
0.254212
0.254209
0.254205
0.254206
0.254208
0.254208
0.254205
0.254206
0.254205
0.254207
0.254208
0.254211
0.254213
0.25421
0.254209
0.254208
0.254207
0.254207
0.254204
0.25421
0.254211
0.254209
0.254206
0.254206
0.254205
0.254205
0.254203
0.254202
0.254201
0.254199
0.254199
0.254201
0.254198
0.254196
0.254196
0.25419
0.254195
0.254196
0.254197
0.254199
0.254198
0.254199
0.254199
0.2542
0.254199
0.254196
0.254197
0.254199
0.254198
0.254193
0.254195
0.254194
0.254194
0.254193
0.25419
0.254189
0.254188
0.254189
0.254191
0.254191
0.254191
0.254196
0.254197
0.254202
0.2542
0.254202
0.254198
0.254198
0.254198
0.254197
0.254196
0.254196
0.254196
0.254197
0.254195
0.25419
0.254191
0.254193
0.254192
0.254191
0.254187
0.25418
0.254179
0.254177
0.254181
0.254179
0.254181
0.254183
0.254186
0.254187
0.254184
0.254187
0.254188
0.254187
0.254186
0.254189
0.254188
0.254185
0.254187
0.254186
0.254191
0.254193
0.254195
0.254195
0.254194
0.254194
0.254193
0.254191
0.254185
0.254185
0.254179
0.25418
0.254182
0.254184
0.254186
0.254186
0.254189
0.25419
0.254192
0.254193
0.2542
0.254203
0.254206
0.254202
0.254203
0.254203
0.254204
0.254205
0.254205
0.254208
0.254205
0.254203
0.254201
0.254201
0.254204
0.254201
0.2542
0.254199
0.254198
0.254195
0.2542
0.2542
0.2542
0.254198
0.254196
0.254197
0.254194
0.254189
0.254192
0.254189
0.254191
0.254191
0.254195
0.254196
0.254196
0.254195
0.254198
0.254204
0.254207
0.254207
0.254207
0.254208
0.254208
0.25421
0.254208
0.254209
0.254208
0.25421
0.254206
0.254205
0.254206
0.254206
0.254201
0.254203
0.254207
0.254207
0.254209
0.254212
0.25421
0.254211
0.254212
0.254213
0.254214
0.254211
0.254211
0.254215
0.254215
0.254214
0.254216
0.254218
0.254224
0.254221
0.254221
0.254218
0.254216
0.254218
0.254226
0.254223
0.254223
0.254226
0.254231
0.254235
0.254237
0.25424
0.25424
0.25424
0.254241
0.254242
0.254243
0.254244
0.254237
0.254241
0.254249
0.254251
0.254247
0.254247
0.254246
0.254248
0.25425
0.254253
0.254249
0.254251
0.254251
0.254248
0.254244
0.254244
0.254242
0.254241
0.254246
0.254244
0.254247
0.254244
0.254246
0.254253
0.254253
0.254248
0.254247
0.254248
0.254249
0.254249
0.25425
0.25425
0.254248
0.254248
0.254252
0.254256
0.254257
0.254259
0.25426
0.254261
0.254264
0.254262
0.254264
0.254263
0.254261
0.254261
0.254263
0.254266
0.254268
0.254265
0.254268
0.254273
0.254274
0.254277
0.254277
0.25428
0.254281
0.254276
0.254277
0.254274
0.254274
0.254273
0.254275
0.254273
0.25427
0.254271
0.254269
0.254265
0.254266
0.254267
0.254272
0.254274
0.254268
0.254268
0.254266
0.254267
0.254268
0.254266
0.254268
0.254267
0.254267
0.254269
0.254265
0.254266
0.254263
0.254265
0.254263
0.254265
0.254261
0.254262
0.254267
0.254264
0.254266
0.254269
0.254273
0.254268
0.254265
0.254267
0.254267
0.254271
0.254271
