3.179681211055474746e-09	6.851971497939708817e-15	1.099621606237399027e-14	1.000000000000000000e+00
6.359362422110949491e-09	-5.901877957107022965e-15	3.450403957587413101e-14	1.000000000000000000e+00
9.539043633166424651e-09	-1.230813906058309694e-13	3.476077459912860880e-13	1.000000000000000000e+00
1.271872484422189898e-08	-4.084308147883548476e-13	2.681272260869148736e-13	1.000000000000000000e+00
1.589840605527737497e-08	6.414729029101994377e-14	1.909288300736080647e-13	1.000000000000000000e+00
1.907808726633284930e-08	2.527794545400697451e-14	1.236300840446888408e-13	1.000000000000000000e+00
2.225776847738832363e-08	3.016269846630770929e-12	7.188635121656307526e-13	1.000000000000000000e+00
2.543744968844379797e-08	2.017304055537744536e-17	3.948308913942424529e-15	1.000000000000000000e+00
2.861713089949927230e-08	-3.788635894786590167e-15	2.828820514163282049e-15	1.000000000000000000e+00
3.179681211055474994e-08	-8.105454878068127080e-16	1.540187057598432509e-15	1.000000000000000000e+00
3.497649332161022758e-08	-6.542037044399952204e-16	1.129240857213639180e-15	1.000000000000000000e+00
3.815617453266569860e-08	1.962517954822222712e-16	1.293800602970379348e-15	1.000000000000000000e+00
4.133585574372117624e-08	-8.219281609694186062e-16	8.387163039373452195e-16	1.000000000000000000e+00
4.451553695477664727e-08	-6.867801173305743395e-16	9.335196974939047543e-16	1.000000000000000000e+00
4.769521816583212491e-08	-7.609359975132200527e-16	8.942788994024717947e-16	1.000000000000000000e+00
5.087489937688759593e-08	-2.564544814929518411e-16	5.159062420141012454e-16	1.000000000000000000e+00
5.405458058794307357e-08	1.652234612969998088e-16	5.691189677080666539e-16	1.000000000000000000e+00
5.723426179899855121e-08	-2.323602544724825462e-16	5.362299191793195550e-16	1.000000000000000000e+00
6.041394301005402224e-08	-9.280425774245984248e-16	8.656435628512601877e-16	1.000000000000000000e+00
6.359362422110949988e-08	-3.015692297175357588e-16	3.361324832536901312e-16	1.000000000000000000e+00
