7.311542935457542907e-18	9.055143518684722141e-18	8.074463889358165503e-01
9.757578245005140568e-18	9.494760040970196008e-18	1.027680341883404624e+00
7.525666211476217908e-18	9.136064280278819992e-18	8.237317493180493777e-01
7.472222515909574166e-18	8.837917420336190952e-18	8.454732218606013650e-01
7.773439316330961192e-18	9.157934554435609194e-18	8.488201428089401368e-01
1.154196951844811563e-17	9.184442307487669940e-18	1.256687029220974861e+00
9.351046258896035198e-18	8.796238031575673225e-18	1.063073353100357110e+00
1.087814179026638797e-17	8.918923710677185088e-18	1.219669787874039901e+00
6.920309863643932488e-18	9.145382491338269467e-18	7.566998832687712451e-01
9.180995201513707849e-18	8.843258024017409769e-18	1.038191487410978775e+00
8.035462753362646915e-18	9.324396745994764347e-18	8.617675729868775614e-01
8.877057489220920118e-18	8.617669009206601207e-18	1.030099610432612778e+00
7.435815712692659823e-18	9.103391586592273123e-18	8.168181761668183993e-01
1.096224403672948258e-17	8.947364265761779830e-18	1.225192549573274281e+00
6.389090543557081392e-18	9.088826949388771684e-18	7.029609628541504396e-01
1.158679261208670269e-17	8.844839109579351342e-18	1.310006034992507118e+00
6.768584447706888417e-18	9.003626515657777089e-18	7.517620189971192524e-01
1.095301150705660728e-17	8.935997820304961746e-18	1.225717790817770103e+00
8.557919975231244368e-18	8.690136743135341507e-18	9.847854214712398191e-01
8.335747396136844683e-18	9.047133390386019239e-18	9.213689061990473217e-01
1.270347477631586039e-17	9.005188291749727323e-18	1.410683970701022139e+00
7.684429014122186589e-18	9.133919777283488930e-18	8.413068213313786847e-01
1.083626991113284907e-17	8.894209693675509591e-18	1.218351071578433586e+00
8.889331386493793567e-18	9.049580039644119009e-18	9.822921447792811733e-01
9.459416261833644727e-18	9.315092605982215032e-18	1.015493528830700320e+00
7.830958079346444652e-18	9.346049238518159211e-18	8.378896664777323311e-01
9.929362912523782819e-18	9.310959290988410918e-18	1.066416746353288536e+00
1.012849908511223086e-17	9.528829197697050256e-18	1.062932168787337428e+00
1.176797399184357698e-17	9.007123928713543764e-18	1.306518494136491348e+00
1.020545743335298326e-17	8.853454491649534251e-18	1.152709085812621659e+00
1.115462162177963827e-17	8.894744511751614662e-18	1.254068805128950581e+00
9.439057002853191551e-18	8.759429639022639837e-18	1.077588084137677260e+00
5.997762342951836478e-18	9.261922084253919246e-18	6.475721009517624305e-01
7.762856111521337456e-18	9.039726127258492105e-18	8.587490375524911013e-01
1.034178743526282533e-17	8.581288937545643233e-18	1.205155485443974106e+00
1.020255692949384110e-17	9.216851463407904631e-18	1.106946007538400112e+00
7.599253821322965102e-18	9.220702562415363639e-18	8.241512802178860841e-01
9.857769498613498673e-18	8.998904457200491072e-18	1.095441066798501728e+00
5.888199868733873542e-18	9.361307449151076665e-18	6.289933217894515538e-01
1.173545129524270594e-17	8.978305972491837428e-18	1.307089703915008227e+00
6.692570689674089564e-18	9.198289966977415140e-18	7.275885750178505695e-01
9.243880453309011736e-18	9.123006139166514555e-18	1.013249395243039919e+00
8.962572191090313190e-18	9.260547860754767953e-18	9.678231057012032235e-01
1.176982846186137121e-17	9.028785391825634350e-18	1.303589347966713996e+00
1.037523583633823527e-17	9.124015920293712953e-18	1.137134780010800705e+00
1.135791004953510767e-17	8.909173503289881401e-18	1.274855635636794382e+00
8.425153737905096297e-18	8.827345650044383433e-18	9.544379558608011571e-01
8.726391041766015485e-18	8.873197396560493976e-18	9.834550784532997136e-01
1.171517189787322025e-17	9.570085218891698048e-18	1.224144992434032186e+00
1.202672396199121783e-17	8.869144368524029515e-18	1.356018513428783212e+00
1.202642975138580975e-17	8.990526086501432899e-18	1.337678088654071784e+00
1.099845319595247906e-17	8.961181497252886181e-18	1.227344095120061152e+00
1.079803211016011175e-17	9.140337623149995733e-18	1.181360312425618231e+00
1.001667048051571474e-17	8.871085126183155258e-18	1.129137003876937717e+00
9.569039974573994021e-18	8.943900878125811254e-18	1.069895575204449223e+00
8.249482177729998544e-18	9.070500705535080486e-18	9.094847622574934176e-01
9.620569240547028401e-18	8.861730337162148016e-18	1.085631008224505312e+00
7.821879836096622994e-18	9.118211564517581851e-18	8.578304836152873536e-01
1.035193221810104230e-17	8.932077232368114018e-18	1.158961342227052160e+00
8.237778344083362990e-18	8.813828442889749936e-18	9.346424652420940449e-01
7.855012802259494026e-18	9.248552751560856628e-18	8.493234577630345283e-01
9.769509806974019558e-18	9.203388996969249420e-18	1.061512211446370202e+00
9.190369470420252403e-18	9.077884572231012552e-18	1.012391091481084526e+00
9.039817913876377910e-18	8.711572676755554304e-18	1.037679216979576546e+00
8.355137882197590140e-18	8.894718132308641394e-18	9.393370040416331168e-01
7.940861263485359835e-18	8.861041352438466119e-18	8.961544075516719721e-01
1.045003032802094442e-17	8.796799278957757292e-18	1.187935520254255639e+00
9.525926390158041187e-18	8.858374466938745395e-18	1.075358286750095704e+00
9.668564006370899381e-18	9.215378312778285504e-18	1.049177112236858944e+00
9.404147240853695086e-18	8.696308746921268926e-18	1.081395280978612927e+00
9.789076642982562565e-18	9.185884061641440034e-18	1.065665163776662983e+00
8.942747141753800656e-18	8.933413700227868508e-18	1.001044778831376991e+00
9.218528853519363256e-18	9.016958269115042496e-18	1.022354609879336129e+00
8.102484810748662950e-18	8.931061656990958870e-18	9.072252686114072873e-01
7.595589857919627578e-18	8.940332976326111075e-18	8.495869089029070009e-01
1.140294584187378246e-17	8.971071057337171869e-18	1.271079648014564745e+00
9.085328514119753223e-18	8.985152340796832823e-18	1.011149079005380091e+00
8.963812558174027535e-18	8.959759555276555616e-18	1.000452356212515159e+00
7.779769035793443953e-18	9.145042929452743239e-18	8.507088589751431451e-01
6.481501837831544443e-18	9.463633166480184234e-18	6.848851518028793439e-01
1.094095385787685940e-17	8.827202831343621926e-18	1.239458757991572568e+00
1.143866867847824350e-17	9.328605929912936386e-18	1.226192719943203890e+00
1.003746293775224812e-17	9.069407870944914702e-18	1.106738508244692554e+00
9.636307064035919332e-18	9.132283329728092862e-18	1.055191425420090701e+00
9.408867272177858562e-18	8.785561365378650900e-18	1.070946622631932854e+00
1.143985375434838401e-17	8.866465511427038919e-18	1.290238341265161459e+00
6.702433966317365196e-18	9.069644880247211655e-18	7.389962953141200330e-01
1.410896501702089232e-17	9.310221879322359059e-18	1.515427365738334808e+00
1.305649502679919726e-17	9.167955215788772656e-18	1.424144721422035298e+00
1.462970913029587712e-17	9.130752323972190996e-18	1.602245752728012951e+00
6.617238558691615162e-18	9.148717781511634242e-18	7.232968287713706923e-01
1.052868566158647627e-17	9.186613467752021451e-18	1.146089981748504183e+00
8.554797116850502338e-18	9.127928114353257545e-18	9.372112717888814171e-01
7.821287485155861896e-18	8.959398166077835283e-18	8.729701861860431622e-01
8.114595778189639477e-18	9.031831118408612218e-18	8.984441440286156100e-01
1.177530121709220416e-17	8.887184137768238594e-18	1.324975496687439414e+00
7.848912086887627056e-18	9.046757811636952437e-18	8.675939215252870262e-01
1.087431810185009153e-17	9.124063863883084352e-18	1.191828363334375140e+00
9.106887464783483105e-18	9.001256926009427157e-18	1.011735087626355112e+00
8.256745401310132957e-18	9.021587040848863191e-18	9.152209432691164048e-01
9.114962568360895937e-18	8.872539511728275058e-18	1.027322848921909060e+00
8.535400852441656718e-18	9.039506627561439421e-18	9.442330432522981765e-01
1.105489775787337605e-17	8.754971981418336520e-18	1.262699387426531095e+00
1.315000036681271903e-17	8.982730058051468171e-18	1.463920242713518061e+00
8.791515451662516373e-18	8.898612928238406193e-18	9.879646999549747122e-01
6.662545968595828374e-18	9.270621496750304543e-18	7.186730653313045947e-01
9.240927769648397194e-18	9.308174807203005831e-18	9.927754861777444706e-01
8.223512167531424007e-18	9.138068499699299068e-18	8.999179824272525163e-01
7.651951311610383473e-18	9.025850161997961397e-18	8.477817794746714819e-01
6.852191590786320681e-18	9.324792193079828623e-18	7.348358493041282635e-01
9.021414672373332585e-18	8.925812469326098936e-18	1.010710756401814958e+00
6.165346306024970820e-18	9.026204186699510281e-18	6.830497270502551288e-01
7.789233980389853600e-18	8.893969156605989181e-18	8.757882834127443950e-01
1.091683484631170430e-17	9.083233234779140571e-18	1.201866622175000066e+00
8.815173077394915368e-18	9.086817991081972664e-18	9.701056063900854731e-01
8.008220652962782957e-18	9.219415138077030584e-18	8.686256701781543965e-01
8.255028172680023385e-18	9.023874762101754711e-18	9.147986192527056692e-01
1.016914324051583517e-17	8.961237484755411611e-18	1.134792293789253614e+00
9.873893558445327419e-18	8.749774390768755794e-18	1.128474074584431275e+00
1.196333636330639191e-17	8.588861780378080113e-18	1.392889613224136403e+00
1.098779235347903313e-17	9.098297622493869178e-18	1.207675634430086742e+00
1.166909652611579335e-17	9.481328284814082885e-18	1.230744909951676735e+00
8.632227071059963357e-18	8.870024944881057414e-18	9.731908449752073587e-01
6.806847274883718525e-18	8.885924719778160641e-18	7.660257642891277197e-01
1.115030621831453770e-17	9.206292359366258040e-18	1.211161429929007882e+00
1.135245001724027160e-17	8.875527484020241796e-18	1.279073276228320344e+00
1.025026189752727515e-17	8.991493091153155533e-18	1.139995526172693063e+00
1.144084314526422191e-17	8.997588117148969314e-18	1.271545551574929878e+00
1.044095298690406770e-17	9.291931922128267899e-18	1.123657929740043082e+00
5.940239491343804018e-18	9.089380396743358205e-18	6.535362403219626692e-01
5.069010802740265236e-18	9.068456412807490323e-18	5.589717336658573954e-01
9.390609349266297029e-18	8.972235074444180170e-18	1.046629883340192579e+00
8.668889589032618123e-18	8.619833017283018210e-18	1.005691127850300681e+00
8.651494193518847893e-18	9.042870390795733481e-18	9.567199152079800539e-01
9.548481028674877922e-18	9.126522226594034959e-18	1.046234347718048019e+00
8.148401726622340519e-18	9.048343437454356724e-18	9.005407213980369807e-01
1.067381988919658534e-17	8.976777182742989374e-18	1.189048104002848660e+00
7.852517190206785525e-18	8.891862838268825747e-18	8.831127214885837740e-01
8.485578424243671434e-18	8.949923788493265206e-18	9.481173946032263045e-01
9.288857794837516629e-18	8.627390551523838387e-18	1.076670603859106068e+00
1.120701664536806225e-17	8.855573631728381150e-18	1.265532546103480316e+00
7.735978654552550023e-18	8.793006873035903947e-18	8.797876274014101439e-01
9.672013498256324072e-18	8.762869099814403466e-18	1.103749626758794733e+00
1.154866439140487202e-17	8.833470557196030006e-18	1.307375659049087702e+00
9.110054757375660631e-18	9.147352476101728922e-18	9.959225667947625427e-01
9.916713043297868367e-18	8.904526868997013924e-18	1.113670966373855764e+00
7.933810759108795703e-18	9.160264493691212881e-18	8.661115369073577597e-01
1.087545408702296248e-17	8.817149639752338052e-18	1.233443293055922263e+00
9.621374333656062155e-18	9.173441574385309153e-18	1.048829303117981393e+00
1.085520980830259260e-17	9.187460975572699051e-18	1.181524453509413153e+00
8.018723489181078162e-18	8.787679733162734758e-18	9.124961005258546143e-01
1.138522773165430320e-17	8.934993923262388013e-18	1.274228928350213508e+00
8.057488955405923806e-18	8.981855260225300402e-18	8.970851479968973141e-01
1.021170197214420741e-17	8.843218195694069575e-18	1.154749520611905611e+00
7.656709063650401255e-18	8.884126395125680957e-18	8.618415275869208969e-01
1.233742497896298753e-17	9.131445609035586193e-18	1.351092204585337297e+00
8.758392710915998555e-18	9.049497246284728285e-18	9.678319659704583966e-01
6.511782737573781973e-18	8.934609456364606804e-18	7.288267908492728209e-01
5.774327624990185422e-18	9.466121079554865642e-18	6.099993414896945909e-01
7.515253542570287835e-18	8.772861941277345790e-18	8.566478753313256922e-01
6.020818615332207544e-18	9.297314800130454940e-18	6.475868296131832569e-01
9.222661527581445114e-18	9.094808593096421354e-18	1.014057792770050481e+00
7.778305026373541674e-18	8.865980689733564647e-18	8.773203211891149600e-01
1.026752786058615496e-17	8.759809472803215419e-18	1.172117714713315273e+00
1.162256911388921225e-17	9.232960304280498774e-18	1.258812854258765324e+00
9.590724966263943784e-18	9.005710851782356436e-18	1.064960348395574519e+00
9.850244739558491739e-18	9.434300943536307184e-18	1.044088459601997254e+00
1.339941867687119762e-17	9.056326615421440974e-18	1.479564424504542730e+00
9.901632813285591462e-18	9.117977735857716167e-18	1.085946149478523415e+00
8.305800029999459763e-18	8.892329820771441017e-18	9.340409316125548589e-01
9.215024505929616534e-18	8.917097558502957586e-18	1.033410753383825931e+00
1.109762532233609270e-17	8.975735459757289688e-18	1.236402896686549679e+00
7.998776791811034233e-18	8.874788646044238527e-18	9.012920882770916187e-01
8.453454014240766516e-18	8.817662342119823104e-18	9.586955914449885041e-01
1.169166343612622762e-17	9.004694530086364445e-18	1.298396452768297626e+00
9.308547814361614732e-18	8.924842188500548906e-18	1.042992987187544962e+00
1.436126658104333176e-17	9.306986300288541512e-18	1.543063040782395312e+00
9.657119901698489802e-18	8.819711453098146154e-18	1.094947374758636016e+00
8.866813915638745426e-18	8.735962291823831234e-18	1.014978501445385151e+00
1.225382283848313609e-17	8.923430566794616578e-18	1.373218825065036564e+00
8.064926289160684695e-18	8.854364145611382034e-18	9.108419482790327537e-01
9.950811269346204089e-18	8.900462919895192657e-18	1.118010530340300512e+00
1.138517905011021612e-17	9.051386523813247738e-18	1.257838124596381446e+00
8.219678502598190398e-18	9.219936972551617343e-18	8.915113549115070146e-01
9.546816339290853939e-18	8.778543886555199767e-18	1.087517071471534535e+00
6.333065456270362117e-18	9.496905593030299059e-18	6.668556820147971687e-01
8.389326442023662206e-18	9.029805511025918798e-18	9.290705576969300328e-01
8.856022680044816958e-18	9.054649373391250610e-18	9.780635687638955522e-01
8.759901177822138078e-18	8.866366338761766983e-18	9.879922443003299470e-01
9.320429485669275807e-18	8.960387093302062010e-18	1.040181566780340017e+00
1.120953217049202245e-17	9.196903855140221207e-18	1.218837594374429401e+00
9.466292014710431160e-18	9.007603801116629572e-18	1.050922334476671827e+00
9.565530759885310446e-18	8.798650066062728737e-18	1.087158903702798440e+00
9.708356480714278669e-18	9.125996963537404256e-18	1.063813249062395272e+00
9.566454658228274155e-18	9.021329522348743899e-18	1.060426252530636271e+00
7.885356349772557161e-18	8.852147867870450397e-18	8.907845268144539697e-01
9.412347452293711773e-18	8.830521260814193851e-18	1.065888091347607647e+00
9.352125576437432741e-18	9.005815307584332490e-18	1.038454071844161719e+00
1.011963564794120238e-17	9.181460292479281308e-18	1.102181496796364568e+00
9.359572837837462847e-18	8.946271945271782184e-18	1.046198114152355529e+00
1.141644624673585971e-17	8.893822534200368323e-18	1.283637738760243563e+00
1.002009928058156918e-17	8.703994130276946400e-18	1.151207035598350803e+00
8.855507616481551691e-18	9.072745306621325915e-18	9.760560136102097717e-01
7.124227337080375844e-18	9.063946756435878430e-18	7.859961591259128078e-01
9.437850899330287980e-18	8.733519971363922395e-18	1.080646856052974725e+00
8.697790342560531122e-18	9.208671813778413956e-18	9.445216985088468187e-01
9.780453967910941620e-18	9.299129750126638943e-18	1.051760135702778820e+00
1.046696930086350460e-17	8.875389497971046185e-18	1.179325065480934853e+00
9.713952509225860949e-18	8.798074941429292686e-18	1.104099768857820019e+00
5.827406232512726287e-18	9.054600250988698308e-18	6.435851468844706602e-01
1.029026985405686128e-17	9.060249762439153687e-18	1.135760064442921990e+00
1.014978585371249552e-17	8.957543655644028312e-18	1.133099233886206259e+00
1.123239474813542815e-17	9.102546035417324533e-18	1.233983844127898077e+00
5.338929227631296797e-18	9.401997599598431882e-18	5.678505201766194110e-01
1.024587755484931821e-17	8.944686959569495070e-18	1.145470780717232406e+00
9.822747155441102754e-18	9.023486913748423028e-18	1.088575541731534591e+00
8.409347968365945915e-18	8.902727312761546167e-18	9.445811011544328339e-01
1.197608835987666117e-17	8.782419506423200621e-18	1.363643395890814070e+00
8.250871167228558745e-18	8.900113221299187426e-18	9.270523826015040214e-01
8.589299569897452362e-18	9.007393012120450944e-18	9.535833018876375133e-01
9.994918034749889427e-18	8.992973559476535861e-18	1.111414146683166182e+00
9.363062838924636713e-18	8.983319247290006289e-18	1.042272080194543538e+00
7.891473654539376466e-18	8.937970760783346239e-18	8.829155818191273264e-01
9.450816527652039384e-18	8.883752751479636526e-18	1.063831557680165574e+00
9.169774044857602303e-18	9.082112060282922203e-18	1.009652158439889202e+00
9.661243990997308996e-18	8.729789363013192236e-18	1.106698408088808039e+00
9.934253750496058141e-18	8.978430135127442573e-18	1.106457766110918062e+00
7.884585477390080659e-18	9.081986762488036187e-18	8.681564599891660183e-01
7.564801344659820149e-18	9.098408330803280094e-18	8.314422775518516273e-01
9.990202097306259199e-18	8.662374133309596488e-18	1.153286840716188921e+00
7.208031331596089126e-18	9.231426196043294530e-18	7.808144893890330840e-01
9.341167839219300153e-18	9.016256249127011885e-18	1.036036197409955673e+00
8.652266806494485039e-18	8.924513873598897263e-18	9.694944653613244423e-01
1.157847675236140644e-17	8.941604985684269328e-18	1.294899156348198632e+00
7.440822609280346831e-18	9.017148089246474295e-18	8.251858054936463960e-01
1.018646747153901264e-17	9.078484555851075269e-18	1.122044919377413352e+00
8.081026300074335979e-18	9.088246827988194835e-18	8.891732864459601648e-01
7.869882851643466110e-18	9.239409279087510263e-18	8.517733779210504563e-01
9.617692190743086457e-18	8.528401143426107137e-18	1.127725118577077135e+00
7.051758280913333103e-18	9.064129528595903925e-18	7.779851621345595936e-01
1.079476515068561154e-17	8.833118144360265383e-18	1.222078656060749058e+00
7.415240549014906205e-18	9.049152036941100388e-18	8.194403761528016306e-01
9.074271732141220491e-18	8.862255342326144980e-18	1.023923525290733272e+00
9.247099257616399527e-18	8.923071662618667390e-18	1.036313458778458374e+00
1.186073396684715668e-17	9.287674352590404828e-18	1.277040248890628504e+00
1.050122012035117298e-17	8.665506087506738608e-18	1.211841525965924315e+00
1.002299949088400888e-17	8.885537926204594680e-18	1.128012684670997023e+00
9.909118532298054834e-18	8.810895644198143337e-18	1.124643728906615348e+00
7.225182829109191238e-18	9.182820857820724721e-18	7.868151781438408321e-01
6.012969856115004431e-18	9.091076681811175639e-18	6.614144909970186559e-01
1.336926312061538695e-17	9.148049642507797135e-18	1.461433162593814838e+00
8.367388157192194506e-18	9.025899437863355618e-18	9.270420321869832225e-01
1.101865288113154181e-17	8.701071065607496280e-18	1.266355923086836199e+00
1.189333636512240016e-17	9.012484675907080464e-18	1.319651216375063774e+00
1.178451263831190544e-17	8.733120801949359905e-18	1.349404514784844134e+00
1.152927675156025223e-17	8.961935995333028978e-18	1.286471668349804975e+00
1.081138324871162086e-17	8.824592915748153454e-18	1.225142434549914450e+00
8.151387156915898536e-18	9.141769326315146751e-18	8.916640604189856045e-01
8.825013103366936030e-18	9.356097604043133950e-18	9.432365369460558036e-01
9.720428664160808309e-18	9.039720496667607853e-18	1.075301904272829567e+00
8.719398024332492630e-18	8.848710445440010159e-18	9.853862975961479309e-01
1.085423041477083160e-17	8.698135064115350905e-18	1.247880187507155902e+00
8.589313246720989766e-18	9.195080008100136474e-18	9.341205556835270318e-01
1.069460054010275700e-17	8.944537183072029660e-18	1.195657228676158645e+00
9.639505299462917234e-18	8.960039721273721366e-18	1.075832875670846400e+00
8.826414494166377586e-18	9.103664402402688039e-18	9.695452406875700868e-01
9.630913120096869773e-18	9.020520087224335014e-18	1.067667166301977222e+00
1.033231175315995660e-17	8.909412113149481302e-18	1.159707466883298066e+00
7.661961564744915297e-18	9.068416708899024239e-18	8.449062069706252398e-01
6.356081732889905556e-18	9.324710393406860031e-18	6.816385136619410590e-01
9.108917161652859301e-18	9.035719206785149441e-18	1.008100955020021283e+00
8.445070394027995506e-18	8.998288728010004427e-18	9.385196062602499945e-01
1.200676233690124267e-17	8.552175259949965747e-18	1.403942502573489959e+00
7.524115269475034949e-18	9.059566252122702046e-18	8.305160600500158807e-01
8.948045031944407809e-18	8.848985663372712728e-18	1.011194432033234891e+00
9.894415592823325660e-18	9.506106991361030410e-18	1.040848330637892394e+00
6.183412747852395620e-18	9.219270744618976346e-18	6.707051912388489745e-01
6.060701650019363610e-18	9.007379580965238513e-18	6.728595809181935339e-01
1.118926126491512283e-17	9.442922732824532204e-18	1.184936230180105632e+00
9.602272403476701105e-18	8.729726028974248092e-18	1.099951175054800334e+00
1.286757698228950228e-17	8.976468864142980102e-18	1.433478707166219612e+00
8.439142393730461373e-18	8.852841374116012810e-18	9.532693558030841396e-01
9.741162051601216326e-18	8.945341889917618422e-18	1.088964756347722718e+00
9.070084377681287860e-18	9.076227896461959679e-18	9.993231198190751785e-01
8.793148246786528663e-18	8.937266260979933956e-18	9.838744857784282871e-01
9.277689471866533896e-18	8.922971912890844211e-18	1.039753297717236569e+00
7.473735452861061318e-18	8.984313312211926119e-18	8.318649620892436536e-01
8.424786914949513311e-18	8.923527713441691441e-18	9.441094582201033925e-01
8.966097284108834644e-18	8.897524139052831918e-18	1.007706991741109448e+00
5.434039580640462968e-18	9.309710148213344276e-18	5.836958932264209032e-01
9.687708042977946790e-18	8.762326036677680640e-18	1.105609173001183221e+00
1.045788055057202674e-17	8.947856560849595225e-18	1.168758180180198947e+00
1.099599113519468654e-17	8.891653645132520651e-18	1.236664356715482915e+00
8.125922142807626106e-18	9.007601418633541059e-18	9.021183070998198827e-01
7.867010857279316452e-18	9.332163519058070989e-18	8.429996796791406899e-01
8.377720106277853311e-18	8.883575109900640159e-18	9.430572717217173828e-01
6.205269650255683118e-18	9.073406080068651526e-18	6.838963885774560492e-01
9.442141794396077208e-18	8.672912122870994557e-18	1.088693354737975127e+00
8.950074142491372374e-18	8.884771848000606467e-18	1.007349912367807354e+00
7.981189523454038100e-18	8.851014755601689207e-18	9.017259313010239641e-01
7.558412895531827844e-18	8.935332392338366060e-18	8.459017038932784560e-01
8.782945945576349373e-18	9.098280948250723452e-18	9.653412546317332588e-01
1.139652295213881561e-17	8.713294259679494137e-18	1.307946525446280539e+00
1.248402511331552193e-17	9.114969567640060083e-18	1.369617860013079280e+00
8.257752873157240736e-18	8.811424972535341599e-18	9.371642950937150163e-01
1.072978670280208652e-17	8.782074864070937087e-18	1.221782650327839059e+00
6.219125550792489729e-18	9.014748706575907284e-18	6.898834069834781646e-01
8.274264764273001164e-18	8.959962985765297367e-18	9.234708644911071573e-01
9.540239288868066573e-18	8.847655323346130123e-18	1.078278814014649534e+00
1.005399043683869127e-17	9.413764199118725122e-18	1.068009589381886393e+00
9.681406550194252452e-18	8.978128074740414053e-18	1.078332417359079809e+00
1.190403991244872821e-17	9.187118458134956509e-18	1.295731623217289297e+00
8.243147775171867268e-18	9.119853398756985022e-18	9.038684521283411044e-01
1.023653227928397998e-17	8.741006592867553678e-18	1.171093073838514131e+00
7.835370205758702315e-18	8.993310550630513477e-18	8.712442611257732450e-01
1.194250971322628331e-17	8.890718178736577600e-18	1.343255907243635416e+00
8.803953526642224664e-18	8.875702906351640818e-18	9.919162030921437889e-01
1.213029093012001458e-17	9.181215153200003819e-18	1.321207566505196773e+00
8.080477710053173787e-18	8.923803034076722195e-18	9.054970934697685880e-01
1.011440026676191465e-17	8.925433507875270941e-18	1.133211093650249079e+00
5.496407313509258817e-18	9.299914082470403507e-18	5.910169991644921295e-01
8.700489812141264452e-18	8.920797559769647323e-18	9.753040301439065418e-01
6.320343318339931051e-18	8.840451868578707156e-18	7.149344187715217513e-01
1.396176201725990913e-17	9.111843509034160532e-18	1.532265342728634128e+00
7.139266098136424241e-18	9.088666931476705991e-18	7.855130077889709295e-01
8.114419231169049696e-18	9.018279674711700174e-18	8.997746270746981301e-01
8.584727588841578230e-18	8.877221254264870233e-18	9.670512137699880384e-01
7.910983063511722597e-18	9.053000108017043855e-18	8.738520898178286922e-01
8.605944178027734655e-18	9.139446354451439491e-18	9.416264228999102759e-01
1.093685566912325940e-17	8.851674502816442765e-18	1.235569119226350931e+00
9.310511328420474010e-18	9.044533303301999630e-18	1.029407600834569392e+00
5.726836253499574802e-18	9.022140853440072282e-18	6.347535852664034639e-01
7.331066069611071401e-18	8.951747444123454265e-18	8.189536306035632984e-01
1.016212707634660084e-17	8.811891855200517269e-18	1.153228755338073563e+00
8.772952501061184630e-18	8.834982624469396082e-18	9.929790327785803505e-01
8.223557463505223619e-18	8.902445499380881159e-18	9.237413993803308410e-01
1.228119596572772016e-17	8.956640591008964448e-18	1.371183295895123555e+00
7.886740627818338274e-18	9.221947173685482654e-18	8.552142491471744767e-01
1.252349413935915937e-17	9.287762708999771117e-18	1.348386530937530248e+00
9.731229111415541066e-18	9.405939397219050864e-18	1.034583437172970299e+00
8.851466888346975741e-18	8.722999823211992994e-18	1.014727395132249077e+00
9.280376468076107497e-18	9.060909394942868137e-18	1.024221307549519233e+00
8.609792903712139195e-18	8.846241669894534668e-18	9.732712744003958472e-01
1.157917945761822521e-17	9.183383075235022513e-18	1.260883855410974252e+00
1.057592006818412341e-17	8.713536749898921862e-18	1.213734488272721901e+00
7.742647864441435217e-18	8.930482162008804660e-18	8.669910228788609841e-01
7.942250795983784031e-18	9.115849233923373642e-18	8.712573663930064383e-01
1.041353800796730489e-17	9.330873639409465170e-18	1.116030332249398960e+00
7.948839801885508615e-18	8.769713262133004771e-18	9.063967731086524093e-01
1.355091844035174817e-17	8.820735492664152862e-18	1.536257203452194631e+00
7.248344746143099850e-18	8.744456718224158005e-18	8.289073843818062226e-01
8.751608087183045689e-18	8.974483152018818270e-18	9.751656935490889966e-01
1.199142726461461757e-17	9.170051209571873685e-18	1.307672878870920430e+00
1.068294637220990440e-17	8.679483730091630346e-18	1.230827397621854002e+00
1.184290427144745190e-17	9.036872949672887650e-18	1.310509103912558038e+00
9.448962436838586826e-18	8.978208372221902361e-18	1.052432962691439933e+00
1.026658418047601914e-17	8.851064582139491786e-18	1.159926479487325857e+00
6.497784512103252575e-18	9.005166798121531440e-18	7.215618164295062309e-01
1.133771414882121696e-17	8.908677711573678484e-18	1.272659592802629192e+00
7.283488835543942803e-18	8.955480480456223101e-18	8.132996159657640556e-01
1.174733972402793580e-17	9.108973564908182157e-18	1.289644726743297776e+00
1.058210938687510989e-17	9.185379787627186764e-18	1.152060081514466594e+00
8.571798744783878689e-18	9.306204633382719553e-18	9.210842746822459626e-01
9.222674120533684454e-18	8.662742978386868981e-18	1.064636702663788626e+00
1.057284285468447681e-17	8.788414664864533642e-18	1.203043240205080577e+00
9.729152277962653529e-18	9.309566113046015451e-18	1.045070431835555480e+00
8.432872709461827671e-18	8.956220546256492526e-18	9.415659949314878485e-01
1.014417800499357915e-17	8.764345509481150293e-18	1.157437026417973192e+00
9.153679986214717125e-18	9.112579119824487685e-18	1.004510343981630305e+00
9.523623263006300006e-18	8.982950830558264223e-18	1.060188733373533809e+00
7.017154892417518184e-18	8.777383990328011507e-18	7.994585744624904677e-01
1.052858822592519423e-17	9.119361725081234443e-18	1.154531264723069883e+00
1.260570156465680463e-17	8.996388307051598662e-18	1.401195805963170171e+00
7.849963442206543936e-18	8.858577900314828993e-18	8.861426213712655375e-01
8.048452332265218362e-18	9.079134872232460448e-18	8.864778908484473030e-01
8.730540869030878036e-18	9.116158538730887514e-18	9.576995432822196230e-01
1.238201049266636339e-17	8.772342059698026052e-18	1.411482863801208687e+00
1.140851723483964209e-17	9.333809876017555813e-18	1.222278725020194967e+00
9.694224506345735769e-18	8.847763567059560367e-18	1.095669479961870918e+00
8.351310861897047608e-18	8.862591619375587162e-18	9.423102429360767918e-01
1.015814537229722762e-17	8.776485796607000723e-18	1.157427426843712137e+00
8.730408400534721580e-18	8.853314972941250608e-18	9.861174517361944725e-01
8.418346085035301332e-18	8.805068272817627527e-18	9.560795923665705853e-01
8.122295535701921907e-18	9.039867902008834813e-18	8.984971488241536575e-01
7.432516271279180577e-18	8.912515698633481400e-18	8.339414507195512805e-01
8.687930810884390803e-18	8.803997106073895266e-18	9.868166363765124016e-01
9.252557108567971794e-18	8.993723277627013580e-18	1.028779385683884495e+00
9.049451723851924492e-18	9.056052998927940081e-18	9.992710648803847517e-01
8.359999239595320039e-18	8.887447329647137756e-18	9.406524651580963070e-01
8.276019719510925544e-18	8.884304845040737135e-18	9.315326144094031591e-01
1.063233347117564022e-17	9.050905856366277408e-18	1.174725893728859161e+00
9.246747087050667276e-18	8.954335025189422679e-18	1.032655921521660858e+00
8.777771225640728847e-18	9.001541216276914007e-18	9.751409247305832251e-01
5.939641683890797201e-18	9.134007557504176969e-18	6.502777282038701978e-01
1.033916731892417844e-17	8.810256588808119985e-18	1.173537593905978893e+00
9.971523797316974124e-18	9.407040413900705922e-18	1.060006480102087867e+00
1.108038020617567905e-17	9.202080330867124161e-18	1.204116874421108152e+00
8.332179424779354216e-18	8.726492763272109233e-18	9.548142250054530988e-01
1.250787960545063897e-17	9.123013472084442276e-18	1.371025006564285720e+00
1.115555405481779514e-17	9.090406426247550942e-18	1.227178800565765338e+00
1.052546821243613433e-17	8.950463836284611108e-18	1.175969022942314535e+00
1.208611586244147278e-17	8.748559565478940618e-18	1.381497807951407308e+00
1.000318607420409623e-17	9.059527137965775104e-18	1.104162051933563760e+00
1.021187173036336453e-17	9.220895575954908217e-18	1.107470705664707733e+00
8.359538048455048502e-18	8.863494549225137202e-18	9.431424594474258072e-01
9.111734307638103220e-18	8.893293270119533110e-18	1.024562446203422406e+00
9.446453993149769830e-18	8.908759238594555224e-18	1.060355739801094987e+00
1.036290421057592168e-17	9.240646918384745159e-18	1.121447913993812273e+00
7.984601307907206452e-18	8.817734043151795504e-18	9.055162322692604793e-01
8.675341012475810939e-18	9.164969023280784334e-18	9.465761412219479976e-01
1.186967667783121521e-17	8.959557222166715580e-18	1.324806168821000885e+00
5.994891214894267231e-18	8.944173396943641575e-18	6.702565959804415163e-01
9.290379947187056639e-18	9.310936473881028227e-18	9.977922170609114794e-01
8.140265518839544189e-18	8.932915790972282238e-18	9.112663445306625754e-01
1.125501186607713266e-17	8.872422252970603062e-18	1.268538798670093337e+00
8.564855355130442490e-18	9.056324024944327961e-18	9.457319914282874551e-01
9.006019619127635765e-18	8.874885504572529592e-18	1.014775865501311936e+00
6.953270256286889473e-18	9.099658170514635741e-18	7.641243358808107455e-01
8.079689691168565833e-18	9.295413153203794001e-18	8.692125414978233433e-01
9.218925477218076261e-18	8.968445312593273854e-18	1.027929050787998344e+00
9.378053872019744540e-18	8.737569665892628040e-18	1.073302328979105713e+00
8.798886791698007388e-18	8.950417902434849810e-18	9.830699401537865700e-01
7.897088611202097572e-18	9.178595091232274407e-18	8.603809769041540489e-01
8.383893514502859365e-18	8.789865206977460000e-18	9.538136611978602630e-01
6.976581551318083638e-18	9.007912076005500174e-18	7.744948543516205763e-01
1.010922049284186085e-17	8.651441979209930952e-18	1.168501218309627721e+00
7.351998308126963449e-18	8.863712646601452383e-18	8.294490809047025959e-01
7.427848300180049048e-18	9.165811329821607604e-18	8.103863403791681241e-01
9.531209138534631530e-18	8.982988863054376882e-18	1.061028715924940968e+00
1.011340394299275563e-17	9.183569774589680280e-18	1.101249752680691030e+00
1.048906574745277899e-17	8.789458295735844244e-18	1.193368851017984733e+00
8.308051655053132641e-18	9.143956269433016989e-18	9.085839225659687601e-01
1.036501825767099348e-17	9.102129614741242825e-18	1.138746501794970500e+00
1.026486378737310232e-17	8.913778505673882058e-18	1.151572678279947803e+00
7.599011214937740151e-18	8.896249906322663449e-18	8.541814017091672318e-01
8.214757827889776743e-18	8.853784651917000111e-18	9.278244446696743974e-01
1.245621597511824536e-17	8.873801678849621293e-18	1.403706824416323773e+00
1.115078285798819657e-17	9.099821371871944714e-18	1.225384807272798637e+00
9.315552003776322107e-18	9.037326097617826980e-18	1.030786308157213949e+00
9.619629274398665841e-18	9.640226631911751231e-18	9.978633948869103376e-01
7.653068919692584976e-18	9.053715268388198719e-18	8.452959578278226305e-01
9.931441741384734703e-18	8.926739520236995870e-18	1.112549741019111194e+00
1.021414620158460909e-17	8.879607823477995064e-18	1.150292490911371868e+00
7.723460793372260570e-18	9.068003832515008527e-18	8.517266794350439874e-01
8.052419060258665937e-18	8.960863727934241795e-18	8.986208589643399636e-01
8.561906349394934370e-18	9.190045449798866987e-18	9.316500550693489480e-01
7.612768008212637009e-18	9.157602982940466713e-18	8.313057491566652191e-01
9.417920938273765332e-18	8.866903850533326891e-18	1.062143121999377104e+00
9.695247428801711593e-18	8.970189299298165615e-18	1.080829746765798571e+00
1.097701455099992462e-17	9.411020481832606003e-18	1.166400027732420019e+00
7.975625687553567652e-18	8.951203100117883374e-18	8.910115878667228539e-01
9.486044600356957723e-18	8.853085535902370638e-18	1.071495871341998862e+00
8.823396179468129314e-18	9.053086912995361521e-18	9.746284625636897347e-01
1.067630305356951110e-17	8.735153144259794315e-18	1.222222767849848291e+00
1.149760910326275359e-17	8.912472197386550049e-18	1.290058341683720133e+00
1.449218882036371138e-17	9.345880062339550681e-18	1.550649989481663438e+00
9.246561614412762719e-18	9.205387858793914946e-18	1.004472788789612325e+00
7.023348066505869147e-18	9.194998374029628493e-18	7.638226545360385922e-01
9.305438224335938872e-18	8.800252273888838955e-18	1.057405848687546612e+00
9.195768582266483519e-18	8.867162347735654175e-18	1.037058781788825934e+00
8.154523969912709348e-18	8.930092945521711457e-18	9.131510746483398888e-01
7.622694061428910044e-18	8.871893970982546235e-18	8.591958026505484014e-01
1.160487878248949344e-17	8.748256876674659213e-18	1.326536125548782197e+00
9.451162459583799320e-18	9.219801673557031306e-18	1.025093900521778512e+00
1.075389886220165376e-17	8.906080719618608133e-18	1.207478261286427657e+00
1.162010684093020589e-17	9.096923939225524486e-18	1.277366604201759959e+00
8.163311909911260942e-18	9.163176227443428696e-18	8.908823433366254152e-01
1.191694067126801148e-17	8.801287988181278987e-18	1.353999629062309529e+00
7.631334572577332293e-18	8.829450002379369773e-18	8.643046362481051625e-01
9.721095717598696941e-18	8.866503054305483471e-18	1.096384409733917709e+00
8.195332429100154079e-18	8.954759008591830301e-18	9.151929628968207275e-01
6.687228704847615115e-18	9.412637071579616844e-18	7.104521988889743733e-01
7.774827743499386667e-18	9.049263440203483815e-18	8.591669139565418778e-01
1.066406216115957000e-17	8.753738513497478227e-18	1.218229462156831033e+00
9.250818204829947117e-18	9.155258008549229038e-18	1.010437739295985349e+00
9.063491999295308794e-18	9.055117194592186614e-18	1.000924869830301489e+00
1.279271320620306943e-17	9.059436740044390377e-18	1.412087039545947054e+00
1.026756380921664306e-17	9.415496047565102561e-18	1.090496321951289094e+00
8.921577436347930378e-18	8.773149420279702602e-18	1.016918441594659939e+00
1.025305009196389702e-17	9.126582923701568393e-18	1.123427045771634214e+00
9.967098872488341873e-18	9.494190110237795810e-18	1.049810332083049191e+00
1.004037456721998584e-17	8.970635973520566384e-18	1.119248913550506597e+00
7.614127496676225334e-18	9.008395164228335686e-18	8.452257430836689345e-01
8.528167160527386892e-18	9.286421375521357234e-18	9.183480714118036348e-01
1.009346843581982389e-17	8.963971280861072157e-18	1.126004102374840832e+00
9.922480863923687294e-18	9.287040288468075541e-18	1.068422291248660949e+00
1.175738405107463487e-17	8.999978074118082535e-18	1.306379188287828619e+00
9.461739356316838766e-18	8.623757936421595869e-18	1.097171259452460967e+00
9.829041047203574447e-18	8.932135766505884747e-18	1.100413305859158974e+00
9.197077357095358304e-18	9.472963544152628527e-18	9.708764648178588308e-01
1.054698428281969648e-17	9.228742053034142173e-18	1.142840944324817753e+00
6.599438326611805994e-18	8.792662139959089635e-18	7.505620279232646519e-01
1.175766636066734441e-17	9.084702346884936560e-18	1.294226922547324188e+00
9.247097952473851512e-18	8.840089109214287552e-18	1.046041260244235049e+00
9.305360018123617918e-18	8.900273163404715334e-18	1.045513979996085974e+00
1.104128462860095892e-17	8.824787583486930859e-18	1.251167183815457440e+00
5.557631320315192429e-18	9.256950969846078640e-18	6.003738529477814501e-01
9.621774447403435651e-18	8.727409374243023364e-18	1.102477726758175125e+00
1.093762920230225976e-17	8.906071785489747656e-18	1.228109256891734891e+00
8.788108159291124443e-18	8.762518007387802416e-18	1.002920410763406878e+00
6.187856732998267114e-18	9.327230597195136600e-18	6.634184357851156122e-01
1.275175581817597546e-17	8.663296220002462314e-18	1.471928870299248571e+00
9.352898320456572703e-18	9.094881620450425724e-18	1.028369440172369087e+00
5.495490041390623451e-18	9.383206729585745461e-18	5.856729154291201445e-01
1.084925927211695884e-17	8.684117162747498327e-18	1.249322074862984522e+00
6.190910001599406681e-18	9.251691024855296521e-18	6.691652353031577460e-01
1.021193757084454235e-17	9.140999957771364518e-18	1.117157599608421759e+00
1.011070971262644111e-17	9.032377919347962431e-18	1.119385150057618850e+00
1.146683697940898640e-17	9.050157230758997923e-18	1.267031797020758743e+00
6.981204042318762815e-18	9.404210268196450744e-18	7.423487824307893890e-01
1.009425379851069412e-17	8.830336841440206400e-18	1.143133493066652573e+00
7.281634807549248280e-18	9.170362626020878544e-18	7.940400074134069675e-01
8.951221007566619315e-18	9.040512085135681655e-18	9.901232278959204436e-01
7.425844780847872902e-18	8.814602116938164334e-18	8.424480971839157784e-01
9.693010085596115661e-18	9.046325656781929532e-18	1.071485866566098455e+00
9.086339371627650235e-18	8.671060297612456230e-18	1.047892536755803627e+00
9.468731837883248509e-18	9.138658835520560440e-18	1.036118319799809617e+00
9.044597601627888148e-18	8.784654708834551762e-18	1.029590564616263970e+00
1.058835859934179697e-17	9.380703449292951929e-18	1.128738229129273796e+00
7.888112559242586254e-18	9.248345639105315044e-18	8.529214701804421761e-01
1.111071883835252792e-17	8.899559962715798452e-18	1.248457101800567015e+00
5.712649576181486728e-18	9.456176135359932408e-18	6.041183554967745062e-01
1.033765079933534469e-17	8.884630490938724009e-18	1.163543133265759311e+00
9.180418501650847357e-18	8.885962123525526273e-18	1.033137253347698792e+00
1.197939008744540530e-17	9.345504013899001583e-18	1.281834566613976545e+00
1.085644566648205015e-17	9.071434554175175431e-18	1.196772748747364723e+00
1.207967362052696580e-17	8.610367065849933691e-18	1.402922027382182746e+00
1.079538618357608882e-17	9.186519034476831103e-18	1.175133491049352941e+00
6.286847029063779410e-18	8.957096984706772530e-18	7.018844431178826726e-01
8.997689012546173515e-18	9.121094246469449994e-18	9.864703476810313676e-01
8.858596246381048881e-18	8.953181375398501770e-18	9.894355843971447406e-01
8.645185915305984171e-18	8.791654996829789505e-18	9.833399875704151860e-01
8.270132027871771753e-18	8.967194068849072123e-18	9.222653111301775120e-01
1.042796315423239254e-17	9.130091653579934573e-18	1.142153173253585008e+00
7.691792751430863725e-18	9.406295126924296031e-18	8.177281966641795075e-01
8.943781154200793720e-18	8.957822110842069509e-18	9.984325479488723731e-01
1.146823805392371836e-17	8.902956771998864157e-18	1.288138126200168543e+00
9.804964499377420244e-18	9.300031478083213673e-18	1.054293689487411978e+00
7.509767762175816781e-18	8.883915382912972231e-18	8.453218472363946967e-01
8.023885605140180583e-18	8.988217707213236697e-18	8.927115326435451914e-01
1.030841364114952142e-17	8.854870448891548072e-18	1.164151830413275857e+00
8.421923198750911400e-18	8.949326189425192741e-18	9.410678547735272792e-01
8.655237364768887011e-18	9.339591393554418472e-18	9.267254850937238775e-01
1.107496161183058084e-17	8.659239861652017909e-18	1.278976190609609542e+00
9.742863260393780734e-18	8.895514740996146824e-18	1.095255704033912370e+00
1.143860590870391362e-17	9.072452976080185724e-18	1.260806304409862078e+00
8.565565879131596199e-18	8.867913799011981432e-18	9.659054060816343323e-01
1.011930313296056562e-17	9.032861435437164702e-18	1.120276581821695983e+00
8.214638975583539742e-18	9.308720042046928615e-18	8.824670780170108531e-01
1.263893925776546463e-17	9.053863921099686753e-18	1.395971859960353001e+00
5.824299401801962950e-18	8.882895053204052052e-18	6.556758091722747483e-01
1.082575584477517381e-17	8.945185936107968852e-18	1.210232623681541497e+00
8.564447869687588008e-18	8.833782655205552766e-18	9.695108204457292267e-01
1.181617997530373339e-17	9.271760127063164638e-18	1.274426841653691023e+00
8.018006852712454911e-18	8.969815060224231710e-18	8.938876441575169807e-01
9.111144614063559794e-18	9.019442738929143259e-18	1.010167133135467354e+00
1.048659127015184255e-17	8.607111623533444532e-18	1.218363572917952053e+00
1.035758668047334448e-17	9.308408215707862000e-18	1.112712983837021996e+00
8.584945989852394086e-18	8.777211196853335413e-18	9.780949549134844156e-01
7.005186659837861033e-18	8.985728416558749881e-18	7.795902941968311239e-01
9.767415706694405688e-18	8.908280199423108875e-18	1.096442353410362447e+00
8.900211058636275150e-18	8.866560686113670270e-18	1.003795200158648537e+00
7.426801424075564172e-18	9.065515514967365496e-18	8.192365245874602131e-01
8.030323366669533593e-18	8.952135628201146763e-18	8.970287873401172618e-01
6.578662022671293459e-18	8.932341267863582753e-18	7.364991803817145799e-01
7.989907310123552420e-18	8.896662028760221426e-18	8.980792216557844654e-01
7.622080081739456852e-18	8.982086050623610977e-18	8.485868470621330539e-01
8.451255399791239578e-18	9.093448838855647017e-18	9.293784514055479784e-01
1.294702936626734045e-17	8.983702335565990820e-18	1.441168560873923088e+00
1.073194454537422667e-17	9.106303620651002699e-18	1.178518199309393166e+00
1.024183426320041736e-17	9.019458852448267358e-18	1.135526469020959661e+00
8.747008957415268405e-18	8.874367198973155328e-18	9.856487523332791989e-01
9.671008739722497070e-18	9.000269712719147287e-18	1.074524325204995190e+00
9.003790550464081353e-18	8.850432497673132112e-18	1.017327746732294536e+00
6.377785468217518491e-18	9.242308345608396288e-18	6.900641300555619972e-01
9.692004455389816281e-18	8.614151754522211420e-18	1.125125808272620542e+00
7.391170261878147402e-18	9.056096437411204238e-18	8.161541027042114038e-01
1.138556101693963188e-17	8.917001032864041512e-18	1.276837467549638339e+00
8.506291444155010661e-18	8.864753063144504274e-18	9.595632708056122118e-01
1.048802644558794171e-17	8.839372353020494316e-18	1.186512574278431265e+00
9.498061992203452330e-18	9.066552145327684078e-18	1.047593598973358464e+00
5.620614107855404959e-18	8.915240894968946873e-18	6.304500544710163190e-01
8.141211406459777422e-18	9.045961001858924556e-18	8.999830316300033717e-01
8.766599408748209987e-18	8.978441012683169989e-18	9.764055247859058095e-01
8.397950520885682388e-18	8.942573145353149762e-18	9.390977724626752288e-01
8.851748327602509439e-18	8.897484679445205051e-18	9.948596312901381022e-01
8.005764888439934370e-18	8.908868680764755090e-18	8.986286783781286536e-01
8.713328696849255354e-18	8.872580537758857622e-18	9.820512374915192355e-01
9.806597288974817862e-18	8.809593533090487636e-18	1.113172503605234009e+00
1.298253248718231721e-17	8.969562439599462168e-18	1.447398641194146629e+00
6.944622230897988491e-18	9.161886650119826776e-18	7.579904113752772288e-01
1.015787866233830151e-17	8.750274809042132636e-18	1.160863959591488026e+00
5.908878149753630422e-18	8.865055649820856084e-18	6.665359342524868058e-01
1.094658655346165939e-17	8.926752381390641628e-18	1.226267525498042410e+00
7.741862254332258398e-18	8.841797361325584379e-18	8.755982452386331660e-01
9.610129297874810635e-18	8.815795147864490068e-18	1.090103517230971208e+00
8.503697161758639150e-18	8.862854155596641491e-18	9.594761475781247162e-01
1.261888358611185563e-17	8.830830755494574176e-18	1.428957697808934002e+00
1.026043150166726268e-17	9.055508596630555712e-18	1.133059661108934746e+00
9.491847866673557114e-18	9.216573185816879583e-18	1.029867356913119369e+00
9.437345761591719598e-18	8.910744033325076095e-18	1.059097391452073822e+00
1.116353423545894830e-17	8.901058751782025298e-18	1.254180490969567741e+00
6.793856692464414895e-18	9.054879939491602935e-18	7.502978214911443233e-01
1.226920082450278971e-17	9.103593827883509372e-18	1.347731572439370362e+00
1.056269318241685092e-17	8.980505138944795235e-18	1.176180294871248311e+00
9.869114335280272410e-18	9.047824327629733834e-18	1.090772099226388514e+00
1.024562551164250178e-17	8.985104474278749700e-18	1.140290081319832005e+00
1.012242707528416095e-17	9.070572659744424639e-18	1.115963396689153786e+00
1.253583656280539580e-17	9.035987844194466134e-18	1.387323309743001554e+00
8.915483255126737061e-18	8.946927212940796024e-18	9.964855019979844686e-01
9.323064389607178269e-18	9.137232333754854757e-18	1.020337893255249817e+00
9.672499408654742999e-18	8.935811790939173796e-18	1.082442159140209581e+00
7.465617279978633613e-18	9.015041397752646520e-18	8.281290069105763374e-01
9.609371859527243239e-18	8.804981091290411124e-18	1.091356331137667945e+00
1.253153019499963255e-17	8.852328979195976835e-18	1.415619575870961766e+00
1.152574134348502365e-17	9.146136948620976028e-18	1.260175898112135373e+00
9.849832048730368968e-18	9.083594579383769635e-18	1.084353992535692868e+00
7.476742061702805625e-18	9.194373913208029987e-18	8.131866435149229799e-01
8.167027556961913602e-18	9.019081621984116911e-18	9.055276245704094729e-01
8.762106269865948308e-18	9.133418505056443258e-18	9.593457548249947342e-01
1.137070679345413341e-17	9.125073955727977820e-18	1.246094754806510885e+00
1.207294472667722027e-17	9.379599395563795613e-18	1.287149292579305326e+00
1.265492577840791476e-17	9.239566055606111263e-18	1.369645035518689991e+00
1.258325241414734553e-17	9.227420126256571746e-18	1.363680448269801060e+00
8.284396650060808173e-18	8.774816938883072133e-18	9.441104820490205940e-01
8.881231644822682043e-18	8.829933520890006785e-18	1.005809570798162023e+00
9.185083171186409032e-18	8.884470465154888055e-18	1.033835748254274822e+00
8.541642112683936571e-18	8.967884839821073154e-18	9.524700935894666598e-01
1.139723560788460518e-17	9.166541664662574703e-18	1.243351748655815880e+00
7.262321007760327497e-18	8.862328440896002001e-18	8.194597002575194633e-01
8.211997471100598013e-18	9.024810201054199078e-18	9.099357535675758335e-01
1.130010736110815765e-17	8.997723045055270436e-18	1.255885217240396257e+00
7.371165485959578208e-18	8.887292453392053427e-18	8.294050774874851539e-01
8.594822204537423931e-18	8.933696027415237694e-18	9.620679031570028572e-01
1.315614075315636517e-17	9.144885658079929160e-18	1.438633706866778272e+00
1.014792587460603179e-17	9.163535854239149100e-18	1.107424692392237731e+00
9.494133908542655763e-18	8.899767407675777097e-18	1.066784498250398672e+00
8.090913782062454598e-18	8.882080804441329149e-18	9.109254869666052468e-01
7.025754158622974589e-18	8.864685690594659211e-18	7.925553599804703309e-01
9.333566808740285357e-18	8.935063101466493500e-18	1.044599988018930281e+00
1.043157323350404678e-17	8.589177814194525470e-18	1.214501953407550516e+00
8.032763592743214471e-18	8.794130664296903332e-18	9.134232705178300105e-01
1.074503609998991198e-17	9.001035710194631059e-18	1.193755523913766270e+00
1.050259209865030170e-17	9.125763046402355331e-18	1.150872759378815280e+00
8.624430046373626762e-18	9.395259314096589302e-18	9.179555090548257024e-01
8.874502436088052905e-18	8.852805669765930578e-18	1.002450835038232180e+00
9.435119391246532898e-18	9.101862328985907253e-18	1.036614162048939303e+00
1.056272023839026451e-17	8.872590003670650244e-18	1.190488936603674386e+00
9.511889814464732696e-18	9.244719039488916071e-18	1.028899826358658842e+00
8.352887416837779931e-18	8.906626228491997022e-18	9.378284439642448067e-01
1.265198720479190439e-17	8.956832644292414307e-18	1.412551479663311849e+00
1.147264643872274525e-17	8.628956861040193528e-18	1.329551952046698959e+00
7.551493546983511977e-18	9.138188282335005976e-18	8.263665962739323856e-01
7.381532985599989402e-18	8.932967557015046566e-18	8.263248398124184435e-01
7.570745165943175030e-18	9.166392100706656524e-18	8.259242112673240710e-01
8.619491273326898430e-18	8.938849044028443831e-18	9.642730547155966558e-01
9.727861824075638537e-18	9.084649956048710612e-18	1.070802053038781843e+00
9.534918270207416995e-18	8.948671979417373094e-18	1.065512099687915049e+00
9.672952547245044618e-18	9.424397702657592488e-18	1.026373552181203186e+00
7.419866153530361684e-18	8.984397112969468087e-18	8.258613305081293765e-01
9.833106453438228858e-18	9.248272169796513689e-18	1.063237140181892304e+00
9.966451486871861437e-18	9.205954913893578649e-18	1.082609200250431947e+00
8.253013770180496143e-18	8.994933883060563030e-18	9.175180026306513081e-01
1.142571058786702182e-17	8.894137607942104584e-18	1.284633889368242521e+00
1.104347628900042136e-17	9.015352233160993228e-18	1.224963373963295465e+00
7.380675549055592691e-18	9.032567153136361282e-18	8.171182592861006011e-01
9.141084206217495820e-18	8.635372045818844907e-18	1.058562868827812808e+00
9.830929019911083741e-18	9.031507530684660296e-18	1.088514734280005669e+00
7.342882741164230914e-18	9.077440347978072810e-18	8.089155598582148388e-01
8.577935553014753123e-18	9.081803628930573850e-18	9.445189417759791706e-01
9.741326702282569172e-18	8.885011261366821199e-18	1.096377530171415593e+00
1.356418117371411455e-17	8.989984606014505316e-18	1.508810278122096893e+00
8.673216337002125288e-18	9.189179050041719545e-18	9.438510545686612518e-01
7.729999429544901174e-18	9.280510228496234936e-18	8.329282807974911496e-01
6.701489600723956567e-18	8.993867646956176229e-18	7.451176583626915040e-01
1.206004351506629275e-17	8.598659247404922445e-18	1.402549300776864349e+00
7.376660694524394247e-18	9.441242430857548380e-18	7.813230884120376807e-01
1.141155445225553115e-17	8.938360102193843799e-18	1.276694418415147858e+00
7.891092674524646298e-18	8.910245133855587177e-18	8.856201547745814473e-01
9.260064571718437295e-18	9.006479623415333982e-18	1.028155834344400832e+00
6.748945848683492452e-18	8.885074936631793105e-18	7.595823216817936263e-01
7.692252948140832705e-18	9.104976264304559748e-18	8.448405272947044908e-01
1.241865617705754827e-17	9.235209667178235654e-18	1.344707551274468837e+00
9.595530530493660993e-18	9.273061261243520109e-18	1.034774845131013254e+00
8.978149658694913840e-18	8.859969410456541268e-18	1.013338674521708338e+00
7.217073718749467844e-18	9.006137878153731062e-18	8.013505696216340901e-01
8.357917344845067579e-18	8.813756894694550475e-18	9.482809027641917465e-01
1.077619599704061155e-17	9.538103894955723757e-18	1.129804845461964247e+00
8.163878545135358322e-18	8.873616419772624790e-18	9.200170662036062375e-01
9.505465084434401314e-18	8.829440719374342668e-18	1.076564800257015841e+00
7.349762505980351239e-18	9.133750863088089192e-18	8.046817365779804776e-01
7.107596496244957384e-18	8.947762453278783897e-18	7.943434499247883362e-01
1.099565105735422149e-17	9.252377714485656007e-18	1.188413551269018376e+00
7.452632989605989506e-18	8.966352441233009907e-18	8.311777881197294215e-01
1.082303255267905469e-17	8.908534557867963409e-18	1.214906052434877592e+00
1.129663150455439260e-17	9.018260355508809239e-18	1.252639761908607818e+00
1.014084854645805500e-17	9.161597884934326367e-18	1.106886448611114515e+00
7.297168414579286892e-18	9.009414634263464167e-18	8.099492265377176148e-01
1.029597227073275893e-17	9.145550566484494881e-18	1.125790316928998225e+00
1.097186815844271240e-17	9.186329166787155481e-18	1.194369149987691392e+00
8.913746848144224097e-18	9.061529287036451601e-18	9.836912253758703928e-01
9.384578619284200424e-18	9.360849597462860435e-18	1.002534921811773616e+00
1.017316905987622099e-17	8.819177645462593105e-18	1.153528080377227427e+00
1.136921280454185443e-17	8.866641645706233824e-18	1.282245664010512654e+00
8.169130053359992143e-18	8.735722550856792754e-18	9.351407403110313377e-01
9.598468693400449977e-18	8.862370172619180314e-18	1.083058877754338178e+00
8.334887262183615314e-18	8.969569396915122697e-18	9.292405123762360608e-01
7.532827827789736046e-18	8.947034196782900297e-18	8.419357367046084173e-01
9.731436329959266552e-18	9.024397909768848326e-18	1.078347434062615351e+00
8.205073087003626829e-18	8.950295912500866965e-18	9.167376327238088152e-01
9.812168620587415021e-18	9.102125617660136438e-18	1.078008482057162265e+00
1.299265688138627919e-17	9.277680546423779246e-18	1.400420807374586074e+00
9.086260045693050220e-18	9.046608538318034629e-18	1.004383024556336990e+00
1.126752445883914302e-17	8.863844336809621441e-18	1.271178061199423448e+00
7.289240015766685782e-18	8.838481318023209219e-18	8.247163458842924344e-01
9.087792149445105104e-18	9.186996004548201568e-18	9.892017091273378471e-01
8.844144634896477851e-18	8.978211634723485289e-18	9.850675161957087589e-01
9.606828223174201810e-18	9.157533341681690527e-18	1.049062871488273707e+00
1.374422096547392493e-17	9.138845051673084670e-18	1.503934128192458530e+00
1.251311061565229842e-17	8.613326999506053810e-18	1.452761588683430194e+00
7.911179195805170736e-18	8.803322744977184772e-18	8.986583162952835879e-01
8.728132328704836484e-18	9.192393184035073164e-18	9.494951046984648757e-01
1.041888950505318162e-17	8.628050638740087256e-18	1.207560078318525187e+00
8.579174956487546075e-18	9.253290775007708244e-18	9.271485318130402442e-01
7.540054277247648588e-18	9.055329158647500385e-18	8.326648479748722798e-01
8.877333898014094741e-18	8.845641086383276808e-18	1.003582873340814752e+00
8.937802297817901920e-18	9.080779310131209054e-18	9.842549843542842680e-01
1.037828122093572803e-17	8.869610778524931384e-18	1.170094323198892061e+00
8.673665139070922559e-18	8.923685330708668533e-18	9.719824061055399866e-01
8.823190975080186699e-18	8.775859328873576505e-18	1.005393391625009736e+00
8.420834424337096539e-18	8.850363360636672818e-18	9.514676495419418512e-01
8.753094611276322207e-18	8.911245886100453676e-18	9.822526191235715354e-01
9.316886149443493139e-18	8.726977762414107945e-18	1.067595953959002752e+00
1.189973981835838292e-17	8.751656520927606080e-18	1.359712848636466465e+00
1.291820650308872195e-17	9.181583327179098581e-18	1.406969369307858209e+00
8.128190486076372785e-18	8.953139012943276883e-18	9.078592965356282463e-01
9.644198558271544835e-18	8.997343914642905783e-18	1.071893955567920775e+00
9.341520923862730446e-18	8.965861822493111657e-18	1.041898827888154910e+00
1.071238708572103283e-17	8.904116484262746384e-18	1.203082541053258625e+00
1.025130926202876449e-17	9.314006346628577159e-18	1.100633699454098613e+00
9.892252673077940946e-18	8.899104859306586444e-18	1.111600866544766086e+00
1.250832168057514942e-17	9.274337336023945062e-18	1.348702470848193835e+00
1.066265801207443442e-17	9.163431891017502269e-18	1.163609675816607014e+00
7.796636042749802198e-18	9.224126522600014694e-18	8.452438313424343042e-01
1.068509245087467172e-17	8.822189608490493833e-18	1.211161052420741013e+00
9.356123276652921830e-18	9.307571892114651777e-18	1.005216331939310814e+00
7.220231941035495485e-18	9.345672804579079784e-18	7.725748688203393222e-01
6.718767504422295400e-18	8.935167782851716412e-18	7.519464287304024053e-01
1.004597271154612097e-17	8.791805647459683715e-18	1.142651818565713961e+00
7.168625920409190287e-18	9.077235150930480919e-18	7.897367206218465219e-01
8.999953263884372525e-18	8.994857830088437813e-18	1.000566482971958715e+00
1.210518627362681888e-17	9.165863951599732420e-18	1.320681425946114151e+00
8.592176793451422970e-18	8.961591659802333510e-18	9.587779849412310096e-01
8.853401254392825088e-18	8.926994520308626909e-18	9.917560982312266793e-01
8.838347388218478402e-18	9.022650694684225454e-18	9.795732637001750565e-01
9.077655244381676910e-18	8.884181391870975790e-18	1.021777341544121365e+00
6.992881234122955054e-18	9.071232383303368957e-18	7.708854694312698985e-01
7.406857586834499115e-18	9.026424161456755247e-18	8.205749535305597586e-01
8.909769163226630230e-18	9.366331322269123471e-18	9.512549638344541814e-01
9.619456420587219232e-18	9.071518082435679855e-18	1.060402055441245217e+00
6.857547679568858356e-18	9.061812696902308779e-18	7.567523087199808929e-01
9.903887106759691271e-18	9.595401740999350627e-18	1.032149291305046734e+00
8.745237785022468994e-18	9.296019586703887933e-18	9.407507916109382196e-01
8.527933823082869923e-18	9.276902783259898135e-18	9.192651925243264799e-01
7.560437429103883717e-18	9.182609475135198202e-18	8.233430213466166325e-01
1.079833196651069170e-17	8.780040835986320176e-18	1.229872635928081381e+00
9.534650055094856389e-18	8.934704505796450588e-18	1.067147777400941022e+00
6.621508387053217744e-18	9.409859583338774332e-18	7.036777040517534498e-01
1.015300289757429072e-17	9.135868194443666241e-18	1.111334213835225349e+00
1.039279483745594235e-17	9.172914554335025631e-18	1.132987206617379172e+00
7.660344520374591438e-18	8.941444502031022441e-18	8.567233760310839497e-01
1.115964055563592661e-17	9.040251143679055016e-18	1.234439218366045976e+00
7.204186504430226092e-18	9.158225927234931556e-18	7.866355953292503145e-01
8.797322278673231628e-18	9.209565228599249336e-18	9.552375231953572632e-01
1.122361238168999428e-17	8.849863773758675249e-18	1.268224310409147737e+00
9.474571585190332226e-18	9.667964707389744040e-18	9.799965010162282608e-01
1.017392517942545105e-17	8.682000854439618420e-18	1.171841070969593890e+00
1.031768067395906879e-17	8.944006217221972705e-18	1.153586035538754606e+00
1.023516480837140438e-17	9.205868290393012674e-18	1.111808738242815897e+00
1.014003790812276927e-17	8.738475462593694001e-18	1.160389813020436645e+00
8.209566383290323244e-18	9.114947129970457179e-18	9.006707626747288975e-01
9.546392857975450784e-18	9.335757108659685799e-18	1.022562256800831237e+00
9.219814354400376342e-18	8.939420593333425098e-18	1.031365988224791197e+00
8.350227445005588249e-18	9.247298252015867581e-18	9.029910377536788380e-01
8.798288207224327462e-18	9.280293041004668012e-18	9.480614640453035591e-01
1.153502258765267832e-17	8.705576055890726077e-18	1.325015428456038258e+00
6.052993805212544663e-18	9.166238911228714300e-18	6.603574120021659111e-01
8.080664214106842487e-18	9.186932104040877027e-18	8.795824463046328923e-01
9.670735525316593417e-18	8.923335943010072287e-18	1.083757866685718829e+00
9.348690983947833010e-18	8.835406695824294180e-18	1.058094019414649312e+00
1.019817931700769100e-17	8.769596537333420985e-18	1.162901767896914018e+00
1.313000348999168248e-17	8.767505700942241411e-18	1.497575700302151480e+00
1.096927830812164841e-17	8.979969526425013235e-18	1.221527342141058847e+00
7.223752649229881436e-18	9.348748079857193565e-18	7.726973266927765760e-01
8.802349085295481099e-18	9.073464788000274299e-18	9.701199366461039642e-01
7.106352042083719896e-18	9.336341387187298349e-18	7.611495496336607713e-01
9.712291749819838601e-18	9.267445712691477623e-18	1.048000932610714697e+00
9.339525786584556559e-18	9.271937828032420152e-18	1.007289518092732816e+00
9.641861540974018411e-18	9.204835035204819544e-18	1.047477929164156274e+00
5.754631727671237853e-18	9.376316562656219154e-18	6.137411945529499535e-01
1.128069161583485226e-17	8.906045214636827870e-18	1.266633095158259614e+00
8.710006812137410290e-18	9.103584001160320360e-18	9.567667866883255989e-01
1.187143725897819908e-17	9.220121695744889973e-18	1.287557545412540305e+00
7.554284270706951952e-18	8.868432881030329771e-18	8.518172682871225643e-01
9.492759713357426421e-18	8.966471905946096253e-18	1.058695082406082566e+00
1.147251485117900054e-17	8.628237743001079402e-18	1.329647512377031715e+00
1.035973436543683840e-17	8.781254777835314271e-18	1.179755584769701660e+00
8.538369601127466976e-18	9.096954201644696787e-18	9.385965249318019010e-01
1.161848440187507198e-17	8.813292724652009400e-18	1.318290991217907715e+00
7.202349192510872548e-18	9.189766272043316037e-18	7.837358404230070352e-01
4.845864042151390033e-18	9.240331853651606302e-18	5.244253257242482702e-01
8.862762661355180487e-18	9.017996236274843294e-18	9.827862453196379855e-01
7.744186377548198953e-18	9.039771775224985855e-18	8.566794129440793437e-01
1.306859982712660065e-17	8.763095893126196562e-18	1.491322243475351694e+00
1.051736538265399278e-17	8.952378432260784399e-18	1.174812421328573775e+00
1.179285464334385781e-17	9.286635612630238157e-18	1.269873734176137026e+00
1.325690799476795695e-17	9.118348520184350231e-18	1.453871604646664206e+00
9.912742256281902202e-18	9.159280205415730467e-18	1.082262146584473061e+00
1.224164839548744696e-17	8.780399928102155427e-18	1.394201687363621600e+00
6.362827417416570234e-18	8.996809294974874070e-18	7.072315538543756386e-01
9.635565691586667222e-18	8.911107107055578469e-18	1.081298381427542532e+00
5.634477483446830645e-18	9.133241863483039304e-18	6.169197714970043878e-01
1.050062867511119135e-17	9.143362988725766121e-18	1.148442721573998959e+00
1.222824362432381817e-17	9.070447310718007136e-18	1.348141189230483761e+00
7.263475784329969924e-18	9.294459945291322561e-18	7.814844355760258710e-01
1.100994594886108662e-17	9.227734886391306642e-18	1.193136353006642336e+00
9.490765624396304563e-18	9.089673328353587670e-18	1.044126150803635911e+00
8.700330075828584895e-18	8.938573655350647105e-18	9.733465775739903458e-01
7.213882069556014696e-18	8.883428065095826852e-18	8.120606163177387371e-01
9.931815900711391578e-18	8.708748791108142095e-18	1.140441197575021715e+00
1.177011233720357264e-17	8.987896535054491026e-18	1.309551382940147946e+00
1.193116422243121981e-17	9.150696158516595138e-18	1.303853173108237229e+00
8.504862255138857604e-18	8.872509908571713749e-18	9.585632862379028785e-01
1.065529891676796492e-17	9.293551137350860628e-18	1.146526097429455993e+00
8.411107734353369516e-18	9.117232993072661467e-18	9.225504866163000139e-01
6.898467833130044971e-18	9.042176941027418034e-18	7.629211281886512097e-01
1.254274015352285777e-17	8.820721810174176731e-18	1.421963012035540430e+00
7.642140999464761314e-18	9.155310862586564153e-18	8.347221753763256480e-01
8.377624884080107954e-18	8.783800953179920933e-18	9.537585071354822697e-01
6.949785915002981996e-18	9.014461777297504584e-18	7.709596076501969986e-01
8.343119954654568970e-18	8.864908411554282911e-18	9.411400058888788056e-01
1.009315183138297513e-17	9.069961661464998986e-18	1.112810859417977749e+00
1.034161762823476707e-17	8.748761651011889920e-18	1.182066450174539485e+00
8.856874523842370571e-18	8.840659787410667129e-18	1.001834109311026122e+00
8.813104575604963644e-18	8.893332407754351883e-18	9.909788785045934301e-01
9.082874880877144865e-18	9.069290483432927956e-18	1.001497845665990205e+00
9.372008721375885323e-18	8.727069029106787324e-18	1.073901064620673473e+00
8.985194884850566749e-18	9.220216235535002536e-18	9.745102127020994764e-01
9.909888720014677889e-18	9.188038881393690714e-18	1.078564081839354705e+00
9.292943764529592103e-18	8.938686715750486734e-18	1.039631890012979731e+00
1.315380977113716080e-17	8.857709879827390260e-18	1.485012486251523933e+00
9.382598744108612552e-18	8.912444581911898536e-18	1.052752548178634173e+00
7.366576509224072441e-18	9.044407064611255557e-18	8.144897124376280217e-01
9.509414278668742193e-18	9.093136608397783429e-18	1.045779326562246370e+00
9.979192512923114562e-18	8.650974855061634774e-18	1.153533871050884896e+00
8.208503646332135323e-18	8.959126358861498611e-18	9.162169744612520539e-01
8.232306787430217243e-18	9.190085914132315611e-18	8.957812651969612183e-01
9.506899185171793514e-18	8.818878769804266068e-18	1.078016767587655300e+00
1.100448927974498008e-17	9.090514451822647640e-18	1.210546370952480189e+00
1.076780391885129172e-17	9.215325885430886723e-18	1.168466970427472384e+00
1.030811974142554481e-17	8.981671975894172127e-18	1.147683835380696848e+00
1.047018408285784655e-17	8.942786159008331277e-18	1.170796650696038776e+00
7.811387200419869042e-18	9.081276424560768915e-18	8.601640160730686935e-01
8.407732654747488685e-18	9.505249961672771851e-18	8.845356711974213804e-01
1.294201082602604596e-17	9.052412735521404883e-18	1.429675292559515309e+00
9.566331612801426145e-18	9.100095357552951681e-18	1.051234216448238001e+00
1.315284601130547428e-17	8.977958319020725730e-18	1.465015267829860690e+00
1.035140135477308962e-17	9.170100851777023090e-18	1.128820884534454061e+00
7.052750726008349127e-18	9.070536737819526718e-18	7.775450262609007179e-01
1.086609775859542866e-17	8.826644405926731145e-18	1.231056476150697465e+00
8.766897468029007870e-18	9.056320550339608791e-18	9.680418685820757485e-01
1.032978691415912579e-17	9.305760672018567026e-18	1.110042185505554224e+00
1.244593069153290935e-17	8.837521132802460720e-18	1.408305621509296168e+00
8.144123964561530371e-18	9.222192649540967477e-18	8.831006111075875298e-01
1.006704747202085356e-17	9.190929336537546070e-18	1.095324216235717740e+00
1.147527155978109057e-17	8.920420447087967459e-18	1.286404786394025113e+00
8.508071224520181786e-18	8.877424069273098626e-18	9.583941420539617839e-01
1.003197835411269946e-17	8.721335181368605213e-18	1.150280105681985798e+00
1.152638649265679294e-17	9.362798979931319718e-18	1.231083409711456245e+00
1.150350391446935877e-17	9.216987642634020668e-18	1.248076308712712912e+00
9.450016571082869709e-18	8.974070397799984034e-18	1.053035707564714984e+00
1.450767256585392096e-17	9.046159878508246834e-18	1.603738244812704217e+00
7.701822650835291755e-18	8.776407912170432873e-18	8.775597861802901800e-01
1.085878443564501875e-17	8.592039950179497932e-18	1.263819127775140938e+00
8.630349203326881662e-18	8.876146643140014307e-18	9.723080915970334637e-01
7.806178556641081794e-18	9.049460831920996903e-18	8.626125579886073647e-01
8.622026722872855798e-18	8.932389981494177321e-18	9.652541750568076617e-01
6.635700907349273869e-18	9.202766804325926708e-18	7.210549879662323525e-01
1.115928222890030983e-17	8.694482812175515712e-18	1.283490055702123600e+00
8.330143008642064311e-18	8.775571120665268809e-18	9.492422651587562044e-01
8.864478428533780883e-18	9.011736571207039083e-18	9.836592934658392462e-01
7.223444358556050491e-18	9.139954540496882312e-18	7.903151297471723291e-01
7.698526794989761961e-18	8.913956009401783331e-18	8.636487309192376616e-01
1.062049570634533575e-17	9.069599119155859291e-18	1.170999463902857141e+00
7.293004227152287340e-18	9.132285468126417632e-18	7.985957351646960634e-01
9.087271367445255613e-18	8.806144439514044182e-18	1.031923951493433078e+00
9.595750065971014585e-18	8.978825941256726931e-18	1.068708774259626626e+00
1.117614618986487545e-17	9.028668190040071627e-18	1.237851026820742328e+00
1.219356703917628730e-17	8.801437941969578315e-18	1.385406239249994842e+00
7.329385296965727964e-18	8.708194110528988016e-18	8.416653560930438260e-01
9.075868869818370191e-18	9.275100449735825952e-18	9.785197388430300069e-01
1.031016744836235972e-17	9.054562778028863168e-18	1.138670933220569781e+00
7.557622959182749877e-18	9.299187090761142652e-18	8.127186694298624836e-01
9.379178070479491147e-18	9.030149500718696111e-18	1.038651471908966339e+00
1.004031117684953678e-17	9.422918159662498062e-18	1.065520362877602656e+00
1.091998991279708370e-17	8.879417257024073319e-18	1.229809299045927062e+00
8.801116661189582479e-18	9.089332451484620004e-18	9.682907637240223409e-01
6.101957125385953952e-18	8.951922838545704803e-18	6.816364746925426266e-01
8.853904082299588634e-18	9.560450249285687330e-18	9.260969778030183619e-01
1.294860482941621524e-17	8.871641235929556545e-18	1.459550097334327168e+00
1.562868416470588553e-17	9.104031470168366178e-18	1.716677300151825403e+00
1.296390387988111947e-17	9.235804493136775999e-18	1.403657243883273287e+00
8.815240417661523056e-18	8.901863870256508600e-18	9.902690656858483820e-01
9.218547435039233294e-18	8.940665147144915662e-18	1.031080717521677403e+00
1.006783223124866663e-17	8.937131419853857515e-18	1.126517196433181489e+00
8.689948716259566247e-18	8.621681439493544181e-18	1.007918093152144090e+00
9.955692534938704880e-18	8.813797265192393534e-18	1.129557696346829454e+00
7.549819208425731366e-18	8.977140431377309605e-18	8.410049131054316840e-01
1.184320823549981953e-17	9.110685754604635809e-18	1.299925006140634220e+00
8.954615545276940751e-18	9.386665593036885624e-18	9.539719356700591124e-01
8.413456312769367300e-18	9.041516119943289147e-18	9.305360075852122659e-01
7.270909278426264593e-18	8.933057122184921547e-18	8.139329211686362475e-01
1.446089686765198601e-17	9.286147855492844697e-18	1.557254643441653652e+00
9.659533491877225524e-18	9.085951897136296958e-18	1.063128398789092044e+00
7.810024058620492564e-18	9.013068064301807719e-18	8.665222544533720539e-01
9.553030115785420595e-18	9.069957088079983650e-18	1.053260784258869931e+00
8.160814077295153597e-18	9.042279484732412252e-18	9.025173454408721430e-01
9.906859860811363809e-18	9.075245808719103057e-18	1.091635430006015151e+00
7.979199378853437605e-18	9.498391691772747577e-18	8.400579422056058121e-01
9.996917809715251099e-18	8.958373970583654578e-18	1.115929949178481762e+00
1.173644735813048378e-17	8.960526874530289551e-18	1.309794337148920018e+00
7.695680740356929977e-18	8.788843438334379553e-18	8.756192773659624562e-01
8.682163767446999646e-18	8.855945141122262825e-18	9.803768687693970030e-01
1.006076880978031608e-17	8.849725849289416362e-18	1.136845251606086737e+00
1.155392355931533113e-17	8.701092985315139521e-18	1.327870369712738752e+00
8.404491747112375448e-18	9.037351120330117098e-18	9.299729129928256954e-01
1.333203939965428860e-17	9.453248856523495277e-18	1.410312962453550423e+00
9.617286204119208630e-18	9.094576604072555738e-18	1.057474869122833505e+00
1.058724223570659071e-17	9.054101099995436467e-18	1.169331126169104396e+00
1.022368565907648311e-17	8.814422218976994298e-18	1.159881544710374524e+00
8.703961249703297501e-18	8.893048795392428582e-18	9.787376016887370245e-01
1.248863643212113205e-17	8.749867192763925225e-18	1.427294398530887465e+00
9.485578059639007408e-18	8.815235963270112445e-18	1.076043579452888865e+00
7.799882202244585049e-18	8.995891097474874942e-18	8.670494248684261773e-01
9.985774905574158081e-18	8.909526983815471749e-18	1.120797425465317687e+00
8.200116703980248240e-18	8.974971545546409368e-18	9.136649249934767347e-01
8.942635681322967872e-18	8.876320366189953816e-18	1.007471036690565036e+00
5.123970685328066601e-18	9.521198071095550642e-18	5.381644880262931308e-01
1.016823507922800414e-17	9.333054858872938579e-18	1.089486264999402598e+00
1.063634488115765836e-17	8.917110872774412302e-18	1.192801685760394026e+00
1.065034440472386827e-17	9.037281886070059510e-18	1.178489786972359621e+00
7.667346194837984631e-18	9.244069202063404902e-18	8.294340973914957615e-01
9.372750833261640508e-18	8.844275998455078479e-18	1.059753317840700149e+00
8.855876091371034778e-18	8.750518486584394930e-18	1.012040155671708686e+00
8.742682285835949784e-18	9.122147180327243080e-18	9.584018009148499440e-01
7.841875917894841616e-18	8.833888496929906538e-18	8.877037468403834453e-01
1.145344226028736484e-17	9.177215807331164622e-18	1.248030176117014722e+00
1.016044618584466779e-17	8.677555355270453924e-18	1.170888086547734463e+00
1.031892156492086063e-17	8.891015949550536085e-18	1.160600950833128309e+00
7.930509855013612594e-18	8.939267625029712177e-18	8.871543159540715706e-01
1.290646519851755553e-17	8.935545821351775881e-18	1.444395838436320245e+00
8.988483688168545502e-18	8.914726544748819896e-18	1.008273629376009506e+00
1.201429832609077324e-17	8.626370025692917532e-18	1.392740896843886356e+00
8.911823275157696057e-18	9.019119532248840786e-18	9.881034665626178271e-01
8.744111964821530498e-18	8.954660690959509091e-18	9.764872468757476165e-01
1.146432027845956507e-17	9.003818546310530129e-18	1.273273136224770674e+00
1.094357755304285038e-17	9.290960189387404590e-18	1.177873689044879102e+00
1.008068120532282809e-17	9.139036759112069752e-18	1.103035415113293283e+00
8.370879606941168137e-18	8.905236588571026082e-18	9.399951953757577083e-01
8.862103024802229144e-18	8.843273564700620777e-18	1.002129240938193888e+00
9.404631094546230865e-18	9.130924136838948336e-18	1.029975822118925022e+00
1.457050953091787360e-17	9.150009840443462937e-18	1.592403700651288112e+00
8.250803310082411785e-18	9.030639582158979179e-18	9.136455103781110365e-01
6.413172934857847053e-18	9.018109340776295416e-18	7.111438431845171770e-01
7.535756144590823280e-18	9.215577965491041324e-18	8.177193197007790459e-01
1.013144149173392759e-17	9.250168416105256970e-18	1.095271030319221683e+00
4.827271185584748783e-18	9.133336889388314533e-18	5.285331357034881439e-01
9.404928519034935422e-18	8.874307218748432992e-18	1.059792982957078245e+00
7.706814321313733864e-18	9.050604636989813379e-18	8.515248019801893165e-01
5.892444515492387102e-18	9.079256658945056545e-18	6.490007648023737863e-01
1.311576752822256550e-17	9.303496113161918378e-18	1.409767615172893951e+00
8.230778728123837971e-18	9.103288815260900792e-18	9.041544100331769807e-01
7.973136103892709003e-18	9.085285297098654141e-18	8.775878624790016680e-01
1.246855320495459724e-17	8.782623285570498946e-18	1.419684392639262382e+00
1.187774287719358263e-17	9.378209896899201182e-18	1.266525595798492887e+00
9.308165893344636596e-18	9.046437199906225286e-18	1.028931687431724473e+00
5.673123299462697423e-18	8.921109221104596618e-18	6.359212917202980986e-01
9.713712856987943425e-18	8.595853534327690021e-18	1.130046343646510909e+00
9.898102980159483989e-18	8.831014456187759340e-18	1.120834195127382138e+00
9.575964214046026289e-18	9.051533569692078219e-18	1.057938319547301775e+00
7.703549011355600183e-18	8.777247321595093134e-18	8.776725468817746512e-01
1.085463851803531211e-17	8.678620783519779606e-18	1.250733127854563032e+00
9.126795225725133174e-18	9.269163819099106505e-18	9.846406217267815730e-01
6.467775977547552369e-18	9.081692236291365773e-18	7.121774014430550803e-01
7.344530432047074263e-18	9.042689488929078451e-18	8.122064172433376417e-01
8.740055295899921936e-18	8.842466010990254686e-18	9.884183083131959924e-01
9.076716630277102151e-18	8.705574262088319597e-18	1.042632726689273204e+00
7.371053998974115796e-18	9.241718932546026894e-18	7.975847407581182491e-01
9.285099829161764787e-18	9.107837695428061514e-18	1.019462592512236476e+00
1.012493927550000315e-17	8.629424482464844726e-18	1.173304117334136532e+00
