3.179681211055465233e-09	-3.680420898101219978e-16	3.158671482317059250e-16	1.000000000000000000e+00
6.359362422110930466e-09	2.224726404637008767e-17	3.176841978196873615e-16	1.000000000000000000e+00
9.539043633166396527e-09	-7.395586282929491341e-17	3.163914801943456259e-16	1.000000000000000000e+00
1.271872484422186093e-08	-5.939619223735080429e-17	3.159153544817031623e-16	1.000000000000000000e+00
1.589840605527732534e-08	-4.978038032967762654e-16	5.550193403623494661e-16	1.000000000000000000e+00
1.907808726633278974e-08	1.667114998678593665e-17	3.603414825090674959e-16	1.000000000000000000e+00
2.225776847738825746e-08	4.937834746433223343e-16	4.606441848565102075e-16	1.000000000000000000e+00
2.543744968844372187e-08	-2.345484333671129205e-16	3.597814936224007408e-16	1.000000000000000000e+00
2.861713089949918627e-08	-4.202907219397563863e-17	3.393785866865839872e-16	1.000000000000000000e+00
3.179681211055465068e-08	-1.073415558127053856e-16	3.158737041640349447e-16	1.000000000000000000e+00
3.497649332161011508e-08	4.959038257424851984e-17	3.171461603103066090e-16	1.000000000000000000e+00
3.815617453266557949e-08	-2.042354099006059218e-16	3.160477488273867018e-16	1.000000000000000000e+00
4.133585574372105051e-08	2.104882640216677328e-16	3.159761554688950379e-16	1.000000000000000000e+00
4.451553695477651492e-08	-8.163317696009588240e-17	3.160500724432368380e-16	1.000000000000000000e+00
4.769521816583197932e-08	-1.448007995075957446e-16	3.173862653857123052e-16	1.000000000000000000e+00
5.087489937688744373e-08	-1.138967597663746062e-16	3.160231018661815599e-16	1.000000000000000000e+00
5.405458058794290814e-08	1.963347177446219860e-16	3.161870027709149150e-16	1.000000000000000000e+00
5.723426179899837254e-08	1.732830586069140611e-16	4.946289111433555821e-16	1.000000000000000000e+00
6.041394301005383695e-08	6.675743886398979796e-18	3.160701178312995956e-16	1.000000000000000000e+00
6.359362422110930135e-08	-1.070884018109940054e-16	3.171082294068559417e-16	1.000000000000000000e+00
