0.799539
0.655902
0.581412
0.520845
0.489649
0.45974
0.441779
0.425195
0.414417
0.407898
0.403479
0.401687
0.399962
0.397873
0.395844
0.392915
0.390397
0.387841
0.38466
0.384219
0.38301
0.382242
0.37969
0.378956
0.377253
0.37642
0.373981
0.37346
0.372565
0.372251
0.371809
0.371098
0.37182
0.371081
0.371047
0.371488
0.370132
0.369457
0.368732
0.369267
0.368641
0.367347
0.365629
0.364523
0.363125
0.361117
0.359517
0.359035
0.357695
0.356147
0.35502
0.353133
0.35128
0.349779
0.348726
0.347246
0.34638
0.346189
0.345138
0.344046
0.343074
0.342264
0.341932
0.341208
0.340377
0.339055
0.337413
0.336015
0.334881
0.333779
0.333208
0.332404
0.331576
0.33036
0.328873
0.327897
0.327283
0.326469
0.325731
0.325545
0.325009
0.32494
0.324207
0.323855
0.323507
0.322352
0.321868
0.321123
0.320719
0.319834
0.318851
0.318514
0.317941
0.317149
0.316452
0.316245
0.315638
0.314562
0.314011
0.313334
0.312633
0.312295
0.311806
0.311381
0.311208
0.31091
0.310648
0.310079
0.309692
0.309493
0.309424
0.309192
0.308746
0.308687
0.308363
0.307836
0.30724
0.307293
0.307234
0.306889
0.306631
0.306756
0.305941
0.305938
0.305577
0.305715
0.305501
0.305376
0.305261
0.304957
0.304289
0.304479
0.304295
0.304137
0.304124
0.304017
0.303597
0.303294
0.302846
0.302913
0.303013
0.303142
0.303216
0.302922
0.302892
0.302753
0.302575
0.302806
0.302691
0.302693
0.302641
0.302473
0.302427
0.302575
0.302256
0.302
0.301593
0.301712
0.301554
0.301289
0.301
0.300656
0.300151
0.30025
0.300512
0.300444
0.300596
0.300518
0.300404
0.300137
0.300137
0.300209
0.299871
0.299437
0.299412
0.299248
0.299254
0.298931
0.29884
0.298713
0.298581
0.298402
0.298088
0.29785
0.297792
0.297631
0.297507
0.297432
0.297382
0.29705
0.296965
0.296817
0.296769
0.296843
0.296764
0.296469
0.296296
0.29649
0.296378
0.296105
0.296037
0.296
0.29572
0.295611
0.295317
0.295116
0.295067
0.294791
0.294509
0.29458
0.294334
0.294242
0.294254
0.29397
0.293853
0.293728
0.293555
0.293648
0.293496
0.293409
0.293456
0.293382
0.293386
0.29317
0.29336
0.293162
0.293165
0.2931
0.293219
0.293224
0.293061
0.293108
0.293126
0.293055
0.292983
0.292807
0.292821
0.292682
0.292738
0.292721
0.292679
0.292439
0.292444
0.292448
0.292323
0.292341
0.292421
0.292419
0.292401
0.292211
0.292169
0.292139
0.292085
0.291964
0.29193
0.291877
0.291786
0.29174
0.291645
0.291571
0.291641
0.29146
0.291264
0.291307
0.29116
0.291019
0.291011
0.290914
0.290847
0.290812
0.290974
0.290933
0.290948
0.290836
0.29076
0.290654
0.290554
0.290646
0.290563
0.290517
0.290357
0.290228
0.290152
0.290297
0.290229
0.290185
0.290054
0.290244
0.290332
0.290515
0.290455
0.29045
0.290424
0.290385
0.290422
0.290354
0.290278
0.290314
0.290424
0.290497
0.290422
0.290411
0.290479
0.290411
0.290357
0.290287
0.290295
0.290108
0.290153
0.290404
0.290502
0.290464
0.290488
0.290656
0.290562
0.290812
0.290812
0.29079
0.290744
0.290713
0.290835
0.290755
0.2909
0.290853
0.290837
0.290802
0.290741
0.290679
0.290672
0.290776
0.290596
0.290577
0.290712
0.290757
0.290709
0.290675
0.290719
0.29071
0.290566
0.290416
0.290477
0.290596
0.290724
0.290748
0.290534
0.290508
0.290461
0.290367
0.290346
0.290273
0.290423
0.290381
0.2903
0.290234
0.290196
0.290152
0.290174
0.29018
0.290106
0.290113
0.290044
0.289979
0.289933
0.289835
0.289715
0.289702
0.289696
0.289708
0.289645
0.289655
0.289537
0.289573
0.289691
0.289702
0.289639
0.289535
0.289583
0.289459
0.289543
0.289448
0.289478
0.289366
0.289423
0.289383
0.289392
0.289343
0.289312
0.289265
0.289235
0.289184
0.289269
0.28928
0.289252
0.289209
0.289211
0.289158
0.289126
0.289051
0.289074
0.289053
0.289047
0.289025
0.289023
0.288997
0.288979
0.289049
0.289091
0.289156
0.289122
0.289133
0.289194
0.289124
0.289119
0.289046
0.289065
0.289053
0.289056
0.288979
0.289122
0.289059
0.289
0.288944
0.288945
0.289059
0.288939
0.289007
0.28888
0.288889
0.288818
0.288786
0.288747
0.288726
0.288767
0.288753
0.288779
0.288898
0.289029
0.289075
0.289039
0.289021
0.288904
0.28879
0.288815
0.288837
0.288722
0.288694
0.288709
0.288792
0.288859
0.288863
0.288892
0.288905
0.288926
0.288901
0.288979
0.288939
0.288969
0.2889
0.288931
0.288873
0.2888
0.288831
0.288839
0.288745
0.288793
0.288801
0.288793
0.288794
0.288865
0.288814
0.288769
0.28881
0.288949
0.288915
0.2889
0.288913
0.288816
0.288793
0.2888
0.288644
0.288632
0.28867
0.288738
0.288849
0.28874
0.288829
0.288876
0.288881
0.288911
0.28888
0.288869
0.288776
0.288721
0.288783
0.288778
0.288784
0.288682
0.288677
0.288564
0.28858
0.28861
0.288645
0.288624
0.288637
0.288561
0.28857
0.288524
0.288577
0.288562
0.288539
0.288551
0.288539
0.288476
0.288502
0.288469
0.288462
0.28855
0.288642
0.288667
0.288757
0.288772
0.288741
0.288794
0.288792
0.288774
0.288697
0.288831
0.288834
0.288868
0.288891
0.288874
0.288868
0.28901
0.289057
0.289085
0.28914
0.289256
0.289363
0.289312
0.289286
0.289294
0.28929
0.289333
0.289261
0.28916
0.289183
0.289175
0.289155
0.289223
0.289156
0.289121
0.289063
0.289083
0.289054
0.289026
0.289059
0.289025
0.289066
0.289114
0.289107
0.289018
0.289018
0.289027
0.288985
0.288979
0.289012
0.289008
0.289084
0.289023
0.28898
0.288961
0.28888
0.288957
0.288956
0.288981
0.289067
0.28905
0.289046
0.289072
0.289053
0.289024
0.289041
0.289094
0.28917
0.289174
0.289174
0.289134
0.28912
0.289092
0.289076
0.28905
0.289019
0.28904
0.28912
0.289137
0.289152
0.28911
0.289163
0.289188
0.2891
0.289073
0.289055
0.289047
0.289049
0.289031
0.289039
0.289045
0.289016
0.288998
0.289022
0.288946
0.289035
0.289097
0.288988
0.289015
0.288966
0.288948
0.288958
0.288963
0.288959
0.288976
0.289031
0.289067
0.289042
0.289046
0.289061
0.289024
0.28898
0.288944
0.288906
0.288924
0.288909
0.288891
0.288935
0.289015
0.289059
0.289072
0.289085
0.28908
0.289084
0.289147
0.289155
0.289175
0.289149
0.289176
0.289242
0.289313
0.289366
0.289387
0.289364
0.289372
0.289328
0.289308
0.289256
0.289314
0.289326
0.289308
0.289385
0.289368
0.28931
0.289352
0.289401
0.289384
0.289374
0.289412
0.289386
0.289441
0.28943
0.289486
0.289447
0.289417
0.289451
0.289437
0.289393
0.289418
0.289367
0.289307
0.289286
0.289299
0.289329
0.289369
0.28935
0.289308
0.289323
0.289312
0.289353
0.289311
0.289268
0.289238
0.289265
0.289369
0.289417
0.289433
0.289426
0.289485
0.289552
0.289579
0.289519
0.28964
0.289661
0.289575
0.28958
0.289534
0.289488
0.289579
0.289598
0.289573
0.289595
0.289549
0.289517
0.289524
0.289516
0.289567
0.289619
0.289543
0.289526
0.289521
0.289553
0.28952
0.289505
0.289537
0.289545
0.289539
0.289585
0.289538
0.289535
0.289572
0.28958
0.289636
0.289656
0.289665
0.28967
0.289645
0.289607
0.28961
0.289647
0.289678
0.289747
0.289762
0.289721
0.289735
0.289811
0.28986
0.289843
0.289836
0.28992
0.289885
0.289942
0.28991
0.289934
0.289914
0.289869
0.289915
0.289916
0.289921
0.289903
0.289922
0.289934
0.289919
0.289981
0.289963
0.289948
0.289937
0.290011
0.29
0.290031
0.29003
0.289986
0.290032
0.29001
0.289983
0.28995
0.289972
0.290007
0.290019
0.290011
0.290078
0.290095
0.290146
0.290179
0.290165
0.290192
0.290239
0.290237
0.290249
0.290221
0.290202
0.290228
0.290231
0.290313
0.290306
0.290276
0.290299
0.290339
0.290317
0.290296
0.290284
0.290314
0.290283
0.290251
0.290245
0.290204
0.290225
0.290219
0.29024
0.290271
0.290266
0.290251
0.290249
0.290273
0.290278
0.290316
0.290342
0.290327
0.290352
0.290407
0.290351
0.290297
0.290288
0.290287
0.29031
0.290347
0.290322
0.290353
0.290324
0.290388
0.29039
0.290423
0.290403
0.290371
0.290348
0.290353
0.290357
0.290369
0.290379
0.290369
0.290351
0.290338
0.290329
0.290343
0.290338
0.290393
0.290381
0.290364
0.290366
0.290379
0.290391
0.290416
0.290441
0.290457
0.290468
0.290506
0.29044
0.290478
0.290558
0.290562
0.290535
0.290531
0.290515
0.290505
0.290561
0.290553
0.290564
0.290606
0.290686
0.290622
0.290591
0.290571
0.290616
0.290641
0.290672
0.29069
0.29068
0.290663
0.290714
0.290724
0.290721
0.290714
0.290737
0.29072
0.290695
0.290669
0.2907
0.290707
0.290703
0.290761
0.290756
0.290789
0.290764
0.290742
0.290723
0.290777
0.290834
0.290864
0.290873
0.290952
0.290949
0.290985
0.290942
0.290958
0.290981
0.290994
0.291067
0.291083
0.29112
0.291207
0.291225
0.291224
0.291199
0.291249
0.291227
0.291269
0.29127
0.291356
0.29136
0.291378
0.291395
0.291428
0.291441
0.291457
0.291524
0.291558
0.291629
0.291624
0.291683
0.29168
0.291712
0.291824
0.291785
0.291826
0.291828
0.291816
0.291891
0.291917
0.291885
0.291934
0.291972
0.292047
0.292072
0.292064
0.292043
0.292035
0.292078
0.292141
0.292192
0.292197
0.292217
0.292244
0.292248
0.292301
0.292345
0.292308
0.292341
0.29236
0.292417
0.292471
0.292491
0.292554
0.292583
0.292702
0.292719
0.292728
0.292716
0.29277
0.292814
0.292823
0.292845
0.292835
0.292814
0.292839
0.292818
0.292851
0.292874
0.292864
0.2929
0.292938
0.292991
0.293012
0.293076
0.293082
0.29312
0.293125
0.293136
0.293146
0.293219
0.293258
0.293287
0.293306
0.29328
0.293343
0.293309
0.293345
0.29337
0.293409
0.293415
0.293415
0.293405
0.293417
0.293402
0.293432
0.293489
0.293504
0.293563
0.293578
0.293628
0.293607
0.293661
0.293674
0.293678
0.293694
0.293719
0.293663
0.293701
0.293665
0.293686
0.293694
0.293749
0.293732
0.29373
0.293729
0.293712
0.293728
0.29372
0.293737
0.293754
0.293738
0.293798
0.293743
0.293766
0.293787
0.293779
0.293799
0.29385
0.293856
0.293922
0.293982
0.293995
0.294031
0.294011
0.294011
0.294021
0.294019
0.294014
0.294052
0.294087
0.294157
0.294158
0.294148
0.294137
0.294133
0.294096
0.294159
0.294157
0.294188
0.294208
0.294249
0.294274
0.294255
0.294278
0.294281
0.294238
0.294251
0.29428
0.294292
0.294268
0.2943
0.294278
0.294314
0.294314
0.294357
0.294397
0.294399
0.294365
0.294367
0.294394
0.294423
0.294404
0.29443
0.294441
0.294434
0.294445
0.294467
0.294469
0.294436
0.294488
0.294508
0.294581
0.294611
0.294647
0.294676
0.29474
0.294793
0.294786
0.294821
0.294842
0.294858
0.294861
0.294864
0.29487
0.294894
0.294895
0.294924
0.294957
0.295008
0.295004
0.295011
0.295042
0.295091
0.295115
0.295124
0.295133
0.295147
0.295149
0.295156
0.295153
0.295177
0.295215
0.295211
0.295251
0.295258
0.295294
0.295311
0.2953
0.295307
0.295348
0.295344
0.295335
0.295361
0.2954
0.295394
0.295388
0.295382
0.295329
0.295373
0.295432
0.295485
0.295515
0.295513
0.295551
0.295566
0.295592
0.295634
0.295618
0.295677
0.295684
0.29569
0.295715
0.295732
0.295748
0.29578
0.295751
0.295748
0.295786
0.295817
0.295772
0.295765
0.295777
0.295796
0.295856
0.295864
0.295895
0.295937
0.295944
0.295934
0.29595
0.295985
0.295982
0.295962
0.295979
0.295988
0.295987
0.296002
0.296006
0.296033
0.296051
0.296109
0.296136
0.296157
0.296169
0.296171
0.296183
0.29616
0.29617
0.296194
0.296191
0.29622
0.296237
0.296263
0.296256
0.296249
0.296275
0.296303
0.296337
0.296341
0.296394
0.296378
0.296393
0.296445
0.296498
0.296535
0.296583
0.296609
0.296645
0.296665
0.296704
0.296747
0.296805
0.296849
0.29685
0.296846
0.296862
0.296876
0.296879
0.296844
0.296869
0.296837
0.29685
0.29687
0.296875
0.296883
0.2969
0.2969
0.296934
0.296961
0.29694
0.296979
0.296981
0.297027
0.297073
0.297097
0.29711
0.297139
0.297135
0.297196
0.297222
0.297249
0.297203
0.297216
0.297214
0.29725
0.297232
0.29728
0.297307
0.297316
0.297316
0.297306
0.297337
0.297377
0.297395
0.29741
0.297429
0.297454
0.29748
0.297508
0.29753
0.297557
0.297571
0.29757
0.297561
0.297582
0.297532
0.297566
0.297578
0.297597
0.29763
0.297633
0.297677
0.297709
0.297714
0.297746
0.297829
0.297839
0.297863
0.29786
0.297865
0.297882
0.297899
0.297927
0.297921
0.297913
0.297951
0.297965
0.297995
0.298027
0.297995
0.297993
0.298045
0.29807
0.298085
0.29812
0.298148
0.298178
0.29823
0.298257
0.298296
0.298287
0.298315
0.298326
0.29837
0.298386
0.298416
0.29844
0.298426
0.298461
0.298522
0.298567
0.298633
0.298653
0.298726
0.298741
0.298773
0.298801
0.298831
0.298856
0.298879
0.298881
0.298931
0.298979
0.299048
0.299057
0.299063
0.299048
0.299061
0.299067
0.299063
0.299044
0.299024
0.299046
0.299062
0.299047
0.299067
0.299062
0.299075
0.299097
0.299136
0.299141
0.299167
0.299196
0.29923
0.299257
0.299311
0.299343
0.29934
0.299342
0.299338
0.299348
0.299362
0.299388
0.299398
0.299459
0.29942
0.299433
0.299474
0.299506
0.299526
0.299573
0.299597
0.299571
0.299564
0.299597
0.29962
0.299611
0.299605
0.299584
0.299607
0.299625
0.299611
0.299613
0.299633
0.299651
0.2997
0.299737
0.299748
0.299769
0.29979
0.299794
0.299828
0.299846
0.299873
0.299901
0.29994
0.299914
0.299921
0.299923
0.299949
0.299943
0.299936
0.299958
0.299966
0.299969
0.3
0.300045
0.300074
0.300097
0.300159
0.300207
0.300226
0.300226
0.30024
0.300266
0.300296
0.300308
0.30037
0.300388
0.300385
0.300377
0.300395
0.300447
0.300444
0.300465
0.300455
0.300476
0.300491
0.300505
0.300545
0.30058
0.300545
0.300545
0.300578
0.300589
0.300605
0.300627
0.300607
0.30063
0.300636
0.300615
0.300655
0.30068
0.300696
0.300762
0.300794
0.300841
0.300849
0.300893
0.300874
0.30093
0.300958
0.300968
0.301001
0.300976
0.300959
0.300992
0.301023
0.301028
0.301073
0.301074
0.301093
0.301074
0.301118
0.301151
0.301165
0.301183
0.301191
0.301224
0.301226
0.301274
0.301286
0.301331
0.301347
0.301378
0.301383
0.301384
0.301407
0.301415
0.301434
0.30144
0.301433
0.301448
0.301485
0.301519
0.301552
0.301576
0.301597
0.301568
0.301572
0.301615
0.301624
0.301638
0.301679
0.301722
0.301737
0.301756
0.30177
0.301806
0.301833
0.301851
0.301888
0.301869
0.301922
0.301926
0.301952
0.301947
0.301979
0.302006
0.30204
0.302078
0.302101
0.302106
0.302131
0.30216
0.302163
0.302189
0.302182
0.30218
0.302203
0.302228
0.302228
0.302255
0.302268
0.302306
0.302331
0.302327
0.302377
0.302383
0.302389
0.302434
0.30244
0.302454
0.302465
0.302505
0.30251
0.302543
0.302575
0.302645
0.302626
0.302637
0.302683
0.302696
0.302706
0.30272
0.302755
0.302762
0.302804
0.302805
0.302806
0.302785
0.302812
0.302828
0.302852
0.302881
0.302916
0.302933
0.30292
0.302973
0.302976
0.303008
0.303036
0.303064
0.30309
0.303088
0.303112
0.303118
0.303144
0.303173
0.30321
0.303231
0.303228
0.303277
0.30331
0.303329
0.303327
0.303348
0.303362
0.30336
0.303374
0.303381
0.303423
0.303445
0.303462
0.303474
0.303511
0.303537
0.303557
0.303591
0.303589
0.303621
0.303608
0.303627
0.303668
0.303695
0.303717
0.303739
0.303752
0.303756
0.303772
0.303796
0.30385
0.303827
0.30383
0.303834
0.303851
0.303881
0.303871
0.303894
0.303903
0.303931
0.303958
0.303984
0.304015
0.304008
0.304036
0.304043
0.304092
0.304118
0.304113
0.30415
0.304173
0.304194
0.304199
0.304206
0.304221
0.304233
0.30422
0.30426
0.304283
0.304314
0.304318
0.304373
0.30434
0.304349
0.304373
0.304363
0.304368
0.3044
0.304424
0.304449
0.304458
0.304467
0.30448
0.304484
0.304515
0.304528
0.304533
0.304519
0.304519
0.304544
0.304562
0.30456
0.304605
0.30462
0.30463
0.304613
0.304605
0.304613
0.304632
0.304648
0.304649
0.304663
0.304712
0.304712
0.304737
0.304766
0.304768
0.304786
0.3048
0.304795
0.304789
0.304811
0.304812
0.304834
0.304854
0.304865
0.304893
0.304897
0.304882
0.304889
0.304929
0.304948
0.304967
0.304999
0.305006
0.305042
0.305083
0.305048
0.305047
0.305069
0.305108
0.305137
0.305156
0.30517
0.305185
0.305182
0.305214
0.305207
0.305217
0.305238
0.305245
0.305226
0.305269
0.305268
0.305263
0.305293
0.305274
0.305262
0.305266
0.305261
0.305277
0.305348
0.305327
0.305315
0.30532
0.305335
0.305354
0.305394
0.305386
0.305399
0.305427
0.305445
0.305475
0.305532
0.305568
0.305585
0.305605
0.30567
0.305703
0.305723
0.305752
0.305771
0.305771
0.305769
0.305789
0.305814
0.305837
0.305852
0.305844
0.30586
0.3059
0.305909
0.305943
0.305953
0.305961
0.30601
0.306023
0.306041
0.306053
0.30607
0.306126
0.306146
0.306167
0.306188
0.306207
0.306224
0.306277
0.306334
0.30634
0.306332
0.306366
0.306403
0.306392
0.306432
0.306444
0.306461
0.306487
0.306527
0.306543
0.306551
0.306563
0.30659
0.306629
0.306665
0.306675
0.306721
0.306738
0.306776
0.306835
0.306886
0.306901
0.30691
0.306899
0.306917
0.306966
0.306987
0.30702
0.307041
0.307054
0.307093
0.307103
0.307134
0.307189
0.30719
0.307204
0.307235
0.307238
0.307254
0.307267
0.307294
0.307262
0.307262
0.307261
0.307295
0.307331
0.307361
0.307384
0.307443
0.30744
0.307477
0.307494
0.307519
0.307553
0.307561
0.30757
0.307554
0.307571
0.307582
0.30758
0.307578
0.3076
0.307605
0.307613
0.307649
0.307666
0.30765
0.307688
0.307706
0.3077
0.307735
0.307752
0.307756
0.307756
0.307784
0.307787
0.307815
0.307815
0.307812
0.307821
0.307836
0.307864
0.307889
0.30793
0.307934
0.307969
0.307986
0.30799
0.307985
0.308012
0.307982
0.307987
0.307989
0.307997
0.308002
0.308042
0.30806
0.308091
0.308129
0.308162
0.308163
0.308182
0.308199
0.308201
0.308214
0.308219
0.308244
0.308275
0.308301
0.308312
0.308322
0.30833
0.308356
0.308345
0.308356
0.308381
0.308391
0.308415
0.308452
0.308466
0.308477
0.308468
0.308502
0.308482
0.308498
0.308497
0.308518
0.308511
0.308496
0.30852
0.308546
0.308579
0.308613
0.308618
0.308648
0.308665
0.308683
0.308704
0.30871
0.30871
0.308738
0.308736
0.308745
0.308763
0.30876
0.308765
0.308789
0.308802
0.308811
0.308832
0.308838
0.30885
0.308868
0.308901
0.308919
0.308906
0.308938
0.308958
0.308989
0.308987
0.309017
0.309031
0.309075
0.309071
0.309103
0.309117
0.309148
0.309163
0.309191
0.309167
0.309188
0.309211
0.309246
0.309247
0.309253
0.309276
0.309297
0.309338
0.309345
0.309354
0.309378
0.309376
0.309378
0.309395
0.309402
0.309438
0.309485
0.309495
0.309513
0.309535
0.30953
0.309532
0.309535
0.30956
0.309579
0.309605
0.30961
0.309607
0.309626
0.309629
0.309648
0.309699
0.30973
0.309746
0.309769
0.309773
0.309791
0.309809
0.309844
0.309865
0.309875
0.30988
0.309906
0.309931
0.309939
0.309937
0.309976
0.309984
0.309989
0.310029
0.310053
0.310055
0.310054
0.310072
0.310073
0.310117
0.310146
0.310141
0.31014
0.310148
0.310152
0.310155
0.310154
0.310174
0.310175
0.310201
0.310222
0.310258
0.310272
0.310264
0.310309
0.310336
0.31033
0.310345
0.310349
0.31036
0.310383
0.310404
0.310387
0.310428
0.310427
0.310457
0.310463
0.310477
0.310506
0.310518
0.310516
0.310532
0.310552
0.310573
0.31057
0.310569
0.310576
0.310582
0.310608
0.310629
0.310645
0.310684
0.310727
0.310731
0.310729
0.310741
0.310768
0.310785
0.310793
0.310814
0.310816
0.310819
0.310833
0.310864
0.310894
0.310912
0.310959
0.310974
0.310988
0.311014
0.311073
0.311071
0.311075
0.311078
0.311079
0.311063
0.31107
0.311131
0.311144
0.311186
0.3112
0.311233
0.311235
0.311231
0.31124
0.311253
0.311258
0.311268
0.311251
0.31125
0.311272
0.311306
0.31133
0.311333
0.311347
0.311346
0.311355
0.311382
0.311401
0.311403
0.311416
0.311456
0.311467
0.311472
0.311483
0.31149
0.311502
0.311524
0.311554
0.311589
0.311594
0.311608
0.311595
0.311591
0.31162
0.311627
0.311644
0.311631
0.31166
0.311668
0.31169
0.311694
0.311703
0.311689
0.311693
0.311694
0.311714
0.311708
0.311694
0.311713
0.311728
0.311746
0.311754
0.311785
0.311787
0.311825
0.311858
0.311878
0.311901
0.311916
0.311937
0.311971
0.311985
0.312005
0.31202
0.312053
0.312078
0.312071
0.312099
0.312085
0.312109
0.312126
0.312116
0.312103
0.312114
0.31211
0.312136
0.312157
0.312165
0.312183
0.312208
0.312228
0.312242
0.312277
0.312312
0.312333
0.312354
0.312391
0.312386
0.312389
0.312386
0.312393
0.312411
0.312436
0.312452
0.31245
0.312461
0.312474
0.312493
0.3125
0.312514
0.312514
0.312522
0.312525
0.312563
0.31256
0.312569
0.312564
0.312569
0.312584
0.312575
0.312597
0.312626
0.31264
0.312649
0.312658
0.312689
0.312699
0.312702
0.312715
0.312751
0.312787
0.312817
0.312827
0.312847
0.312855
0.312864
0.312884
0.3129
0.312911
0.312928
0.312943
0.312951
0.312977
0.312986
0.312999
0.313012
0.31302
0.313024
0.313052
0.313073
0.313123
0.313131
0.313126
0.313124
0.313121
0.313132
0.313143
0.313148
0.313157
0.313181
0.313182
0.313175
0.313171
0.3132
0.313188
0.313201
0.313204
0.313216
0.313207
0.313217
0.313238
0.313262
0.313284
0.313283
0.313282
0.3133
0.313326
0.313338
0.313372
0.313361
0.313386
0.313394
0.313404
0.313423
0.313439
0.313437
0.313464
0.313471
0.31348
0.313474
0.313483
0.313504
0.313518
0.313528
0.313546
0.313585
0.313594
0.31361
0.313641
0.313627
0.313654
0.313643
0.313659
0.313666
0.313694
0.313697
0.313719
0.313733
0.313743
0.313732
0.313734
0.31375
0.313764
0.313778
0.3138
0.313795
0.31381
0.313834
0.313874
0.313881
0.313888
0.313913
0.313912
0.313937
0.313974
0.314003
0.314014
0.314022
0.314031
0.31404
0.314049
0.314054
0.314062
0.314082
0.314092
0.314118
0.31415
0.314173
0.314188
0.314175
0.314214
0.314226
0.314232
0.314249
0.314279
0.314293
0.314312
0.314307
0.314313
0.314305
0.31432
0.314332
0.314364
0.314375
0.314393
0.314404
0.314427
0.314462
0.314455
0.314484
0.314509
0.314537
0.314553
0.314576
0.314608
0.314628
0.314641
0.314659
0.314681
0.314683
0.314676
0.314687
0.314683
0.314703
0.314714
0.314724
0.314744
0.314774
0.314806
0.314821
0.314829
0.314834
0.314853
0.314857
0.314864
0.3149
0.314897
0.314891
0.314914
0.314917
0.314922
0.314922
0.314954
0.314993
0.314989
0.315014
0.315028
0.315042
0.31504
0.315048
0.315059
0.31506
0.315064
0.315065
0.315056
0.315068
0.315102
0.315118
0.315124
0.315129
0.315149
0.315191
0.315207
0.315224
0.315257
0.315272
0.315259
0.315281
0.315271
0.315257
0.315268
0.315287
0.315294
0.315319
0.315338
0.31536
0.315385
0.315382
0.315401
0.315402
0.315424
0.315439
0.31544
0.315436
0.315449
0.31547
0.315482
0.315511
0.315515
0.315537
0.315549
0.315578
0.315579
0.315586
0.315609
0.315613
0.31565
0.315672
0.315675
0.315686
0.31569
0.315718
0.31573
0.315772
0.315768
0.315793
0.315788
0.315778
0.315799
0.315795
0.31579
0.315805
0.315815
0.315851
0.315875
0.315887
0.315905
0.315918
0.315916
0.31594
0.315954
0.315971
0.315973
0.315977
0.315988
0.316
0.316023
0.316033
0.316036
0.316063
0.316052
0.316069
0.316079
0.316102
0.316107
0.316128
0.316154
0.316148
0.316147
0.316129
0.316146
0.316161
0.316195
0.316193
0.316215
0.316236
0.316257
0.316266
0.316275
0.316294
0.316321
0.316317
0.316343
0.316344
0.316355
0.316366
0.316392
0.316415
0.316427
0.316459
0.316453
0.316453
0.316474
0.316487
0.316476
0.316481
0.316472
0.316501
0.316523
0.316555
0.316551
0.316551
0.316548
0.316574
0.316581
0.316616
0.316617
0.316621
0.316642
0.31667
0.316692
0.316702
0.316724
0.316735
0.316749
0.316777
0.316799
0.316812
0.316831
0.316844
0.316879
0.316887
0.316935
0.316965
0.316971
0.316989
0.317024
0.317041
0.317058
0.317098
0.317091
0.317091
0.317102
0.317126
0.317125
0.317131
0.317158
0.317174
0.317198
0.317213
0.317232
0.317238
0.317254
0.317246
0.317253
0.317268
0.317283
0.317277
0.317299
0.317311
0.317359
0.317386
0.317398
0.317412
0.317416
0.317433
0.317432
0.31746
0.317484
0.317497
0.317513
0.317541
0.317542
0.317557
0.317568
0.317584
0.317582
0.317605
0.317621
0.317644
0.317678
0.317697
0.317714
0.31771
0.317728
0.317738
0.317758
0.317784
0.317786
0.3178
0.317795
0.317786
0.317805
0.317841
0.317863
0.317877
0.31789
0.317886
0.317894
0.317914
0.317924
0.317933
0.317952
0.317973
0.317989
0.318002
0.318015
0.318032
0.318047
0.318063
0.318075
0.318094
0.318116
0.318141
0.318146
0.318155
0.318162
0.318168
0.318163
0.318178
0.318186
0.318193
0.318205
0.318219
0.318221
0.318233
0.318219
0.318216
0.318232
0.318238
0.318257
0.318283
0.318307
0.318311
0.318315
0.318326
0.318344
0.31837
0.318401
0.318419
0.31844
0.318464
0.318468
0.318471
0.318494
0.318512
0.318524
0.318535
0.318561
0.318582
0.318612
0.318621
0.31866
0.318681
0.318694
0.318729
0.318745
0.318733
0.31875
0.318779
0.318798
0.318829
0.318843
0.318847
0.318849
0.318868
0.318872
0.318884
0.318909
0.318933
0.318957
0.318966
0.318978
0.318988
0.318997
0.319011
0.319035
0.319042
0.31906
0.319082
0.319101
0.319122
0.319136
0.319156
0.319183
0.319191
0.319181
0.319189
0.319198
0.319208
0.319203
0.319203
0.319212
0.31922
0.319234
0.319247
0.31926
0.319271
0.319288
0.319312
0.319316
0.319332
0.319333
0.319346
0.319366
0.319375
0.31939
0.319405
0.319422
0.31944
0.319454
0.319465
0.31948
0.319496
0.319534
0.31955
0.319558
0.319564
0.319568
0.319579
0.319598
0.319613
0.319636
0.319641
0.319671
0.319678
0.319702
0.319705
0.319715
0.319725
0.319737
0.31976
0.31977
0.319776
0.31978
0.319783
0.31978
0.319785
0.3198
0.319813
0.319838
0.319864
0.319887
0.319903
0.319891
0.319913
0.31992
0.319932
0.319942
0.319965
0.319969
0.319969
0.319979
0.319982
0.319982
0.319985
0.320006
0.320015
0.320025
0.320055
0.320082
0.320104
0.320115
0.32013
0.320137
0.320167
0.320184
0.320207
0.320232
0.320236
0.320252
0.320251
0.320252
0.320267
0.320267
0.320284
0.320291
0.320309
0.320304
0.320309
0.320317
0.320323
0.320344
0.320341
0.320352
0.320378
0.320378
0.320395
0.320413
0.320432
0.320447
0.320463
0.320486
0.320492
0.320488
0.320508
0.320515
0.320529
0.320544
0.320552
0.320564
0.320576
0.320593
0.320612
0.320631
0.320646
0.320661
0.320683
0.320703
0.320699
0.320723
0.320743
0.320756
0.320783
0.320796
0.320817
0.320827
0.320836
0.320836
0.320858
0.320872
0.320862
0.320878
0.320874
0.320893
0.320913
0.320911
0.320924
0.320932
0.320943
0.320939
0.32095
0.320968
0.320979
0.320996
0.321011
0.321006
0.321034
0.321024
0.321036
0.321038
0.321053
0.321049
0.321078
0.321088
0.32109
0.321109
0.321119
0.321144
0.321151
0.321158
0.321159
0.321173
0.321189
0.321196
0.321218
0.321228
0.32124
0.321249
0.321254
0.321256
0.321253
0.321259
0.321272
0.321272
0.321279
0.321298
0.321295
0.321307
0.321312
0.321311
0.321329
0.321345
0.321354
0.321356
0.32136
0.321366
0.321375
0.321378
0.321389
0.321407
0.321411
0.321422
0.321407
0.321415
0.321439
0.32146
0.32147
0.321485
0.32148
0.321497
0.321519
0.32152
0.321522
0.321545
0.32156
0.321584
0.321598
0.321625
0.321623
0.321636
0.321649
0.321647
0.321655
0.321653
0.321669
0.321682
0.3217
0.321713
0.321722
0.321749
0.32175
0.321767
0.321777
0.32179
0.321813
0.321827
0.321834
0.321839
0.32182
0.321839
0.321847
0.32186
0.321879
0.321882
0.3219
0.321918
0.321919
0.32193
0.321932
0.321939
0.321959
0.321983
0.321998
0.322011
0.322017
0.32201
0.322028
0.322039
0.322046
0.322035
0.322052
0.322067
0.322073
0.32209
0.322104
0.322112
0.322131
0.322156
0.322172
0.322191
0.322179
0.322169
0.322171
0.322165
0.322176
0.322187
0.322197
0.322207
0.322211
0.322197
0.322218
0.322221
0.322228
0.322251
0.322271
0.322262
0.322282
0.322286
0.322285
0.322285
0.322294
0.322317
0.322316
0.322319
0.322315
0.322324
0.322342
0.322336
0.322357
0.322362
0.322356
0.322332
0.322348
0.322355
0.322344
0.322369
0.322378
0.32238
0.322385
0.322384
0.32239
0.322403
0.322427
0.322429
0.322436
0.322438
0.322451
0.32246
0.322473
0.322471
0.322486
0.322491
0.322525
0.322538
0.322553
0.322553
0.322569
0.322589
0.322584
0.322597
0.322586
0.322595
0.322607
0.322637
0.322641
0.322648
0.322655
0.322652
0.322677
0.322679
0.322683
0.322693
0.322689
0.322705
0.322697
0.322705
0.322696
0.322713
0.322729
0.322734
0.322737
0.322746
0.322744
0.322763
0.322774
0.322784
0.322792
0.3228
0.322828
0.322853
0.322857
0.322871
0.322886
0.322902
0.322919
0.322924
0.32293
0.322951
0.322956
0.32296
0.322966
0.322972
0.32299
0.323008
0.323023
0.323051
0.323058
0.323083
0.323091
0.323102
0.323131
0.32314
0.323147
0.323162
0.323174
0.323192
0.323222
0.323225
0.323231
0.323242
0.323267
0.323293
0.323284
0.323296
0.323297
0.323309
0.323321
0.323334
0.323338
0.32335
0.323367
0.323371
0.323393
0.323408
0.323422
0.323417
0.323426
0.32344
0.323462
0.323463
0.323453
0.32345
0.323464
0.323461
0.323477
0.323504
0.323524
0.323541
0.323551
0.323552
0.323547
0.323549
0.323534
0.323568
0.323558
0.323574
0.323584
0.323592
0.323597
0.32361
0.32363
0.323654
0.32365
0.323642
0.323651
0.323657
0.323674
0.323677
0.323684
0.323716
0.323746
0.323763
0.323783
0.323786
0.323811
0.323833
0.323828
0.323849
0.323845
0.323854
0.32387
0.323881
0.323887
0.323894
0.323901
0.323934
0.32394
0.323947
0.323945
0.323963
0.323958
0.323958
0.323961
0.323955
0.323971
0.323979
0.323988
0.323984
0.323993
0.324004
0.324015
0.324009
0.324008
0.324024
0.324045
0.324046
0.324045
0.324058
0.324071
0.324093
0.324106
0.324125
0.324131
0.324165
0.324188
0.324175
0.324193
0.324209
0.32421
0.324213
0.324212
0.324203
0.324213
0.324225
0.324238
0.32423
0.324236
0.324242
0.324244
0.324255
0.324256
0.324259
0.324276
0.324279
0.324278
0.324284
0.324298
0.32431
0.324313
0.32431
0.324307
0.324321
0.324342
0.324335
0.324337
0.324356
0.324369
0.32438
0.3244
0.324405
0.324406
0.324422
0.324438
0.324461
0.324504
0.324521
0.324531
0.324548
0.324551
0.324558
0.324565
0.324574
0.324584
0.324602
0.324616
0.324627
0.324626
0.324611
0.324609
0.324638
0.324655
0.324663
0.324672
0.32469
0.324683
0.324702
0.324687
0.324688
0.324703
0.324707
0.324724
0.324722
0.32471
0.324708
0.324714
0.32473
0.324731
0.324738
0.324742
0.324744
0.324753
0.324768
0.32477
0.324787
0.324796
0.324797
0.324814
0.324828
0.324827
0.324842
0.324846
0.324861
0.324861
0.324876
0.324885
0.324895
0.32491
0.324911
0.324924
0.324937
0.324936
0.32495
0.324972
0.324973
0.324983
0.324979
0.324997
0.325006
0.325021
0.325036
0.325039
0.325056
0.32506
0.325049
0.325056
0.325065
0.325062
0.325087
0.325085
0.325087
0.32509
0.325091
0.325111
0.325123
0.325124
0.32513
0.325155
0.325161
0.325173
0.325168
0.32518
0.325188
0.325202
0.32521
0.325235
0.325258
0.325278
0.32528
0.325319
0.32533
0.325328
0.325352
0.325363
0.325386
0.325409
0.325427
0.325447
0.325433
0.325449
0.325464
0.325463
0.325471
0.325486
0.325489
0.325492
0.325521
0.325525
0.32552
0.325529
0.325523
0.325538
0.325551
0.325578
0.325587
0.325592
0.325597
0.325603
0.325618
0.325637
0.325631
0.325651
0.325643
0.325646
0.325661
0.325664
0.325667
0.325675
0.325687
0.325674
0.325681
0.325686
0.3257
0.325702
0.325722
0.325741
0.325735
0.325749
0.325764
0.325766
0.325763
0.325768
0.325774
0.325783
0.325791
0.325795
0.325806
0.325819
0.325829
0.325827
0.325822
0.325833
0.325858
0.325862
0.325865
0.325858
0.32587
0.325886
0.3259
0.325903
0.325904
0.325897
0.325899
0.32591
0.325911
0.32591
0.325921
0.325923
0.325931
0.325929
0.325932
0.325943
0.325946
0.325939
0.325952
0.325974
0.32599
0.326003
0.326007
0.326011
0.326016
0.326016
0.326033
0.326036
0.326032
0.326034
0.326039
0.326038
0.326058
0.326064
0.326076
0.326091
0.326083
0.326099
0.32612
0.326125
0.326131
0.326135
0.326154
0.326151
0.326146
0.326153
0.326163
0.326173
0.326188
0.326188
0.326204
0.326212
0.326191
0.326214
0.326217
0.326225
0.326242
0.326246
0.326257
0.326253
0.326262
0.326275
0.326298
0.326295
0.326296
0.326297
0.326314
0.326336
0.326339
0.326354
0.326364
0.326368
0.326378
0.326393
0.326396
0.326395
0.3264
0.326403
0.326402
0.326408
0.326415
0.326428
0.326446
0.326459
0.326474
0.326471
0.326479
0.32648
0.326495
0.326517
0.326519
0.326532
0.326537
0.326538
0.326538
0.326548
0.326561
0.326567
0.32658
0.326586
0.326606
0.326609
0.326627
0.326625
0.326649
0.326668
0.326674
0.326677
0.326701
0.326705
0.326713
0.326709
0.326732
0.326737
0.326741
0.326758
0.326758
0.326765
0.326769
0.326766
0.326767
0.326774
0.326786
0.32679
0.326802
0.326811
0.326819
0.326824
0.326813
0.326829
0.326861
0.326863
0.326868
0.32686
0.326876
0.326885
0.326888
0.326905
0.326911
0.326911
0.326928
0.326937
0.326961
0.326963
0.326968
0.326963
0.326964
0.326976
0.326977
0.326968
0.326986
0.326999
0.327011
0.327021
0.327029
0.327038
0.32705
0.327065
0.327077
0.327081
0.327076
0.327081
0.327074
0.327086
0.327098
0.3271
0.327097
0.327115
0.32712
0.327122
0.327128
0.32712
0.327136
0.327132
0.327126
0.327125
0.327134
0.327136
0.32715
0.327161
0.327164
0.327165
0.327153
0.327146
0.327136
0.32715
0.32716
0.327172
0.327178
0.327186
0.327211
0.327239
0.327261
0.327261
0.327266
0.32728
0.327282
0.327281
0.3273
0.327305
0.327314
0.327344
0.327354
0.327371
0.327373
0.32737
0.327383
0.3274
0.327423
0.327446
0.327447
0.327463
0.327468
0.327463
0.327455
0.327472
0.327466
0.327469
0.327491
0.3275
0.327512
0.327516
0.327531
0.327539
0.327549
0.327562
0.327568
0.327567
0.327585
0.327593
0.327611
0.327628
0.327638
0.327636
0.327627
0.327628
0.327628
0.327628
0.327624
0.327626
0.327634
0.327629
0.327633
0.327644
0.327653
0.327682
0.327692
0.327714
0.327722
0.327733
0.327725
0.327733
0.327753
0.327746
0.327751
0.327756
0.327765
0.327775
0.327778
0.32778
0.327779
0.327792
0.327794
0.327795
0.327791
0.327797
0.327802
0.327806
0.327817
0.327819
0.327839
0.327853
0.327865
0.327861
0.327865
0.327875
0.327872
0.32788
0.327875
0.32788
0.327898
0.327908
0.327919
0.327928
0.32794
0.327936
0.327946
0.32796
0.327959
0.327975
0.327992
0.327996
0.328009
0.328014
0.328041
0.328042
0.328041
0.328041
0.328069
0.328066
0.328077
0.328077
0.328095
0.328106
0.32813
0.328136
0.328137
0.328126
0.328133
0.32816
0.328172
0.328182
0.328179
0.328181
0.328187
0.328204
0.328205
0.328192
0.328201
0.328202
0.328204
0.328212
0.328209
0.328216
0.328233
0.328233
0.328237
0.32824
0.328243
0.328236
0.328231
0.328241
0.328241
0.328254
0.328258
0.328263
0.32828
0.328294
0.328294
0.328294
0.328298
0.328314
0.328311
0.328318
0.328327
0.328329
0.328322
0.328319
0.328332
0.328332
0.328342
0.328349
0.328362
0.328361
0.328351
0.328352
0.328369
0.32837
0.328378
0.328387
0.328405
0.328411
0.328427
0.328432
0.328441
0.328437
0.328444
0.328434
0.32842
0.328425
0.328435
0.328436
0.328434
0.328449
0.328459
0.328479
0.328474
0.328477
0.328481
0.328485
0.328494
0.328495
0.328494
0.328499
0.328497
0.328499
0.328521
0.328521
0.328526
0.328537
0.328552
0.328557
0.32856
0.328558
0.328567
0.328581
0.328571
0.328575
0.328584
0.328593
0.328591
0.328604
0.328615
0.32863
0.32863
0.328622
0.328619
0.328631
0.328627
0.328621
0.32862
0.328639
0.328638
0.328632
0.328626
0.328638
0.328631
0.328639
0.328638
0.328639
0.328645
0.328656
0.32868
0.328668
0.328674
0.328696
0.328687
0.328704
0.328715
0.328729
0.328743
0.328751
0.328783
0.328781
0.32879
0.328801
0.328815
0.328821
0.328829
0.328841
0.328852
0.328852
0.328866
0.328873
0.328875
0.328896
0.328899
0.32892
0.328911
0.32891
0.328918
0.328935
0.328952
0.328966
0.328983
0.328992
0.329015
0.329023
0.329031
0.329027
0.329034
0.329048
0.329062
0.329066
0.329068
0.329074
0.329066
0.329088
0.329108
0.329122
0.329131
0.329134
0.329142
0.329135
0.32915
0.329159
0.32917
0.329177
0.329183
0.329192
0.329201
0.329201
0.329218
0.329225
0.329244
0.329245
0.329258
0.329259
0.329257
0.32926
0.329267
0.329254
0.32926
0.329267
0.329277
0.329283
0.329288
0.329303
0.329309
0.329306
0.329309
0.329328
0.329342
0.329344
0.329345
0.329349
0.329343
0.329343
0.32934
0.329354
0.329366
0.329375
0.32938
0.329381
0.329396
0.329394
0.329392
0.329395
0.329415
0.329422
0.329437
0.329446
0.329452
0.329468
0.329474
0.329473
0.329475
0.329487
0.329493
0.329492
0.329503
0.329509
0.329511
0.329511
0.329523
0.329535
0.329543
0.329544
0.329555
0.329568
0.329574
0.329589
0.329583
0.32959
0.32959
0.329602
0.329598
0.329607
0.32963
0.329642
0.329647
0.329644
0.329662
0.32966
0.329673
0.329684
0.329697
0.329698
0.329702
0.329706
0.329712
0.329716
0.329722
0.329747
0.329763
0.329754
0.32976
0.329765
0.329764
0.329765
0.329767
0.329789
0.329789
0.329795
0.3298
0.329802
0.329824
0.329833
0.329835
0.329842
0.329855
0.329867
0.329887
0.329888
0.329914
0.329917
0.329926
0.329945
0.329949
0.32995
0.329943
0.329944
0.329963
0.329972
0.329978
0.329986
0.329986
0.329996
0.330012
0.33003
0.330041
0.330043
0.330048
0.330056
0.330065
0.330092
0.330108
0.330114
0.330126
0.330147
0.330162
0.330155
0.330157
0.330161
0.330176
0.330183
0.330194
0.3302
0.330212
0.330222
0.330236
0.330225
0.330222
0.330229
0.330235
0.330254
0.33025
0.330267
0.330264
0.33027
0.330289
0.330298
0.330309
0.330324
0.330332
0.330339
0.330348
0.33035
0.330358
0.330383
0.330384
0.330386
0.330389
0.330393
0.330415
0.330416
0.330426
0.330426
0.330428
0.330448
0.330467
0.330458
0.330469
0.330478
0.330495
0.330496
0.330512
0.330523
0.330539
0.330553
0.330566
0.330582
0.330591
0.330609
0.330614
0.330633
0.330646
0.330646
0.330658
0.330658
0.330662
0.330672
0.330687
0.33069
0.330704
0.330712
0.330709
0.330714
0.330732
0.330738
0.330747
0.330756
0.330754
0.330766
0.330772
0.330764
0.33077
0.330775
0.330779
0.330769
0.330783
0.330795
0.330807
0.330807
0.330807
0.330818
0.330823
0.330818
0.330817
0.330814
0.33082
0.33082
0.330813
0.330825
0.330833
0.330829
0.330829
0.330821
0.330828
0.330849
0.330861
0.330871
0.330878
0.330875
0.33088
0.330884
0.330899
0.330911
0.330914
0.330923
0.330919
0.330931
0.330938
0.330962
0.330966
0.330963
0.33096
0.33098
0.330991
0.330997
0.331006
0.330997
0.331006
0.331025
0.331036
0.331046
0.331056
0.331067
0.331071
0.331073
0.331082
0.331093
0.331092
0.331103
0.331106
0.331112
0.331124
0.331118
0.331125
0.331133
0.331139
0.331146
0.331155
0.331157
0.331155
0.331146
0.331149
0.331155
0.331174
0.331189
0.331204
0.331216
0.331233
0.331239
0.331243
0.331259
0.331253
0.331262
0.331269
0.331271
0.331271
0.331286
0.33129
0.331297
0.331302
0.331313
0.331328
0.331331
0.33134
0.331357
0.331365
0.331376
0.331395
0.331407
0.331418
0.331428
0.331433
0.331435
0.331445
0.331436
0.331447
0.331456
0.331463
0.331474
0.331479
0.33149
0.331493
0.331497
0.331497
0.331521
0.331533
0.331566
0.331577
0.331594
0.331595
0.331612
0.331617
0.331618
0.331615
0.331619
0.331622
0.331638
0.331653
0.331648
0.331643
0.33165
0.331651
0.331667
0.331673
0.331663
0.331668
0.331685
0.331693
0.331699
0.331704
0.33171
0.331718
0.331727
0.33173
0.33175
0.331757
0.331762
0.331755
0.33176
0.331765
0.33178
0.331779
0.331791
0.331804
0.331811
0.33183
0.331843
0.33186
0.331855
0.33187
0.331872
0.331875
0.331871
0.33188
0.331883
0.331894
0.331895
0.331904
0.331919
0.331926
0.331926
0.331932
0.331946
0.331947
0.331936
0.331956
0.331967
0.331969
0.331987
0.331987
0.331987
0.331978
0.331983
0.33199
0.332002
0.332014
0.33202
0.332029
0.332034
0.332036
0.332053
0.332073
0.332083
0.332104
0.332137
0.332147
0.332149
0.332156
0.332167
0.332174
0.332186
0.33219
0.332187
0.332199
0.332202
0.332213
0.332212
0.332213
0.332228
0.332227
0.33223
0.332236
0.332238
0.332248
0.332256
0.332265
0.332271
0.332264
0.332249
0.33226
0.332258
0.332269
0.332278
0.33229
0.332309
0.332311
0.332319
0.332333
0.332345
0.332339
0.33234
0.332348
0.332369
0.332372
0.332364
0.33236
0.332357
0.332366
0.332379
0.33239
0.332391
0.332406
0.332417
0.332426
0.332438
0.33245
0.332458
0.332465
0.332479
0.332486
0.332493
0.332513
0.332504
0.332507
0.332518
0.332527
0.332535
0.332551
0.332546
0.332561
0.332581
0.332587
0.332577
0.332588
0.332596
0.332611
0.332623
0.33262
0.332632
0.332645
0.332652
0.332652
0.332647
0.332661
0.332667
0.332676
0.332694
0.332702
0.332712
0.332711
0.332725
0.332733
0.332739
0.332757
0.332764
0.332767
0.332775
0.332786
0.332799
0.332804
0.33281
0.332813
0.33282
0.332826
0.33285
0.332842
0.332837
0.332838
0.332833
0.332847
0.332847
0.332853
0.332863
0.332872
0.332888
0.332887
0.332889
0.332889
0.33289
0.3329
0.332908
0.332909
0.332924
0.332943
0.332942
0.332925
0.332925
0.332949
0.332956
0.332967
0.332985
0.33299
0.332996
0.333006
0.333008
0.33302
0.333024
0.333039
0.333038
0.333046
0.333046
0.333053
0.333052
0.333062
0.333069
0.333075
0.333075
0.333091
0.333102
0.333098
0.3331
0.333108
0.333126
0.333143
0.333149
0.333166
0.333173
0.333194
0.333191
0.333196
0.33321
0.333216
0.333217
0.333216
0.333213
0.333219
0.333222
0.333222
0.333221
0.333236
0.333239
0.333246
0.333242
0.333257
0.333275
0.333276
0.33328
0.333287
0.333286
0.333277
0.333281
0.333298
0.333296
0.333303
0.333308
0.333311
0.333326
0.333319
0.333326
0.333331
0.333326
0.333337
0.333341
0.333356
0.333366
0.333374
0.333374
0.333388
0.333394
0.333382
0.333395
0.333416
0.333421
0.333421
0.333428
0.33345
0.333462
0.33347
0.333473
0.333488
0.333503
0.333506
0.333511
0.333527
0.333531
0.333543
0.333555
0.333557
0.33357
0.333572
0.333587
0.333598
0.333603
0.333604
0.333618
0.333626
0.333641
0.333659
0.333666
0.333674
0.333679
0.333699
0.333704
0.333715
0.333725
0.333734
0.333739
0.333744
0.333765
0.333768
0.333764
0.333768
0.333764
0.333771
0.333781
0.333791
0.333791
0.333801
0.333804
0.333813
0.333833
0.333844
0.333849
0.333864
0.33387
0.333875
0.333886
0.333893
0.333899
0.333899
0.333916
0.333918
0.333919
0.333929
0.333943
0.333957
0.333965
0.333976
0.333986
0.333999
0.334007
0.334023
0.33403
0.334031
0.334052
0.334064
0.334069
0.334074
0.334079
0.334089
0.334103
0.334115
0.334129
0.334133
0.334142
0.334144
0.334154
0.334161
0.334177
0.334186
0.334197
0.334201
0.334209
0.334215
0.334225
0.334234
0.334248
0.33425
0.334247
0.334259
0.334259
0.334264
0.334263
0.334272
0.334277
0.334288
0.334306
0.334313
0.334312
0.334315
0.334326
0.334331
0.334342
0.334353
0.334361
0.334372
0.334374
0.334399
0.334403
0.334405
0.334404
0.334421
0.334431
0.334436
0.334437
0.33446
0.334468
0.334475
0.33448
0.334499
0.334506
0.33452
0.334524
0.33452
0.334521
0.334536
0.33455
0.334558
0.334558
0.334565
0.334582
0.334591
0.334593
0.334586
0.334586
0.334588
0.334599
0.334611
0.334621
0.334612
0.334623
0.334631
0.334636
0.334645
0.33466
0.334675
0.334685
0.334691
0.334696
0.3347
0.334708
0.334717
0.334728
0.334744
0.33475
0.334753
0.334765
0.334781
0.334787
0.334796
0.334799
0.334802
0.334814
0.334829
0.334844
0.334849
0.334856
0.33487
0.334879
0.334891
0.334898
0.334904
0.334906
0.334917
0.334931
0.334943
0.334939
0.334959
0.334957
0.334957
0.334963
0.334975
0.334988
0.334987
0.334986
0.334996
0.335004
0.335007
0.335018
0.335018
0.33502
0.335036
0.335033
0.335026
0.33504
0.335049
0.335057
0.335066
0.335069
0.33507
0.335077
0.335086
0.335091
0.335108
0.335092
0.33509
0.335098
0.335113
0.335116
0.335109
0.335104
0.335118
0.33513
0.335139
0.335147
0.335146
0.335145
0.335153
0.335155
0.33515
0.335161
0.335172
0.335182
0.335189
0.335193
0.335192
0.335191
0.335198
0.335221
0.335226
0.335239
0.335254
0.335261
0.335264
0.335267
0.335274
0.335289
0.335302
0.335314
0.335334
0.335353
0.335372
0.335383
0.335392
0.335404
0.335417
0.335417
0.33543
0.335428
0.33543
0.335442
0.335439
0.335455
0.335471
0.335481
0.335496
0.335498
0.33552
0.335528
0.335536
0.335544
0.335555
0.33556
0.335577
0.335585
0.335595
0.335611
0.335618
0.335629
0.335628
0.335644
0.335657
0.335682
0.33569
0.335682
0.335691
0.335708
0.335708
0.33571
0.335712
0.335717
0.335735
0.335735
0.335742
0.335754
0.335766
0.335765
0.335769
0.335789
0.335803
0.335811
0.335816
0.335825
0.335833
0.335837
0.335846
0.335855
0.335859
0.335861
0.335874
0.335883
0.335881
0.335894
0.335902
0.335908
0.335907
0.33592
0.335928
0.335941
0.335944
0.335952
0.335967
0.335963
0.335965
0.33598
0.335984
0.335985
0.335993
0.335987
0.335992
0.336006
0.335998
0.336012
0.336015
0.336027
0.336031
0.336045
0.336043
0.336055
0.336052
0.336045
0.336054
0.336056
0.336063
0.336075
0.336088
0.336098
0.336108
0.336129
0.336136
0.336143
0.33615
0.336164
0.336169
0.336175
0.336182
0.336188
0.336192
0.336206
0.336208
0.336213
0.33621
0.336212
0.336219
0.336225
0.33623
0.336239
0.336241
0.336252
0.336266
0.336272
0.336282
0.336284
0.336302
0.336303
0.336302
0.336314
0.336319
0.33632
0.336331
0.336342
0.336351
0.336364
0.336378
0.336376
0.336384
0.336381
0.336388
0.336387
0.336391
0.336397
0.336407
0.336408
0.336411
0.336426
0.336421
0.336433
0.336443
0.336444
0.336453
0.336462
0.336469
0.336481
0.336484
0.336491
0.336501
0.336511
0.336523
0.336521
0.336524
0.336522
0.336534
0.336539
0.33654
0.336539
0.336541
0.336552
0.336556
0.336558
0.336564
0.336569
0.33657
0.336576
0.336578
0.336585
0.336606
0.336606
0.336613
0.336614
0.336629
0.336642
0.336631
0.336638
0.336644
0.336647
0.336653
0.336654
0.336649
0.336662
0.336678
0.336675
0.33668
0.336678
0.336684
0.336694
0.336704
0.336713
0.336718
0.336723
0.336732
0.336735
0.336736
0.336747
0.336762
0.336773
0.336776
0.336787
0.336794
0.336795
0.336801
0.336799
0.336805
0.336803
0.336801
0.336799
0.336805
0.336813
0.336821
0.336825
0.33683
0.336832
0.336835
0.336826
0.336829
0.336846
0.336851
0.336858
0.336861
0.336869
0.33688
0.33689
0.336895
0.336896
0.336903
0.336906
0.336914
0.33693
0.33693
0.336918
0.336923
0.336926
0.336933
0.336938
0.336943
0.336946
0.336956
0.336968
0.336974
0.336976
0.336992
0.336984
0.336988
0.336996
0.33699
0.337
0.337012
0.33701
0.337022
0.337023
0.337034
0.337031
0.337041
0.337046
0.337054
0.33706
0.337069
0.33708
0.337081
0.337096
0.337099
0.337115
0.33713
0.337137
0.337136
0.33714
0.337145
0.337152
0.337157
0.337156
0.337168
0.337171
0.337183
0.337196
0.337212
0.337219
0.337229
0.337233
0.337226
0.337228
0.337231
0.337231
0.337244
0.33724
0.337237
0.337246
0.337244
0.337247
0.337256
0.337256
0.337257
0.337265
0.337271
0.33729
0.337291
0.337294
0.337297
0.337297
0.337298
0.337317
0.337325
0.337332
0.337339
0.337341
0.337353
0.337362
0.337356
0.337366
0.337386
0.337395
0.3374
0.337403
0.337409
0.33742
0.337439
0.33745
0.337452
0.337454
0.337455
0.33747
0.337481
0.337489
0.337499
0.337506
0.33752
0.337525
0.337535
0.337542
0.337548
0.337534
0.337536
0.337538
0.337536
0.337543
0.337553
0.337569
0.337581
0.337588
0.337606
0.337611
0.337609
0.337621
0.337627
0.337627
0.337638
0.337639
0.337642
0.337651
0.337652
0.337653
0.33766
0.337656
0.337655
0.337659
0.337657
0.33766
0.337664
0.33767
0.337681
0.337682
0.33769
0.337706
0.337706
0.337702
0.337713
0.337718
0.337711
0.337712
0.337703
0.337701
0.337704
0.337701
0.337711
0.337726
0.337726
0.337734
0.337737
0.337744
0.33776
0.337771
0.337769
0.337776
0.337786
0.337786
0.337796
0.337805
0.337807
0.337817
0.337827
0.337831
0.337833
0.337835
0.337835
0.337848
0.337857
0.337865
0.337872
0.337861
0.337861
0.337864
0.337879
0.337896
0.3379
0.337905
0.337916
0.33793
0.337932
0.337938
0.337946
0.337952
0.337958
0.337959
0.337978
0.337985
0.337999
0.338007
0.338015
0.338019
0.338024
0.33803
0.338021
0.338039
0.338048
0.33806
0.338067
0.338071
0.338079
0.338086
0.338085
0.338087
0.338094
0.338094
0.338104
0.338106
0.338103
0.338114
0.338117
0.338142
0.338147
0.338153
0.338169
0.338169
0.338163
0.33817
0.338172
0.33817
0.338165
0.338171
0.338172
0.338183
0.338195
0.338207
0.3382
0.338198
0.338204
0.33822
0.33822
0.338217
0.338218
0.338224
0.338228
0.338244
0.338251
0.338259
0.338273
0.338274
0.338285
0.338293
0.338305
0.338303
0.338303
0.338323
0.338334
0.33834
0.338347
0.338356
0.338363
0.338366
0.338377
0.338373
0.338386
0.338394
0.338392
0.338392
0.338409
0.338405
0.338406
0.338421
0.338429
0.338435
0.338434
0.338441
0.338445
0.338442
0.338451
0.338447
0.338444
0.338458
0.338471
0.338478
0.338478
0.338484
0.33849
0.338489
0.338494
0.338508
0.338509
0.338519
0.33852
0.338529
0.338536
0.338536
0.338542
0.338544
0.338551
0.33856
0.338572
0.338574
0.33859
0.338598
0.338605
0.338609
0.338627
0.338641
0.338648
0.338651
0.338665
0.338665
0.338675
0.33868
0.338681
0.338672
0.338685
0.338686
0.338683
0.338697
0.338703
0.338704
0.338711
0.338708
0.338705
0.338723
0.338727
0.338733
0.338736
0.338738
0.338745
0.338763
0.338767
0.338766
0.33877
0.338773
0.338779
0.338791
0.338799
0.338799
0.338812
0.33881
0.338821
0.338831
0.338847
0.338857
0.338864
0.338882
0.338872
0.338878
0.33888
0.33889
0.338908
0.338917
0.338918
0.338921
0.338928
0.33892
0.338935
0.338942
0.338938
0.338943
0.338951
0.338957
0.338963
0.338975
0.338984
0.338989
0.338997
0.339001
0.338999
0.339
0.339009
0.339022
0.339025
0.339043
0.339045
0.339051
0.339056
0.339058
0.339062
0.339063
0.339069
0.339074
0.339078
0.339087
0.3391
0.339104
0.33911
0.339115
0.339122
0.339133
0.339143
0.339147
0.339144
0.339162
0.339171
0.339178
0.339182
0.339194
0.339197
0.339209
0.339214
0.339209
0.339211
0.339218
0.339223
0.339227
0.339223
0.339226
0.339223
0.339231
0.339235
0.339244
0.33925
0.339264
0.33927
0.339278
0.339282
0.339284
0.339288
0.339291
0.339307
0.339315
0.33932
0.339324
0.33933
0.339336
0.339343
0.339351
0.33936
0.339363
0.339366
0.339386
0.339398
0.33941
0.33942
0.339423
0.339425
0.339421
0.339435
0.339434
0.339438
0.339449
0.339455
0.339463
0.339469
0.339467
0.339473
0.339487
0.339496
0.339502
0.339506
0.33951
0.339515
0.339515
0.339511
0.339518
0.339519
0.339525
0.339521
0.339528
0.339536
0.339543
0.339546
0.339545
0.339554
0.339564
0.339565
0.339566
0.339577
0.339587
0.339598
0.339616
0.339627
0.339641
0.339641
0.339644
0.339644
0.339646
0.33965
0.339654
0.339658
0.339662
0.339671
0.339673
0.33968
0.339679
0.339683
0.339685
0.339693
0.339684
0.339686
0.33969
0.33969
0.339693
0.339705
0.339712
0.339711
0.339715
0.339726
0.339724
0.339728
0.339739
0.339743
0.339757
0.339761
0.339759
0.339761
0.339766
0.33977
0.339765
0.33977
0.339771
0.339777
0.339777
0.339767
0.339783
0.339789
0.33979
0.339791
0.339789
0.339788
0.33979
0.339789
0.339786
0.339785
0.339795
0.339802
0.339806
0.339805
0.339809
0.339808
0.33981
0.339811
0.339822
0.339825
0.339824
0.339831
0.339827
0.339832
0.339839
0.339836
0.339847
0.339855
0.339851
0.339844
0.339843
0.339854
0.339862
0.339876
0.339876
0.339879
0.339881
0.339882
0.339883
0.33989
0.339894
0.339903
0.339901
0.339899
0.339904
0.339912
0.339916
0.33992
0.339925
0.339934
0.33994
0.339947
0.339961
0.33997
0.339975
0.339987
0.339993
0.339999
0.339996
0.340001
0.340001
0.340001
0.340002
0.340005
0.340011
0.340014
0.340011
0.34002
0.340021
0.340025
0.340036
0.340035
0.340039
0.340044
0.340052
0.340053
0.340061
0.34007
0.340071
0.340083
0.340089
0.340091
0.340097
0.340103
0.340108
0.340115
0.340111
0.340105
0.340112
0.34012
0.340125
0.340122
0.340127
0.340137
0.340133
0.340138
0.340142
0.340154
0.340159
0.340163
0.340162
0.340166
0.340161
0.340172
0.34018
0.340183
0.340191
0.340194
0.340205
0.340212
0.340222
0.340213
0.340218
0.340216
0.340225
0.340239
0.340259
0.34026
0.340251
0.340259
0.340269
0.340271
0.340267
0.340272
0.340284
0.340287
0.340296
0.340302
0.340303
0.340316
0.340323
0.340335
0.340348
0.340344
0.34034
0.340345
0.340344
0.340344
0.340351
0.340363
0.340371
0.34037
0.34038
0.340376
0.340389
0.340387
0.34039
0.340401
0.340411
0.340414
0.340417
0.340421
0.340428
0.340431
0.340437
0.340438
0.340439
0.34043
0.340433
0.34044
0.340443
0.340453
0.340453
0.340443
0.340451
0.34046
0.340458
0.340464
0.340473
0.340471
0.340477
0.340491
0.340499
0.340505
0.340503
0.340505
0.340502
0.340502
0.340502
0.340497
0.340512
0.340524
0.340539
0.340551
0.340557
0.340563
0.340567
0.340566
0.340573
0.340575
0.34059
0.340587
0.340593
0.3406
0.340607
0.340607
0.340599
0.340608
0.340621
0.340631
0.340637
0.340638
0.340635
0.34064
0.340657
0.34066
0.340661
0.340666
0.340671
0.340687
0.340686
0.340694
0.340707
0.340721
0.340726
0.340728
0.340732
0.34074
0.340742
0.340752
0.340757
0.340754
0.34076
0.340769
0.340781
0.340787
0.340789
0.340799
0.340795
0.340799
0.340809
0.340819
0.340821
0.340819
0.340825
0.340834
0.34084
0.340836
0.34084
0.340853
0.34085
0.340861
0.340863
0.340864
0.340862
0.340862
0.340855
0.340851
0.340842
0.340844
0.340853
0.34086
0.340852
0.340848
0.340849
0.340849
0.340855
0.340863
0.34087
0.340875
0.340878
0.340888
0.340898
0.340903
0.340917
0.340921
0.34093
0.340944
0.340956
0.340955
0.340956
0.340963
0.34097
0.340973
0.340978
0.340988
0.340993
0.341006
0.341008
0.341018
0.341029
0.341036
0.341048
0.341041
0.341042
0.341048
0.341048
0.341056
0.341054
0.34106
0.341064
0.341062
0.341069
0.341076
0.341086
0.34109
0.341087
0.341099
0.341098
0.341102
0.341108
0.341116
0.341123
0.341129
0.341129
0.341144
0.341142
0.341138
0.341145
0.341152
0.341156
0.341159
0.341163
0.341164
0.341169
0.341173
0.341172
0.341177
0.341184
0.341187
0.341187
0.341185
0.341189
0.341196
0.341206
0.341216
0.341215
0.341219
0.341226
0.341237
0.341234
0.341233
0.341235
0.341232
0.341243
0.341248
0.341258
0.341254
0.341257
0.341261
0.341269
0.341265
0.341266
0.341274
0.341277
0.341278
0.341287
0.341283
0.341287
0.341293
0.341301
0.341314
0.341321
0.341325
0.341331
0.341331
0.341331
0.341336
0.341341
0.341342
0.341345
0.341343
0.341354
0.341348
0.341363
0.341371
0.341376
0.341383
0.341392
0.341397
0.3414
0.341405
0.341409
0.34142
0.341424
0.34143
0.341443
0.341445
0.341445
0.341451
0.341449
0.341455
0.341467
0.341466
0.341469
0.341477
0.341478
0.341478
0.34148
0.341487
0.34149
0.341495
0.341502
0.34151
0.34151
0.341525
0.341521
0.341524
0.341532
0.341535
0.341548
0.34156
0.341576
0.341581
0.341587
0.341599
0.341604
0.341607
0.341621
0.341632
0.341646
0.341651
0.341654
0.341656
0.341649
0.341653
0.341657
0.341657
0.341662
0.341661
0.341668
0.341674
0.341676
0.341683
0.341687
0.341698
0.341702
0.341714
0.34172
0.341731
0.341736
0.341738
0.341746
0.341756
0.341763
0.341779
0.341783
0.341785
0.341796
0.341802
0.341808
0.341812
0.341817
0.341819
0.341822
0.341829
0.341832
0.341837
0.341838
0.34185
0.341844
0.341855
0.34185
0.341856
0.341859
0.341862
0.34188
0.341885
0.341896
0.341903
0.341908
0.341912
0.341916
0.341919
0.34192
0.341926
0.341935
0.341941
0.341944
0.34194
0.34194
0.341943
0.341946
0.341951
0.341951
0.34195
0.341953
0.341962
0.341961
0.341957
0.341952
0.341963
0.341964
0.341969
0.341976
0.341981
0.341988
0.34199
0.34199
0.341992
0.341988
0.341999
0.342005
0.342016
0.342021
0.342029
0.342036
0.342041
0.342052
0.342052
0.342051
0.342062
0.342066
0.342062
0.342071
0.342084
0.342091
0.342103
0.342114
0.342126
0.342133
0.342136
0.342147
0.342151
0.342165
0.342162
0.342169
0.342171
0.342175
0.342185
0.342184
0.342204
0.342216
0.342215
0.342222
0.342226
0.342231
0.342234
0.342235
0.342231
0.342228
0.342225
0.34223
0.342227
0.342226
0.342231
0.342237
0.342242
0.342238
0.342248
0.342255
0.342249
0.34225
0.342268
0.342283
0.342289
0.342297
0.342304
0.342307
0.342312
0.34232
0.342325
0.342332
0.342345
0.342353
0.342351
0.342354
0.342362
0.342363
0.342371
0.342375
0.34238
0.342379
0.342381
0.342386
0.34239
0.342393
0.342396
0.342401
0.342408
0.342409
0.342417
0.342419
0.342417
0.342418
0.342427
0.342426
0.342435
0.342436
0.342443
0.342449
0.342452
0.342459
0.342464
0.342462
0.34246
0.342458
0.342463
0.342478
0.342483
0.342493
0.342493
0.342504
0.342505
0.342515
0.342527
0.342523
0.342521
0.342525
0.342534
0.342542
0.342555
0.342556
0.342564
0.342574
0.342575
0.342579
0.342582
0.342581
0.34258
0.342588
0.342594
0.342596
0.3426
0.342609
0.342612
0.342611
0.342622
0.342625
0.342628
0.342646
0.342656
0.342665
0.34267
0.342669
0.342677
0.342678
0.342687
0.342691
0.342696
0.342695
0.342696
0.342705
0.342704
0.342714
0.342718
0.342727
0.34273
0.342736
0.342741
0.342749
0.34275
0.342751
0.342756
0.342752
0.34276
0.342762
0.342766
0.342773
0.342775
0.342785
0.34279
0.342801
0.342812
0.342821
0.342833
0.342832
0.342846
0.342844
0.342854
0.342863
0.342863
0.342868
0.342874
0.342879
0.342893
0.342902
0.342903
0.342907
0.342901
0.342905
0.342925
0.342926
0.342923
0.342935
0.342938
0.342943
0.342945
0.342948
0.342952
0.342951
0.342957
0.342954
0.342952
0.34295
0.342965
0.342967
0.342978
0.34297
0.342976
0.342982
0.342987
0.342999
0.343017
0.343027
0.343031
0.343046
0.343051
0.343063
0.343065
0.343068
0.343076
0.343083
0.343092
0.343108
0.343105
0.343103
0.343107
0.343122
0.343133
0.343142
0.343146
0.343156
0.343169
0.343174
0.343172
0.343176
0.343187
0.343198
0.343203
0.343207
0.343225
0.343235
0.343239
0.343244
0.343238
0.343247
0.343253
0.343258
0.343267
0.343268
0.343277
0.343276
0.343287
0.343282
0.343286
0.343294
0.343296
0.343292
0.343286
0.343289
0.343289
0.3433
0.343308
0.343315
0.34332
0.343325
0.34333
0.343338
0.34334
0.343338
0.34334
0.343348
0.343361
0.343366
0.343372
0.343373
0.343372
0.343372
0.343375
0.343372
0.343379
0.343388
0.343392
0.343397
0.3434
0.343409
0.343413
0.343413
0.343412
0.343413
0.34342
0.343422
0.34342
0.343427
0.343437
0.343443
0.343449
0.343456
0.343456
0.343463
0.343471
0.343482
0.343483
0.343487
0.34349
0.343484
0.343488
0.343497
0.343503
0.343504
0.343502
0.343514
0.343524
0.343525
0.343536
0.343538
0.343546
0.34355
0.343554
0.343557
0.343569
0.343585
0.343585
0.343592
0.343603
0.343609
0.34362
0.343629
0.343628
0.343632
0.343639
0.343645
0.34365
0.343651
0.343644
0.343653
0.343659
0.34366
0.343667
0.343681
0.343682
0.343685
0.343685
0.343687
0.343696
0.34371
0.343722
0.343722
0.343736
0.343742
0.343753
0.343757
0.343767
0.343771
0.343765
0.343772
0.343771
0.343776
0.343781
0.343788
0.343792
0.343797
0.343805
0.343817
0.343826
0.343836
0.343845
0.343849
0.343839
0.343839
0.343848
0.343847
0.343849
0.343855
0.343866
0.343864
0.343868
0.343878
0.343892
0.343896
0.343898
0.343906
0.343917
0.34392
0.343931
0.343934
0.343947
0.34395
0.34396
0.343966
0.343974
0.343979
0.343984
0.343993
0.344001
0.344001
0.344007
0.344017
0.34402
0.344023
0.34403
0.344041
0.344049
0.344059
0.344062
0.344069
0.344069
0.344071
0.344073
0.34408
0.344085
0.34409
0.344094
0.3441
0.344107
0.344106
0.344117
0.344123
0.344129
0.344131
0.344136
0.344139
0.344145
0.344151
0.344155
0.344163
0.344174
0.344179
0.344183
0.344192
0.344196
0.344206
0.344215
0.344229
0.344233
0.344247
0.344251
0.344256
0.344265
0.344271
0.344276
0.344275
0.34428
0.344284
0.344295
0.344304
0.344304
0.344304
0.344306
0.344317
0.34432
0.344328
0.344338
0.344346
0.344356
0.344369
0.344372
0.34439
0.344396
0.344402
0.344402
0.344407
0.344408
0.344416
0.344426
0.344435
0.344436
0.344442
0.344454
0.344453
0.344451
0.344457
0.34446
0.344463
0.344473
0.344476
0.344479
0.344477
0.344487
0.344499
0.344503
0.344509
0.344504
0.344505
0.344514
0.344519
0.344527
0.344531
0.344547
0.344562
0.344572
0.344577
0.344584
0.344582
0.344595
0.344596
0.344598
0.344603
0.344605
0.344614
0.344618
0.344622
0.344623
0.344632
0.344651
0.344657
0.344656
0.34466
0.34466
0.344653
0.344663
0.344672
0.344681
0.344689
0.3447
0.3447
0.344709
0.344714
0.344717
0.344721
0.344727
0.344733
0.344734
0.344737
0.344747
0.344763
0.344772
0.344782
0.344784
0.344788
0.344795
0.344801
0.344805
0.344802
0.3448
0.344802
0.344808
0.344805
0.344806
0.344815
0.34483
0.344833
0.344833
0.344833
0.344833
0.34483
0.344835
0.344843
0.344849
0.344857
0.344866
0.344866
0.344866
0.344881
0.344886
0.344892
0.344901
0.344903
0.344903
0.344911
0.344915
0.344919
0.344919
0.344926
0.344927
0.344933
0.34494
0.344938
0.344945
0.34495
0.344959
0.344956
0.344955
0.344953
0.34496
0.344971
0.344976
0.344982
0.344982
0.344989
0.344988
0.344993
0.345004
0.345005
0.34501
0.345017
0.345023
0.345029
0.345032
0.34504
0.345041
0.345047
0.345051
0.345054
0.345065
0.345072
0.345071
0.345067
0.345071
0.345078
0.345076
0.345087
0.345095
0.345092
0.345099
0.345106
0.345109
0.345115
0.345119
0.345128
0.345138
0.345147
0.345149
0.345153
0.345164
0.345167
0.34517
0.345172
0.345179
0.345178
0.345185
0.345191
0.345188
0.345193
0.345196
0.345198
0.345207
0.34522
0.345227
0.345237
0.345247
0.345261
0.345264
0.34528
0.345283
0.345297
0.345305
0.345309
0.345316
0.345327
0.345339
0.345335
0.345339
0.345342
0.34535
0.34534
0.345351
0.345352
0.345358
0.345365
0.345368
0.345364
0.345362
0.345376
0.345383
0.345386
0.345396
0.345395
0.345406
0.345415
0.345415
0.34542
0.345429
0.34544
0.345445
0.345446
0.345452
0.345454
0.345461
0.345468
0.34548
0.345484
0.345494
0.345497
0.345504
0.345517
0.345529
0.345525
0.345528
0.345532
0.345536
0.345538
0.345543
0.34555
0.34555
0.345551
0.345551
0.345547
0.34555
0.345556
0.345562
0.345563
0.345566
0.345576
0.345577
0.345579
0.345583
0.345591
0.345598
0.345588
0.345588
0.345589
0.345601
0.345603
0.3456
0.345608
0.345605
0.345607
0.345615
0.345622
0.345623
0.345631
0.345637
0.345636
0.345636
0.345643
0.345642
0.345643
0.345641
0.34565
0.345661
0.34567
0.345671
0.345672
0.345676
0.345682
0.345684
0.345695
0.345703
0.34571
0.34571
0.345721
0.345716
0.345719
0.345719
0.345728
0.345735
0.345732
0.345728
0.345736
0.345742
0.345746
0.345751
0.345759
0.345767
0.345773
0.345779
0.345785
0.345782
0.345786
0.345788
0.34579
0.345794
0.345799
0.345803
0.345799
0.345807
0.345817
0.345827
0.34583
0.345835
0.345846
0.345855
0.345853
0.345854
0.345852
0.345856
0.345848
0.345854
0.345857
0.345868
0.345871
0.345867
0.345868
0.345875
0.345881
0.345875
0.345884
0.345886
0.345894
0.345903
0.345906
0.345912
0.345922
0.345928
0.345928
0.345932
0.345933
0.345937
0.345942
0.345952
0.34596
0.345966
0.345978
0.345974
0.345986
0.345991
0.345991
0.34599
0.345996
0.346008
0.346001
0.346007
0.346013
0.346018
0.346024
0.346032
0.346032
0.346031
0.346035
0.346034
0.346042
0.34605
0.346062
0.346073
0.346072
0.346072
0.346075
0.34608
0.346093
0.346095
0.346105
0.346106
0.346117
0.346126
0.346127
0.346131
0.346139
0.346143
0.346144
0.346149
0.346153
0.34616
0.346164
0.346169
0.346173
0.346181
0.346185
0.346188
0.3462
0.346205
0.346216
0.346218
0.346216
0.34622
0.346221
0.346225
0.346227
0.346231
0.346231
0.346235
0.346236
0.346244
0.346251
0.346254
0.346258
0.346265
0.346266
0.346266
0.346282
0.34629
0.346305
0.346316
0.346315
0.346325
0.34633
0.346333
0.346335
0.346338
0.346337
0.346342
0.346348
0.346359
0.346364
0.346362
0.346373
0.346375
0.34638
0.346395
0.346392
0.346401
0.346409
0.346406
0.346411
0.346417
0.346424
0.346424
0.346428
0.346437
0.346437
0.346436
0.346441
0.346444
0.346446
0.34645
0.346457
0.346462
0.346467
0.346472
0.346476
0.34648
0.346484
0.346496
0.346497
0.346514
0.346514
0.346507
0.34651
0.346518
0.346524
0.346526
0.346526
0.346528
0.346533
0.346536
0.346536
0.346536
0.346538
0.346545
0.346547
0.346558
0.346557
0.346566
0.346574
0.346584
0.346591
0.346595
0.346602
0.346606
0.346608
0.346612
0.346614
0.346615
0.346616
0.34662
0.346622
0.346633
0.346634
0.346645
0.346653
0.346647
0.346651
0.346653
0.346651
0.346656
0.346666
0.346663
0.346658
0.346665
0.346668
0.346677
0.346675
0.346678
0.346684
0.346684
0.346685
0.346688
0.346695
0.346695
0.346691
0.346709
0.346713
0.346714
0.34671
0.346713
0.346714
0.346719
0.346726
0.346729
0.346733
0.346744
0.34675
0.346751
0.346753
0.346749
0.346747
0.346751
0.346754
0.346743
0.346749
0.346746
0.346749
0.346751
0.346751
0.346748
0.346749
0.346752
0.34676
0.346768
0.346778
0.346787
0.346789
0.346793
0.3468
0.346806
0.346814
0.346825
0.346831
0.346836
0.346836
0.346836
0.346836
0.346846
0.346844
0.346847
0.346855
0.346865
0.346867
0.346867
0.346861
0.346861
0.346861
0.346868
0.346874
0.346884
0.346892
0.346901
0.346899
0.346904
0.346911
0.346917
0.346921
0.346921
0.34693
0.346928
0.346939
0.346944
0.346957
0.346962
0.34696
0.346968
0.346977
0.346978
0.346977
0.346977
0.346986
0.346992
0.347003
0.34701
0.347019
0.34702
0.347023
0.347025
0.347038
0.347045
0.347044
0.347061
0.347063
0.347068
0.347069
0.347069
0.34707
0.347072
0.347082
0.347088
0.347096
0.347105
0.34711
0.347119
0.347131
0.347126
0.347123
0.347124
0.347137
0.347139
0.347144
0.347148
0.347158
0.34716
0.347163
0.347173
0.347187
0.347191
0.347198
0.347203
0.347212
0.347213
0.347217
0.347222
0.347227
0.347225
0.34723
0.347236
0.347248
0.347252
0.347257
0.347262
0.347262
0.347266
0.347272
0.347286
0.347294
0.3473
0.347301
0.347307
0.34731
0.347321
0.347328
0.347324
0.347332
0.347335
0.347348
0.347348
0.34736
0.347368
0.347378
0.347385
0.347385
0.347386
0.347383
0.347398
0.3474
0.34741
0.347411
0.347424
0.347428
0.347443
0.347454
0.347466
0.347466
0.347477
0.347481
0.34748
0.34748
0.347482
0.347478
0.347485
0.347498
0.347505
0.347515
0.34752
0.347518
0.347526
0.347534
0.34754
0.347541
0.34755
0.347552
0.347558
0.347567
0.34757
0.347583
0.347591
0.3476
0.347607
0.347615
0.347615
0.347618
0.347614
0.347615
0.347623
0.347629
0.347632
0.347638
0.34764
0.347646
0.347651
0.34765
0.347658
0.34766
0.347658
0.347658
0.347669
0.347676
0.347678
0.347673
0.347673
0.347676
0.347679
0.34768
0.347681
0.34769
0.347689
0.34769
0.347694
0.347702
0.347701
0.347706
0.347705
0.3477
0.347698
0.347703
0.347708
0.347719
0.347727
0.347732
0.347735
0.347736
0.34774
0.34775
0.347754
0.347756
0.347759
0.347771
0.347773
0.347767
0.347772
0.347776
0.347783
0.347787
0.347793
0.3478
0.347805
0.347807
0.347817
0.34782
0.347825
0.347825
0.347833
0.347839
0.347848
0.347858
0.347865
0.347874
0.347885
0.347888
0.3479
0.347908
0.347909
0.347912
0.347917
0.347915
0.347922
0.347924
0.347933
0.347944
0.347954
0.347958
0.347962
0.34797
0.347972
0.347974
0.347985
0.347992
0.347995
0.347998
0.348005
0.348009
0.348007
0.348005
0.348007
0.348014
0.348022
0.348024
0.348023
0.348029
0.348033
0.348042
0.348043
0.348049
0.348062
0.348067
0.348075
0.34808
0.348085
0.34809
0.34809
0.348094
0.348098
0.348104
0.348108
0.348112
0.348112
0.348118
0.34812
0.348123
0.348127
0.348127
0.348129
0.348129
0.348141
0.348145
0.348143
0.348151
0.348157
0.348165
0.348171
0.348178
0.348187
0.348185
0.348184
0.348195
0.3482
0.348205
0.34821
0.348211
0.348211
0.348214
0.348215
0.348222
0.348222
0.348224
0.348226
0.348226
0.348229
0.348232
0.348238
0.348244
0.348242
0.34825
0.348257
0.348258
0.348255
0.348258
0.348253
0.348257
0.348264
0.348266
0.348269
0.348265
0.348271
0.348271
0.348279
0.348281
0.348288
0.348293
0.348294
0.34829
0.348296
0.348295
0.3483
0.348304
0.348306
0.34831
0.348319
0.348325
0.348331
0.348337
0.348341
0.348346
0.348349
0.348352
0.348349
0.348354
0.348365
0.348371
0.348376
0.348382
0.348392
0.348393
0.348394
0.3484
0.348407
0.348406
0.348409
0.348414
0.348409
0.348414
0.348416
0.348428
0.348436
0.348433
0.348431
0.348438
0.348438
0.348447
0.348456
0.348458
0.348461
0.34846
0.348462
0.348465
0.348473
0.348482
0.348496
0.348493
0.348499
0.348501
0.348506
0.348504
0.3485
0.348501
0.34851
0.348515
0.348516
0.348522
0.348522
0.348518
0.34852
0.348517
0.348524
0.348527
0.348526
0.348532
0.348536
0.348535
0.348533
0.348537
0.348536
0.348545
0.348543
0.348543
0.34854
0.348541
0.348543
0.348547
0.348551
0.348557
0.348562
0.348565
0.348577
0.348583
0.348591
0.348595
0.348598
0.348592
0.348602
0.348611
0.34861
0.348612
0.348618
0.348628
0.34863
0.348633
0.348639
0.348644
0.348643
0.34864
0.348648
0.348648
0.348644
0.348648
0.348647
0.348655
0.348659
0.348655
0.348659
0.348664
0.348668
0.348667
0.348675
0.348671
0.348682
0.348687
0.348691
0.348691
0.348692
0.348696
0.348701
0.348705
0.348707
0.348716
0.348725
0.348726
0.348738
0.348736
0.348735
0.348728
0.34873
0.348734
0.34874
0.348742
0.348754
0.348755
0.348762
0.348766
0.348766
0.348761
0.348766
0.348767
0.348771
0.348776
0.34878
0.348782
0.348784
0.348795
0.348796
0.348802
0.348808
0.348811
0.348814
0.348818
0.348823
0.348823
0.348834
0.348838
0.348846
0.348846
0.348849
0.348852
0.348851
0.348852
0.348855
0.34886
0.348866
0.348865
0.348866
0.348874
0.34887
0.348874
0.348877
0.348891
0.348892
0.348894
0.348897
0.348895
0.348891
0.348902
0.348897
0.348902
0.348902
0.348912
0.348914
0.348917
0.348918
0.348929
0.348934
0.348932
0.348939
0.348944
0.348942
0.348936
0.348944
0.34895
0.348954
0.348962
0.348965
0.348963
0.348971
0.348972
0.348977
0.348983
0.348984
0.348994
0.349001
0.349008
0.349011
0.349016
0.349026
0.34903
0.349037
0.349044
0.349049
0.349057
0.349061
0.349066
0.349071
0.349069
0.349074
0.349084
0.349087
0.349092
0.349092
0.349096
0.3491
0.34911
0.349117
0.349127
0.34913
0.349133
0.349135
0.349142
0.349144
0.34915
0.349148
0.349158
0.349168
0.349169
0.349168
0.349176
0.349181
0.34919
0.349193
0.349195
0.3492
0.3492
0.349204
0.349208
0.349212
0.349216
0.349229
0.349227
0.349228
0.349228
0.349238
0.349243
0.34924
0.34924
0.349248
0.349253
0.34926
0.349259
0.34926
0.34927
0.349277
0.349282
0.349281
0.349279
0.349281
0.349287
0.349293
0.349298
0.349301
0.349306
0.349305
0.349312
0.349315
0.349315
0.349319
0.349323
0.349323
0.349329
0.349336
0.349338
0.349351
0.349361
0.349366
0.349365
0.349376
0.349387
0.349399
0.349409
0.349411
0.349418
0.349416
0.349419
0.349424
0.349434
0.349433
0.349437
0.34944
0.349443
0.349447
0.349456
0.349467
0.349475
0.349475
0.34948
0.349479
0.34948
0.349482
0.349479
0.349482
0.349487
0.349498
0.349506
0.349509
0.349512
0.349514
0.349521
0.34952
0.349524
0.349529
0.349533
0.349546
0.349552
0.349557
0.34957
0.349574
0.349577
0.34959
0.349588
0.349591
0.349603
0.349601
0.349597
0.349599
0.349603
0.349604
0.349606
0.34961
0.349625
0.349627
0.349626
0.349629
0.349629
0.349633
0.349635
0.349643
0.349648
0.349657
0.349659
0.349658
0.349668
0.349676
0.349686
0.349685
0.349693
0.349688
0.349684
0.349688
0.349689
0.349693
0.349698
0.3497
0.349705
0.349702
0.349708
0.349714
0.349714
0.349721
0.349722
0.349726
0.349735
0.349734
0.349746
0.349754
0.349765
0.349769
0.349768
0.349779
0.349785
0.349781
0.349776
0.349779
0.349781
0.34979
0.349798
0.349801
0.349803
0.34981
0.349817
0.349825
0.349831
0.349838
0.349848
0.349849
0.349852
0.349852
0.349852
0.349855
0.349858
0.349865
0.349869
0.349871
0.349869
0.349869
0.349871
0.349875
0.349883
0.349889
0.3499
0.349908
0.349909
0.349915
0.349919
0.349924
0.34992
0.34992
0.349924
0.349922
0.349921
0.349929
0.349935
0.349944
0.349953
0.349958
0.34996
0.349965
0.349965
0.34997
0.349974
0.349973
0.349976
0.349981
0.349988
0.349997
0.35
0.350005
0.35001
0.35001
0.350014
0.350028
0.35003
0.350031
0.350029
0.350035
0.350039
0.350047
0.350048
0.350054
0.350055
0.350059
0.350066
0.350066
0.350067
0.350077
0.350079
0.350083
0.350083
0.350097
0.350107
0.350112
0.350115
0.350125
0.350128
0.350132
0.350137
0.350143
0.350143
0.350146
0.350142
0.35015
0.350147
0.350157
0.350156
0.350156
0.350151
0.350153
0.350162
0.350162
0.350172
0.350178
0.35018
0.350187
0.35019
0.350196
0.350195
0.350193
0.35019
0.350201
0.350204
0.350208
0.350212
0.350222
0.350226
0.350229
0.350235
0.350234
0.35024
0.350241
0.350243
0.350242
0.350251
0.350262
0.350265
0.350265
0.350271
0.350266
0.350269
0.350272
0.350275
0.350272
0.350274
0.350284
0.350292
0.350294
0.3503
0.350302
0.350311
0.350323
0.350329
0.350336
0.350334
0.350341
0.35035
0.350348
0.350356
0.350374
0.350378
0.350387
0.350387
0.350395
0.350399
0.350401
0.350397
0.350401
0.350404
0.350416
0.350421
0.350427
0.350435
0.350436
0.350437
0.350441
0.350446
0.350451
0.350459
0.350466
0.350477
0.350478
0.350483
0.350486
0.350496
0.350503
0.350514
0.350514
0.350519
0.350525
0.350533
0.350537
0.350543
0.350552
0.350556
0.350552
0.350556
0.350561
0.350567
0.350564
0.350572
0.350573
0.350579
0.350583
0.350588
0.350588
0.350592
0.350597
0.3506
0.350607
0.35061
0.350612
0.350617
0.350625
0.350628
0.350635
0.350632
0.35063
0.350626
0.350625
0.350632
0.350627
0.350627
0.350632
0.350638
0.35064
0.350646
0.35065
0.350653
0.350655
0.350663
0.350669
0.350671
0.350677
0.350678
0.350689
0.350694
0.350712
0.350711
0.350709
0.35071
0.35071
0.350714
0.350727
0.350727
0.350732
0.350737
0.350738
0.350749
0.350756
0.350759
0.350765
0.35077
0.350778
0.350787
0.350798
0.350805
0.350811
0.350816
0.350823
0.35083
0.350837
0.350839
0.35084
0.350845
0.350858
0.350858
0.350855
0.35086
0.350868
0.350877
0.350876
0.350882
0.350887
0.35089
0.35089
0.350896
0.350894
0.350895
0.350895
0.350896
0.3509
0.350898
0.3509
0.350903
0.35091
0.350913
0.35091
0.350908
0.350908
0.35091
0.350913
0.350919
0.35092
0.350921
0.350926
0.350925
0.350929
0.350933
0.350945
0.350951
0.350959
0.350963
0.35097
0.350976
0.350981
0.350985
0.350986
0.350994
0.351003
0.351004
0.351007
0.351013
0.351019
0.351024
0.35103
0.351035
0.351036
0.351038
0.351041
0.351044
0.351051
0.351053
0.351054
0.351062
0.351071
0.351074
0.351082
0.351081
0.351086
0.3511
0.351101
0.351111
0.351112
0.351118
0.351127
0.351129
0.351133
0.351131
0.351135
0.351138
0.351145
0.351141
0.351142
0.351143
0.351151
0.351159
0.351164
0.351169
0.351176
0.351178
0.351185
0.351183
0.351194
0.351206
0.351215
0.351216
0.351224
0.351225
0.351237
0.351242
0.351255
0.351254
0.351257
0.351262
0.351269
0.351275
0.351282
0.351289
0.3513
0.351307
0.351308
0.351316
0.351324
0.351324
0.351327
0.351334
0.351339
0.351342
0.351345
0.351347
0.351356
0.351353
0.351352
0.351359
0.351368
0.35137
0.351375
0.351383
0.351388
0.351386
0.351386
0.351394
0.351394
0.351394
0.351399
0.351396
0.351406
0.351406
0.351405
0.351402
0.351416
0.351419
0.351421
0.351423
0.351424
0.351432
0.351435
0.351447
0.351454
0.351463
0.351465
0.351462
0.351472
0.351482
0.351496
0.351501
0.35151
0.351518
0.351519
0.351526
0.351528
0.351534
0.351531
0.351537
0.35154
0.351539
0.351542
0.351544
0.351544
0.351545
0.351548
0.351549
0.351546
0.351547
0.351555
0.351554
0.351557
0.351567
0.351569
0.351574
0.351574
0.351579
0.351597
0.351603
0.351604
0.351615
0.351616
0.351613
0.351617
0.351619
0.351632
0.351634
0.35164
0.351645
0.351647
0.351654
0.351657
0.351661
0.351663
0.351664
0.351669
0.351676
0.351684
0.351696
0.351707
0.35171
0.351715
0.351716
0.351712
0.351715
0.351726
0.351726
0.351723
0.351732
0.351742
0.351744
0.351752
0.351755
0.351753
0.351754
0.351767
0.351765
0.351774
0.351767
0.351774
0.351779
0.351787
0.351788
0.351785
0.351784
0.351788
0.351789
0.351796
0.351801
0.35181
0.351813
0.351818
0.35182
0.351828
0.351827
0.351832
0.351846
0.351852
0.351861
0.351867
0.351871
0.351866
0.351871
0.351869
0.35187
0.351865
0.35187
0.351875
0.351881
0.351887
0.351895
0.351897
0.3519
0.351903
0.351915
0.351913
0.351925
0.351928
0.351938
0.351938
0.351944
0.35195
0.351951
0.351958
0.351958
0.351968
0.351971
0.351976
0.351977
0.351982
0.351984
0.351989
0.351989
0.351996
0.352001
0.352003
0.352008
0.352012
0.352017
0.352023
0.352026
0.352024
0.352027
0.352033
0.352036
0.352042
0.352042
0.352044
0.352048
0.352044
0.352051
0.352056
0.352053
0.352056
0.352057
0.35206
0.352065
0.352069
0.352086
0.352085
0.352091
0.352094
0.352104
0.352108
0.35211
0.352113
0.352114
0.352118
0.352119
0.35212
0.352131
0.352133
0.35213
0.352135
0.352136
0.352139
0.352144
0.352145
0.352148
0.35216
0.352157
0.352159
0.352157
0.35216
0.35216
0.352158
0.352163
0.352165
0.352179
0.352186
0.35219
0.352187
0.352192
0.352196
0.352197
0.352197
0.352198
0.352204
0.352213
0.352219
0.35222
0.352226
0.352235
0.352241
0.352246
0.352252
0.352256
0.352256
0.352257
0.352263
0.35227
0.352277
0.352278
0.352279
0.352283
0.352285
0.352291
0.352306
0.352314
0.352322
0.352321
0.352325
0.352325
0.352331
0.352331
0.352327
0.35233
0.352331
0.352332
0.352329
0.352336
0.352337
0.352346
0.352345
0.352347
0.352351
0.352355
0.352355
0.352361
0.352356
0.352365
0.352365
0.352374
0.352372
0.352373
0.352372
0.352375
0.352377
0.352385
0.352391
0.352394
0.352395
0.352398
0.352411
0.352417
0.352419
0.352421
0.352422
0.352418
0.352426
0.352427
0.352427
0.352432
0.352437
0.352441
0.352442
0.352449
0.35245
0.352454
0.352455
0.352461
0.352468
0.352467
0.35247
0.352464
0.352479
0.352481
0.352479
0.352482
0.352485
0.352491
0.352499
0.352506
0.352517
0.352524
0.352525
0.35253
0.352537
0.35254
0.352544
0.352552
0.352557
0.352559
0.352567
0.352568
0.35257
0.352569
0.352574
0.352584
0.35259
0.352594
0.352597
0.352604
0.352615
0.352618
0.352622
0.352626
0.352632
0.352634
0.352642
0.352645
0.352649
0.352653
0.352658
0.352659
0.352663
0.352668
0.352671
0.352666
0.352668
0.352667
0.352667
0.352674
0.352679
0.352681
0.352684
0.352692
0.352696
0.352698
0.352703
0.352712
0.352719
0.352725
0.352736
0.352731
0.352738
0.352741
0.352752
0.352756
0.35276
0.352762
0.352763
0.352764
0.352769
0.35277
0.352777
0.352784
0.352789
0.352797
0.352798
0.352801
0.352806
0.352811
0.352809
0.352814
0.352816
0.352816
0.352819
0.352818
0.352819
0.352825
0.352833
0.352837
0.352839
0.352845
0.352845
0.352848
0.35285
0.352852
0.352858
0.352862
0.352866
0.352868
0.352874
0.352882
0.352888
0.352889
0.352894
0.352895
0.352896
0.352901
0.352912
0.352911
0.352916
0.352922
0.352919
0.352918
0.35292
0.352924
0.352927
0.352936
0.352934
0.35294
0.352947
0.352953
0.352957
0.352967
0.352972
0.352977
0.35298
0.352985
0.352983
0.352982
0.352988
0.352998
0.353
0.353001
0.353009
0.353013
0.353017
0.353019
0.353018
0.353024
0.353026
0.35303
0.353035
0.35304
0.353045
0.353047
0.353047
0.353052
0.353053
0.353054
0.35306
0.353062
0.353063
0.35306
0.353068
0.353069
0.353072
0.353085
0.353092
0.353099
0.353098
0.353101
0.353101
0.353108
0.353113
0.353119
0.353118
0.353117
0.353124
0.353121
0.353122
0.353123
0.353136
0.353132
0.353135
0.353139
0.353143
0.353144
0.353149
0.353147
0.353154
0.353153
0.353156
0.353159
0.353162
0.353168
0.35317
0.353175
0.353179
0.353182
0.353188
0.353195
0.353201
0.353206
0.353209
0.353208
0.353211
0.35321
0.353219
0.353224
0.35323
0.353232
0.353237
0.353241
0.353241
0.353241
0.353251
0.353256
0.353253
0.353253
0.353254
0.35326
0.353261
0.353268
0.353276
0.353286
0.353283
0.353285
0.353292
0.353298
0.353306
0.353307
0.353309
0.353316
0.353324
0.353327
0.353333
0.353334
0.353341
0.353349
0.353354
0.353359
0.353359
0.353366
0.353369
0.353377
0.35338
0.353381
0.353391
0.353401
0.353404
0.35341
0.353412
0.353413
0.353415
0.353422
0.353426
0.353435
0.353439
0.353444
0.353453
0.353452
0.353455
0.353458
0.353461
0.353461
0.353469
0.353468
0.353468
0.353469
0.353474
0.353479
0.353476
0.353478
0.353478
0.353478
0.353478
0.353486
0.353492
0.3535
0.353502
0.35351
0.353512
0.353514
0.353516
0.353523
0.353529
0.353533
0.353535
0.35354
0.353541
0.353539
0.353547
0.353555
0.353559
0.353567
0.353571
0.353575
0.353575
0.353577
0.353581
0.353589
0.353595
0.353605
0.353607
0.353609
0.353608
0.353604
0.35361
0.353616
0.353619
0.353625
0.353626
0.353631
0.353631
0.353631
0.353631
0.353632
0.353635
0.353644
0.353653
0.353653
0.353652
0.353654
0.353656
0.353658
0.353668
0.353673
0.353671
0.353674
0.353684
0.353687
0.35369
0.353696
0.353696
0.353695
0.353696
0.353698
0.353697
0.353699
0.353701
0.353704
0.35371
0.353714
0.353724
0.353727
0.353723
0.353726
0.35373
0.353736
0.353738
0.353747
0.353745
0.353751
0.353754
0.353759
0.353765
0.353772
0.353772
0.353773
0.353777
0.353775
0.353777
0.353779
0.353779
0.353775
0.353774
0.353782
0.353788
0.353798
0.353804
0.353808
0.353809
0.353814
0.353817
0.353818
0.353815
0.353816
0.353823
0.353827
0.353832
0.353833
0.35383
0.353827
0.353831
0.353831
0.353838
0.353836
0.353838
0.353842
0.353845
0.35385
0.353858
0.353867
0.353869
0.353877
0.353883
0.353886
0.353895
0.353907
0.353911
0.35391
0.353918
0.353927
0.353929
0.353932
0.353942
0.353941
0.35395
0.353952
0.353952
0.353957
0.353956
0.353952
0.353955
0.353961
0.353967
0.353974
0.353981
0.353984
0.353996
0.354001
0.354008
0.354007
0.354003
0.354008
0.354016
0.354016
0.354022
0.354024
0.354027
0.354029
0.35403
0.354035
0.354037
0.354043
0.354052
0.35406
0.354063
0.35407
0.354071
0.354076
0.354078
0.354082
0.354091
0.354095
0.354102
0.354105
0.354108
0.35411
0.35411
0.354114
0.354112
0.35411
0.354111
0.354115
0.354121
0.35413
0.354134
0.354133
0.354134
0.354129
0.354129
0.354131
0.354135
0.354142
0.354141
0.354145
0.354151
0.354156
0.354155
0.354159
0.354158
0.354162
0.354164
0.354164
0.354173
0.354177
0.354179
0.354179
0.35418
0.354185
0.354189
0.354196
0.3542
0.354204
0.354212
0.354215
0.35422
0.35422
0.354221
0.354229
0.354236
0.354245
0.35425
0.354253
0.354256
0.354258
0.354264
0.354267
0.35427
0.354273
0.354284
0.354284
0.354286
0.354289
0.3543
0.354307
0.354309
0.354316
0.354319
0.354318
0.354318
0.354329
0.354332
0.354335
0.354338
0.354343
0.354344
0.354351
0.354356
0.354359
0.354365
0.354373
0.354375
0.354372
0.354375
0.354378
0.354383
0.354389
0.354399
0.354401
0.354398
0.354403
0.354411
0.354412
0.354419
0.354427
0.354429
0.354433
0.354438
0.354442
0.354442
0.354441
0.35444
0.354434
0.354439
0.35444
0.354443
0.354448
0.354452
0.354459
0.354464
0.354471
0.354474
0.354475
0.354476
0.354482
0.354484
0.354491
0.354494
0.354497
0.354506
0.354511
0.354512
0.354519
0.354522
0.354524
0.354526
0.354523
0.354526
0.354529
0.35453
0.354529
0.354526
0.354528
0.354532
0.354535
0.354534
0.354539
0.354547
0.354556
0.35456
0.354561
0.354562
0.354567
0.354575
0.354582
0.354576
0.354575
0.354572
0.354573
0.35458
0.354587
0.354587
0.354584
0.35459
0.354586
0.354586
0.354585
0.35459
0.354589
0.354596
0.354597
0.354595
0.354598
0.354604
0.354605
0.35461
0.354618
0.354622
0.354622
0.354621
0.354625
0.354633
0.354639
0.354645
0.354641
0.354649
0.354654
0.354657
0.354658
0.354663
0.354666
0.354673
0.354671
0.354677
0.354682
0.354682
0.354682
0.354687
0.354693
0.35469
0.354691
0.354687
0.354689
0.354689
0.35469
0.354689
0.35469
0.354691
0.354697
0.354698
0.354703
0.354706
0.354704
0.354711
0.354711
0.354713
0.354718
0.354718
0.354729
0.354734
0.35474
0.354739
0.354743
0.354745
0.354751
0.354757
0.354764
0.354767
0.354772
0.354776
0.35478
0.354785
0.35479
0.354788
0.354793
0.354795
0.354797
0.354797
0.354804
0.354807
0.354809
0.354814
0.354816
0.354818
0.35482
0.35482
0.354818
0.354824
0.354829
0.354831
0.354831
0.354832
0.354837
0.354838
0.354843
0.354843
0.354847
0.354843
0.354844
0.354849
0.354849
0.354852
0.354861
0.354863
0.354869
0.354869
0.354873
0.354876
0.354879
0.354879
0.354877
0.354879
0.354883
0.354882
0.35489
0.354887
0.354885
0.354892
0.354893
0.354894
0.354898
0.354894
0.354897
0.354898
0.354898
0.354901
0.354908
0.354912
0.354916
0.35492
0.354927
0.354931
0.354937
0.354943
0.354946
0.354952
0.354957
0.354962
0.354965
0.35497
0.354969
0.354969
0.354977
0.354978
0.354981
0.354983
0.354984
0.354989
0.354986
0.354998
0.354998
0.354999
0.354998
0.355001
0.355002
0.35501
0.355014
0.355021
0.355022
0.355026
0.355033
0.355044
0.355052
0.355056
0.355061
0.355066
0.35507
0.355075
0.355073
0.355077
0.355078
0.355086
0.355084
0.355094
0.355094
0.355099
0.355103
0.35511
0.355111
0.355118
0.355122
0.35512
0.355125
0.355136
0.355143
0.355147
0.355155
0.355154
0.355162
0.355164
0.355167
0.355168
0.355174
0.35518
0.355184
0.355186
0.355191
0.355189
0.355186
0.355193
0.3552
0.355198
0.355204
0.355205
0.35521
0.355211
0.355215
0.355219
0.355222
0.355224
0.355222
0.35522
0.355226
0.355232
0.35524
0.355247
0.355256
0.355261
0.355264
0.355264
0.35527
0.355272
0.355271
0.355275
0.355276
0.355279
0.355278
0.35528
0.355279
0.355284
0.355282
0.355281
0.355284
0.355288
0.355297
0.355302
0.355308
0.35531
0.355315
0.355322
0.355324
0.355324
0.355323
0.355327
0.355336
0.355338
0.355339
0.355341
0.355343
0.355342
0.355344
0.355349
0.355346
0.355351
0.355359
0.355359
0.355361
0.355366
0.355373
0.355377
0.355377
0.355379
0.355388
0.355393
0.355397
0.355401
0.355407
0.355415
0.355416
0.355419
0.355423
0.355429
0.355436
0.355439
0.355442
0.355445
0.35545
0.355452
0.355458
0.355461
0.355469
0.355473
0.355482
0.355483
0.355489
0.355493
0.355494
0.355499
0.355503
0.355501
0.355513
0.355519
0.355529
0.355534
0.355539
0.355545
0.355553
0.355556
0.355549
0.355556
0.355561
0.35557
0.355576
0.355579
0.355585
0.355587
0.355588
0.355592
0.355604
0.355597
0.355599
0.355598
0.355596
0.355604
0.355605
0.355605
0.355607
0.355611
0.355615
0.355613
0.355614
0.355617
0.355623
0.355628
0.35563
0.355639
0.355646
0.355649
0.355652
0.35566
0.355663
0.355661
0.355663
0.355673
0.355675
0.35568
0.355684
0.355686
0.355688
0.355694
0.355698
0.355701
0.355705
0.355708
0.355707
0.35571
0.35571
0.355714
0.355718
0.355721
0.355721
0.35572
0.355719
0.355719
0.355722
0.355722
0.35572
0.355723
0.355729
0.355731
0.355734
0.355741
0.355748
0.35575
0.355751
0.355757
0.355763
0.355766
0.355767
0.355771
0.355772
0.355779
0.355779
0.355783
0.355788
0.355794
0.355804
0.355805
0.355808
0.355811
0.355811
0.355815
0.355818
0.355818
0.355821
0.355825
0.355827
0.355838
0.35584
0.355836
0.35583
0.355837
0.355841
0.355845
0.355853
0.355858
0.355859
0.355865
0.35587
0.355866
0.355871
0.355875
0.355874
0.355871
0.355876
0.355878
0.355875
0.355881
0.355881
0.355886
0.355884
0.355886
0.355889
0.355895
0.355896
0.355897
0.355898
0.355901
0.355903
0.355909
0.355913
0.355916
0.355919
0.355918
0.35592
0.355927
0.35593
0.35593
0.355936
0.355949
0.355957
0.355958
0.35596
0.355965
0.355964
0.355964
0.355964
0.35596
0.355961
0.355961
0.35596
0.355961
0.355963
0.355968
0.355974
0.355978
0.355981
0.355983
0.355985
0.355989
0.355999
0.356003
0.356008
0.356013
0.356013
0.356014
0.356013
0.356015
0.356016
0.356017
0.35601
0.35601
0.356014
0.35602
0.35602
0.356026
0.356023
0.356023
0.356024
0.356026
0.356036
0.35604
0.356042
0.356049
0.356051
0.356055
0.356062
0.356066
0.356068
0.35607
0.356068
0.356071
0.356073
0.356077
0.356083
0.356084
0.356084
0.35609
0.356099
0.356097
0.356095
0.3561
0.356107
0.356116
0.356114
0.356114
0.356118
0.356117
0.356119
0.356122
0.356121
0.356118
0.356131
0.356133
0.356134
0.356134
0.356137
0.356141
0.35615
0.35615
0.356152
0.356152
0.356163
0.356168
0.35617
0.356178
0.356185
0.356194
0.356198
0.356203
0.356207
0.356211
0.356215
0.356225
0.356223
0.356227
0.356233
0.35623
0.356235
0.356238
0.356238
0.356239
0.356246
0.356246
0.35625
0.356253
0.35626
0.356267
0.356274
0.356276
0.356278
0.35628
0.356282
0.356287
0.356286
0.356286
0.356289
0.356295
0.356301
0.356301
0.356303
0.35631
0.356311
0.356312
0.356319
0.356324
0.35633
0.356335
0.35634
0.35634
0.356346
0.356345
0.356352
0.35636
0.35636
0.35636
0.356363
0.356373
0.356373
0.356373
0.356369
0.356368
0.356373
0.356381
0.356383
0.356388
0.35639
0.356387
0.35638
0.356386
0.356387
0.35639
0.356393
0.356396
0.356397
0.356396
0.356397
0.3564
0.3564
0.356399
0.356405
0.356411
0.356413
0.356413
0.356413
0.356414
0.356416
0.356416
0.356423
0.356424
0.356427
0.356428
0.356428
0.35643
0.356434
0.356441
0.356441
0.356443
0.356444
0.356449
0.356452
0.35645
0.356451
0.356456
0.356463
0.356465
0.356467
0.356467
0.356465
0.356463
0.356468
0.356465
0.356469
0.356473
0.356475
0.356478
0.356485
0.356484
0.356485
0.356486
0.356491
0.35649
0.356499
0.356505
0.356504
0.356503
0.356499
0.3565
0.356506
0.356511
0.356515
0.356518
0.356526
0.356524
0.35653
0.356531
