3.179681211055484258e-09	-1.722259934367854081e-14	1.304479255868193712e-14	1.000000000000000000e+00
6.359362422110968517e-09	-3.751603802933316885e-14	3.738429532272719679e-14	1.000000000000000000e+00
9.539043633166452775e-09	7.093883544209177517e-14	3.600034983538402846e-13	1.000000000000000000e+00
1.271872484422193869e-08	-7.723822694003950749e-14	2.764190270657545249e-13	1.000000000000000000e+00
1.589840605527742129e-08	-6.953752642280073386e-14	1.720030385213347917e-13	1.000000000000000000e+00
1.907808726633290886e-08	5.545496669914429902e-14	1.112637017821758266e-13	1.000000000000000000e+00
2.225776847738839312e-08	2.950517995755396084e-12	6.818370134731435007e-13	1.000000000000000000e+00
2.543744968844387738e-08	-2.172116486253316296e-15	2.425033952968744662e-15	1.000000000000000000e+00
2.861713089949936163e-08	1.688909849376978998e-16	1.810730275088524482e-15	1.000000000000000000e+00
3.179681211055484258e-08	-1.436850850541532217e-15	1.395353195571660381e-15	1.000000000000000000e+00
3.497649332161033346e-08	8.672910442074459656e-18	1.107885526721107890e-15	1.000000000000000000e+00
3.815617453266581772e-08	5.372792155339189767e-16	9.867553344806778150e-16	1.000000000000000000e+00
4.133585574372130198e-08	-5.037403566036359032e-16	5.125365595744529981e-16	1.000000000000000000e+00
4.451553695477678623e-08	6.932126386484925297e-16	6.647272367979480707e-16	1.000000000000000000e+00
4.769521816583227049e-08	-2.220546067831731768e-16	5.541309147775587042e-16	1.000000000000000000e+00
5.087489937688775475e-08	-3.606477164197553924e-16	5.098985557078058676e-16	1.000000000000000000e+00
5.405458058794323901e-08	-5.828131180041967289e-16	4.617508511385288301e-16	1.000000000000000000e+00
5.723426179899872327e-08	-4.713455870897032501e-16	4.378161378607201463e-16	1.000000000000000000e+00
6.041394301005420753e-08	-2.900498608502219826e-16	5.141635734243231182e-16	1.000000000000000000e+00
6.359362422110968517e-08	1.869957827034281977e-16	3.495908833606623007e-16	1.000000000000000000e+00
