1.303144537947836848e-28	1.004187385592696234e-28	1.297710523597833010e+00
1.121497722383360660e-28	6.616587979121588334e-29	1.694978931621868412e+00
1.153875405557131240e-28	6.114300264923185675e-29	1.887174910556387974e+00
1.157135098800907673e-28	7.621534468476338467e-29	1.518244263785684556e+00
1.088991244439297640e-28	5.343473016778407952e-29	2.037983987230561400e+00
1.121965065284922609e-28	6.192236310866222925e-29	1.811889935976898292e+00
1.167090025733623022e-28	7.190309317656207700e-29	1.623143002857704742e+00
1.117644353294876700e-28	6.126075740744945551e-29	1.824405052424259432e+00
1.123928152055793813e-28	6.066514629896873186e-29	1.852675251975614001e+00
1.105750916406858449e-28	5.664097705636002428e-29	1.952210173399008042e+00
1.139329039203601085e-28	6.128730037638519770e-29	1.858996940975718992e+00
1.199925667798504465e-28	7.363009058954065137e-29	1.629667515265772471e+00
1.072049063169696638e-28	4.895587478441035479e-29	2.189827202334218903e+00
1.092277883232851467e-28	5.412385146515692825e-29	2.018108197521793823e+00
1.153260723824270887e-28	6.470356046674751543e-29	1.782375985965958032e+00
1.131846912787616158e-28	6.112248601503628078e-29	1.851768451481471178e+00
1.176684825291482567e-28	7.138707719398437498e-29	1.648316294129827497e+00
1.102058050374843016e-28	5.797052946520225721e-29	1.901066042593885674e+00
1.121901412669282728e-28	6.080151610205009386e-29	1.845186575259518458e+00
1.101462966070391190e-28	5.663576827682740563e-29	1.944818618309546387e+00
1.073850360892468780e-28	5.473985395185171770e-29	1.961734062785425170e+00
1.158764971730780657e-28	6.468340113408508621e-29	1.791441005596977609e+00
1.153932860576248243e-28	6.849625925697593138e-29	1.684665517640990151e+00
1.104345914685769125e-28	5.734445204233810136e-29	1.925811260469307840e+00
1.090114339754262955e-28	6.025301190112780991e-29	1.809227962816342350e+00
1.082263436484897054e-28	5.368546914694437816e-29	2.015933647748510804e+00
1.363583715518125975e-28	1.055754742909561901e-28	1.291572426906855364e+00
1.132786035789966767e-28	6.437644542021980320e-29	1.759628119253340284e+00
1.145687315019331346e-28	6.586745773858827678e-29	1.739382928010190232e+00
1.125060665346763753e-28	6.004260559578267883e-29	1.873770557062211628e+00
1.153207699299597249e-28	7.130003781731763051e-29	1.617401244939454585e+00
1.101270039294284467e-28	5.822437783925440543e-29	1.891424314287506458e+00
1.080631481536034495e-28	5.594059672325696848e-29	1.931748220137895711e+00
1.087064167343576794e-28	5.354315673965405539e-29	2.030257895755513520e+00
1.182692767806135975e-28	7.756761675860742362e-29	1.524724900968285057e+00
1.098024878492278022e-28	6.242888931630760327e-29	1.758840963722628992e+00
1.136329837535976904e-28	6.990622260418570388e-29	1.625505992463592175e+00
1.167398178505600695e-28	6.899150117091484079e-29	1.692089835258937303e+00
1.175966550357211518e-28	7.302536954736845691e-29	1.610353439696613931e+00
1.108124740545972331e-28	5.646301537844412249e-29	1.962567413587020360e+00
1.117561798789784139e-28	6.185822762309379232e-29	1.806650209248090500e+00
1.091254572730172677e-28	6.016090717942954861e-29	1.813893147381425708e+00
1.120962364090651606e-28	6.271595532238228180e-29	1.787363930483888863e+00
1.133720005237795907e-28	6.451359907348108661e-29	1.757334920884644935e+00
1.181950703378282893e-28	7.319372374923989822e-29	1.614825210188267191e+00
1.120191553668302687e-28	6.392917255305652507e-29	1.752238467874155381e+00
1.135215819392671455e-28	6.848313108325741186e-29	1.657657588717064812e+00
1.160835374038957211e-28	7.154062588034701146e-29	1.622624012236733027e+00
1.176249782223264190e-28	7.208924538151292446e-29	1.631657781959401587e+00
1.180030839502191165e-28	7.788872790764596935e-29	1.515021327478058843e+00
1.104715333293388471e-28	5.679972739516474566e-29	1.944930695895260353e+00
1.179478780831592517e-28	7.643566405608145534e-29	1.543100063821254420e+00
1.169517504341457027e-28	7.310118535051353082e-29	1.599861204348092425e+00
1.179501043345028288e-28	6.405257872519090200e-29	1.841457544442544947e+00
1.157658384357425932e-28	6.327297480691622112e-29	1.829625346192645052e+00
1.136042036141656104e-28	6.379476858542129824e-29	1.780776169162670453e+00
1.225924382743727547e-28	7.765075840172950711e-29	1.578766786025907809e+00
1.103683917484751479e-28	5.937196552174594113e-29	1.858931075947804823e+00
1.162925707741193829e-28	7.393428542322892098e-29	1.572918032661233978e+00
1.162867190340862472e-28	7.006278230534226188e-29	1.659750229833784729e+00
1.165491470960069137e-28	7.244142845058759555e-29	1.608874225547681780e+00
1.228017720812184600e-28	8.151586959204267005e-29	1.506476870035206028e+00
1.233215295240311881e-28	8.669144512070762116e-29	1.422534015349732561e+00
1.135020213687086673e-28	7.283619941648700268e-29	1.558318834288553889e+00
1.158163596154731134e-28	7.431001370981034143e-29	1.558556563692076624e+00
1.159581218198743278e-28	6.549568427452558145e-29	1.770469659250144101e+00
1.356261814799471128e-28	1.015118128470502909e-28	1.336063042084546071e+00
1.114285140005182643e-28	5.854292419299725321e-29	1.903364335426330545e+00
1.126789442762957237e-28	6.142549688994124751e-29	1.834400208079513428e+00
1.160860894120811807e-28	6.757011936916994683e-29	1.718009239821581602e+00
1.136294567268971126e-28	6.241289653579276202e-29	1.820608608698884856e+00
1.181357787677302138e-28	6.922001550037637482e-29	1.706670793321158230e+00
1.157170588581678638e-28	6.898105255032205885e-29	1.677519472086217212e+00
1.087198460133219865e-28	5.423839849757297113e-29	2.004481124533699532e+00
1.102015502665311654e-28	6.074090389481982551e-29	1.814288942050622078e+00
1.150108955751569391e-28	6.509086673868223530e-29	1.766928316331793480e+00
1.208379040811329892e-28	8.110607155908244647e-29	1.489874947193164711e+00
1.068176839893719082e-28	5.328442936374840996e-29	2.004669755589882918e+00
1.175269923133058326e-28	7.295465299018434276e-29	1.610959513838253088e+00
1.134001347321813727e-28	6.313510117969474879e-29	1.796150360311019156e+00
1.134214783349535062e-28	5.954434787738562148e-29	1.904823587429528509e+00
1.091766344043057637e-28	5.943611727302933605e-29	1.836873594935304776e+00
1.162991711415054332e-28	6.718583463804015888e-29	1.731007313789589164e+00
1.169999144241757879e-28	7.111955238905893936e-29	1.645116012318647680e+00
1.108245266099067844e-28	6.303932969898655146e-29	1.758021970396814737e+00
1.125000453240464567e-28	6.328185693437245075e-29	1.777761443389952678e+00
1.117540676941057710e-28	6.289809813981181489e-29	1.776747962167240846e+00
1.218613317952874831e-28	8.307734851914772262e-29	1.466841852411801650e+00
1.155869763144334669e-28	6.341969645826854182e-29	1.822572209731279091e+00
1.132464062901161101e-28	6.451384991817672120e-29	1.755381308567806276e+00
1.099712967981761111e-28	5.997904915589251595e-29	1.833495167826817873e+00
1.390953755371927000e-28	1.039312352937201467e-28	1.338340443506662369e+00
1.165227004647767672e-28	6.573855706186536827e-29	1.772516855749044717e+00
1.154744049626527018e-28	6.720849422359407775e-29	1.718151943391025949e+00
1.149006151028967994e-28	6.625441174758380717e-29	1.734233420419539762e+00
1.225567220224142784e-28	8.772878961367171727e-29	1.396995473915839225e+00
1.131062072799162847e-28	6.835552291045506289e-29	1.654675474110323119e+00
1.230457342517273842e-28	9.244985723328167889e-29	1.330945638360935046e+00
1.116645989348639514e-28	5.830221047699051415e-29	1.915272131558946267e+00
1.193149189450713324e-28	7.089484960655476219e-29	1.682984301500510815e+00
1.078416915877941866e-28	5.508279226537879910e-29	1.957810908863019783e+00
1.072975551137425463e-28	5.292969875692859916e-29	2.027171089835403617e+00
1.099236147031100430e-28	5.736508206119691346e-29	1.916211234315743361e+00
1.219143839691691861e-28	7.979404515873686021e-29	1.527863184860987822e+00
1.138761248796841077e-28	6.141453158501781104e-29	1.854221174381868842e+00
1.115737447002070979e-28	5.796083601784630323e-29	1.924985082441758255e+00
1.077030160498406492e-28	5.126390386443654556e-29	2.100952286713337447e+00
1.091193330832308430e-28	5.140758432941067659e-29	2.122631018489674837e+00
1.162694235347604034e-28	7.029432492881517494e-29	1.654037131055782206e+00
1.128460178108286187e-28	5.797670985453192998e-29	1.946402582933182135e+00
1.133874533115879419e-28	5.908780296884361516e-29	1.918965465197207676e+00
1.169997245946229047e-28	7.808300315491190886e-29	1.498401955192509627e+00
1.112304998325187592e-28	6.217332763409583501e-29	1.789038870287521510e+00
1.100085547948054231e-28	6.689716318689870029e-29	1.644442746958659773e+00
1.162291930458354587e-28	6.636527279364333063e-29	1.751355613458251970e+00
1.162462401633935549e-28	6.436140068500811366e-29	1.806148389037020019e+00
1.096304656870948631e-28	5.268295553589512407e-29	2.080947520349328173e+00
1.108674252937651845e-28	5.800640544145853340e-29	1.911296251681295244e+00
1.135203990884223119e-28	6.438659094068005255e-29	1.763106221806488794e+00
1.091427655777118091e-28	5.115776349070516862e-29	2.133454594776058144e+00
1.190062291265995003e-28	7.150756429801199245e-29	1.664246717041486967e+00
1.182908582060322069e-28	7.191834775744675142e-29	1.644793879372511425e+00
1.135213875139057326e-28	6.256218962737409706e-29	1.814536674468222754e+00
1.155606852077521247e-28	6.547168327043864105e-29	1.765048329831613749e+00
1.101900421613995526e-28	6.236888851086475807e-29	1.766746927712272264e+00
1.155200365304395285e-28	7.227092808563453204e-29	1.598430234541317940e+00
1.141798080050368975e-28	6.759343642343984233e-29	1.689214427415055564e+00
1.168859816202728309e-28	7.704813759380638322e-29	1.517051356081952296e+00
1.099164750686654061e-28	5.541196999734642573e-29	1.983623305107706791e+00
1.143198760223324053e-28	6.623945328694449725e-29	1.725857783383371480e+00
1.164941684411611651e-28	7.075379057882815649e-29	1.646472471483669597e+00
1.203550898240748244e-28	7.202664189986547090e-29	1.670980163026309473e+00
1.084801884320780132e-28	5.854179611458792016e-29	1.853038267219239588e+00
1.078580867937892576e-28	5.000041104342577404e-29	2.157144002278573502e+00
1.116726351183378700e-28	6.215562057061416183e-29	1.796661896271602554e+00
1.137926268819749016e-28	6.387280483401158816e-29	1.781550492070790304e+00
1.056274077135189397e-28	4.596491620264308070e-29	2.298000658759933312e+00
1.111574926119353064e-28	6.144845674374970843e-29	1.808954992563613917e+00
1.126823855731259550e-28	6.540110268037533413e-29	1.722943206689053985e+00
1.143500485689113571e-28	6.229484851861209816e-29	1.835626079654828935e+00
1.098360233154300606e-28	6.401354593937603139e-29	1.715824700907057521e+00
1.155043442697233234e-28	7.279354522452937585e-29	1.586738822974672392e+00
1.098267007613641903e-28	5.806353831127703614e-29	1.891491699534159743e+00
1.116161810619568997e-28	5.669486431901932011e-29	1.968717667863140619e+00
1.176901058092741277e-28	6.935763547372562709e-29	1.696858680452825174e+00
1.176321693888227999e-28	7.023099997978672059e-29	1.674932286635227641e+00
1.215795285894441611e-28	7.730586176719441843e-29	1.572707758637751141e+00
1.163961186802143618e-28	6.705522359541896133e-29	1.735824779028344755e+00
1.082106504940743741e-28	4.980458979325393067e-29	2.172704382131696477e+00
1.083481577005429072e-28	5.530170793456642202e-29	1.959219014153082083e+00
1.104290216862909742e-28	6.089412191161693393e-29	1.813459464060752646e+00
1.142723739136265133e-28	7.088816111577008752e-29	1.612009284977840684e+00
1.175225215811539281e-28	7.070793507429962939e-29	1.662083915442612136e+00
1.159737480233160613e-28	7.258158546211259353e-29	1.597839827897588050e+00
1.079557471611083058e-28	5.246760015205508368e-29	2.057569754443587584e+00
1.075203638416729650e-28	5.067691254928704053e-29	2.121683394526086452e+00
1.173271774486661925e-28	7.153535214085440701e-29	1.640128606869046379e+00
1.132200613169120213e-28	6.682093194590263652e-29	1.694380159327522062e+00
1.145424508014191843e-28	7.133173900966618625e-29	1.605771181127344960e+00
1.162786101083086945e-28	7.047356643462388547e-29	1.649960630503590542e+00
1.144631063778083272e-28	6.751541498934975448e-29	1.695362553808850148e+00
1.075355441719858420e-28	5.874233974118515711e-29	1.830630932403787492e+00
1.162741192438743482e-28	6.807460315180037107e-29	1.708039619189454461e+00
1.210698994727499424e-28	7.412268239875946631e-29	1.633371804077832445e+00
1.204149393111696297e-28	8.071017575826725802e-29	1.491942474166094934e+00
1.130050610082024982e-28	6.720199663199917681e-29	1.681572969133978690e+00
1.200526685547948018e-28	7.414979161552196641e-29	1.619056047753799410e+00
1.109686991874007349e-28	6.161922396382155928e-29	1.800877908695404761e+00
1.094795294888250276e-28	5.778357135572662803e-29	1.894648027461789619e+00
1.150022676519463426e-28	7.051652673054461886e-29	1.630855531092578303e+00
1.083989420542145783e-28	5.269127411458193508e-29	2.057246553167253023e+00
1.145378487159976504e-28	6.827881426314089314e-29	1.677502018042936083e+00
1.114399785782416287e-28	6.323076474432960081e-29	1.762432876288046568e+00
1.104857859453798547e-28	6.258906238999127347e-29	1.765257086884366444e+00
1.136331478063820449e-28	6.344613703985735129e-29	1.791017595523535677e+00
1.153246799304477016e-28	7.127882421360124346e-29	1.617937461830939450e+00
1.162699301987309529e-28	7.115819608049382388e-29	1.633963992948991306e+00
1.100212242552916187e-28	5.484301522435138434e-29	2.006111877788222309e+00
1.169991660031306428e-28	6.835319933322936039e-29	1.711685292633441380e+00
1.061623598047416153e-28	5.583813987613488004e-29	1.901251725796030856e+00
1.097606541353268215e-28	5.513984810295987180e-29	1.990586806303424217e+00
1.094613655161023945e-28	5.872809897224640545e-29	1.863866997769354050e+00
1.140031359494419527e-28	6.710883475250109215e-29	1.698779845751876127e+00
1.111801588505774485e-28	5.539687448804943457e-29	2.006975301008397938e+00
1.132426194811624988e-28	6.386290027146533057e-29	1.773214479765188312e+00
1.082572575552122899e-28	5.155110273376046184e-29	2.099998871300872594e+00
1.098380029279546640e-28	5.984210549987749311e-29	1.835463542107145907e+00
1.080613681542481313e-28	5.430082343247301545e-29	1.990050266707837689e+00
1.151638209080348379e-28	6.449195845694556616e-29	1.785708228800610753e+00
1.198745106549444066e-28	8.499550024776259141e-29	1.410363022813080791e+00
1.156998657436779828e-28	6.413309122111820416e-29	1.804058771231964231e+00
1.190120598764385491e-28	7.415130953730078573e-29	1.604989320068193726e+00
1.137546664561272363e-28	6.695005834683495762e-29	1.699097346066838154e+00
1.166449624049607055e-28	7.211733991009147086e-29	1.617432957876451471e+00
1.131097034157316537e-28	6.660319942293335112e-29	1.698262311656830281e+00
1.241180016281223920e-28	8.074633791081608342e-29	1.537134746162855059e+00
1.145537699996522833e-28	6.865655298789460857e-29	1.668504534736111600e+00
1.121642274663048489e-28	6.033000209638102179e-29	1.859178245794113282e+00
1.224246818336850687e-28	8.094246244724246843e-29	1.512490207639535456e+00
1.162266448070321768e-28	6.744695386148657683e-29	1.723230452271020674e+00
1.177205718618576873e-28	7.293217572367898277e-29	1.614110242753078905e+00
1.077471200870497648e-28	5.395594558854669430e-29	1.996946192152758703e+00
1.247875927930999140e-28	8.089998314769259653e-29	1.542492197622405303e+00
1.234379257888015030e-28	8.127872830628610933e-29	1.518699029389892541e+00
1.131261178670353984e-28	6.694351544144448601e-29	1.689874174086164471e+00
1.083614540170954831e-28	5.263179641872340632e-29	2.058859119210048938e+00
1.216474817874716130e-28	7.538203333988355310e-29	1.613746358352868615e+00
1.176937473991887934e-28	7.316800766366840411e-29	1.608541098183129181e+00
1.239286775229348359e-28	8.661071230698501619e-29	1.430870087797906143e+00
1.157345579997283984e-28	6.486458961527322759e-29	1.784248673832311782e+00
1.205961957375414862e-28	7.127963695120428751e-29	1.691874438419175730e+00
1.199627387794944391e-28	7.407363945110035344e-29	1.619506475831901549e+00
1.184915487198908824e-28	7.996053916051294850e-29	1.481875309545258368e+00
1.130705664777879384e-28	7.199833839860456512e-29	1.570460777188983137e+00
1.278542218948138350e-28	8.780658494872342714e-29	1.456089221206781970e+00
1.111536239314735573e-28	5.934470954933790701e-29	1.873016563322512207e+00
1.101856520041991802e-28	5.495733653114866711e-29	2.004930714605287712e+00
1.214980856301996794e-28	7.800156566801581346e-29	1.557636498571200123e+00
1.134919273384454844e-28	5.977872266689389473e-29	1.898533830688532653e+00
1.116705469860950932e-28	5.927205036154013719e-29	1.884033811972780637e+00
1.138330512232158570e-28	6.233134794995321458e-29	1.826256850960677802e+00
1.130966503754260015e-28	6.317813389680099066e-29	1.790123313236268610e+00
1.179512603246434273e-28	7.275580461408104405e-29	1.621193813336170964e+00
1.087408910371402454e-28	5.489381799367786175e-29	1.980931460254121257e+00
1.135619880683049263e-28	6.511579932376290720e-29	1.744000522878667914e+00
1.104959252038218057e-28	5.812179748094908166e-29	1.901109910443490536e+00
1.201233366361022299e-28	7.889303772540323468e-29	1.522610107297503790e+00
1.108396170950982018e-28	6.177444624299603861e-29	1.794263224296650749e+00
1.225996364760856767e-28	7.686741118191966048e-29	1.594949466763398771e+00
1.098984492032321296e-28	6.433707634405450994e-29	1.708166666068717365e+00
1.181021172427167375e-28	7.295087545184240427e-29	1.618926661417248614e+00
1.159675284421237638e-28	6.804848687730341504e-29	1.704189670686168556e+00
1.159434047227475634e-28	6.444909723740308068e-29	1.798991912883765254e+00
1.226162294760291889e-28	7.817595841898068923e-29	1.568464678346158214e+00
1.088260455858815863e-28	5.580540482131018296e-29	1.950098667581471101e+00
1.140590018735151128e-28	6.366081957530366452e-29	1.791667192386614094e+00
1.069188424471488098e-28	5.142323662306554284e-29	2.079193171578606947e+00
1.132841231461521326e-28	6.479618508378779490e-29	1.748314704016366017e+00
1.071573532279244881e-28	5.072960985385274994e-29	2.112323621976095911e+00
1.192453037843573626e-28	6.782940782531104441e-29	1.758017762612105406e+00
1.161177059437166104e-28	6.424153168820361976e-29	1.807517705326424862e+00
1.083568279290807069e-28	5.394467479785498633e-29	2.008665884725832740e+00
1.171076372475179104e-28	7.183038838802088149e-29	1.630335570718532967e+00
1.150143996570379405e-28	6.256456571696537634e-29	1.838331303654361593e+00
1.111190714564700193e-28	6.190924327127145775e-29	1.794870452051447129e+00
1.150040591320321127e-28	6.610797481006039558e-29	1.739639725198943054e+00
1.102975461779817188e-28	5.832489178265576508e-29	1.891088741133013285e+00
1.128314922077373443e-28	6.206265213166162155e-29	1.818025629461872628e+00
1.121389264913411882e-28	6.197857030362142907e-29	1.809317735823745998e+00
1.163241077068893622e-28	6.747881256899138535e-29	1.723861213295029282e+00
1.125435992216840566e-28	5.987961742474783866e-29	1.879497633115647659e+00
1.072632369833124284e-28	5.621566141006678073e-29	1.908066796561862288e+00
1.145062234371673730e-28	7.080138450909447259e-29	1.617287913663030041e+00
1.144135636291179248e-28	6.820932663707630075e-29	1.677388845045811649e+00
1.135367220207550612e-28	6.357900043319097300e-29	1.785758210213761243e+00
1.166251483705726925e-28	7.338577400199631482e-29	1.589206490721214449e+00
1.117583731682442463e-28	6.028537801554177164e-29	1.853822217709782949e+00
1.160880242082041526e-28	6.640044595095619400e-29	1.748301875772755087e+00
1.111498404203452808e-28	6.132653597839296836e-29	1.812426523805395373e+00
1.178419753929676875e-28	6.972242563236262476e-29	1.690158859565977334e+00
1.062898745156877037e-28	4.974262700616028809e-29	2.136796564896429995e+00
1.193090441156023543e-28	7.861581192814283196e-29	1.517621470661071781e+00
1.114869452428060717e-28	6.987369612168562386e-29	1.595549562007577693e+00
1.079202447710872913e-28	5.600504433229384936e-29	1.926973651351221228e+00
1.180942653244213104e-28	7.201962465655714814e-29	1.639751191256301865e+00
1.151363073023059169e-28	7.002323470204796208e-29	1.644258620616658506e+00
1.119939127302076329e-28	6.642747418527752801e-29	1.685957717101173481e+00
1.150629301229291121e-28	6.497443185285722768e-29	1.770895517539939235e+00
1.133111223071837860e-28	6.145068230316434495e-29	1.843935950916999689e+00
1.080163472133774355e-28	5.398247246938695779e-29	2.000952203043917077e+00
1.113674874552885932e-28	5.769712671987820267e-29	1.930208552602317384e+00
1.124422972807962987e-28	6.273454169908713112e-29	1.792350660982552135e+00
1.192511172775808780e-28	7.458917028546222530e-29	1.598772540587215518e+00
1.183168757182255317e-28	7.758166312087991124e-29	1.525062378901005600e+00
1.132377085667509160e-28	6.199822583356248150e-29	1.826466919726760230e+00
1.099870148641418213e-28	5.486232155138467865e-29	2.004782367095543361e+00
1.140725317060544927e-28	6.722231984452468750e-29	1.696944288294236713e+00
1.077272809310086182e-28	4.954950039761935912e-29	2.174134553659080815e+00
1.175166498719067355e-28	7.479234011550385921e-29	1.571239109385032640e+00
1.090789263472110138e-28	5.735201649061548965e-29	1.901919636340242636e+00
1.131089699872754119e-28	6.593508533860511928e-29	1.715459522140784898e+00
1.183164813934268663e-28	7.056827058865307038e-29	1.676624358319635633e+00
1.155952969695922338e-28	7.105577036709718134e-29	1.626824906300915474e+00
1.169374862605136054e-28	7.129214548918612051e-29	1.640257639297040937e+00
1.155705991457390296e-28	6.559810467548479443e-29	1.761797840310618923e+00
1.206439365763634844e-28	7.944257726151493514e-29	1.518630698236524745e+00
1.126864472426922020e-28	6.631383912699609117e-29	1.699290053572211523e+00
1.094639659310844607e-28	5.344751585456219611e-29	2.048064614058967337e+00
1.152677508861294584e-28	7.553068137433669864e-29	1.526105005128344461e+00
1.169052547392543804e-28	7.323737398614211118e-29	1.596251317822715121e+00
1.108005220163980315e-28	5.972528541776444548e-29	1.855169401726156853e+00
1.155382847162800767e-28	7.640173590634799472e-29	1.512246853368685695e+00
1.161317628682438973e-28	6.553563302044718410e-29	1.772039995890642761e+00
1.079562497258440007e-28	5.665447630484446889e-29	1.905520212471062402e+00
1.174443440700178038e-28	7.346883374812575340e-29	1.598560070691388946e+00
1.142991139700946618e-28	6.635038516789119318e-29	1.722659388952683779e+00
1.129912512146992841e-28	6.980040527261425776e-29	1.618776435085122367e+00
1.144689406777456931e-28	6.382554422448857349e-29	1.793465955811251344e+00
1.111167548901733512e-28	5.992610030793945285e-29	1.854229698231369516e+00
1.118401607843807544e-28	5.538090482380782369e-29	2.019471533377720007e+00
1.220716084551358937e-28	7.741665400028161345e-29	1.576813284318537400e+00
1.141204998600616055e-28	6.812543618257830413e-29	1.675152575232180308e+00
1.135439785648530657e-28	6.173694994712081844e-29	1.839157565479120793e+00
1.196986022549748856e-28	7.124573602853839099e-29	1.680080927327750162e+00
1.286585229166281563e-28	8.785093381810987102e-29	1.464509451692431297e+00
1.231772412225787992e-28	7.924453498700060641e-29	1.554394145196069221e+00
1.090646760304930577e-28	5.491984041725075145e-29	1.985888436708475702e+00
1.198325244085411611e-28	7.574216796726840047e-29	1.582111096428163943e+00
1.149575955316888931e-28	6.507869988647007794e-29	1.766439645110192025e+00
1.278009538299840430e-28	9.117123347290108272e-29	1.401768397352773032e+00
1.167806522810644591e-28	7.022380707372357167e-29	1.662978086028058522e+00
1.145793077529756577e-28	6.198270533211650043e-29	1.848569002256926108e+00
1.096518622216027520e-28	5.988446345805783184e-29	1.831056936803003188e+00
1.216250641268671620e-28	8.132669544610409765e-29	1.495512186493168638e+00
1.201908943789302933e-28	8.099707472038009417e-29	1.483891792312944435e+00
1.099470774148170255e-28	5.723094756255386613e-29	1.921112301952436097e+00
1.202541074275488383e-28	7.805154161668302138e-29	1.540701246083335363e+00
1.079423629315973266e-28	5.333240202347538132e-29	2.023954647384609284e+00
1.110746102049523871e-28	6.371508858811537503e-29	1.743301510933956022e+00
1.132296896366640737e-28	6.538943831097949038e-29	1.731620465956071220e+00
1.146243272105959640e-28	6.244689510836959711e-29	1.835548861343358595e+00
1.155261997203843899e-28	7.198137723217641713e-29	1.604945670152348569e+00
1.175885454633862364e-28	7.767265748161585674e-29	1.513898832304250375e+00
1.150209891198365281e-28	6.356485831080876758e-29	1.809505946783145802e+00
1.148297411607207935e-28	7.570392121462701569e-29	1.516826860727184423e+00
1.125576970279111424e-28	6.314508609407816687e-29	1.782525038610517587e+00
1.214106136855055833e-28	8.984747296121506054e-29	1.351296922261971067e+00
1.143077253065327219e-28	7.117960468593021115e-29	1.605905593475815962e+00
1.127815150984362419e-28	5.925536576980582080e-29	1.903313119972423140e+00
1.160832272587192516e-28	6.803506427628867528e-29	1.706226465625257704e+00
1.125107564618523018e-28	6.171056490639986892e-29	1.823200883552178464e+00
1.135947906659578155e-28	6.238200781098201502e-29	1.820954384959056593e+00
1.073783782034116646e-28	5.257991778802118076e-29	2.042193725678945970e+00
1.190001263870280905e-28	6.921731279067429180e-29	1.719224881597268162e+00
1.174268420492519364e-28	7.108562464000712280e-29	1.651907015573496063e+00
1.187125390949595692e-28	7.413636201770217099e-29	1.601272787928460284e+00
1.181611731916351967e-28	6.795737090281194900e-29	1.738754334104851473e+00
1.152519562404040228e-28	7.140610160386195181e-29	1.614035126574823398e+00
1.062375958583586958e-28	4.650104858062976589e-29	2.284627962187770311e+00
1.082246650942274484e-28	5.423323772446631355e-29	1.995541288610986008e+00
1.095006834790414210e-28	5.857469040487051951e-29	1.869419756590576354e+00
1.155140378684286368e-28	6.972493006707337290e-29	1.656710702431791082e+00
1.113532444257743629e-28	6.245964286115922054e-29	1.782803092123023125e+00
1.144111495606348659e-28	6.357533157806052243e-29	1.799615459656013661e+00
1.148048684486331702e-28	6.329862943333133734e-29	1.813702278807636459e+00
1.225523710166710087e-28	7.974422926238072865e-29	1.536818051290452125e+00
1.121605467714717942e-28	6.583404748036881861e-29	1.703686026670578890e+00
1.143059855715730553e-28	7.374868840854327667e-29	1.549939233337355171e+00
1.182593910424392057e-28	7.644573334166696777e-29	1.546971765106759600e+00
1.172368469130378033e-28	7.680095937222153018e-29	1.526502375378421483e+00
1.101816181156327825e-28	5.969392628911354155e-29	1.845776027229201421e+00
1.066729421505036636e-28	5.014745285695460220e-29	2.127185650979876996e+00
1.080310356217347976e-28	5.478757983272350925e-29	1.971816166210905497e+00
1.082783069022173590e-28	5.248617466907394962e-29	2.062987207296274939e+00
1.233593547726123915e-28	8.984393663261276809e-29	1.373040400901508917e+00
1.122170957159857018e-28	6.097221987212687040e-29	1.840462688603620167e+00
1.123334565550081565e-28	6.360318999068202911e-29	1.766160731426602792e+00
1.157553048579572653e-28	7.142544753711988735e-29	1.620645146084651378e+00
1.083664859252037554e-28	5.546874800380797341e-29	1.953649394029306485e+00
1.225424160083021795e-28	8.611726903985171411e-29	1.422971459436252362e+00
1.156025578815517440e-28	6.804902851784499640e-29	1.698812758968872405e+00
1.153378072023797978e-28	6.900113311132298701e-29	1.671534973437313498e+00
1.224834122539105909e-28	8.292789775606709698e-29	1.476986823109833091e+00
1.108997139538771320e-28	6.318447548624274475e-29	1.755173452029739511e+00
1.259905261286029161e-28	8.850272859904206750e-29	1.423577872942175082e+00
1.201418188843752678e-28	7.705089023289883358e-29	1.559252833046147924e+00
1.128544298377385473e-28	6.386734411664415804e-29	1.767013039271318364e+00
1.116770020399758032e-28	6.183194426149791524e-29	1.806137642505216689e+00
1.138666738891256896e-28	6.973667115746046687e-29	1.632809137562973190e+00
1.152627481664761102e-28	6.953884816352139319e-29	1.657530304434069013e+00
1.135872643580595010e-28	6.259991576235234361e-29	1.814495482538188931e+00
1.209407640905409547e-28	6.776176095106461121e-29	1.784793700651913895e+00
1.117067853098405817e-28	6.178158356648346124e-29	1.808091972741882936e+00
1.179154897710879093e-28	6.874997600832017819e-29	1.715134995200837231e+00
1.083826939816874381e-28	5.865761203799779918e-29	1.847717460974685366e+00
1.192860274160407038e-28	7.555458888282490732e-29	1.578805856531592333e+00
1.142573858387994657e-28	6.957592182665029281e-29	1.642197226268505172e+00
1.288846195247434636e-28	9.069718756123144479e-29	1.421043176644600337e+00
1.174995792652090461e-28	7.229657673526182958e-29	1.625244023592889775e+00
1.133870891857987492e-28	6.683978188609669549e-29	1.696401244681265741e+00
1.176593864398507625e-28	7.205159550693996302e-29	1.632987938879408851e+00
1.123576937065396270e-28	6.083341291527982030e-29	1.846973370752936994e+00
1.144602722130143559e-28	6.575335454438616507e-29	1.740751829410453144e+00
1.139673153733413328e-28	6.306936817068320076e-29	1.807015333734027118e+00
1.113698900261115642e-28	5.917356089161275028e-29	1.882088695491994867e+00
1.218048762763415532e-28	8.417030779614066002e-29	1.447124044875198745e+00
1.125177327264264897e-28	6.040368756680301565e-29	1.862762643455969869e+00
1.099785597852017497e-28	6.059771146161954825e-29	1.814896258167411069e+00
1.175980266589646215e-28	7.771673956907205409e-29	1.513162123257209002e+00
1.197563359175989863e-28	7.377820634827951799e-29	1.623193919248643535e+00
1.101174193313977233e-28	5.891398483099687386e-29	1.869121901145970099e+00
1.072985277797765015e-28	5.152915650413729224e-29	2.082287680590336532e+00
1.179363162793930713e-28	7.604349298497055600e-29	1.550906088739273603e+00
1.089536423833764291e-28	6.131482172150166893e-29	1.776954402285556123e+00
1.211301120501988330e-28	7.753558655852613601e-29	1.562251830761172799e+00
1.135065267053052498e-28	6.782800667253570761e-29	1.673446298566595880e+00
1.146262726169740818e-28	7.222559756146329907e-29	1.587058833530982094e+00
1.111686431956159757e-28	5.781066981355380494e-29	1.922977947741271620e+00
1.161805402889303223e-28	6.696967319943387757e-29	1.734823163059909357e+00
1.099886220502502193e-28	5.752763968734272532e-29	1.911926556487072437e+00
1.147338505482153244e-28	6.254923785977469949e-29	1.834296539398771131e+00
1.204792086500712031e-28	7.772756423559480802e-29	1.550019093418324001e+00
1.220205299502497407e-28	8.012669488083268452e-29	1.522844916188332398e+00
1.104933919385383782e-28	5.993087834570084437e-29	1.843680503081841504e+00
1.121324388178541814e-28	5.930810964563639173e-29	1.890676325511655431e+00
1.147182850517311813e-28	6.491226821230948528e-29	1.767282028668609284e+00
1.118880696120396120e-28	6.039582110098737740e-29	1.852579658201060742e+00
1.106646990350308181e-28	6.147986978318217133e-29	1.800015182616784948e+00
1.153272207420634154e-28	7.400301729163040799e-29	1.558412412936934333e+00
1.186921052839745209e-28	7.512932106700453605e-29	1.579837320479952956e+00
1.050305045785272186e-28	4.828786054207727506e-29	2.175091283802174313e+00
1.110811124538309158e-28	5.953854621831105052e-29	1.865700785614210711e+00
1.236825719985617032e-28	7.506834871550061226e-29	1.647599475876347697e+00
1.103130816795421253e-28	5.967570001384206401e-29	1.848542734378557428e+00
1.099903292107814292e-28	5.930618117941364265e-29	1.854618304929086525e+00
1.119868635295725412e-28	6.548003944077698823e-29	1.710244289496165582e+00
1.134481747287334650e-28	5.935679477818619042e-29	1.911292130120645139e+00
1.189768962486207590e-28	8.603713986291823478e-29	1.382855083725295531e+00
1.173909718834419747e-28	7.195053383264231454e-29	1.631551089759731177e+00
1.114673731426251208e-28	6.077273955077713309e-29	1.834167325129244297e+00
1.181607414588276476e-28	6.742367231421558208e-29	1.752511208647332674e+00
1.094357211447493385e-28	5.658798463387933445e-29	1.933903846422372119e+00
1.083556405960737030e-28	5.351024551351364556e-29	2.024951288416518835e+00
1.121345498616169971e-28	6.296624941853573798e-29	1.780867542487091448e+00
1.107403640063249917e-28	6.377298716641303321e-29	1.736477604810207298e+00
1.079236655972157844e-28	5.332487286563450060e-29	2.023889787213497105e+00
1.126374478757696787e-28	6.230824261859283249e-29	1.807745542837033481e+00
1.160677804455558423e-28	6.679513618975021863e-29	1.737668145713977319e+00
1.180810347510451373e-28	7.546890693715260983e-29	1.564631575350337922e+00
1.192784911534574439e-28	7.068083137861586024e-29	1.687564914375703884e+00
1.248244351581495194e-28	8.406882426702766798e-29	1.484788638909352088e+00
1.079822290016786788e-28	5.190012835877833569e-29	2.080577301374143318e+00
1.130638722290716966e-28	6.324864824432618512e-29	1.787609306562757405e+00
1.114866937458912345e-28	5.844794666327097940e-29	1.907452701258881111e+00
1.138549203319587403e-28	6.535025591135201857e-29	1.742226082272785082e+00
1.086069651118829680e-28	5.461466831258035851e-29	1.988604315790847954e+00
1.172676707896221738e-28	7.646832058955070392e-29	1.533545785830251917e+00
1.222479828362003283e-28	8.499216724391058796e-29	1.438344106291265412e+00
1.106953285765365883e-28	5.603067394940899444e-29	1.975620151856199325e+00
1.164061825200215978e-28	7.042805224161278701e-29	1.652838305405276875e+00
1.101141804394931040e-28	6.273518681081826054e-29	1.755222005978065436e+00
1.168496385371623884e-28	7.125285391280387772e-29	1.639929239608533651e+00
1.205664196468040676e-28	7.965308989724998773e-29	1.513643975423062837e+00
1.088896391422337948e-28	5.765685211407272364e-29	1.888581064515943542e+00
1.095383253163231326e-28	5.970511706531399082e-29	1.834655565560560753e+00
1.176618697591470678e-28	6.957914643655490883e-29	1.691050778647247954e+00
1.146011079273545404e-28	6.271486291007655512e-29	1.827335700178040145e+00
1.148997515779995341e-28	6.382771860713802392e-29	1.800154448339470914e+00
1.192855012356940366e-28	7.283526037800135693e-29	1.637743870436168203e+00
1.155743715760709336e-28	7.581326876197229107e-29	1.524461000869582472e+00
1.207739034254175676e-28	8.823630711685806749e-29	1.368755191278205663e+00
1.131003396590136827e-28	6.559810991020748915e-29	1.724140220104337873e+00
1.108072551173444023e-28	6.004981468050841449e-29	1.845255571676416073e+00
1.086224389061509388e-28	6.206859895017682696e-29	1.750038517759091139e+00
1.119934033845098824e-28	6.472503610815940223e-29	1.730294954140499941e+00
1.135093916390256803e-28	6.570105872312517455e-29	1.727664574133767061e+00
1.129942991136614443e-28	6.262763562735099088e-29	1.804224253107746589e+00
1.126057644444023021e-28	6.195974212873908632e-29	1.817402083605054619e+00
1.105287413098563125e-28	6.172693750641895068e-29	1.790607889762269256e+00
1.098595841388401958e-28	5.844113220319920283e-29	1.879833261218478269e+00
1.139904837575236266e-28	7.010512106535024411e-29	1.625993679566782868e+00
1.172841044314537547e-28	7.183099778881353507e-29	1.632778438861095305e+00
1.131510087762657355e-28	6.549977436594028493e-29	1.727502268085735038e+00
1.117286063124313859e-28	6.038760785645306165e-29	1.850190962656123705e+00
1.214062906518490958e-28	7.781878524869492353e-29	1.560115469084441431e+00
1.100330640169407674e-28	5.436455008074236962e-29	2.023985554070057979e+00
1.177601809164796917e-28	7.118548665694250239e-29	1.654272330594440010e+00
1.065496229545876364e-28	5.016790221369962581e-29	2.123860441696753920e+00
1.144628935007848584e-28	7.144442713346022123e-29	1.602124869543217311e+00
1.134627823034595986e-28	5.928169958342734697e-29	1.913959672221998698e+00
1.124700469171916678e-28	6.380402548926005883e-29	1.762742178957398487e+00
1.215029359721715309e-28	7.619584135584479957e-29	1.594613745450181863e+00
1.090244292968782036e-28	5.473791745215348809e-29	1.991753328799486189e+00
1.128569088966935657e-28	6.211874326670346396e-29	1.816793176451566794e+00
1.228282789820167772e-28	8.115385998667386926e-29	1.513523558857042595e+00
1.068650573604335447e-28	4.857876043536726214e-29	2.199830880876728845e+00
1.072970632199336245e-28	5.732920418426173068e-29	1.871595197363463470e+00
1.165768670398390477e-28	6.988941733548032478e-29	1.668018871587547247e+00
1.144278372817371195e-28	6.739957109791526698e-29	1.697753196611609949e+00
1.092430682160191551e-28	5.422786429902706430e-29	2.014519096928166331e+00
1.130554966283697161e-28	5.851700992270713627e-29	1.932010825189126368e+00
1.085507901661721609e-28	5.095265399315758743e-29	2.130424652281103892e+00
1.233450411021213699e-28	8.612153839576578345e-29	1.432220596609613095e+00
1.172279121100036819e-28	7.296975575057739866e-29	1.606527401718431447e+00
1.156509633437678284e-28	7.144667996386667151e-29	1.618703114018131606e+00
1.085341812515791676e-28	5.825121435663300105e-29	1.863208903888207146e+00
1.130803649198907789e-28	6.325435236618706049e-29	1.787708840417097766e+00
1.100101924003422958e-28	6.120402585359777705e-29	1.797433924746888678e+00
1.125736473708537602e-28	6.376874111666188009e-29	1.765342162940077841e+00
1.245508151127235015e-28	8.475030822056995170e-29	1.469620792275696752e+00
1.153700423802445207e-28	7.190841223481726103e-29	1.604402583713058439e+00
1.283650459398504373e-28	8.911031108510951818e-29	1.440518435821064536e+00
1.213560053983926827e-28	6.978729684692380096e-29	1.738941195337930790e+00
1.184297890763018086e-28	7.025614907004819550e-29	1.685685746285674691e+00
1.255204106994724682e-28	8.769248213434973258e-29	1.431370257112442701e+00
1.159132469241971449e-28	6.946221245201607288e-29	1.668723797190725389e+00
1.159373153864241096e-28	6.803631277401500168e-29	1.704050538004814763e+00
1.100896951010010083e-28	6.069466866588500108e-29	1.813828092662111313e+00
1.092861692385408748e-28	5.534707275692298201e-29	1.974560962212243087e+00
1.094305542281792101e-28	5.556975184721489295e-29	1.969246768080785914e+00
1.091808568370877949e-28	5.061730094052556103e-29	2.156986935462508637e+00
1.092207876558041432e-28	5.756381605782405375e-29	1.897386155672681429e+00
1.105500306020661882e-28	6.031059279437822281e-29	1.833011838881659417e+00
1.143633009328515976e-28	7.390803808861599212e-29	1.547372977154793494e+00
1.138884492374901692e-28	6.905564727946813275e-29	1.649227162792113566e+00
1.130228571683479291e-28	6.192975628572718730e-29	1.825016986130075569e+00
1.143976683917870730e-28	6.692993323943563980e-29	1.709215336918684880e+00
1.199554720852451735e-28	8.181120997300922028e-29	1.466247377649350758e+00
1.129612795048759263e-28	6.403165037478184250e-29	1.764147555836925285e+00
1.160804961183220009e-28	6.601031268507201167e-29	1.758520621953866048e+00
1.169603501183950047e-28	7.089462148047339316e-29	1.649777482070477808e+00
1.170385055278538258e-28	7.090889353243218694e-29	1.650547621002194321e+00
1.151727734673636022e-28	6.921005333888528087e-29	1.664104677154676137e+00
1.172341156298766911e-28	7.056641451887160060e-29	1.661330201189756162e+00
1.110182782946913670e-28	5.712676183941144675e-29	1.943367254156185275e+00
1.120213456696895973e-28	6.517562557453255221e-29	1.718761341869836423e+00
1.177389400276058880e-28	7.674078696440807218e-29	1.534242020246840976e+00
1.133307902349580964e-28	6.161606690592718278e-29	1.839305816257093662e+00
1.116621155969912265e-28	5.966578049998278834e-29	1.871459899816837913e+00
1.114993966973863561e-28	5.519477815254520866e-29	2.020107706370856349e+00
1.089926546881607698e-28	5.569498902267099702e-29	1.956956210976082966e+00
1.088575059606944077e-28	5.636769584966736393e-29	1.931203756332658283e+00
1.221088404711499912e-28	7.576234663879208345e-29	1.611735194176620478e+00
1.190082909370746287e-28	7.922629668838513912e-29	1.502131185118509737e+00
1.117942531212466339e-28	6.030900700321274059e-29	1.853690827893936355e+00
1.178269806442925611e-28	6.713527951831131079e-29	1.755067998371183657e+00
1.140736218440468815e-28	6.275956109020051701e-29	1.817629375707324746e+00
1.223952278086803447e-28	8.183104781063869552e-29	1.495706471850504427e+00
1.071369870323717752e-28	5.348123509191157384e-29	2.003263141702855243e+00
1.153480562937258825e-28	6.609654027408792495e-29	1.745145143987910208e+00
1.118324188603812875e-28	5.912951140843212879e-29	1.891313088787564212e+00
1.147644095945780622e-28	6.069300362649683541e-29	1.890900148900773736e+00
1.192328123833543883e-28	7.570882317055799744e-29	1.574886616778402137e+00
1.135571929183193982e-28	6.563015111699106697e-29	1.730259507035028621e+00
1.083375540256708415e-28	5.134694326890875647e-29	2.109912433507422413e+00
1.159198862964402193e-28	6.956721070827388537e-29	1.666300619447624864e+00
1.094898583288917118e-28	5.744252684051070274e-29	1.906076636093856580e+00
1.126787001519305047e-28	5.982843410467097380e-29	1.883363685481003857e+00
1.189742457224116665e-28	7.519128498556308711e-29	1.582287704555854102e+00
1.133252821512949059e-28	6.071818040629869352e-29	1.866414332461434178e+00
1.233786526755753318e-28	8.003903364799159285e-29	1.541481038091859324e+00
1.119765456364391242e-28	6.393358132767653096e-29	1.751451167150009702e+00
1.166671449882465364e-28	7.416537533104315887e-29	1.573067546243692272e+00
1.139755993702434710e-28	6.775714478387687603e-29	1.682119276628145199e+00
1.111155155019166834e-28	5.930746222600855116e-29	1.873550331296899740e+00
1.166325412412029243e-28	6.696168521687410700e-29	1.741780256328016252e+00
1.188981847203613286e-28	7.778546611899194130e-29	1.528539850085585350e+00
1.069137900594990049e-28	4.994227369485015668e-29	2.140747349885343986e+00
1.097954511486423061e-28	5.519765324515573382e-29	1.989132593391154558e+00
1.171627180834704432e-28	6.714334652642657563e-29	1.744963933803284961e+00
1.066379648840594734e-28	4.824290805706498937e-29	2.210438159281792103e+00
1.146141473650186307e-28	6.474983987801328793e-29	1.770107039352501355e+00
1.167232581492691085e-28	7.236624151070162582e-29	1.612951781280611341e+00
1.214822282367899381e-28	7.620214608367987048e-29	1.594210064679630445e+00
1.119262553179429336e-28	6.299527504426223386e-29	1.776740481556758455e+00
1.187237860856324875e-28	6.814288126861747529e-29	1.742277166379660347e+00
1.157519773929741943e-28	7.158503473010494481e-29	1.616985698608524036e+00
1.140544594479496355e-28	7.086486477855283474e-29	1.609464151302071988e+00
1.100207770095068609e-28	5.620572507299983149e-29	1.957465665047683157e+00
1.132191624417140382e-28	6.613042684666543201e-29	1.712058546124793690e+00
1.115561581395912293e-28	5.996659716691198419e-29	1.860304959927675084e+00
1.120498232048914857e-28	6.271663277093316006e-29	1.786604577674687278e+00
1.100840284987678539e-28	5.845216592505834782e-29	1.883318209968589230e+00
1.230823588841186513e-28	7.909098531158331936e-29	1.556212233280807933e+00
1.196794427517355655e-28	8.527782803231234699e-29	1.403406319241482292e+00
1.137603992130057115e-28	6.858018736152995866e-29	1.658793940198821648e+00
1.097104155041417381e-28	5.499006902862006759e-29	1.995095067930210853e+00
1.154591891388353050e-28	6.540071278497292296e-29	1.765411785624518171e+00
1.118656054204247951e-28	6.053624013678907467e-29	1.847911353061417516e+00
1.141865276927222612e-28	6.566759568338979522e-29	1.738856531968400176e+00
1.133973269886690113e-28	6.652302857727536382e-29	1.704632657500596338e+00
1.090697505732320356e-28	5.546338174952513962e-29	1.966518216754171489e+00
1.166070893153519936e-28	6.716353199248982001e-29	1.736166724054817756e+00
1.158415065894145694e-28	6.907366890951279739e-29	1.677071862813138026e+00
1.193039963709426191e-28	7.047289518081615458e-29	1.692906131709756457e+00
1.218245041617685317e-28	8.020271370986943573e-29	1.518957383442965492e+00
1.151358741593661403e-28	7.092900121907604159e-29	1.623255257799976592e+00
1.175386320432605564e-28	7.704607639640543141e-29	1.525562852007143810e+00
1.208062781449129310e-28	8.077153235492946982e-29	1.495654157136219631e+00
1.200872463182597782e-28	7.753194635271325587e-29	1.548874392652949128e+00
1.103400272631007004e-28	5.599190414469023924e-29	1.970642523211355135e+00
1.138770891350826635e-28	6.651324143150796000e-29	1.712096519192312316e+00
1.075864137695600633e-28	5.726874624626936774e-29	1.878623521927870410e+00
1.117658638095209784e-28	6.419039691798947749e-29	1.741161749666613856e+00
1.212523225792544079e-28	7.625735591338997246e-29	1.590041001644063146e+00
1.175318091062915028e-28	7.281799336645023075e-29	1.614048996308136141e+00
1.130272627647196581e-28	6.896226307988137560e-29	1.638972645572786213e+00
1.137237630396669240e-28	6.350475960538300416e-29	1.790791174493747473e+00
1.133811225113273613e-28	6.946861742384634881e-29	1.632120038024641229e+00
1.149405732144412160e-28	7.158891535728884950e-29	1.605563831227099447e+00
1.102570177522408359e-28	5.990734649111482241e-29	1.840459045679708749e+00
1.099727645086973791e-28	5.893069018437183850e-29	1.866137392327057443e+00
1.157975640861690470e-28	7.419877125131961767e-29	1.560639915369347763e+00
1.080090560536784666e-28	5.499726212982054090e-29	1.963898780974297598e+00
1.122635198887981070e-28	5.867582367590608127e-29	1.913284089693940038e+00
1.121301871053173596e-28	6.134951908266968198e-29	1.827727238647457453e+00
1.103873665996278744e-28	5.740769577407296863e-29	1.922867049638353754e+00
1.129345881047150375e-28	6.304215094663182725e-29	1.791413941448785963e+00
1.107689508848265677e-28	5.573097507168935570e-29	1.987565276622906607e+00
1.153139797275546735e-28	7.372585895954672273e-29	1.564091369770643114e+00
1.236335503495503719e-28	8.038582333287178980e-29	1.538001916551789527e+00
1.173469353078704236e-28	6.935123737136613055e-29	1.692066929959649801e+00
1.167469474597036902e-28	6.919060476011350165e-29	1.687323703333275748e+00
1.204223843746856659e-28	7.486445892807417725e-29	1.608538765910018098e+00
1.085728318487322301e-28	5.793122244604834092e-29	1.874167802170007668e+00
1.108456572139208847e-28	5.189945952373414924e-29	2.135776715810114190e+00
1.188444436789503463e-28	7.490043707074549773e-29	1.586698934302593456e+00
1.122552148674765234e-28	6.384681343547300070e-29	1.758196044990211426e+00
1.059538718480704926e-28	4.929481473527926255e-29	2.149391825835213599e+00
1.147558965733502779e-28	6.620034897759014173e-29	1.733463619839782810e+00
1.208761775828801299e-28	7.566842585815095021e-29	1.597445383751952663e+00
1.199460484411622912e-28	6.803560783112073751e-29	1.762989297294067281e+00
1.154406318828373409e-28	7.116019316338826386e-29	1.622264172580004216e+00
1.217768706798594612e-28	7.503444578014188415e-29	1.622946227079191894e+00
1.163555550218433579e-28	7.073138964639885967e-29	1.645034200565397065e+00
1.120365154161231286e-28	5.956206889112154538e-29	1.881004429529202326e+00
1.087261153462066657e-28	5.734841686083136749e-29	1.895886953776852568e+00
1.299114584974223593e-28	9.113888040866003714e-29	1.425423023795211686e+00
1.222049129845447977e-28	8.091661296510537677e-29	1.510257393463128039e+00
1.065430335187672279e-28	5.029874703765272897e-29	2.118204523842533327e+00
1.222122063973882266e-28	7.940196305004245585e-29	1.539158500657785478e+00
1.169545880249522274e-28	6.557259157042921815e-29	1.783589533735835619e+00
1.186921367311533598e-28	7.548900788177984524e-29	1.572310195373505470e+00
1.190577982325535146e-28	7.743239906101406312e-29	1.537570831800524118e+00
1.172379217601839910e-28	7.158331117663366742e-29	1.637782883092630204e+00
1.138662549727337336e-28	6.300825508231130195e-29	1.807164074357934691e+00
1.220025048394619188e-28	8.328002250129592027e-29	1.464967241544194332e+00
1.169003725604135059e-28	7.441660031774587427e-29	1.570891065451382573e+00
1.231618761342646617e-28	7.776938127146648127e-29	1.583680802401505661e+00
1.145508288920207625e-28	6.370113867181289211e-29	1.798254023090302134e+00
1.214825792055624083e-28	8.115289976821285519e-29	1.496959191261659328e+00
1.132444102792832553e-28	6.136385328516593140e-29	1.845457940084393345e+00
1.123443233306735485e-28	5.624352066900330208e-29	1.997462498690774302e+00
1.144687823641448439e-28	6.020312497288561813e-29	1.901376089957115711e+00
1.137343816514412563e-28	6.387033517823317368e-29	1.780707449460850800e+00
1.189295882818627238e-28	6.918885047002907982e-29	1.718912620659597712e+00
1.106752355752661633e-28	5.892878208341009110e-29	1.878118495960295453e+00
1.315217998609517806e-28	8.756227155097315876e-29	1.502037321911962930e+00
1.180362693730145064e-28	7.940834263263514311e-29	1.486446706476204804e+00
1.158888882824549267e-28	6.648943908106356881e-29	1.742966851339561085e+00
1.169893785226799276e-28	7.464809467742446485e-29	1.567211849521734424e+00
1.132395662796973752e-28	6.243583667647397826e-29	1.813695023684473329e+00
1.174564734326755961e-28	6.931353117538574221e-29	1.694567733614271932e+00
1.103437496048277146e-28	5.657248370968518345e-29	1.950484447016366696e+00
1.157931783824940216e-28	6.633631997557187252e-29	1.745547211921530728e+00
1.179275275884862574e-28	6.781446971755812727e-29	1.738972937186488821e+00
1.067400811626200233e-28	4.731295287634173131e-29	2.256043528747792681e+00
1.106946956818630762e-28	5.997770868379095050e-29	1.845597274571751933e+00
1.173512646685334413e-28	6.848668097516954250e-29	1.713490316622004128e+00
1.120251990607908580e-28	5.729384373647597875e-29	1.955274629086725113e+00
1.122400105596598124e-28	5.885583537099948133e-29	1.907032834588985537e+00
1.146569239135963820e-28	6.655442481447753511e-29	1.722754335766645273e+00
1.118861850643765918e-28	6.436175457006749141e-29	1.738395508509196663e+00
1.115343122291807064e-28	6.071179978797636833e-29	1.837110950732668835e+00
1.252781178213694746e-28	7.961777305067978236e-29	1.573494372187791868e+00
1.127902408780180525e-28	6.120310462203990276e-29	1.842884304228597170e+00
1.124092082619530351e-28	6.225318114173844441e-29	1.805678138857177872e+00
1.115396962731439507e-28	6.538683126189412705e-29	1.705843426276363983e+00
1.076591538111923887e-28	5.222070219266537745e-29	2.061618271887458054e+00
1.117028788945714077e-28	6.447210533245304151e-29	1.732576876752681683e+00
1.125225952497469949e-28	5.850859405683800531e-29	1.923180638051860347e+00
1.089725792192335477e-28	5.302603971662887461e-29	2.055076709510703648e+00
1.160836354184194306e-28	6.380915106667005863e-29	1.819231779108472002e+00
1.230830262268435474e-28	7.591886898406454055e-29	1.621244202843417304e+00
1.191732133171615208e-28	7.933708939451136965e-29	1.502112243172435635e+00
1.104344959819021157e-28	5.978477270693937894e-29	1.847201067791024442e+00
1.083121149112428008e-28	5.342052396952441893e-29	2.027537486772559294e+00
1.144648745068379167e-28	6.544377388699487571e-29	1.749056750677158156e+00
1.088125637473097160e-28	5.525306290169660214e-29	1.969348992306605872e+00
1.122352533947644218e-28	6.452801249083299549e-29	1.739326054877466277e+00
1.101751924931936301e-28	5.889552473909750653e-29	1.870688698016716556e+00
1.051974366247237863e-28	4.926519804846949764e-29	2.135329619932217149e+00
1.247344897266261745e-28	8.949359007363195918e-29	1.393781271083206486e+00
1.151691975355102911e-28	6.421044398423052878e-29	1.793620949946939325e+00
1.222524429974320056e-28	8.399776363058871549e-29	1.455424974587209430e+00
1.123575669023080721e-28	6.209048111361297990e-29	1.809577972132580648e+00
1.109993747240532757e-28	5.898204601836360847e-29	1.881918010940048847e+00
1.150147595058819167e-28	6.772471689371968304e-29	1.698268590570477299e+00
1.093017801973893907e-28	5.943033444021719544e-29	1.839158086975590134e+00
1.193551685517181158e-28	7.341950289054453519e-29	1.625660265361037915e+00
1.158834901928228846e-28	7.213892507693701496e-29	1.606393359330372306e+00
1.085967641256655886e-28	5.326961937412438558e-29	2.038624743363874448e+00
1.113302069225451502e-28	6.215263671236211183e-29	1.791238679668141209e+00
1.248206553171739114e-28	8.346351355398364021e-29	1.495511631396163832e+00
1.146696591211220575e-28	7.112178715882129841e-29	1.612300023691115580e+00
1.183021526370033117e-28	8.012714996231185269e-29	1.476430307238523199e+00
1.196411056547904674e-28	7.193953633811719170e-29	1.663078631650821260e+00
1.175941779343829355e-28	7.301798609578521793e-29	1.610482351295234649e+00
1.309599055988047186e-28	9.206786048950543068e-29	1.422428031916007196e+00
1.106617052059455954e-28	5.959430922741721872e-29	1.856917323827861122e+00
1.077965245328655752e-28	5.390080788200232877e-29	1.999905544437288851e+00
1.068644304558808699e-28	5.668067436725289437e-29	1.885376835206136859e+00
1.129777587855551753e-28	6.436955266978106997e-29	1.755142829174789476e+00
1.388923111409063652e-28	1.175039412778215623e-28	1.182022574140853877e+00
1.151698601236273229e-28	6.944692733249214281e-29	1.658386692505872562e+00
1.108395618429320957e-28	6.288582980832091131e-29	1.762552266238300636e+00
1.081221080773908902e-28	5.892417710200039962e-29	1.834936241709861582e+00
1.205125142476977540e-28	7.465674281507354697e-29	1.614221431360995718e+00
1.209195699589666142e-28	6.898023560190644265e-29	1.752959654368369424e+00
1.115012657548464066e-28	6.300008802710936410e-29	1.769858888242610950e+00
1.093377224430268061e-28	5.480378019955838321e-29	1.995076289352533783e+00
1.045890683376069539e-28	4.838662375048514904e-29	2.161528543031653093e+00
1.114914574601398283e-28	5.718012162114463321e-29	1.949828966766510074e+00
1.218357694496701689e-28	8.183103513474914638e-29	1.488869953179086769e+00
1.231505382712744752e-28	8.668016237819697723e-29	1.420746510994666201e+00
1.345317949020516097e-28	1.121833384591806422e-28	1.199213686718752392e+00
1.188684442668113414e-28	8.069261882268237461e-29	1.473101827665529884e+00
1.148275734562482010e-28	6.648460445150093860e-29	1.727130279311692274e+00
1.158825148001683184e-28	7.079559831861353736e-29	1.636860448281578506e+00
1.098436819821818898e-28	5.513381512184984527e-29	1.992310558219473116e+00
1.187035614126504062e-28	7.249124865539114196e-29	1.637488160494287026e+00
1.083134094459045574e-28	5.525633986516344696e-29	1.960198770135897606e+00
1.163833805180331842e-28	6.988145259181998946e-29	1.665440201963639621e+00
1.198987173115549924e-28	7.002123243077769789e-29	1.712319437251917709e+00
1.166653059002096845e-28	7.196970427923893404e-29	1.621033559448209038e+00
1.140307315000855944e-28	6.387949062158452199e-29	1.785091433737188371e+00
1.259110566769685478e-28	8.487061068213109135e-29	1.483564872044431215e+00
1.090279717162191817e-28	5.518259466995014488e-29	1.975767402173111309e+00
1.096511480024621715e-28	5.679718705473445220e-29	1.930573566905580796e+00
1.122559026384906064e-28	6.594261420147241543e-29	1.702327152143508382e+00
1.211973208695954940e-28	7.259374563220998641e-29	1.669528412042979193e+00
1.240261220658295810e-28	9.307691520288102593e-29	1.332512167979440942e+00
1.155821332032096493e-28	6.975153700175259364e-29	1.657055000813896228e+00
1.085207822445071892e-28	5.775402249662179110e-29	1.879016864164827716e+00
1.074434205006480400e-28	5.175640008239173804e-29	2.075944623845695336e+00
1.147086293592553223e-28	6.629619562440854423e-29	1.730244522764479376e+00
1.173771113984979619e-28	7.872968918786881316e-29	1.490887524252848095e+00
1.236831029351329744e-28	8.648763623106991201e-29	1.430066866490460553e+00
1.155370775823205678e-28	6.604248810074761778e-29	1.749435566480613158e+00
1.162956232923628533e-28	6.947129191021052779e-29	1.674009797351563744e+00
1.163279286792335785e-28	6.969907045743479017e-29	1.669002583761501235e+00
1.170671077779924681e-28	6.086667884827655173e-29	1.923336544611013110e+00
1.160759099351287936e-28	6.874282663901055955e-29	1.688553055065346920e+00
1.213158677214747393e-28	7.643302900431097137e-29	1.587217846811125099e+00
1.122898217421397006e-28	6.308342838896311096e-29	1.780020912144743228e+00
1.073688456102541272e-28	5.230671375048596021e-29	2.052678096399367380e+00
1.282938087064551526e-28	8.663518808315286659e-29	1.480851043842810633e+00
1.159999178994799059e-28	6.970746405499119978e-29	1.664096083139235516e+00
1.145487419295600835e-28	6.522941788945978124e-29	1.756090206472157744e+00
1.133928252325559414e-28	6.922628070246374524e-29	1.638002563216144569e+00
1.143841743326413576e-28	6.587555763165797796e-29	1.736367454712390623e+00
1.186124045472152573e-28	7.591340740683031767e-29	1.562469774430690350e+00
1.060478805405970156e-28	5.311536350908245595e-29	1.996557559517847746e+00
1.113747157393650653e-28	5.619394247667732999e-29	1.981970134691829033e+00
1.216800594985744855e-28	8.099809010959013689e-29	1.502258378363511726e+00
1.296468672343858315e-28	8.727355287965473409e-29	1.485522967228817715e+00
1.170193358810443475e-28	6.602382534882390975e-29	1.772380428773941530e+00
1.119674528399618630e-28	6.171239416179427779e-29	1.814343040174580590e+00
1.119095792928685785e-28	6.530217024593678142e-29	1.713719143964159253e+00
1.127618015062952955e-28	5.741829053991920447e-29	1.963865528666328908e+00
1.133013470607781922e-28	6.740659422640064690e-29	1.680864437093934738e+00
1.086026903113925888e-28	5.244453977619438668e-29	2.070810245925534865e+00
1.151128713701135283e-28	6.365876883007534976e-29	1.808279887997596314e+00
1.211632287751150327e-28	8.246392371938835843e-29	1.469287699520753554e+00
1.131334622318541934e-28	6.558878697837251626e-29	1.724890296708174064e+00
1.144682870259273691e-28	7.198247820590536309e-29	1.590224314012802509e+00
1.129390367165516741e-28	5.982630014935806410e-29	1.887782403969427314e+00
1.106950149327849902e-28	6.149523627596273900e-29	1.800058372587365119e+00
1.161841287223743658e-28	7.020209131092032200e-29	1.654995265138223592e+00
1.235155331616069882e-28	8.377111395359447837e-29	1.474440619591488089e+00
1.105424272415615503e-28	5.631674454381238665e-29	1.962869624957876313e+00
1.085493406830718100e-28	5.466710445691279313e-29	1.985642769293325394e+00
1.146472709951896606e-28	7.373420926724650846e-29	1.554872183949996600e+00
1.123314194340960942e-28	6.216728487470178439e-29	1.806921754110705658e+00
1.195971798726564451e-28	7.617228398623412555e-29	1.570087879920603058e+00
1.092616825180238411e-28	5.855976058896703851e-29	1.865815048065775583e+00
1.147931363291691651e-28	6.413517019734564677e-29	1.789862504082355921e+00
1.156344761924234991e-28	6.791632484264968312e-29	1.702602083671760358e+00
1.181959328027414469e-28	6.865198166039945307e-29	1.721668187051335286e+00
1.237358928887232951e-28	8.753732401979867777e-29	1.413521538089711704e+00
1.142995346861380036e-28	6.853080909387844515e-29	1.667856197780508642e+00
1.068933851170340786e-28	5.306979802435475489e-29	2.014203729736801396e+00
1.196812983541123294e-28	7.289481241692066642e-29	1.641835603740869010e+00
1.214356378035126923e-28	7.432189177258971677e-29	1.633914784826544953e+00
1.138110124341529523e-28	6.108440564401239211e-29	1.863176226964056825e+00
1.106754057033188460e-28	6.238332175481969362e-29	1.774118507800815259e+00
1.130896242222057798e-28	6.151309707533912012e-29	1.838464158026338779e+00
1.136610323992756032e-28	6.709094622505329480e-29	1.694133691571515943e+00
1.156161467658012025e-28	6.778049168123952808e-29	1.705743701440303406e+00
1.144812791014689788e-28	7.096883128453826101e-29	1.613120535161054914e+00
1.137697700543608142e-28	5.980057670466127892e-29	1.902486168590624915e+00
1.160214795146198871e-28	6.540236050434822308e-29	1.773964710446594539e+00
1.093978870291700039e-28	5.425079237420418618e-29	2.016521459715818310e+00
1.201320159121765673e-28	8.148499394483520059e-29	1.474283915312126547e+00
1.187359777700920011e-28	7.510397402949935016e-29	1.580954660581008309e+00
1.159935030331280889e-28	6.295707222032796308e-29	1.842422128957823313e+00
1.135963889583535040e-28	6.521186683179680507e-29	1.741958856221008878e+00
1.137095581454162210e-28	7.072967759483974784e-29	1.607664024665541147e+00
1.117209191431556347e-28	6.252686795036579239e-29	1.786766598190083322e+00
1.211438287611422482e-28	7.620702760618454996e-29	1.589667417382788273e+00
1.113483293996698441e-28	6.485080682543026745e-29	1.716992198715502793e+00
1.138793820005001774e-28	6.572201827256630925e-29	1.732743226603491671e+00
1.192715606159295910e-28	7.923082665340938666e-29	1.505368120639155372e+00
1.113286643464297894e-28	5.757046035613892634e-29	1.933781033845049846e+00
1.104533895234294527e-28	5.961088586637817180e-29	1.852906359603817776e+00
1.064535232710729928e-28	4.906352057941421064e-29	2.169708207114231069e+00
1.122949874772966625e-28	6.805820223877278314e-29	1.649984627618067856e+00
1.195709752640027843e-28	7.259814534485941908e-29	1.647025205616625909e+00
1.144309782909890936e-28	6.863313396341338131e-29	1.667284760040090852e+00
1.147500615950705802e-28	6.948384136756778417e-29	1.651463985533638379e+00
1.165639967485454001e-28	7.382932710622022643e-29	1.578830544951895121e+00
1.083111181027715545e-28	5.612744410464526170e-29	1.929735441023002762e+00
1.152874117621212118e-28	6.993094318258497746e-29	1.648589401420106126e+00
1.213971821870972146e-28	7.414428718485267926e-29	1.637309991050774682e+00
1.132988148090434958e-28	6.661179331342772024e-29	1.700882218797801437e+00
1.179928027944459405e-28	7.439558313553708726e-29	1.586018925068193308e+00
1.085823322602095766e-28	5.706367693166985722e-29	1.902827474476102454e+00
1.101076771424961025e-28	5.365122507803346269e-29	2.052286354735592511e+00
1.122417315032979886e-28	5.766097862895110598e-29	1.946580411435166580e+00
1.152791319953285906e-28	6.466160187200953991e-29	1.782806621826518167e+00
1.199821779477902620e-28	7.744207764994013952e-29	1.549315069904803943e+00
1.175527270000963132e-28	7.100514085350749000e-29	1.655552338704916249e+00
1.148638447239711198e-28	6.015682263799240857e-29	1.909406775274533175e+00
1.148142633361730630e-28	6.828292769410678051e-29	1.681449041706543746e+00
1.115124864627603954e-28	6.080735969575269741e-29	1.833864963397668690e+00
1.093228227500047588e-28	5.553722355884269334e-29	1.968460354057405270e+00
1.135758527147503228e-28	6.800775192266886745e-29	1.670042745184352251e+00
1.072824749339221806e-28	5.220753413672939918e-29	2.054923234890844608e+00
1.167852136757386022e-28	7.493499880668080783e-29	1.558486895783157689e+00
1.147749126213810604e-28	5.896733323031586338e-29	1.946415181658135429e+00
1.092028945618092935e-28	5.639629216643501028e-29	1.936348833705823447e+00
1.118315909698527811e-28	6.212666554876733378e-29	1.800057833170987776e+00
1.174945205069099543e-28	7.129006983910901905e-29	1.648119026563972245e+00
1.207650942384119493e-28	7.237153775194981210e-29	1.668682164144817071e+00
1.230067870096518939e-28	7.760608632982813226e-29	1.585014691848645185e+00
1.154810249512489899e-28	7.246971095295318052e-29	1.593507458946793021e+00
1.299444551833938211e-28	9.203013050705421916e-29	1.411977299906506333e+00
1.151839131388336779e-28	7.673577231739035196e-29	1.501045857236129821e+00
1.180487270474252837e-28	7.591669805640648454e-29	1.554977100817984681e+00
1.133495379018736642e-28	6.039551677440388964e-29	1.876787284150073232e+00
1.112656782392026394e-28	6.235065422612610086e-29	1.784515008225530774e+00
1.110267314901916197e-28	5.892677259284136550e-29	1.884147503840716720e+00
1.203807529684688381e-28	7.546996191779347201e-29	1.595081671030852855e+00
1.089125341226773022e-28	5.671484939096345701e-29	1.920353052017989670e+00
1.131294351008743544e-28	6.487156997962802533e-29	1.743898523442565240e+00
1.141945025390285505e-28	7.216330858267432900e-29	1.582445494557680021e+00
1.210062317650060302e-28	7.262653816061217338e-29	1.666143462564649624e+00
1.056276627192575988e-28	4.807598720090060569e-29	2.197098153759365236e+00
1.130879322160150187e-28	6.677318208799578449e-29	1.693613044634958431e+00
1.092794359318683294e-28	5.651640954196928156e-29	1.933587728192765809e+00
1.215735287636763066e-28	7.779410230659103058e-29	1.562760224220443250e+00
1.147956427669633013e-28	6.840166079802178841e-29	1.678258121625655797e+00
1.171557525719912916e-28	6.329929597421670558e-29	1.850822363327889075e+00
1.156323925403438340e-28	6.356805944452378369e-29	1.819032916070953743e+00
1.119301496760404702e-28	6.023234484226885896e-29	1.858306362954210922e+00
1.185331315255045083e-28	6.887973533024339425e-29	1.720870891230900757e+00
1.125283593933184604e-28	5.928825439886886780e-29	1.897987392853066169e+00
1.231505382712744752e-28	8.668016237819697723e-29	1.420746510994666201e+00
1.095365142751691060e-28	6.043373513077027946e-29	1.812506111663414021e+00
1.122090052007197865e-28	6.667593844836419776e-29	1.682901025646871496e+00
1.170135755118385255e-28	7.318790922794137705e-29	1.598810196195160183e+00
1.157899268188559250e-28	6.611751219691869500e-29	1.751274707281744059e+00
1.257341551730517444e-28	8.713715821987178813e-29	1.442945325985830030e+00
1.102533638098177204e-28	5.891392180534950255e-29	1.871431410967560049e+00
1.108534313919835946e-28	6.530812613499525564e-29	1.697391089783281348e+00
1.091254572730172677e-28	6.016090717942954861e-29	1.813893147381425708e+00
1.125989437128014351e-28	6.379162410682080867e-29	1.765105455290673309e+00
1.145290748917171554e-28	6.939487582896029074e-29	1.650396711912858416e+00
1.175511946466523013e-28	7.283536646157120803e-29	1.613930159995469849e+00
1.108601467545308232e-28	6.152678684414641385e-29	1.801819214699945437e+00
1.184311045148918801e-28	6.951926277361583396e-29	1.703572503358583123e+00
1.184384812824067316e-28	7.534505523017010125e-29	1.571947633731124006e+00
1.189015941377868732e-28	7.629840337700777184e-29	1.558375914503309367e+00
1.207532111109225836e-28	7.444543070505281335e-29	1.622036570509447495e+00
1.119876878824896003e-28	6.017131118926321046e-29	1.861147541396311667e+00
1.129059495042155986e-28	6.209607816643921120e-29	1.818246060589980617e+00
1.152494459955804467e-28	6.192890431097117099e-29	1.860996045027122126e+00
1.111064140840246537e-28	5.660276194079368875e-29	1.962915064113684327e+00
1.156911050009504316e-28	6.276177856149270989e-29	1.843336942524639310e+00
1.209561297128743096e-28	7.581418790380235201e-29	1.595428679739349098e+00
1.151522294428811070e-28	6.677564197925515211e-29	1.724464580642367517e+00
1.170640002141275365e-28	6.985920344803503458e-29	1.675713355380668235e+00
1.220267265947166083e-28	7.912951584455210624e-29	1.542113903924737350e+00
1.128275381510558523e-28	6.796168847316262922e-29	1.660163846511998997e+00
1.091968748954656170e-28	5.638045222841334162e-29	1.936786077080010493e+00
1.117848873196549560e-28	6.440539719361455689e-29	1.735644715979452357e+00
1.153114516178901716e-28	7.106802622270529386e-29	1.622550361206594127e+00
1.167602499566956538e-28	6.972801923660358165e-29	1.674509777203058603e+00
1.144392879588128491e-28	7.032229627042183796e-29	1.627354253603163325e+00
1.157201940888580071e-28	6.721764720098311133e-29	1.721574599938771932e+00
1.067775811974541105e-28	5.088141804402676320e-29	2.098557495096960768e+00
1.071425576401399938e-28	5.395863004379018744e-29	1.985642659073967087e+00
1.129946631784041119e-28	6.753271710661159932e-29	1.673184021309601421e+00
1.105490484177703942e-28	5.943417295372218989e-29	1.860025014630022344e+00
1.112033575475628788e-28	6.282545340112189468e-29	1.770036689390244611e+00
1.153243106433472400e-28	7.231222612776028048e-29	1.594810681662514273e+00
1.225503502938655005e-28	7.467470380521775262e-29	1.641122683439455887e+00
1.196827938076870242e-28	7.742234661154242973e-29	1.545843016205404430e+00
1.143209860336529073e-28	6.860631201895557182e-29	1.666333354313909165e+00
1.251009814632385014e-28	8.505107163582517083e-29	1.470892477391707809e+00
1.156335829954997787e-28	6.903550872123161960e-29	1.674987048511994203e+00
1.154829424109293874e-28	6.700350875121437221e-29	1.723535745564016786e+00
1.067657610654312412e-28	5.309683512695232762e-29	2.010774480440477241e+00
1.144553205489823497e-28	6.701511958301601804e-29	1.707902951768951905e+00
1.226096209866101353e-28	8.190901704232829691e-29	1.496900163302520070e+00
1.210089373335870737e-28	7.213011482118596743e-29	1.677647923250559892e+00
1.157077940515867315e-28	7.087298555687931114e-29	1.632607870861107147e+00
1.142742961520590804e-28	7.203479248099294489e-29	1.586376419175656416e+00
1.147760573459515506e-28	6.479815950675369880e-29	1.771285762120895058e+00
1.225380996645003660e-28	6.953335498096186726e-29	1.762292351606665974e+00
1.202711966667414645e-28	7.475383522707855770e-29	1.608896671339945739e+00
1.166859448342367334e-28	7.190973324771022665e-29	1.622672475119385727e+00
1.126375336407558024e-28	6.084437467349395195e-29	1.851239892680248911e+00
1.072222689021290607e-28	5.289874596835148330e-29	2.026934040483275634e+00
1.106055399801515476e-28	5.979873035015853957e-29	1.849630240182153162e+00
1.172893155842246117e-28	6.246613507105381587e-29	1.877646431155227891e+00
1.155818747823469967e-28	6.777154501907154609e-29	1.705463181484518032e+00
1.218849396696883434e-28	7.876129492565237345e-29	1.547523308050521962e+00
1.185642939694717524e-28	7.942935965056285038e-29	1.492701118214687650e+00
1.216170426960231476e-28	8.496778183567748859e-29	1.431331265434504285e+00
1.318152235780850381e-28	1.125619025164867295e-28	1.171046514239383107e+00
1.230693514059292179e-28	8.104547575117318710e-29	1.518522166293134523e+00
1.121702014843234834e-28	6.692252738319069324e-29	1.676120222448411301e+00
1.154369176339530724e-28	6.533786921502471599e-29	1.766768935394175122e+00
1.153381041995761487e-28	6.490740592609954309e-29	1.776963700119129408e+00
1.083573721049484622e-28	5.622622315309430831e-29	1.927167894772338297e+00
1.262153086401487316e-28	8.341913416317773521e-29	1.513025877171736200e+00
1.197726582012686138e-28	7.714333899526965750e-29	1.552598834341522904e+00
1.144494268548761922e-28	6.367994271458597196e-29	1.797260204329006239e+00
1.141114631427572090e-28	5.961501370916429831e-29	1.914139677958598851e+00
1.186151100508018807e-28	7.155880658733520055e-29	1.657589271084838334e+00
1.082476392187611325e-28	5.831114379574457204e-29	1.856379967402745912e+00
1.053087030014162115e-28	5.335592906989823225e-29	1.973701982837894775e+00
1.044207441964442034e-28	4.627960547559756798e-29	2.256301520364158097e+00
1.118795161727302132e-28	5.939370461548093178e-29	1.883693177535332275e+00
1.112535996259769815e-28	5.954405821940514845e-29	1.868424876518072431e+00
1.113145836016531893e-28	6.201310475444008351e-29	1.795017102311478263e+00
1.159024585970707558e-28	7.281284228671489666e-29	1.591785939912660153e+00
1.220100301837539812e-28	8.041247522236745614e-29	1.517302257471310645e+00
1.183254171533069276e-28	7.584654730337278870e-29	1.560063329976329349e+00
1.193277529616881789e-28	7.890325226603444906e-29	1.512329967836513411e+00
1.179840238725411738e-28	6.635173983038962353e-29	1.778160213645272769e+00
1.173041169250337184e-28	7.166829477533958075e-29	1.636764447832195657e+00
1.106394805832040578e-28	5.849299946797044745e-29	1.891499522840984326e+00
1.197429623216372177e-28	7.267698425074209533e-29	1.647604995668412453e+00
1.165913618838103064e-28	7.111876878492997728e-29	1.639389487132346668e+00
1.155666615811842457e-28	6.713579364313085966e-29	1.721386689721641439e+00
1.154717578967285824e-28	6.831877828236827403e-29	1.690190615228398530e+00
1.171106064200914512e-28	6.846433569961838811e-29	1.710534473509018660e+00
1.153958606694039985e-28	6.823274898181925429e-29	1.691209315048283424e+00
1.119949635162938774e-28	5.908267932488276095e-29	1.895563383313373595e+00
1.084065937684149290e-28	5.508430893905072772e-29	1.968012231729435735e+00
1.164050416381508352e-28	7.229798039082297031e-29	1.610073213786847646e+00
1.104568667109884859e-28	5.726166919750034728e-29	1.928984401939339177e+00
1.112140683997354437e-28	5.767058845020425946e-29	1.928436511372922268e+00
1.201166285819107558e-28	8.011099182509436893e-29	1.499377624036416279e+00
1.144034633176604924e-28	6.461568048715986565e-29	1.770521682277945263e+00
1.206014938064149777e-28	7.497539985278019398e-29	1.608547524164259723e+00
1.115744762604741546e-28	6.281303270857744775e-29	1.776295005180319464e+00
1.144333690534358800e-28	6.622658650589240460e-29	1.727906798325689941e+00
1.111093044521350094e-28	5.719188142987613827e-29	1.942746097422374030e+00
1.202115143795632227e-28	7.489646059932674922e-29	1.605035984579541219e+00
1.125933956190610227e-28	6.181446214099774747e-29	1.821473352987159844e+00
1.139954223332344399e-28	7.248380745243586207e-29	1.572701908740633536e+00
1.155236174130689467e-28	6.619058568144121546e-29	1.745317951544579360e+00
1.219492857976077615e-28	7.643610640279961119e-29	1.595440839895282181e+00
1.088203793850479556e-28	5.850451903003448451e-29	1.860033740798429536e+00
1.129201465706657978e-28	6.275039995577439204e-29	1.799512778408589364e+00
1.071413486605846480e-28	5.313906656132690869e-29	2.016244461820468903e+00
1.158714849733713328e-28	6.167213225427794691e-29	1.878830530710794422e+00
1.151853505902257781e-28	6.751750255772486050e-29	1.706007275546762791e+00
1.161916554234388916e-28	6.359786873841659724e-29	1.826974043758368360e+00
1.117568869182034546e-28	6.324007846352821689e-29	1.767184507569133256e+00
1.199644199738833590e-28	7.529825347451888115e-29	1.593189940514086800e+00
1.140903884124646775e-28	6.391013246000947850e-29	1.785169018134245222e+00
1.174362853765549350e-28	7.158854047536319749e-29	1.640434133686102802e+00
1.091744220397446794e-28	5.866035198648028424e-29	1.861127973881005593e+00
1.120986889208949493e-28	6.455889935950227137e-29	1.736378563343574211e+00
1.152687084832594371e-28	7.446597764873432724e-29	1.547937892214306110e+00
1.230007972377595716e-28	7.939504976572461125e-29	1.549225015926117166e+00
1.103728328355934844e-28	5.625872295644901882e-29	1.961879456827259727e+00
1.146256567387846433e-28	7.027567512798546305e-29	1.631085813548277752e+00
1.191603904907926584e-28	7.277630865348286988e-29	1.637351394918406200e+00
1.172638978493872643e-28	6.623622002126881701e-29	1.770389340027754832e+00
1.125824175685705336e-28	6.557422519817772722e-29	1.716869962677029626e+00
1.113219200746257059e-28	6.094659301313927677e-29	1.826548697326299653e+00
1.284959501714717800e-28	8.602693909652627857e-29	1.493671070027183800e+00
1.161393457223260623e-28	6.767394704197386111e-29	1.716160365972036361e+00
1.183954905521398717e-28	7.228640281777369563e-29	1.637866679444573537e+00
1.077900098495242278e-28	5.074676247331075145e-29	2.124076583333059709e+00
1.135386136659952292e-28	6.384843565679535739e-29	1.778252082420618718e+00
1.091470446556297205e-28	5.532188188067145590e-29	1.972945260449715077e+00
1.121685077985829509e-28	6.508049147171774861e-29	1.723535045019265244e+00
1.138958148600139548e-28	6.177975957997017961e-29	1.843578149775456421e+00
1.146951775805916315e-28	6.943574998363149022e-29	1.651817365083972255e+00
1.154718995947305491e-28	7.043266344915457694e-29	1.639465184758913008e+00
1.183189668647931170e-28	7.258067476586640539e-29	1.630171767436319641e+00
1.147929765894322959e-28	6.779421273451047041e-29	1.693256281903797733e+00
1.199198022272653867e-28	7.875919487164156238e-29	1.522613358639656633e+00
1.217113665611698422e-28	7.704888180153029567e-29	1.579664282146045151e+00
1.330631243427798492e-28	9.360098519719760852e-29	1.421599613107103588e+00
1.117854701883169798e-28	5.822789041441502882e-29	1.919792549459135467e+00
1.067471377495396779e-28	5.660822018241142941e-29	1.885717964733093055e+00
1.137126208228328035e-28	6.391539537388916729e-29	1.779111592092049943e+00
1.121107906553714851e-28	6.019438287706212989e-29	1.862479276253080407e+00
1.150313330019770541e-28	6.610710198853101536e-29	1.740075264862373627e+00
1.149576408443179557e-28	6.862225700828197913e-29	1.675223839263167758e+00
1.207313503845408651e-28	7.670110871367907626e-29	1.574049611658473014e+00
1.147509907853163557e-28	6.732358564592630603e-29	1.704469387427225424e+00
1.132499788847092831e-28	6.636672542005600694e-29	1.706427101351081221e+00
