3.179681211055455307e-09	4.841582701005198768e-17	3.510091910177472266e-17	1.000000000000000000e+00
6.359362422110910614e-09	4.376154902126815079e-18	3.510091985006435745e-17	1.000000000000000000e+00
9.539043633166366748e-09	-1.207964660743762568e-17	4.489876643537663678e-17	1.000000000000000000e+00
1.271872484422182123e-08	-2.605105250302118712e-17	4.312627988825015097e-17	1.000000000000000000e+00
1.589840605527727571e-08	-3.566350690937005343e-17	3.876161078536684307e-17	1.000000000000000000e+00
1.907808726633273019e-08	2.705849787285500257e-16	1.194994902546337860e-16	1.000000000000000000e+00
2.225776847738818798e-08	9.525311398781268183e-16	2.053226254407143489e-16	1.000000000000000000e+00
2.543744968844364246e-08	8.489897933179495883e-17	3.510938313225824653e-17	1.000000000000000000e+00
2.861713089949909694e-08	-5.148001598755072280e-18	3.511660247991671642e-17	1.000000000000000000e+00
3.179681211055455142e-08	-3.237740845628393064e-17	3.510136485941126217e-17	1.000000000000000000e+00
3.497649332161000920e-08	3.768479246809613824e-17	3.565551125809512170e-17	1.000000000000000000e+00
3.815617453266546699e-08	5.845048880807583280e-17	3.513266446053195219e-17	1.000000000000000000e+00
4.133585574372092478e-08	3.150680411855996441e-17	3.724132877952802837e-17	1.000000000000000000e+00
4.451553695477637595e-08	-2.606553390861506099e-17	3.510235372095247244e-17	1.000000000000000000e+00
4.769521816583183374e-08	-1.211281192769829215e-17	3.513535939645893934e-17	1.000000000000000000e+00
5.087489937688728491e-08	-3.287587541755957157e-17	3.537497351206219011e-17	1.000000000000000000e+00
5.405458058794274270e-08	5.460135782772398744e-18	5.597688628002019346e-17	1.000000000000000000e+00
5.723426179899820049e-08	-6.046225757778795978e-17	3.829312338249605751e-17	1.000000000000000000e+00
6.041394301005365166e-08	2.807185072520866692e-17	3.512581913998599605e-17	1.000000000000000000e+00
6.359362422110910283e-08	1.837822666404511354e-17	3.510687071703881296e-17	1.000000000000000000e+00
