3.179681211055455307e-09	-1.970715591277009816e-15	7.022283480831034549e-15	1.000000000000000000e+00
6.359362422110910614e-09	-4.786478931729245644e-16	1.276952788347009365e-14	1.000000000000000000e+00
9.539043633166366748e-09	-4.786034559935636994e-15	6.264120672681898536e-14	1.000000000000000000e+00
1.271872484422182123e-08	2.254948620791303996e-13	3.005753382977730918e-13	1.000000000000000000e+00
1.589840605527727571e-08	1.629925231476849362e-13	3.314907550360199249e-13	1.000000000000000000e+00
1.907808726633273019e-08	2.567641262756154079e-14	1.236595377159836139e-13	1.000000000000000000e+00
2.225776847738818798e-08	3.040693249514432762e-12	8.178317479765662349e-13	1.000000000000000000e+00
2.543744968844364246e-08	4.278314575579427663e-15	9.155913685704022307e-15	1.000000000000000000e+00
2.861713089949909694e-08	1.643357083828172642e-15	4.614992659445074208e-15	1.000000000000000000e+00
3.179681211055455142e-08	2.494391314667308810e-16	2.534896288154887188e-15	1.000000000000000000e+00
3.497649332161000920e-08	8.484669238554524818e-17	2.081860698595774087e-15	1.000000000000000000e+00
3.815617453266546699e-08	2.669173880646069621e-16	1.498702597486162988e-15	1.000000000000000000e+00
4.133585574372092478e-08	5.665688515142290234e-16	1.162539938878236405e-15	1.000000000000000000e+00
4.451553695477637595e-08	-5.246952112787197393e-17	1.151380754877855585e-15	1.000000000000000000e+00
4.769521816583183374e-08	-4.793916033557019705e-16	7.753996671185454202e-16	1.000000000000000000e+00
5.087489937688728491e-08	7.812236646456323734e-16	9.534777419773280552e-16	1.000000000000000000e+00
5.405458058794274270e-08	1.971020531515436047e-16	6.015375756653219855e-16	1.000000000000000000e+00
5.723426179899820049e-08	7.691973089845076857e-16	5.826029428779103280e-16	1.000000000000000000e+00
6.041394301005365166e-08	-4.850154949809317164e-16	4.510391602000919870e-16	1.000000000000000000e+00
6.359362422110910283e-08	-4.069656593558763126e-16	6.400700599547031677e-16	1.000000000000000000e+00
