3.179681211055455307e-09	-1.664162602992986210e-14	8.784440291887812343e-15	1.000000000000000000e+00
6.359362422110910614e-09	-3.843606141883424400e-14	1.984696673093842945e-14	1.000000000000000000e+00
9.539043633166366748e-09	-4.391545634754435590e-13	2.299438183369885897e-13	1.000000000000000000e+00
1.271872484422182123e-08	-1.457047392940065524e-13	3.404142400220965412e-13	1.000000000000000000e+00
1.589840605527727571e-08	8.688853817096093272e-14	1.712117080019885151e-13	1.000000000000000000e+00
1.907808726633273019e-08	-3.338357517340136282e-15	1.402410331604224263e-13	1.000000000000000000e+00
2.225776847738818798e-08	3.221123335030978780e-12	7.746113004648050358e-13	1.000000000000000000e+00
2.543744968844364246e-08	-5.895888452975443633e-15	7.804274475211594668e-15	1.000000000000000000e+00
2.861713089949909694e-08	-2.758253588396854334e-16	4.007537112671210193e-15	1.000000000000000000e+00
3.179681211055455142e-08	2.446040560565201189e-15	2.784821877152619002e-15	1.000000000000000000e+00
3.497649332161000920e-08	6.359161696218122787e-17	1.900861678999131525e-15	1.000000000000000000e+00
3.815617453266546699e-08	1.793348330181745168e-16	2.240413849624187207e-15	1.000000000000000000e+00
4.133585574372092478e-08	-9.962575319541198811e-16	1.601974906234855035e-15	1.000000000000000000e+00
4.451553695477637595e-08	-8.669341772387210889e-16	9.657163939699660738e-16	1.000000000000000000e+00
4.769521816583183374e-08	1.302658868879831178e-16	8.146429306279395178e-16	1.000000000000000000e+00
5.087489937688728491e-08	1.723095531043060732e-16	8.398826552038057326e-16	1.000000000000000000e+00
5.405458058794274270e-08	2.156055689015121271e-16	1.030646259236993396e-15	1.000000000000000000e+00
5.723426179899820049e-08	-7.932376225023625218e-16	7.005156600202055718e-16	1.000000000000000000e+00
6.041394301005365166e-08	1.767326910602880714e-16	6.589978944436860638e-16	1.000000000000000000e+00
6.359362422110910283e-08	-3.266685099800338942e-16	7.561969063697565856e-16	1.000000000000000000e+00
