3.179681211055445794e-09	-1.073756490450271263e-16	3.164124570355061259e-16	1.000000000000000000e+00
6.359362422110891589e-09	-1.332214398892632416e-16	4.766133576587544657e-16	1.000000000000000000e+00
9.539043633166336970e-09	-9.314076101410199988e-17	4.188470522763877921e-16	1.000000000000000000e+00
1.271872484422178318e-08	7.154971845518584287e-17	3.713436584254527305e-16	1.000000000000000000e+00
1.589840605527722939e-08	9.724983890737123707e-17	3.164877868483398496e-16	1.000000000000000000e+00
1.907808726633267394e-08	2.415794931709011196e-16	4.195777158697298207e-16	1.000000000000000000e+00
2.225776847738811849e-08	7.691017295929044822e-16	4.676154633272156402e-16	1.000000000000000000e+00
2.543744968844356636e-08	-1.734932703967006344e-16	3.164835793041167689e-16	1.000000000000000000e+00
2.861713089949901091e-08	-4.780955829746950037e-16	3.911983818002860192e-16	1.000000000000000000e+00
3.179681211055445877e-08	3.570728060246337198e-16	3.200343615453026344e-16	1.000000000000000000e+00
3.497649332160990332e-08	1.618130770588609438e-16	3.527726229256458092e-16	1.000000000000000000e+00
3.815617453266534788e-08	5.581575486338694485e-16	3.475128542655122983e-16	1.000000000000000000e+00
4.133585574372079243e-08	-2.383987125877932409e-16	3.168504154701906675e-16	1.000000000000000000e+00
4.451553695477623699e-08	2.784436590916438511e-16	3.183998349121898090e-16	1.000000000000000000e+00
4.769521816583168816e-08	7.142190672847854998e-16	3.158688944430760288e-16	1.000000000000000000e+00
5.087489937688713271e-08	-9.215937484155709421e-17	3.799899988911190690e-16	1.000000000000000000e+00
5.405458058794257726e-08	3.650970288046626362e-16	3.762878103914248893e-16	1.000000000000000000e+00
5.723426179899802182e-08	-2.781452612854852402e-16	3.158697423978226337e-16	1.000000000000000000e+00
6.041394301005346637e-08	-2.311953120626774009e-16	3.162068079533806945e-16	1.000000000000000000e+00
6.359362422110891754e-08	1.796053848564573328e-16	3.204310297900890181e-16	1.000000000000000000e+00
