0.26087
0.208696
0.156342
0.129386
0.108772
0.0964392
0.0904523
0.0895028
0.0975369
0.0977778
0.0953975
0.0965463
0.101657
0.102601
0.101439
0.100984
0.0991217
0.0979444
0.0979143
0.100611
0.100696
0.102683
0.102934
0.10207
0.101632
0.104437
0.104783
0.104421
0.104039
0.104867
0.106867
0.107762
0.108297
0.109117
0.108446
0.110401
0.110488
0.110431
0.111041
0.112342
0.112617
0.112456
0.111175
0.112493
0.11268
0.112978
0.113087
0.113666
0.114388
0.11461
0.114165
0.114878
0.114656
0.115466
0.116853
0.117539
0.118231
0.118704
0.117814
0.11891
0.119356
0.120175
0.120626
0.120057
0.120048
0.120238
0.121171
0.121177
0.121344
0.120861
0.120849
0.120451
0.120504
0.12104
0.120675
0.120618
0.120864
0.12186
0.122654
0.122307
0.122744
0.123234
0.123995
0.124562
0.125432
0.126147
0.127206
0.1284
0.128606
0.128537
0.129446
0.129927
0.129957
0.129042
0.129229
0.129377
0.129787
0.130483
0.129936
0.12967
0.130715
0.130527
0.130755
0.131017
0.13076
0.131397
0.131295
0.131595
0.131968
0.131611
0.131181
0.131538
0.131377
0.131932
0.131873
0.131908
0.131896
0.132353
0.132297
0.131889
0.132275
0.132544
0.132348
0.13259
0.132705
0.132876
0.132737
0.13252
0.132739
0.133783
0.133822
0.134414
0.134413
0.134897
0.135481
0.136258
0.136705
0.137598
0.138697
0.139898
0.141367
0.142498
0.143942
0.145013
0.146654
0.147244
0.147552
0.148875
0.149695
0.15028
0.15151
0.151859
0.152266
0.153639
0.15536
0.156452
0.157159
0.157241
0.158165
0.158541
0.15883
0.159523
0.16041
0.161894
0.162465
0.163645
0.164474
0.165187
0.166176
0.167235
0.167084
0.167297
0.16744
0.167436
0.167353
0.167585
0.16758
0.167485
0.167493
0.167206
0.167229
0.167404
0.167551
0.167647
0.167679
0.167475
0.167446
0.166987
0.16663
0.166545
0.166545
0.166365
0.166523
0.166296
0.166465
0.16656
0.166302
0.165882
0.165827
0.165797
0.165813
0.166024
0.165856
0.165883
0.165728
0.165473
0.164953
0.165049
0.165168
0.165032
0.164841
0.164576
0.164367
0.164398
0.164345
0.164333
0.164269
0.164279
0.164479
0.164279
0.164247
0.164048
0.163857
0.163611
0.163415
0.163398
0.163445
0.163253
0.163146
0.16304
0.162594
0.162556
0.162891
0.162467
0.162188
0.162039
0.162078
0.162321
0.16226
0.162279
0.162346
0.162256
0.16233
0.162261
0.162304
0.162064
0.162177
0.162083
0.162004
0.16215
0.161871
0.162028
0.161861
0.161641
0.161494
0.161727
0.16187
0.162043
0.162167
0.162057
0.161644
0.161806
0.161725
0.161749
0.161679
0.161478
0.161513
0.161876
0.161683
0.161625
0.161473
0.161319
0.16124
0.161348
0.161452
0.161333
0.160999
0.161059
0.161211
0.161204
0.161526
0.161462
0.16129
0.161252
0.161295
0.161181
0.161159
0.161254
0.161326
0.161048
0.161124
0.161157
0.161366
0.161494
0.161433
0.161418
0.161396
0.161552
0.161415
0.161281
0.161143
0.161128
0.160925
0.16094
0.16056
0.160435
0.16026
0.160192
0.16012
0.159998
0.159754
0.159993
0.160027
0.159948
0.159918
0.16011
0.160277
0.160377
0.16031
0.160186
0.160191
0.160273
0.160408
0.160165
0.159889
0.159872
0.159526
0.159517
0.159357
0.159294
0.159258
0.159359
0.159259
0.159194
0.159107
0.158868
0.158821
0.158757
0.15866
0.158778
0.158564
0.158427
0.158237
0.158094
0.157985
0.157867
0.157871
0.15763
0.157437
0.157158
0.157063
0.15689
0.156642
0.156558
0.156689
0.156726
0.156559
0.156452
0.156406
0.156414
0.15629
0.156262
0.156348
0.156184
0.156175
0.156021
0.156074
0.156255
0.156193
0.156036
0.155928
0.155891
0.155834
0.155706
0.155817
0.155762
0.155835
0.155851
0.15574
0.155657
0.15559
0.155474
0.155418
0.155371
0.155339
0.155181
0.155031
0.154936
0.154846
0.154752
0.154557
0.154561
0.154509
0.154417
0.154506
0.154673
0.154547
0.154452
0.154319
0.154239
0.154028
0.153927
0.153841
0.153833
0.15376
0.153656
0.153726
0.153785
0.153793
0.153631
0.153597
0.153589
0.153527
0.153332
0.153365
0.153447
0.153291
0.153136
0.153056
0.152941
0.152863
0.152754
0.152643
0.152474
0.152287
0.15222
0.152056
0.15218
0.152313
0.152238
0.152246
0.152232
0.1522
0.152219
0.152058
0.151889
0.151893
0.151923
0.15173
0.15167
0.151567
0.151467
0.151394
0.151373
0.151386
0.151364
0.151364
0.151387
0.151456
0.151435
0.151493
0.151604
0.151506
0.151622
0.151555
0.151807
0.15195
0.152123
0.15224
0.152395
0.152398
0.152387
0.15231
0.15234
0.152317
0.152358
0.152382
0.152296
0.15232
0.152333
0.152264
0.152329
0.152289
0.152119
0.152052
0.152069
0.152024
0.151977
0.152041
0.152222
0.152175
0.152205
0.152269
0.152153
0.152198
0.152185
0.152163
0.152079
0.152059
0.151877
0.151946
0.152088
0.152063
0.151986
0.15209
0.15212
0.152095
0.152089
0.151939
0.151844
0.151938
0.152204
0.152194
0.152139
0.152144
0.152261
0.152303
0.152325
0.15227
0.152275
0.152336
0.152337
0.15225
0.15229
0.152572
0.152602
0.152645
0.152648
0.152563
0.152555
0.152596
0.152644
0.152659
0.152835
0.152824
0.15283
0.152971
0.153137
0.153262
0.15322
0.153194
0.153243
0.153228
0.153198
0.153277
0.153272
0.153334
0.153278
0.153261
0.153169
0.153117
0.153072
0.152976
0.153097
0.15302
0.153089
0.153151
0.153202
0.153343
0.153306
0.153454
0.15327
0.153267
0.153138
0.153085
0.152917
0.15295
0.152946
0.152808
0.152599
0.152562
0.152533
0.152558
0.15245
0.152433
0.152384
0.15249
0.152412
0.152409
0.152538
0.152551
0.152615
0.152696
0.152824
0.152927
0.15281
0.152945
0.152939
0.152946
0.153005
0.152961
0.152904
0.152856
0.152928
0.152952
0.152992
0.153005
0.152945
0.153017
0.153011
0.153241
0.153333
0.153348
0.153323
0.153271
0.153266
0.153328
0.153277
0.153172
0.153244
0.153105
0.153146
0.153246
0.153285
0.153456
0.153546
0.153693
0.153821
0.15401
0.154073
0.15409
0.154013
0.15409
0.154068
0.153941
0.153857
0.153901
0.153864
0.153727
0.153795
0.153744
0.153608
0.153582
0.153457
0.153368
0.153341
0.153345
0.153341
0.153237
0.153196
0.153294
0.153208
0.153221
0.153281
0.153244
0.15324
0.153217
0.153202
0.153248
0.153211
0.153116
0.153109
0.153165
0.153098
0.153116
0.153102
0.153281
0.153336
0.153455
0.15342
0.153536
0.153561
0.153545
0.153527
0.153445
0.153429
0.153438
0.153404
0.153409
0.153363
0.153336
0.15341
0.15336
0.153356
0.153334
0.153363
0.153449
0.153453
0.153532
0.153515
0.153427
0.153449
0.153449
0.153531
0.153455
0.153523
0.153572
0.153767
0.153848
0.154026
0.154185
0.154296
0.154459
0.154608
0.154843
0.155254
0.155441
0.155641
0.15602
0.156167
0.156236
0.156484
0.156688
0.156907
0.15702
0.157198
0.157304
0.157512
0.157776
0.15809
0.158365
0.158543
0.158768
0.158913
0.15909
0.159217
0.159368
0.15949
0.159745
0.159883
0.160075
0.160332
0.160637
0.160933
0.16127
0.161551
0.161776
0.162085
0.16219
0.162327
0.162582
0.16271
0.16284
0.162973
0.16311
0.163167
0.163412
0.163557
0.163829
0.16396
0.164143
0.164362
0.164511
0.164669
0.164955
0.165086
0.16526
0.165381
0.165644
0.165803
0.165914
0.166075
0.166262
0.166292
0.166612
0.166878
0.166963
0.167103
0.167128
0.167359
0.167521
0.167735
0.16786
0.168203
0.168349
0.168448
0.168558
0.168663
0.16889
0.169134
0.169231
0.16926
0.169391
0.169459
0.169643
0.169851
0.170012
0.170166
0.170332
0.170433
0.170651
0.170683
0.170977
0.17113
0.171318
0.171622
0.171794
0.171885
0.171987
0.172263
0.172314
0.172455
0.17262
0.172892
0.173143
0.173349
0.173468
0.173764
0.173994
0.174103
0.17416
0.174279
0.174416
0.174533
0.17476
0.174786
0.17481
0.174924
0.175006
0.175155
0.175368
0.175574
0.17576
0.175897
0.176034
0.176033
0.176225
0.176404
0.176584
0.176692
0.176893
0.177179
0.177456
0.177621
0.177736
0.177968
0.178093
0.178209
0.178291
0.17838
0.178544
0.17858
0.178816
0.179044
0.17915
0.179263
0.17924
0.179342
0.179447
0.179558
0.17957
0.179666
0.179797
0.17987
0.180059
0.180195
0.180317
0.18041
0.180471
0.180638
0.180759
0.180805
0.180985
0.18117
0.181322
0.181429
0.18152
0.181726
0.181752
0.181976
0.182166
0.182231
0.182399
0.182488
0.182527
0.182652
0.182785
0.182897
0.182891
0.18302
0.183166
0.183226
0.183329
0.183394
0.183484
0.18352
0.183568
0.183686
0.183847
0.18398
0.184062
0.184247
0.184292
0.184469
0.184564
0.184747
0.184866
0.185039
0.18512
0.185323
0.18549
0.185566
0.185764
0.185978
0.18603
0.186206
0.186245
0.186348
0.186456
0.186442
0.18645
0.18653
0.186582
0.186601
0.186602
0.186619
0.186665
0.186701
0.186579
0.18655
0.186513
0.186504
0.186504
0.186559
0.186664
0.186687
0.186729
0.186711
0.186681
0.18667
0.186583
0.18656
0.186535
0.186437
0.186371
0.186323
0.186208
0.18621
0.186163
0.186084
0.186093
0.186014
0.185938
0.185874
0.185873
0.185814
0.18574
0.185715
0.185699
0.185605
0.185582
0.185519
0.18548
0.185344
0.185347
0.18529
0.185181
0.185117
0.185102
0.184992
0.18497
0.184909
0.184872
0.184844
0.184743
0.184717
0.184736
0.184645
0.184569
0.184469
0.184431
0.184311
0.184277
0.184254
0.184181
0.184023
0.183949
0.183929
0.183939
0.183942
0.183891
0.183774
0.183685
0.183598
0.183567
0.183458
0.183376
0.183345
0.183264
0.1832
0.183206
0.183173
0.183118
0.183041
0.183002
0.183051
0.183063
0.182936
0.182876
0.182834
0.182771
0.182729
0.182723
0.182686
0.182669
0.182613
0.182581
0.182537
0.182493
0.182484
0.182494
0.182427
0.182405
0.182377
0.182376
0.182374
0.182291
0.182232
0.182169
0.182098
0.182094
0.182075
0.182083
0.182117
0.18208
0.18206
0.182039
0.181976
0.181963
0.181935
0.181875
0.181857
0.181767
0.181657
0.18172
0.181723
0.181772
0.181814
0.181867
0.181976
0.181931
0.181865
0.181858
0.18184
0.181772
0.181691
0.181664
0.1816
0.181592
0.18153
0.181467
0.181418
0.181392
0.181369
0.181322
0.181274
0.181137
0.181063
0.181025
0.180976
0.180934
0.180922
0.18088
0.180945
0.180914
0.180903
0.180909
0.180838
0.180865
0.180803
0.180693
0.180665
0.180637
0.180648
0.180575
0.180575
0.180524
0.180544
0.180612
0.180567
0.180634
0.180622
0.180558
0.180534
0.180519
0.180446
0.180406
0.180357
0.180279
0.180201
0.180223
0.180193
0.180142
0.180063
0.180068
0.18008
0.180039
0.179969
0.17997
0.179959
0.179966
0.179935
0.179947
0.179921
0.179956
0.179922
0.179937
0.17986
0.179815
0.179808
0.179748
0.179747
0.179698
0.179627
0.179582
0.179523
0.179502
0.179534
0.179461
0.179417
0.179409
0.179437
0.179495
0.179452
0.179417
0.179369
0.179444
0.179462
0.17949
0.17946
0.179384
0.179339
0.179312
0.179307
0.179256
0.179227
0.179245
0.179216
0.179211
0.179209
0.179171
0.179189
0.179204
0.179188
0.179118
0.179078
0.179041
0.179043
0.179006
0.178971
0.17895
0.178863
0.178831
0.178826
0.178811
0.178732
0.178713
0.178619
0.178596
0.1786
0.178588
0.178568
0.178587
0.178598
0.178618
0.178634
0.178596
0.178571
0.178606
0.178641
0.178639
0.178633
0.178594
0.178578
0.178604
0.178639
0.178619
0.178621
0.178608
0.17867
0.178646
0.178617
0.178562
0.178508
0.1785
0.178447
0.178441
0.178408
0.178311
0.17836
0.178335
0.178251
0.178183
0.178147
0.178129
0.178103
0.178101
0.178147
0.178088
0.178037
0.178041
0.178019
0.177995
0.177904
0.1779
0.177964
0.177963
0.177959
0.177962
0.177936
0.177968
0.17792
0.177837
0.177802
0.177786
0.17776
0.177754
0.177697
0.177643
0.177548
0.17744
0.177452
0.177452
0.177445
0.177443
0.17745
0.177466
0.177468
0.177561
0.177522
0.177462
0.177439
0.177399
0.177381
0.177342
0.177289
0.177246
0.177284
0.177332
0.177275
0.177307
0.177232
0.177334
0.177342
0.17737
0.177344
0.177274
0.177286
0.177255
0.177202
0.177131
0.177052
0.176989
0.176934
0.176892
0.176858
0.176803
0.176793
0.176808
0.176752
0.176748
0.176774
0.176768
0.176772
0.176788
0.176756
0.17679
0.176754
0.176728
0.176658
0.176604
0.17654
0.176487
0.176425
0.176367
0.176383
0.17639
0.176308
0.176218
0.176176
0.176097
0.176114
0.176116
0.176072
0.176027
0.175978
0.175973
0.175934
0.175863
0.175825
0.175831
0.175736
0.175704
0.17568
0.175641
0.175566
0.175534
0.175441
0.175406
0.17533
0.175321
0.175285
0.175338
0.175285
0.175273
0.175276
0.175264
0.175242
0.175228
0.175184
0.175174
0.175128
0.175103
0.175022
0.17495
0.174967
0.174977
0.174935
0.174889
0.174874
0.174839
0.174799
0.174821
0.174826
0.174826
0.174774
0.174759
0.174705
0.174664
0.174605
0.174494
0.1745
0.174518
0.174481
0.174414
0.174454
0.174431
0.174413
0.174434
0.174461
0.174446
0.174409
0.174349
0.174393
0.174339
0.174404
0.174395
0.174361
0.174348
0.174278
0.174252
0.174236
0.174216
0.174249
0.174297
0.174234
0.174187
0.17415
0.17416
0.174218
0.174215
0.174192
0.174174
0.17422
0.174236
0.174258
0.174235
0.174205
0.174176
0.174134
0.1741
0.174019
0.174001
0.173953
0.173943
0.173933
0.173908
0.173875
0.17391
0.173962
0.17396
0.173946
0.173953
0.173928
0.173976
0.174015
0.174025
0.174044
0.174045
0.174097
0.174103
0.174076
0.174079
0.174053
0.174019
0.173955
0.173957
0.173929
0.173886
0.173805
0.173789
0.173764
0.173782
0.173754
0.173735
0.173747
0.173711
0.173692
0.173688
0.17365
0.173609
0.173557
0.173512
0.173501
0.173466
0.173421
0.173406
0.173372
0.173313
0.173245
0.17321
0.173203
0.173188
0.173246
0.173299
0.173336
0.173423
0.173442
0.173487
0.173563
0.173629
0.173683
0.173765
0.173834
0.17396
0.173957
0.174055
0.174087
0.174171
0.174271
0.174307
0.174377
0.174446
0.174428
0.174466
0.174423
0.174424
0.174373
0.174392
0.174358
0.17433
0.174298
0.174288
0.174239
0.174307
0.174312
0.1743
0.174316
0.174288
0.174267
0.174241
0.174192
0.17423
0.174209
0.174231
0.174164
0.17413
0.174091
0.17406
0.174029
0.174028
0.174017
0.173982
0.173961
0.17389
0.173824
0.173754
0.173728
0.173731
0.173725
0.173765
0.173736
0.173717
0.17368
0.173649
0.173665
0.173629
0.173645
0.173565
0.173567
0.173535
0.173501
0.173477
0.173494
0.17347
0.173426
0.173397
0.173487
0.17345
0.17347
0.173433
0.173398
0.173399
0.173411
0.173362
0.173379
0.173356
0.173334
0.173338
0.173356
0.173323
0.17326
0.173218
0.173156
0.173162
0.17318
0.173173
0.173212
0.173273
0.173224
0.17321
0.173181
0.173169
0.173152
0.173132
0.173121
0.173145
0.173115
0.173081
0.173044
0.173022
0.172991
0.172971
0.17297
0.172978
0.172975
0.172969
0.172946
0.17291
0.172862
0.172864
0.172838
0.172827
0.172822
0.172842
0.172789
0.172772
0.17274
0.172725
0.172696
0.172643
0.172588
0.172566
0.172538
0.172522
0.17256
0.172603
0.172615
0.172589
0.172587
0.172602
0.172596
0.172563
0.172581
0.172536
0.172496
0.1725
0.172479
0.172522
0.172538
0.172555
0.172595
0.172521
0.172519
0.17246
0.172429
0.172431
0.172432
0.172387
0.172365
0.172344
0.172344
0.172363
0.172379
0.172362
0.172368
0.172335
0.17233
0.172335
0.17231
0.172269
0.172235
0.172214
0.172184
0.172214
0.172212
0.17219
0.172137
0.17209
0.172122
0.172121
0.172141
0.172147
0.172095
0.17211
0.172082
0.172048
0.172043
0.17198
0.171924
0.171915
0.171892
0.171845
0.171849
0.171795
0.17179
0.171729
0.171684
0.171639
0.171627
0.171609
0.171589
0.171547
0.171532
0.171545
0.171567
0.17156
0.171546
0.171559
0.171554
0.171528
0.171491
0.17145
0.171413
0.171352
0.171286
0.171263
0.171223
0.171211
0.171209
0.171219
0.171173
0.171166
0.171138
0.171103
0.171109
0.171054
0.17102
0.171022
0.171
0.171011
0.170986
0.170942
0.170932
0.17091
0.170877
0.170904
0.170921
0.170908
0.170852
0.170814
0.170779
0.170813
0.170795
0.170795
0.170875
0.170895
0.17089
0.17085
0.170808
0.170821
0.170817
0.170794
0.170747
0.170668
0.17067
0.170714
0.170705
0.17072
0.170713
0.170705
0.170744
0.170744
0.170705
0.170691
0.170692
0.170673
0.17062
0.170686
0.17066
0.170649
0.170685
0.170661
0.1707
0.170673
0.170655
0.170693
0.170661
0.170575
0.170578
0.170538
0.170556
0.170546
0.170512
0.170482
0.170467
0.170442
0.170419
0.170412
0.170391
0.17039
0.17039
0.17038
0.17036
0.170373
0.170388
0.170398
0.170332
0.170323
0.170308
0.170294
0.170259
0.170267
0.170233
0.170246
0.170256
0.170245
0.170206
0.170134
0.170143
0.170071
0.170045
0.169977
0.169963
0.169996
0.169929
0.169919
0.16991
0.16991
0.169864
0.169831
0.169824
0.169824
0.169781
0.169758
0.16971
0.169688
0.169659
0.169679
0.16964
0.169619
0.169637
0.169636
0.169658
0.169644
0.169638
0.169631
0.169604
0.169599
0.169591
0.169571
0.169553
0.169527
0.16951
0.169502
0.169503
0.169434
0.169462
0.169492
0.169481
0.169517
0.169523
0.169534
0.169509
0.169518
0.169519
0.169507
0.169446
0.169396
0.169355
0.169327
0.169375
0.169338
0.169347
0.169323
0.16932
0.169303
0.169261
0.169258
0.169307
0.169288
0.169268
0.169292
0.169254
0.169235
0.169208
0.16917
0.169137
0.169114
0.169086
0.169087
0.169133
0.169104
0.169083
0.169091
0.169077
0.169044
0.169002
0.169015
0.169044
0.169033
0.169016
0.169002
0.168998
0.168991
0.169002
0.169004
0.168978
0.168933
0.168938
0.168918
0.168858
0.168876
0.168845
0.168897
0.168915
0.168886
0.168895
0.168883
0.16887
0.168881
0.168905
0.168858
0.168837
0.168856
0.16881
0.168812
0.168796
0.168807
0.168746
0.168733
0.168714
0.168709
0.168713
0.168714
0.168708
0.168696
0.168667
0.168661
0.168695
0.168715
0.168703
0.168656
0.168669
0.168675
0.168708
0.168691
0.168694
0.168731
0.168716
0.168715
0.168691
0.168679
0.16868
0.168692
0.168709
0.16876
0.16873
0.168735
0.1687
0.168744
0.168729
0.168729
0.168724
0.168751
0.168749
0.168806
0.16877
0.168752
0.168705
0.168713
0.168655
0.168607
0.168563
0.168508
0.168502
0.16853
0.168529
0.168519
0.168507
0.168517
0.168501
0.16848
0.168434
0.168414
0.168401
0.168373
0.168392
0.168369
0.168363
0.168324
0.168291
0.168289
0.168302
0.168232
0.168195
0.168159
0.168129
0.168096
0.168116
0.168084
0.168079
0.168053
0.168052
0.168055
0.168055
0.168033
0.16799
0.167963
0.16795
0.167937
0.16786
0.167866
0.16783
0.167798
0.167811
0.167802
0.167777
0.167765
0.167757
0.167717
0.167713
0.167697
0.167683
0.167647
0.167644
0.167622
0.167624
0.167603
0.16758
0.167633
0.167611
0.167608
0.167586
0.167551
0.167604
0.167584
0.167548
0.16749
0.167476
0.167516
0.167492
0.167528
0.167524
0.167485
0.167501
0.167465
0.167427
0.167393
0.167368
0.167398
0.167418
0.167395
0.167424
0.167457
0.167478
0.167471
0.167466
0.167461
0.167422
0.167424
0.16741
0.167432
0.167423
0.167442
0.16745
0.167451
0.167421
0.16741
0.167385
0.167352
0.167334
0.167326
0.167293
0.167312
0.167286
0.167242
0.167223
0.167207
0.167228
0.167219
0.167203
0.167178
0.167175
0.167175
0.167163
0.167149
0.167137
0.167139
0.16714
0.167134
0.167115
0.167122
0.167083
0.16707
0.167044
0.167017
0.167026
0.167028
0.167043
0.167053
0.167025
0.167009
0.166974
0.166982
0.167016
0.166994
0.166983
0.166943
0.166923
0.166975
0.166982
0.166988
0.166958
0.166951
0.166945
0.166926
0.16693
0.166903
0.166887
0.166871
0.166886
0.166868
0.16685
0.166817
0.16681
0.166798
0.166816
0.166783
0.166748
0.166755
0.166733
0.166705
0.166693
0.166715
0.166701
0.166688
0.166674
0.16668
0.166665
0.166687
0.166658
0.166623
0.16663
0.166604
0.166606
0.166615
0.166644
0.166643
0.166618
0.166601
0.166609
0.166596
0.166587
0.166554
0.166582
0.166562
0.166544
0.16654
0.166507
0.166539
0.166552
0.166548
0.166536
0.166535
0.16647
0.166461
0.166516
0.166528
0.166536
0.16654
0.166547
0.166539
0.166543
0.166571
0.166603
0.166569
0.166588
0.16657
0.166551
0.166529
0.166482
0.166486
0.166502
0.166484
0.166499
0.166504
0.166509
0.166508
0.166493
0.166511
0.166511
0.166481
0.166435
0.166424
0.166416
0.166389
0.166401
0.166392
0.166383
0.166345
0.166342
0.166299
0.166255
0.166224
0.166223
0.166249
0.166219
0.166199
0.166185
0.166142
0.166152
0.166154
0.166129
0.166115
0.166119
0.166088
0.166099
0.166071
0.166044
0.166033
0.166038
0.165987
0.165937
0.165916
0.165883
0.165835
0.165815
0.1658
0.165777
0.16574
0.165736
0.165708
0.165688
0.165661
0.165661
0.165676
0.165703
0.165676
0.165668
0.165686
0.165692
0.165706
0.165684
0.165702
0.165699
0.165686
0.165643
0.165624
0.16562
0.165607
0.165621
0.165632
0.165606
0.165594
0.16558
0.165599
0.165582
0.165586
0.165604
0.165574
0.165572
0.165561
0.165543
0.165525
0.165512
0.165491
0.165481
0.165528
0.165541
0.165534
0.16554
0.165529
0.165552
0.165545
0.165567
0.165567
0.165564
0.165554
0.165552
0.165591
0.165594
0.165626
0.165631
0.165651
0.165682
0.165694
0.165715
0.165708
0.165693
0.165692
0.165663
0.165682
0.165684
0.165664
0.165636
0.165627
0.165575
0.165562
0.165556
0.16552
0.165513
0.165538
0.165544
0.165499
0.165476
0.165465
0.165466
0.16545
0.165477
0.165472
0.165471
0.165457
0.165433
0.16548
0.165473
0.165459
0.165468
0.165461
0.165485
0.165477
0.16547
0.165455
0.165437
0.165495
0.165486
0.165503
0.16547
0.165459
0.165463
0.16546
0.165456
0.165417
0.165373
0.165334
0.165304
0.165263
0.165274
0.165268
0.16527
0.165262
0.165272
0.165244
0.165226
0.165218
0.165214
0.165152
0.165135
0.165111
0.165107
0.165076
0.165068
0.165054
0.165042
0.165027
0.165021
0.165004
0.165025
0.165004
0.165004
0.16498
0.164967
0.164917
0.16493
0.164915
0.164889
0.164915
0.164909
0.164892
0.164893
0.164913
0.164898
0.164878
0.164887
0.164859
0.164858
0.164848
0.164852
0.16486
0.16487
0.164846
0.164858
0.164864
0.164847
0.164809
0.164796
0.164796
0.1648
0.164839
0.164808
0.164798
0.164776
0.164745
0.16476
0.164775
0.164796
0.164777
0.164759
0.164763
0.164761
0.164755
0.164755
0.164734
0.164757
0.164779
0.164769
0.164784
0.164776
0.16477
0.164793
0.164772
0.164773
0.164787
0.164793
0.164846
0.164843
0.164876
0.164934
0.164972
0.165011
0.165042
0.165026
0.165064
0.165105
0.165211
0.165279
0.165313
0.165403
0.165459
0.16555
0.165611
0.165644
0.165657
0.165681
0.165769
0.165837
0.165887
0.165909
0.165968
0.16603
0.166047
0.166118
0.166169
0.166183
0.166171
0.166175
0.166165
0.166141
0.166118
0.16612
0.166121
0.166117
0.166097
0.166121
0.166091
0.166087
0.166046
0.166041
0.166007
0.165992
0.165979
0.165965
0.165969
0.16595
0.16592
0.165904
0.165863
0.165859
0.165825
0.165802
0.165758
0.165725
0.16571
0.165677
0.165664
0.16567
0.165646
0.165652
0.165629
0.165606
0.165602
0.165593
0.165584
0.165547
0.165514
0.165487
0.165503
0.1655
0.165454
0.165458
0.16543
0.165434
0.165405
0.165383
0.165365
0.16543
0.165442
0.165484
0.165493
0.165486
0.165464
0.165454
0.16542
0.165404
0.1654
0.165395
0.165362
0.16533
0.165321
0.165315
0.1653
0.165291
0.165271
0.165257
0.165258
0.165252
0.165224
0.165241
0.165199
0.165194
0.165214
0.165191
0.165172
0.165157
0.165145
0.165135
0.165127
0.165137
0.165129
0.165148
0.165145
0.165121
0.165122
0.165124
0.165124
0.165111
0.165114
0.165139
0.165149
0.165133
0.165088
0.16508
0.165051
0.165004
0.164985
0.164977
0.164941
0.164933
0.164927
0.164905
0.164888
0.164862
0.164826
0.164815
0.164786
0.164783
0.164771
0.164792
0.164826
0.164866
0.164853
0.164865
0.16487
0.164872
0.164832
0.16482
0.164809
0.164806
0.164776
0.164769
0.164799
0.164781
0.164772
0.164776
0.164813
0.164835
0.164829
0.16485
0.164847
0.164851
0.16485
0.164851
0.164889
0.164895
0.164863
0.164889
0.164901
0.164901
0.16487
0.164832
0.164869
0.164894
0.164892
0.164875
0.164851
0.164864
0.164869
0.164849
0.164848
0.164837
0.164815
0.164799
0.164808
0.1648
0.164779
0.164776
0.164758
0.16475
0.164747
0.164728
0.164757
0.164733
0.16473
0.164702
0.164665
0.164615
0.164611
0.164567
0.16459
0.164562
0.164553
0.164573
0.164543
0.16452
0.164507
0.164486
0.164492
0.164527
0.164513
0.16451
0.164503
0.164509
0.164501
0.164485
0.164491
0.164445
0.164438
0.164435
0.164436
0.164428
0.164408
0.164419
0.164424
0.164421
0.164417
0.164398
0.164371
0.164347
0.164355
0.164359
0.164384
0.164392
0.164378
0.164367
0.164374
0.164366
0.164359
0.164341
0.164322
0.164295
0.164265
0.164256
0.164245
0.164212
0.164197
0.164188
0.164167
0.164185
0.164176
0.164168
0.16417
0.164154
0.164165
0.164133
0.164112
0.164093
0.164092
0.164097
0.164113
0.164091
0.164094
0.164087
0.164089
0.164113
0.164144
0.16413
0.164117
0.164113
0.164075
0.164085
0.164101
0.164099
0.1641
0.164059
0.164024
0.164026
0.163994
0.164004
0.163982
0.163983
0.163965
0.163958
0.163961
0.163972
0.163978
0.163981
0.16397
0.164002
0.163985
0.16397
0.163952
0.163927
0.163901
0.163885
0.163901
0.163905
0.163882
0.163865
0.163837
0.163806
0.163789
0.163783
0.163752
0.163751
0.163748
0.163724
0.163723
0.1637
0.163693
0.163695
0.163712
0.163676
0.163672
0.163662
0.163645
0.163627
0.163613
0.163581
0.163595
0.163584
0.163579
0.163582
0.1636
0.163593
0.16359
0.163581
0.163587
0.163587
0.163587
0.163584
0.163567
0.163596
0.163582
0.163609
0.163594
0.163571
0.163555
0.163549
0.163528
0.163518
0.163493
0.163462
0.163466
0.163469
0.163465
0.163436
0.163417
0.163418
0.163426
0.163424
0.163423
0.163417
0.163396
0.163363
0.163368
0.163353
0.163358
0.163367
0.163366
0.163376
0.163346
0.163334
0.16333
0.16332
0.163304
0.163294
0.163299
0.16329
0.163286
0.163296
0.163304
0.163277
0.163288
0.163288
0.163276
0.163246
0.163246
0.163266
0.163264
0.163276
0.163288
0.1633
0.163312
0.163327
0.163287
0.1633
0.163316
0.163302
0.163276
0.163277
0.163282
0.163269
0.163272
0.163295
0.163293
0.163304
0.163321
0.163333
0.163332
0.163326
0.163326
0.163315
0.163282
0.163262
0.163243
0.163238
0.163218
0.16322
0.163213
0.163194
0.163203
0.163185
0.163164
0.163167
0.163158
0.16315
0.163177
0.163164
0.163152
0.163174
0.16319
0.163191
0.163175
0.163172
0.16319
0.163169
0.163184
0.163175
0.163168
0.163144
0.163143
0.163149
0.163134
0.16311
0.16308
0.16308
0.163081
0.163089
0.163073
0.163048
0.163046
0.163032
0.163045
0.163025
0.162992
0.16296
0.162953
0.162935
0.162944
0.162933
0.162927
0.162934
0.162918
0.162933
0.162942
0.162912
0.162925
0.16293
0.162957
0.162942
0.162926
0.162923
0.162899
0.162873
0.162846
0.162825
0.162818
0.162805
0.162805
0.162785
0.162783
0.162788
0.162807
0.16281
0.162827
0.162802
0.16281
0.162807
0.162825
0.162801
0.162793
0.162797
0.162765
0.162749
0.162725
0.162701
0.1627
0.162668
0.162641
0.162603
0.162596
0.16261
0.162591
0.162553
0.162546
0.162536
0.162509
0.16254
0.162528
0.162529
0.162528
0.16253
0.162483
0.162474
0.162464
0.162445
0.162435
0.162451
0.162441
0.162445
0.162419
0.162415
0.162424
0.162405
0.162403
0.162408
0.162398
0.162392
0.162393
0.162411
0.162398
0.162382
0.162376
0.162369
0.162354
0.162366
0.162328
0.162311
0.162284
0.16231
0.162267
0.16226
0.162264
0.162235
0.162216
0.162193
0.162169
0.162157
0.162141
0.162115
0.162093
0.16207
0.162068
0.16204
0.162019
0.161998
0.162008
0.162012
0.162015
0.162036
0.162018
0.162004
0.161997
0.161993
0.161998
0.161997
0.161988
0.161985
0.161958
0.161979
0.161955
0.161939
0.161927
0.161924
0.161897
0.161881
0.161866
0.161834
0.161806
0.161805
0.161822
0.161819
0.161813
0.161778
0.161764
0.161781
0.161761
0.161757
0.161744
0.161719
0.161708
0.161716
0.161743
0.161738
0.161752
0.161764
0.161755
0.161742
0.161742
0.161729
0.161723
0.161704
0.161711
0.161695
0.161707
0.161702
0.161693
0.161673
0.161665
0.161644
0.16163
0.161594
0.161598
0.161621
0.16164
0.161625
0.161613
0.161598
0.161587
0.161599
0.16159
0.161579
0.16156
0.161568
0.161562
0.161547
0.161534
0.161529
0.161508
0.161499
0.1615
0.161488
0.161491
0.1615
0.161499
0.161488
0.161466
0.16145
0.161422
0.161421
0.161411
0.161399
0.161374
0.161378
0.161362
0.161342
0.161329
0.161297
0.161306
0.161277
0.16126
0.161225
0.161229
0.161252
0.161252
0.161267
0.161257
0.161238
0.161233
0.161221
0.161182
0.161182
0.16119
0.161206
0.161209
0.161191
0.161183
0.161176
0.161195
0.16119
0.161178
0.161181
0.161176
0.161185
0.161204
0.161193
0.161228
0.161231
0.16122
0.161221
0.161205
0.161205
0.161201
0.16119
0.161203
0.161189
0.161191
0.161185
0.161186
0.161177
0.161171
0.161181
0.161174
0.161196
0.161182
0.161167
0.161161
0.16118
0.161192
0.161195
0.161182
0.161168
0.161148
0.16112
0.161102
0.161097
0.161072
0.161076
0.161091
0.161077
0.161065
0.161057
0.161045
0.161043
0.16104
0.161048
0.161019
0.16101
0.16101
0.161016
0.161042
0.16103
0.160984
0.16097
0.160966
0.160935
0.160947
0.160938
0.160927
0.160935
0.160916
0.160879
0.160909
0.160906
0.160899
0.160877
0.160878
0.160856
0.160833
0.160872
0.160855
0.16085
0.160836
0.160828
0.160817
0.160808
0.160812
0.160825
0.160847
0.160838
0.160847
0.16084
0.160819
0.160798
0.160817
0.160802
0.160786
0.160773
0.160764
0.160779
0.160779
0.160751
0.160728
0.160744
0.160764
0.160768
0.160772
0.160765
0.160777
0.160767
0.160751
0.160748
0.160745
0.16074
0.160737
0.160749
0.160743
0.160715
0.160698
0.160706
0.160726
0.160715
0.160695
0.160677
0.160684
0.160663
0.160675
0.16069
0.160688
0.160698
0.160682
0.160689
0.160702
0.160682
0.160667
0.160676
0.160659
0.160649
0.160649
0.160646
0.160665
0.160645
0.160621
0.16062
0.160619
0.160625
0.160603
0.160589
0.160568
0.16056
0.160551
0.160556
0.160563
0.160554
0.160576
0.160603
0.160625
0.160622
0.160651
0.16069
0.160689
0.160686
0.160692
0.160688
0.16068
0.160684
0.16069
0.160692
0.160689
0.160677
0.160679
0.160675
0.160652
0.160659
0.160659
0.160632
0.160631
0.16063
0.160626
0.160636
0.16065
0.160648
0.160644
0.160651
0.160658
0.160637
0.160657
0.16064
0.160642
0.160637
0.160639
0.160624
0.160593
0.160599
0.160591
0.160579
0.160571
0.160563
0.160541
0.160537
0.160527
0.160517
0.160526
0.160513
0.160526
0.160514
0.160506
0.160491
0.160487
0.160461
0.160455
0.160451
0.160428
0.160415
0.160413
0.160428
0.160433
0.160452
0.160449
0.160461
0.160466
0.160465
0.160467
0.16044
0.160443
0.160449
0.160451
0.160479
0.160492
0.160492
0.160499
0.160512
0.160503
0.160478
0.160466
0.160455
0.160445
0.160435
0.160419
0.160404
0.160402
0.160412
0.160387
0.160411
0.160423
0.160439
0.160448
0.160451
0.160437
0.160425
0.160419
0.160437
0.160434
0.160411
0.160386
0.160357
0.160314
0.160321
0.160302
0.160292
0.160283
0.16026
0.160241
0.160219
0.160193
0.160199
0.160206
0.160224
0.160244
0.160235
0.160263
0.160256
0.160242
0.160236
0.160222
0.160209
0.160203
0.160187
0.16018
0.16018
0.160176
0.160175
0.160177
0.160163
0.16015
0.16013
0.160101
0.160078
0.160064
0.160069
0.160075
0.160077
0.160082
0.160074
0.160048
0.160039
0.16003
0.160024
0.160022
0.16003
0.160048
0.160085
0.160131
0.160174
0.160196
0.160244
0.160276
0.160291
0.160321
0.160353
0.160363
0.16035
0.160374
0.160382
0.160375
0.160374
0.160373
0.160383
0.160381
0.160382
0.160374
0.160401
0.160412
0.160408
0.160382
0.160394
0.160361
0.160343
0.16034
0.160337
0.160331
0.160312
0.160324
0.160347
0.16036
0.160354
0.16035
0.160337
0.160353
0.160345
0.160374
0.160412
0.160414
0.160404
0.160384
0.160367
0.160351
0.160318
0.160324
0.160301
0.160295
0.160299
0.160301
0.160297
0.160281
0.160265
0.160254
0.160261
0.160268
0.160257
0.160253
0.160257
0.160259
0.160247
0.160246
0.160247
0.160241
0.160233
0.160237
0.160239
0.16022
0.160224
0.160212
0.160214
0.160207
0.160199
0.160193
0.160244
0.160264
0.160269
0.160292
0.160292
0.16027
0.160268
0.160261
0.160265
0.160245
0.160234
0.160233
0.160214
0.160199
0.160193
0.160191
0.160178
0.160155
0.160138
0.160121
0.160105
0.160095
0.160091
0.160065
0.160058
0.160048
0.160067
0.160069
0.160051
0.160067
0.16007
0.160075
0.160066
0.160056
0.160043
0.160052
0.160049
0.160051
0.160027
0.160005
0.159998
0.159997
0.159999
0.160001
0.159974
0.159968
0.159969
0.159976
0.159966
0.159971
0.159976
0.159953
0.159954
0.159951
0.159944
0.15993
0.159916
0.159906
0.159888
0.159863
0.15986
0.159851
0.159842
0.159826
0.159845
0.159836
0.159838
0.159838
0.159837
0.159817
0.159822
0.159815
0.159819
0.159816
0.159808
0.159793
0.159805
0.159806
0.159808
0.159807
0.159818
0.159808
0.159781
0.159771
0.159763
0.159754
0.159744
0.159738
0.15973
0.159721
0.159728
0.159725
0.159721
0.159721
0.159708
0.159704
0.159732
0.159747
0.159755
0.159748
0.159752
0.15977
0.159765
0.15975
0.159771
0.159778
0.159784
0.15979
0.1598
0.159801
0.159825
0.15982
0.159808
0.159803
0.159802
0.159769
0.159772
0.159754
0.159742
0.159726
0.159729
0.159741
0.159732
0.159727
0.159711
0.159704
0.159699
0.159701
0.159682
0.159683
0.159696
0.159711
0.159725
0.159725
0.159723
0.159708
0.159718
0.159707
0.159705
0.159717
0.159723
0.159743
0.159755
0.159749
0.159742
0.159758
0.159765
0.159764
0.159777
0.159765
0.159776
0.159806
0.159787
0.159816
0.159793
0.159799
0.159796
0.159802
0.159801
0.159801
0.159789
0.159799
0.159785
0.159786
0.159775
0.15977
0.159755
0.159749
0.159744
0.15974
0.159748
0.159738
0.15973
0.159713
0.159706
0.159701
0.159683
0.159674
0.159664
0.159662
0.159656
0.159671
0.15966
0.159658
0.159649
0.159638
0.159654
0.159647
0.159642
0.159644
0.159627
0.159625
0.15962
0.159619
0.159613
0.15959
0.159596
0.159583
0.159577
0.159571
0.159566
0.159547
0.159551
0.159561
0.159575
0.159565
0.159554
0.159563
0.159572
0.159563
0.159572
0.159571
0.159564
0.159553
0.159558
0.159548
0.159555
0.159549
0.159533
0.159518
0.159499
0.159483
0.159463
0.159446
0.159451
0.159429
0.159447
0.159431
0.159408
0.159417
0.159418
0.15941
0.159393
0.15937
0.159376
0.159376
0.159367
0.159364
0.159356
0.159344
0.159326
0.159296
0.159275
0.159269
0.159275
0.159277
0.159259
0.159261
0.159243
0.159209
0.159185
0.159185
0.159193
0.159191
0.159186
0.159183
0.159194
0.159189
0.159173
0.159184
0.159164
0.159146
0.159129
0.159114
0.159108
0.159087
0.159073
0.159044
0.159054
0.159055
0.159032
0.159007
0.159005
0.159008
0.159033
0.159042
0.159027
0.159027
0.159007
0.159011
0.159018
0.159001
0.158983
0.158964
0.158953
0.158936
0.158918
0.158896
0.158892
0.158882
0.158868
0.158855
0.158866
0.158843
0.158832
0.158835
0.158833
0.158808
0.158792
0.158789
0.158784
0.15876
0.158756
0.158737
0.158724
0.158714
0.158692
0.158675
0.158657
0.158649
0.158626
0.158614
0.158621
0.158599
0.158595
0.158582
0.158576
0.158579
0.158585
0.158582
0.158583
0.158592
0.158581
0.158586
0.158574
0.158574
0.15857
0.158569
0.158575
0.158598
0.158581
0.158584
0.158583
0.158571
0.158552
0.158553
0.158564
0.158564
0.158585
0.158569
0.158552
0.158545
0.158542
0.158522
0.158517
0.158499
0.158504
0.158505
0.158501
0.158503
0.15849
0.158501
0.1585
0.158526
0.158535
0.158526
0.158544
0.158558
0.158542
0.158537
0.158515
0.158525
0.158534
0.158537
0.158553
0.158558
0.158562
0.158577
0.158586
0.158612
0.158649
0.158682
0.158713
0.158764
0.158794
0.158819
0.158873
0.1589
0.158937
0.158968
0.158988
0.15903
0.159051
0.159082
0.159137
0.159195
0.159238
0.159281
0.159308
0.159315
0.159319
0.15933
0.159338
0.159327
0.159346
0.159363
0.159353
0.159336
0.15935
0.15933
0.159345
0.15935
0.15936
0.159377
0.159381
0.159396
0.159393
0.159389
0.159385
0.159391
0.159393
0.159394
0.159393
0.159372
0.159395
0.15939
0.159373
0.159391
0.159369
0.15936
0.15937
0.15938
0.159371
0.15937
0.159378
0.159392
0.159402
0.159401
0.159399
0.159402
0.159399
0.159397
0.159392
0.159377
0.159352
0.159357
0.159347
0.159358
0.159362
0.159357
0.159346
0.15934
0.159338
0.159336
0.159345
0.159353
0.159339
0.159326
0.159323
0.159302
0.159283
0.159282
0.159272
0.15926
0.159272
0.15926
0.159261
0.15926
0.159262
0.159242
0.15927
0.15926
0.159269
0.159277
0.159305
0.159297
0.15928
0.159289
0.159272
0.159264
0.159239
0.15925
0.159246
0.159244
0.159248
0.159256
0.15927
0.159274
0.159271
0.159264
0.159268
0.159257
0.159279
0.159258
0.159246
0.159269
0.159302
0.159334
0.159325
0.159307
0.159303
0.159309
0.159319
0.159296
0.159301
0.159293
0.159304
0.159301
0.159295
0.159272
0.159257
0.159259
0.159241
0.159248
0.159225
0.159238
0.159234
0.159215
0.159233
0.159232
0.159226
0.159215
0.159221
0.159215
0.159205
0.159193
0.159187
0.15918
0.159172
0.159172
0.159152
0.159147
0.15913
0.159129
0.159126
0.159135
0.159139
0.159133
0.159122
0.159122
0.159127
0.159124
0.159113
0.159109
0.159106
0.159105
0.159122
0.159137
0.159126
0.159124
0.159104
0.159102
0.159121
0.159119
0.159117
0.159126
0.15912
0.159118
0.159111
0.159136
0.159131
0.159118
0.159109
0.159098
0.159101
0.159096
0.15911
0.159132
0.159133
0.159113
0.15911
0.159089
0.159082
0.159113
0.159096
0.159103
0.1591
0.159098
0.159083
0.159061
0.159052
0.15903
0.159028
0.159024
0.159013
0.158999
0.158998
0.159015
0.15901
0.158995
0.158975
0.15899
0.158975
0.159003
0.15899
0.158988
0.158975
0.158973
0.158994
0.158999
0.158984
0.158982
0.158983
0.158998
0.158997
0.158997
0.159025
0.159027
0.159018
0.159022
0.159028
0.159021
0.159019
0.159022
0.159022
0.159039
0.159029
0.159024
0.159019
0.159009
0.159
0.159
0.158999
0.158981
0.158976
0.158973
0.159001
0.15898
0.158975
0.158959
0.158955
0.158963
0.158963
0.158976
0.158969
0.158974
0.15899
0.159003
0.159008
0.159031
0.159025
0.15901
0.15901
0.158997
0.158989
0.158992
0.158999
0.159001
0.159015
0.159007
0.159023
0.159006
0.15901
0.158998
0.158985
0.159007
0.158996
0.158994
0.159008
0.159029
0.15901
0.159028
0.15903
0.159045
0.159049
0.159053
0.159059
0.159065
0.159036
0.159052
0.159042
0.159047
0.159057
0.159058
0.159056
0.159038
0.159013
0.159005
0.159001
0.159005
0.158992
0.159006
0.158996
0.158994
0.158997
0.159008
0.158996
0.159004
0.159002
0.15901
0.159004
0.158994
0.159005
0.158996
0.158989
0.158992
0.158987
0.15899
0.158996
0.159002
0.15902
0.159045
0.159058
0.159077
0.159105
0.159152
0.159185
0.159202
0.159222
0.159221
0.159243
0.15926
0.159261
0.159276
0.159296
0.159298
0.159292
0.1593
0.159289
0.159305
0.159304
0.159291
0.159309
0.159289
0.159287
0.159281
0.159288
0.15928
0.159274
0.159272
0.159275
0.159275
0.159286
0.159269
0.159265
0.159255
0.159253
0.159247
0.159273
0.159283
0.159292
0.159299
0.159278
0.159287
0.159284
0.15927
0.159262
0.159259
0.159249
0.159261
0.159233
0.159236
0.159241
0.159247
0.159249
0.159241
0.159239
0.159229
0.15923
0.159216
0.159224
0.159231
0.15923
0.159223
0.159201
0.159181
0.159157
0.159161
0.159151
0.159163
0.159171
0.159165
0.159172
0.159189
0.159197
0.159198
0.159188
0.159184
0.159192
0.159219
0.159224
0.159227
0.159218
0.159209
0.159194
0.159167
0.15917
0.159173
0.159173
0.159176
0.159198
0.159218
0.159229
0.159232
0.159209
0.159219
0.159213
0.159207
0.159208
0.159192
0.159197
0.159186
0.159191
0.159209
0.159216
0.159235
0.159233
0.159245
0.159233
0.159224
0.159226
0.159219
0.159212
0.159218
0.159224
0.159218
0.159203
0.159211
0.1592
0.159197
0.159179
0.159176
0.159164
0.159151
0.159156
0.159159
0.159156
0.159142
0.159133
0.159132
0.159127
0.159119
0.159114
0.159117
0.159119
0.159119
0.15913
0.159153
0.159152
0.159151
0.159146
0.159141
0.159127
0.15913
0.159125
0.15912
0.159116
0.159103
0.159101
0.159091
0.15911
0.1591
0.159118
0.159108
0.1591
0.159098
0.159091
0.159092
0.159093
0.159084
0.159073
0.159072
0.159058
0.159088
0.159088
0.159091
0.159098
0.159093
0.159101
0.159098
0.159095
0.159093
0.159099
0.159083
0.159075
0.15906
0.159048
0.159049
0.159044
0.159029
0.159031
0.159037
0.159036
0.159022
0.159008
0.159025
0.159026
0.159017
0.158996
0.158979
0.15897
0.158971
0.15895
0.158935
0.15895
0.158943
0.158957
0.158954
0.158943
0.158934
0.158936
0.15892
0.158935
0.158932
0.158929
0.158916
0.158924
0.158938
0.158943
0.158952
0.158949
0.158937
0.158929
0.158951
0.158934
0.158938
0.158937
0.158923
0.158909
0.158915
0.158907
0.158906
0.158888
0.158894
0.158905
0.158881
0.158873
0.158866
0.158849
0.158833
0.158818
0.158811
0.158797
0.158788
0.158769
0.158755
0.15874
0.158742
0.15873
0.158727
0.158715
0.158722
0.158741
0.158732
0.158727
0.158724
0.158732
0.158724
0.158726
0.158729
0.15872
0.158743
0.158747
0.158744
0.158728
0.15872
0.158752
0.158768
0.158758
0.158755
0.15875
0.158745
0.158764
0.158752
0.158736
0.158727
0.158741
0.158725
0.158719
0.158717
0.158715
0.15873
0.158729
0.158719
0.158706
0.15869
0.158685
0.158677
0.158684
0.158686
0.15869
0.15867
0.158677
0.15868
0.158696
0.158709
0.158712
0.15871
0.158709
0.158702
0.158709
0.158717
0.158723
0.158726
0.158721
0.158731
0.158728
0.158717
0.15871
0.158696
0.15869
0.158695
0.158699
0.158699
0.158701
0.158711
0.158722
0.158723
0.158729
0.158725
0.158722
0.158741
0.15874
0.158741
0.158742
0.158743
0.158738
0.158736
0.158729
0.158738
0.158729
0.158719
0.15871
0.158707
0.158702
0.158692
0.158693
0.158675
0.158665
0.158643
0.158625
0.158624
0.158614
0.158593
0.158609
0.158602
0.158601
0.158618
0.158614
0.158612
0.158616
0.158623
0.158626
0.158619
0.158621
0.158615
0.158611
0.158592
0.158595
0.158599
0.158599
0.158585
0.158593
0.158575
0.158567
0.158554
0.158552
0.158551
0.158553
0.158567
0.158565
0.158559
0.158546
0.158547
0.158561
0.158583
0.158581
0.15857
0.158553
0.158546
0.15855
0.158551
0.158535
0.158538
0.158516
0.158519
0.15852
0.15854
0.158537
0.158534
0.15852
0.158528
0.158534
0.158529
0.158543
0.158541
0.158557
0.158571
0.158572
0.15857
0.158575
0.158598
0.158607
0.158599
0.1586
0.158595
0.15859
0.158595
0.158596
0.158594
0.158583
0.158585
0.158577
0.15856
0.158563
0.158554
0.158548
0.158534
0.158542
0.158535
0.158518
0.15851
0.158491
0.158481
0.158464
0.158457
0.158443
0.158444
0.158434
0.158426
0.158412
0.1584
0.158396
0.158403
0.15841
0.158429
0.158408
0.158397
0.1584
0.158406
0.158396
0.158405
0.158405
0.158423
0.15842
0.158436
0.158448
0.158451
0.158439
0.158428
0.158424
0.15841
0.158416
0.158416
0.158418
0.15842
0.15841
0.158406
0.158405
0.1584
0.158383
0.158383
0.158382
0.158384
0.158394
0.158402
0.158408
0.158426
0.158422
0.158403
0.158401
0.158424
0.158417
0.15841
0.1584
0.158378
0.158377
0.158374
0.158387
0.15839
0.158404
0.158414
0.158405
0.158391
0.158388
0.15838
0.158369
0.158382
0.158378
0.158361
0.158354
0.158351
0.158356
0.158371
0.158399
0.158406
0.158411
0.158408
0.158414
0.158405
0.158393
0.158394
0.158383
0.158366
0.15836
0.158338
0.158336
0.158342
0.158353
0.158348
0.15835
0.158341
0.158339
0.158339
0.158331
0.158312
0.158285
0.158275
0.158268
0.158251
0.158242
0.158229
0.158232
0.158215
0.158194
0.158192
0.158196
0.158184
0.158177
0.15818
0.158189
0.158195
0.158226
0.158215
0.158227
0.158222
0.158229
0.15822
0.15823
0.158216
0.158206
0.158202
0.158199
0.158194
0.1582
0.15819
0.158198
0.158191
0.158182
0.158185
0.158185
0.158184
0.15818
0.158173
0.158186
0.158193
0.158197
0.1582
0.158198
0.158194
0.158188
0.158172
0.158177
0.158174
0.158158
0.158154
0.158145
0.15816
0.158172
0.158175
0.158165
0.158152
0.158143
0.15815
0.158162
0.158162
0.158174
0.158177
0.158173
0.158168
0.158154
0.158157
0.15816
0.158146
0.15815
0.158137
0.158151
0.158142
0.158138
0.158123
0.158121
0.158131
0.158135
0.158124
0.158112
0.158103
0.158102
0.158092
0.158099
0.158098
0.158122
0.158124
0.158141
0.158139
0.158129
0.158135
0.158132
0.158106
0.158098
0.158089
0.158088
0.158079
0.158076
0.158078
0.158058
0.158058
0.158054
0.158036
0.158022
0.158048
0.158045
0.158055
0.158045
0.158033
0.158031
0.158047
0.158048
0.158053
0.158049
0.15805
0.158046
0.158045
0.158043
0.158046
0.158049
0.158041
0.158035
0.158033
0.158058
0.15805
0.158069
0.158074
0.158075
0.158059
0.158043
0.15804
0.158043
0.158041
0.158033
0.158022
0.158012
0.158011
0.158006
0.157984
0.157979
0.157974
0.157974
0.157966
0.157958
0.157943
0.157932
0.15793
0.157928
0.157953
0.157964
0.157948
0.157939
0.15793
0.157911
0.157898
0.157902
0.157894
0.157878
0.157867
0.15785
0.157838
0.157835
0.157838
0.157829
0.15782
0.157815
0.157816
0.157827
0.157837
0.157835
0.157821
0.157828
0.157828
0.157833
0.157839
0.157836
0.157846
0.157854
0.157852
0.157847
0.157842
0.15784
0.157834
0.157839
0.157838
0.157852
0.157888
0.157898
0.157911
0.157918
0.157925
0.157923
0.157924
0.157915
0.157906
0.157886
0.157871
0.157877
0.157866
0.15785
0.157838
0.157834
0.15783
0.157827
0.157826
0.15781
0.157805
0.157786
0.157784
0.157783
0.157777
0.157785
0.157792
0.157794
0.157811
0.157796
0.157785
0.15778
0.157771
0.157773
0.157775
0.157775
0.157777
0.157783
0.157783
0.157783
0.157781
0.157783
0.157775
0.15777
0.157759
0.157754
0.157754
0.157753
0.157765
0.15775
0.15775
0.157782
0.157782
0.157791
0.157783
0.15778
0.157772
0.157761
0.157736
0.157729
0.157731
0.157715
0.157716
0.157714
0.157706
0.157695
0.157708
0.157683
0.157665
0.15766
0.157674
0.157673
0.15767
0.157672
0.157651
0.157643
0.15763
0.157618
0.157613
0.157602
0.157603
0.157589
0.15759
0.157585
0.157598
0.157588
0.15757
0.157564
0.157565
0.157559
0.157546
0.157554
0.157545
0.157528
0.15753
0.157516
0.157522
0.157511
0.157485
0.157489
0.157486
0.157473
0.157474
0.157461
0.157447
0.157447
0.157442
0.157438
0.157454
0.15746
0.157453
0.15746
0.157471
0.157461
0.15745
0.157452
0.157462
0.157466
0.157462
0.157473
0.157474
0.157471
0.157462
0.157455
0.157458
0.157448
0.157447
0.157448
0.157441
0.157435
0.157443
0.157433
0.157423
0.157418
0.157419
0.157427
0.157426
0.15741
0.157425
0.157433
0.157425
0.157425
0.15742
0.15741
0.157416
0.157425
0.157427
0.157446
0.157444
0.157438
0.157433
0.157438
0.157435
0.157432
0.157425
0.157427
0.157428
0.157432
0.157417
0.157399
0.157391
0.15739
0.157395
0.157388
0.15738
0.157369
0.157348
0.15734
0.157326
0.157333
0.157316
0.157328
0.157312
0.157298
0.157297
0.157303
0.157312
0.157299
0.157287
0.157287
0.157288
0.157266
0.157264
0.157251
0.157239
0.15724
0.157224
0.15722
0.157207
0.157206
0.157195
0.157189
0.157189
0.157177
0.157177
0.157181
0.157186
0.157187
0.157186
0.157178
0.157185
0.157177
0.15716
0.157157
0.157155
0.157146
0.157145
0.157155
0.157161
0.157147
0.157135
0.157134
0.157144
0.15714
0.157129
0.157127
0.157155
0.157165
0.157136
0.157142
0.157133
0.157136
0.157129
0.157127
0.157124
0.157125
0.157132
0.157128
0.157124
0.157128
0.15711
0.157103
0.1571
0.157117
0.157123
0.157129
0.157125
0.157134
0.15714
0.157151
0.157137
0.157143
0.157169
0.157157
0.157154
0.157159
0.157156
0.157154
0.157141
0.157131
0.157112
0.157114
0.157104
0.15711
0.157109
0.157089
0.157089
0.157113
0.157107
0.157131
0.157133
0.157125
0.15711
0.157114
0.157117
0.157128
0.157131
0.157132
0.157151
0.157147
0.157147
0.157152
0.157145
0.157144
0.157151
0.157144
0.15716
0.157164
0.157168
0.157163
0.157158
0.157159
0.157158
0.157142
0.157135
0.157127
0.157116
0.157112
0.157109
0.157112
0.157106
0.157099
0.157101
0.157084
0.157081
0.157075
0.15708
0.157084
0.157093
0.157087
0.157085
0.157074
0.157089
0.157077
0.157072
0.157061
0.157067
0.157056
0.157047
0.157039
0.157045
0.157043
0.157034
0.15703
0.157014
0.157
0.156987
0.156976
0.156985
0.156989
0.157003
0.157006
0.156995
0.156991
0.156997
0.157004
0.156993
0.156984
0.156989
0.156996
0.156988
0.156985
0.156986
0.156985
0.156981
0.15697
0.156975
0.156961
0.156948
0.156931
0.156918
0.156906
0.156903
0.156906
0.156893
0.156894
0.15689
0.156893
0.156904
0.156885
0.15688
0.156872
0.156875
0.15687
0.156865
0.156856
0.156849
0.156866
0.156862
0.156862
0.156876
0.156874
0.156882
0.156886
0.156883
0.156892
0.156886
0.15689
0.156893
0.156882
0.156915
0.156909
0.156901
0.156896
0.156897
0.156896
0.156913
0.156906
0.156899
0.156898
0.156901
0.156891
0.156884
0.156887
0.156872
0.15686
0.156862
0.156859
0.156852
0.156835
0.156821
0.156821
0.1568
0.156802
0.156799
0.156802
0.156798
0.156789
0.156784
0.156788
0.156799
0.15679
0.156794
0.156779
0.156773
0.156776
0.156783
0.156783
0.156778
0.156766
0.156766
0.156757
0.15676
0.156753
0.156751
0.156749
0.156749
0.15674
0.156746
0.156739
0.156724
0.156713
0.156705
0.156694
0.1567
0.156705
0.156704
0.156702
0.156701
0.15671
0.15672
0.15673
0.156732
0.156725
0.156725
0.156734
0.156737
0.156743
0.156744
0.156758
0.156753
0.156742
0.156729
0.156725
0.156734
0.156737
0.156733
0.156738
0.15675
0.156742
0.156735
0.156735
0.156739
0.156727
0.15671
0.156706
0.156698
0.156706
0.156705
0.156695
0.156681
0.156686
0.156689
0.156688
0.156685
0.156691
0.156685
0.156671
0.156676
0.156659
0.156653
0.156657
0.15666
0.156665
0.156665
0.156655
0.156642
0.156641
0.156641
0.15665
0.156639
0.156647
0.156646
0.156631
0.156642
0.156638
0.156655
0.156683
0.156674
0.156705
0.156697
0.156713
0.15673
0.156721
0.156722
0.156728
0.156733
0.156745
0.156763
0.156752
0.156765
0.156773
0.156772
0.156762
0.156748
0.15674
0.156727
0.156732
0.15674
0.156737
0.156742
0.156738
0.156747
0.156746
0.156736
0.156727
0.15673
0.156725
0.156724
0.15672
0.156712
0.156707
0.156703
0.156704
0.156699
0.156701
0.156702
0.156695
0.156692
0.156688
0.156692
0.156706
0.156698
0.156695
0.1567
0.156716
0.15672
0.156721
0.156713
0.156699
0.156698
0.156686
0.156686
0.156681
0.156694
0.156696
0.156684
0.156682
0.156689
0.156686
0.156685
0.156692
0.156678
0.156691
0.156707
0.156702
0.156692
0.156684
0.156685
0.156666
0.15666
0.156656
0.156649
0.156638
0.156632
0.156624
0.156624
0.156629
0.156618
0.156604
0.156607
0.156602
0.15659
0.15659
0.156596
0.156596
0.156588
0.156575
0.156582
0.156592
0.156583
0.156569
0.156561
0.156576
0.156581
0.156569
0.156558
0.156557
0.156554
0.156548
0.156552
0.156561
0.156561
0.156582
0.156579
0.156587
0.156599
0.156604
0.156602
0.1566
0.156602
0.156592
0.156595
0.156588
0.156592
0.156589
0.156597
0.156592
0.156583
0.156577
0.156577
0.156573
0.156585
0.156578
0.156569
0.156565
0.156569
0.156571
0.156582
0.156582
0.156577
0.156584
0.156586
0.156572
0.156577
0.156573
0.156579
0.156567
0.156564
0.15656
0.156554
0.156534
0.156536
0.156532
0.156543
0.156546
0.156542
0.156533
0.156545
0.156542
0.156529
0.156529
0.156524
0.156523
0.156525
0.156521
0.15654
0.156533
0.156534
0.156529
0.156539
0.156535
0.156527
0.156526
0.156533
0.156526
0.15652
0.156524
0.156523
0.156523
0.156537
0.156531
0.156522
0.156519
0.156527
0.156526
0.156511
0.156515
0.156507
0.156499
0.156515
0.156521
0.156515
0.156516
0.156507
0.156505
0.156502
0.156494
0.156485
0.156478
0.15648
0.156472
0.156482
0.156471
0.15647
0.156475
0.156468
0.156468
0.156479
0.156468
0.156463
0.156476
0.156505
0.156504
0.156504
0.156499
0.156484
0.156477
0.156484
0.156498
0.156501
0.156493
0.156493
0.156494
0.1565
0.156508
0.156501
0.156497
0.156492
0.156495
0.156498
0.156484
0.156481
0.156493
0.156494
0.156498
0.156494
0.156499
0.156486
0.156485
0.156478
0.156477
0.156482
0.156476
0.156466
0.15647
0.156455
0.156443
0.156441
0.156448
0.156446
0.156439
0.156451
0.156438
0.156447
0.156436
0.156438
0.156433
0.156424
0.156418
0.156424
0.156428
0.156444
0.156435
0.156429
0.15642
0.156415
0.156398
0.156389
0.156389
0.156381
0.156383
0.156389
0.156376
0.156375
0.156383
0.156395
0.156392
0.156392
0.156396
0.156406
0.156404
0.156399
0.156405
0.156401
0.156397
0.15639
0.156384
0.1564
0.156392
0.15639
0.15639
0.156399
0.1564
0.156393
0.156391
0.156404
0.156402
0.156395
0.156388
0.156386
0.156389
0.156382
0.156371
0.156365
0.156358
0.156362
0.156361
0.156357
0.156355
0.156359
0.15636
0.156365
0.15637
0.156365
0.156362
0.156357
0.15635
0.156341
0.156353
0.156355
0.156348
0.156338
0.156336
0.156328
0.15632
0.156302
0.156301
0.156295
0.156297
0.156302
0.1563
0.156291
0.156291
0.156295
0.15628
0.156279
0.156286
0.156287
0.156285
0.156288
0.156277
0.156271
0.156278
0.15627
0.156272
0.156274
0.156261
0.156279
0.156294
0.1563
0.156297
0.156296
0.156296
0.156287
0.156291
0.156294
0.156284
0.156287
0.156293
0.156306
0.156306
0.156306
0.156303
0.156307
0.156302
0.156294
0.156287
0.156278
0.156278
0.156274
0.156253
0.156249
0.156249
0.156256
0.156253
0.156241
0.156249
0.156246
0.156249
0.156254
0.156249
0.156247
0.156242
0.156236
0.156241
0.156231
0.156224
0.156224
0.156217
0.156209
0.156202
0.156192
0.156196
0.156198
0.156183
0.156185
0.156181
0.156181
0.156164
0.15617
0.156167
0.156156
0.156156
0.156148
0.156139
0.156126
0.156114
0.156116
0.156116
0.15612
0.156139
0.156141
0.156141
0.156138
0.156129
0.156132
0.156134
0.156121
0.156114
0.156108
0.1561
0.156114
0.156098
0.156107
0.156104
0.156087
0.156086
0.156096
0.156088
0.156085
0.156077
0.156075
0.156064
0.156061
0.156068
0.156066
0.156079
0.156081
0.15609
0.156084
0.156085
0.156079
0.15606
0.156058
0.156049
0.156043
0.156035
0.156033
0.156038
0.156037
0.15604
0.156044
0.156031
0.156036
0.156042
0.156032
0.156034
0.156034
0.156028
0.156034
0.156052
0.15606
0.156064
0.156069
0.156077
0.156077
0.156073
0.15607
0.156065
0.156057
0.156046
0.156046
0.156029
0.156036
0.156041
0.156042
0.15604
0.156038
0.156027
0.156026
0.156007
0.156013
0.156015
0.15601
0.156002
0.156006
0.156004
0.155992
0.155983
0.15598
0.155985
0.155983
0.155985
0.15598
0.155981
0.155988
0.155984
0.155979
0.155985
0.155983
0.155988
0.15599
0.155988
0.155984
0.155973
0.155983
0.15599
0.155998
0.155993
0.155993
0.156
0.155999
0.155985
0.155985
0.15598
0.155971
0.155971
0.155968
0.155954
0.155939
0.15595
0.155951
0.155953
0.15595
0.155944
0.155945
0.155938
0.155935
0.155922
0.155914
0.155922
0.155911
0.155905
0.155919
0.155921
0.155906
0.155905
0.155891
0.155898
0.155888
0.155888
0.155888
0.15588
0.155881
0.15588
0.155875
0.155867
0.155868
0.155863
0.155867
0.155852
0.15585
0.155853
0.155848
0.15585
0.155851
0.155853
0.155845
0.155837
0.155839
0.155825
0.155829
0.155824
0.15583
0.155839
0.155833
0.155829
0.155835
0.155826
0.155821
0.155817
0.155816
0.155817
0.155802
0.1558
0.155793
0.155799
0.155798
0.1558
0.155796
0.155789
0.155776
0.155768
0.155761
0.155759
0.155766
0.155767
0.155771
0.155762
0.155754
0.155752
0.155756
0.155754
0.155739
0.15575
0.155751
0.155751
0.155745
0.155746
0.155748
0.155748
0.155756
0.155757
0.155758
0.155761
0.155774
0.155768
0.155758
0.155749
0.155748
0.155757
0.155758
0.155759
0.155758
0.155767
0.155763
0.155768
0.155764
0.155762
0.15577
0.155761
0.155751
0.155742
0.155743
0.155731
0.155727
0.155737
0.155742
0.155753
0.155758
0.155766
0.155762
0.155769
0.155767
0.155768
0.155764
0.155769
0.155757
0.155751
0.155745
0.155745
0.155741
0.155732
0.155725
0.155718
0.155728
0.155728
0.155731
0.155734
0.155728
0.155727
0.155731
0.155724
0.155734
0.155738
0.155741
0.155728
0.155726
0.155724
0.155721
0.155712
0.155706
0.15571
0.155705
0.155708
0.155716
0.155712
0.155714
0.155703
0.155699
0.155702
0.155696
0.155693
0.155705
0.155702
0.155722
0.155731
0.155743
0.155738
0.155742
0.155728
0.155727
0.155726
0.155735
0.155736
0.155743
0.155752
0.155743
0.155739
0.155733
0.155719
0.155719
0.155728
0.155718
0.15571
0.155706
0.155704
0.155696
0.155681
0.155692
0.155704
0.155709
0.155707
0.155722
0.155727
0.155729
0.155734
0.155725
0.15572
0.155727
0.155728
0.155722
0.155709
0.155709
0.155714
0.15572
0.15572
0.155709
0.155706
0.155701
0.155701
0.155687
0.155692
0.155692
0.155706
0.155701
0.155691
0.155678
0.155675
0.155675
0.155664
0.155663
0.155652
0.15564
0.155629
0.155631
0.155612
0.155627
0.155624
0.155627
0.155628
0.155621
0.155628
0.155619
0.155608
0.155609
0.155596
0.155603
0.155609
0.155606
0.155629
0.155634
0.155643
0.155644
0.155639
0.15564
0.155651
0.155655
0.155663
0.155653
0.155653
0.155642
0.15563
0.155636
0.155627
0.155623
0.155615
0.155613
0.155602
0.155602
0.155608
0.155596
0.155594
0.155602
0.155593
0.155595
0.155603
0.155604
0.1556
0.155601
0.155593
0.155588
0.155588
0.155578
0.155587
0.155595
0.155599
0.155603
0.155606
0.155616
0.15561
0.155611
0.155603
0.155592
0.155607
0.15561
0.155612
0.15561
0.155612
0.155615
0.155607
0.155618
0.155622
0.155617
0.155618
0.155621
0.155617
0.155605
0.155595
0.155583
0.155582
0.155581
0.155586
0.1556
0.155604
0.1556
0.155597
0.155595
0.155586
0.155597
0.155588
0.15558
0.155565
0.155554
0.155532
0.155523
0.155512
0.155497
0.155489
0.155493
0.155492
0.155475
0.15546
0.155461
0.155457
0.155443
0.155433
0.155433
0.155423
0.155414
0.155408
0.155405
0.155395
0.155406
0.155399
0.155397
0.155386
0.155384
0.155399
0.155388
0.155406
0.155402
0.155385
0.155372
0.155362
0.155361
0.155373
0.155372
0.155384
0.155383
0.155386
0.155376
0.155368
0.155356
0.155355
0.155351
0.155332
0.155328
0.155323
0.155324
0.155321
0.15531
0.155308
0.155306
0.155305
0.155304
0.1553
0.155287
0.155276
0.155282
0.155295
0.155283
0.155274
0.155269
0.155278
0.155288
0.155298
0.155294
0.155298
0.155293
0.155295
0.155293
0.155279
0.155263
0.155254
0.155242
0.155243
0.155241
0.155251
0.155256
0.155251
0.155239
0.155248
0.15525
0.155246
0.155251
0.155253
0.155248
0.155239
0.155227
0.155233
0.155218
0.155208
0.155191
0.155184
0.155189
0.155197
0.155191
0.155197
0.155196
0.155197
0.155191
0.155188
0.155188
0.155191
0.155197
0.155201
0.155208
0.155202
0.155199
0.155192
0.155184
0.155179
0.155175
0.155172
0.155166
0.155176
0.155179
0.155165
0.155161
0.155164
0.155169
0.155161
0.155155
0.155154
0.155168
0.155172
0.155153
0.155144
0.155137
0.155145
0.155145
0.155151
0.155154
0.155149
0.155143
0.155146
0.15515
0.155154
0.155152
0.155155
0.155157
0.155171
0.155175
0.155183
0.155195
0.1552
0.155209
0.155224
0.155235
0.155259
0.15528
0.155299
0.155321
0.15534
0.155385
0.155398
0.155424
0.155438
0.155459
0.155492
0.155541
0.155563
0.155565
0.155558
0.155557
0.155544
0.155538
0.155529
0.155526
0.155525
0.15553
0.155524
0.155515
0.155506
0.155492
0.15549
0.155485
0.155486
0.155489
0.155496
0.155499
0.1555
0.155498
0.155488
0.155487
0.155485
0.155479
0.155478
0.155473
0.155463
0.155461
0.155461
0.155446
0.155442
0.155444
0.155436
0.155429
0.155425
0.155421
0.15543
0.155422
0.155424
0.155423
0.155431
0.155425
0.155423
0.155427
0.155423
0.155416
0.155415
0.155407
0.155405
0.155401
0.155399
0.155402
0.155404
0.155403
0.155412
0.155429
0.155421
0.155425
0.155421
0.155422
0.155448
0.155457
0.155455
0.155453
0.155465
0.155464
0.155469
0.155466
0.155462
0.155476
0.15547
0.155467
0.155466
0.155458
0.15546
0.155458
0.155455
0.155445
0.155445
0.155434
0.155437
0.155435
0.155424
0.155426
0.155421
0.155437
0.155432
0.155431
0.155429
0.155418
0.155429
0.155447
0.155453
0.15544
0.155445
0.155442
0.15544
0.155427
0.155446
0.155429
0.155427
0.155426
0.155417
0.155404
0.155404
0.155396
0.155407
0.155407
0.155393
0.155387
0.155387
0.155384
0.155386
0.155382
0.155378
0.155378
0.155371
0.155366
0.155365
0.155362
0.15535
0.155341
0.155337
0.155331
0.155331
0.155324
0.155316
0.155307
0.155315
0.155308
0.155303
0.155302
0.155296
0.155289
0.155285
0.155274
0.155285
0.155269
0.155289
0.15529
0.155289
0.155303
0.15529
0.155296
0.155288
0.155296
0.155323
0.155321
0.155323
0.15532
0.155327
0.155341
0.155354
0.155361
0.155351
0.155334
0.155337
0.155346
0.155343
0.155333
0.155322
0.155321
0.155307
0.155288
0.155294
0.155293
0.155296
0.155297
0.155312
0.155321
0.155308
0.155301
0.155299
0.155299
0.155302
0.155299
0.15529
0.155283
0.155294
0.155285
0.155284
0.155286
0.155288
0.1553
0.155302
0.155299
0.155302
0.155305
0.155303
0.155303
0.155306
0.155305
0.155301
0.155307
0.155305
0.155301
0.155299
0.15529
0.15529
0.155286
0.155282
0.155281
0.155291
0.155276
0.155262
0.155263
0.155263
0.155268
0.155269
0.155268
0.155256
0.155253
0.155259
0.155264
0.155252
0.155245
0.155245
0.155232
0.155226
0.155227
0.155229
0.155228
0.155225
0.155229
0.155214
0.155207
0.155206
0.155205
0.155205
0.155216
0.15522
0.155215
0.155235
0.155258
0.155258
0.155259
0.155265
0.155265
0.155267
0.155277
0.155291
0.155288
0.155304
0.155302
0.155308
0.155306
0.155309
0.155307
0.155311
0.155314
0.15531
0.155306
0.155309
0.155305
0.155309
0.15531
0.155301
0.155292
0.1553
0.1553
0.155292
0.155299
0.155302
0.155304
0.155289
0.155276
0.155271
0.155269
0.155261
0.15526
0.155253
0.155255
0.155254
0.155249
0.155245
0.155247
0.15524
0.155235
0.155227
0.155224
0.155232
0.155217
0.155219
0.155222
0.155213
0.1552
0.155199
0.155196
0.155186
0.155183
0.155189
0.15519
0.1552
0.155202
0.155206
0.155202
0.155201
0.155202
0.155199
0.155193
0.155205
0.155212
0.15521
0.155212
0.15522
0.15522
0.155238
0.155243
0.155231
0.155232
0.155226
0.15522
0.155228
0.155241
0.155239
0.155234
0.155228
0.155237
0.155243
0.155241
0.155235
0.155235
0.155232
0.155226
0.155228
0.155223
0.155229
0.155234
0.15523
0.15523
0.155232
0.155227
0.155233
0.155228
0.155233
0.155238
0.155225
0.155232
0.155246
0.155249
0.155236
0.155237
0.155228
0.155244
0.155244
0.155235
0.155232
0.155225
0.155227
0.155238
0.155238
0.15523
0.155235
0.155228
0.155233
0.155232
0.155239
0.155258
0.155263
0.155259
0.155252
0.155243
0.155247
0.155244
0.155249
0.155243
0.155245
0.155241
0.155251
0.155249
0.155252
0.155245
0.155239
0.155237
0.15524
0.155239
0.155235
0.155236
0.155242
0.155253
0.155252
0.155243
0.155247
0.155241
0.15524
0.155229
0.155224
0.155218
0.155215
0.155221
0.155235
0.155245
0.155251
0.155257
0.155246
0.155236
0.155237
0.155239
0.155234
0.155226
0.155212
0.155215
0.155216
0.155212
0.155208
0.155212
0.155201
0.155195
0.155193
0.155181
0.155179
0.155196
0.15521
0.15521
0.155211
0.15521
0.155214
0.155209
0.155208
0.155203
0.155193
0.155181
0.155178
0.155172
0.15517
0.155163
0.155155
0.155143
0.155137
0.155139
0.155133
0.155129
0.155116
0.155104
0.155096
0.155083
0.155082
0.155083
0.155076
0.15507
0.15506
0.155067
0.155071
0.155066
0.155059
0.155056
0.155056
0.155053
0.155059
0.155051
0.155044
0.155033
0.155028
0.155033
0.15504
0.155033
0.15504
0.155036
0.155028
0.155024
0.155014
0.155008
0.154997
0.154992
0.155009
0.154999
0.154991
0.15498
0.154977
0.154974
0.154973
0.154978
0.154967
0.15496
0.154958
0.154954
0.154952
0.154938
0.154935
0.154943
0.154945
0.154947
0.154949
0.154953
0.154943
0.154941
0.154944
0.154943
0.154938
0.154939
0.154957
0.154949
0.154948
0.154951
0.154962
0.154955
0.154965
0.154963
0.15496
0.154955
0.15495
0.154945
0.154947
0.154937
0.154928
0.15492
0.154917
0.154915
0.154918
0.154914
0.154911
0.154918
0.154907
0.154907
0.154908
0.154909
0.154905
0.15491
0.154905
0.154897
0.154888
0.154886
0.154871
0.15486
0.154854
0.154849
0.154837
0.154849
0.154841
0.154842
0.154845
0.154848
0.15485
0.154846
0.154843
0.154849
0.154841
0.15484
0.154829
0.154822
0.154828
0.154826
0.154828
0.154823
0.154813
0.1548
0.154807
0.154796
0.154791
0.154792
0.15479
0.154808
0.154807
0.154817
0.154814
0.154824
0.154823
0.15482
0.154818
0.154819
0.154824
0.154828
0.154836
0.15484
0.154838
0.154845
0.154845
0.154855
0.154874
0.15487
0.154889
0.154888
0.154893
0.154892
0.154894
0.154896
0.154898
0.154902
0.154898
0.154889
0.154883
0.15488
0.154881
0.154877
0.154895
0.154899
0.154907
0.154909
0.154919
0.154917
0.15492
0.154904
0.154894
0.154896
0.154896
0.154897
0.154904
0.154913
0.154918
0.154922
0.154918
0.154915
0.154914
0.154915
0.154917
0.154919
0.154923
0.154923
0.154927
0.154941
0.154949
0.15495
0.154948
0.154944
0.154934
0.154926
0.154938
0.154939
0.154933
0.154922
0.154911
0.154914
0.154924
0.154937
0.154945
0.154938
0.15493
0.154933
0.154932
0.154932
0.154938
0.154937
0.15494
0.15495
0.154954
0.154947
0.154938
0.154937
0.154935
0.154929
0.154939
0.154947
0.154938
0.154932
0.154928
0.15493
0.154926
0.154942
0.154939
0.154935
0.154934
0.154945
0.154945
0.154948
0.154945
0.154945
0.154966
0.154962
0.154963
0.154964
0.154949
0.154939
0.154935
0.154935
0.154935
0.154945
0.154942
0.154939
0.154937
0.154933
0.154925
0.154914
0.154908
0.154909
0.154907
0.1549
0.154895
0.154887
0.154883
0.154879
0.154882
0.154888
0.154892
0.154896
0.154892
0.1549
0.154903
0.154912
0.15491
0.154905
0.154911
0.154921
0.154919
0.154916
0.154909
0.154914
0.154918
0.154919
0.154917
0.154909
0.154909
0.154891
0.154891
0.154887
0.154885
0.154884
0.154886
0.154897
0.154898
0.154904
0.154905
0.154907
0.154908
0.154912
0.154908
0.15491
0.154899
0.154893
0.154886
0.154877
0.154867
0.154865
0.154863
0.154857
0.154856
0.154866
0.154861
0.154864
0.154866
0.154883
0.154897
0.154907
0.154908
0.154917
0.154914
0.154918
0.154917
0.154932
0.154942
0.15494
0.154939
0.154943
0.154943
0.154944
0.154948
0.154937
0.154933
0.154931
0.154933
0.154931
0.154927
0.15492
0.154918
0.154922
0.154919
0.154916
0.154902
0.154909
0.154919
0.154933
0.15492
0.154924
0.154917
0.154913
0.154914
0.154918
0.154914
0.154904
0.1549
0.154896
0.154911
0.154915
0.154914
0.154929
0.154945
0.154948
0.154955
0.154955
0.154959
0.154968
0.15497
0.154967
0.154968
0.15496
0.154952
0.154947
0.154943
0.154938
0.154944
0.154945
0.15495
0.154958
0.154949
0.154946
0.154935
0.154938
0.154951
0.154953
0.154951
0.154951
0.154949
0.154952
0.154951
0.154943
0.154939
0.154942
0.154938
0.154933
0.154932
0.154928
0.154916
0.154916
0.154914
0.154899
0.154893
0.154883
0.154885
0.15489
0.154887
0.154885
0.154885
0.154877
0.154878
0.154871
0.154876
0.154879
0.154883
0.154883
0.154879
0.154897
0.154899
0.154909
0.154907
0.154901
0.154903
0.154893
0.154891
0.154883
0.154883
0.154886
0.154881
0.154873
0.154868
0.154862
0.154853
0.154854
0.15485
0.154843
0.154835
0.15483
0.154835
0.154828
0.154831
0.15483
0.154825
0.154829
0.154824
0.154823
0.154818
0.154818
0.154813
0.154814
0.154811
0.154812
0.15481
0.154802
0.154794
0.154802
0.154791
0.15478
0.154778
0.154778
0.154773
0.154768
0.154771
0.154768
0.154772
0.15477
0.154764
0.154769
0.154768
0.154771
0.154783
0.154787
0.154784
0.154778
0.154776
0.154787
0.154786
0.154782
0.154786
0.15479
0.154799
0.154803
0.154793
0.154796
0.154815
0.154818
0.15482
0.154815
0.154813
0.154807
0.154812
0.154807
0.154798
0.154803
0.154813
0.154806
0.154799
0.154795
0.15479
0.154789
0.154783
0.15477
0.15477
0.154763
0.154756
0.15477
0.154766
0.154764
0.154771
0.154771
0.154785
0.154777
0.154756
0.154752
0.154751
0.154757
0.15475
0.154755
0.154758
0.154755
0.154766
0.154764
0.154768
0.154761
0.154765
0.154757
0.154755
0.15475
0.154749
0.154751
0.154756
0.154757
0.154763
0.154759
0.154752
0.154747
0.154737
0.154729
0.154733
0.154728
0.15474
0.154734
0.154753
0.154762
0.154757
0.154765
0.154769
0.154764
0.154764
0.15476
0.154755
0.154756
0.154749
0.154747
0.154744
0.15474
0.154737
0.154734
0.154731
0.154726
0.154716
0.154709
0.154708
0.154712
0.154712
0.154706
0.154704
0.154698
0.154699
0.154688
0.154689
0.154676
0.154675
0.15467
0.154666
0.154664
0.154655
0.15465
0.154652
0.154647
0.154642
0.154634
0.15463
0.154626
0.154617
0.154624
0.154618
0.154622
0.154613
0.154604
0.154611
0.154616
0.154625
0.154624
0.154618
0.15462
0.154613
0.154607
0.154612
0.154609
0.154609
0.154612
0.154617
0.154622
0.154614
0.154611
0.154612
0.154622
0.154611
0.154625
0.154614
0.154613
0.154612
0.154609
0.154602
0.154605
0.1546
0.154612
0.154618
0.154612
0.154622
0.154617
0.15462
0.154623
0.154615
0.154622
0.154621
0.154624
0.154625
0.154619
0.154618
0.154618
0.154621
0.154624
0.154628
0.154629
0.154617
0.15461
0.154615
0.15461
0.154605
0.154603
0.154591
0.154581
0.15457
0.154572
0.154567
0.154563
0.154566
0.154568
0.154565
0.154558
0.154558
0.154547
0.154543
0.154546
0.154546
0.154539
0.154536
0.154522
0.154511
0.1545
0.154506
0.154509
0.154506
0.154504
0.1545
0.154498
0.154497
0.154483
0.154486
0.154498
0.154493
0.15449
0.154486
0.154483
0.154497
0.154505
0.154509
0.154511
0.154512
0.154517
0.154532
0.154543
0.15454
0.154542
0.154534
0.154529
0.154529
0.154529
0.154521
0.154512
0.154506
0.154507
0.154497
0.154492
0.154484
0.154489
0.154493
0.154491
0.154485
0.154479
0.154481
0.154472
0.154468
0.154462
0.154468
0.154469
0.154471
0.154463
0.154464
0.15447
0.154462
0.154462
0.154462
0.154461
0.154456
0.154462
0.154455
0.154458
0.154458
0.154462
0.154466
0.154467
0.154469
0.154473
0.154468
0.154482
0.15448
0.154484
0.154478
0.15448
0.154472
0.154477
0.154484
0.154477
0.154476
0.154475
0.15447
0.154479
0.154485
0.154487
0.154491
0.154491
0.154492
0.154483
0.154476
0.154467
0.154461
0.154456
0.154452
0.154456
0.154462
0.154463
0.154466
0.154463
0.154457
0.154455
0.154447
0.154452
0.154446
0.154449
0.15445
0.154452
0.154456
0.154466
0.154457
0.154456
0.154459
0.15446
0.154463
0.154461
0.154456
0.154458
0.154451
0.154445
0.154443
0.154439
0.154432
0.154438
0.15443
0.154431
0.154432
0.154436
0.154422
0.154425
0.154431
0.154439
0.154444
0.154448
0.154442
0.15444
0.154433
0.154429
0.15442
0.154414
0.154418
0.154416
0.154415
0.154411
0.154409
0.154398
0.154413
0.154411
0.154404
0.154389
0.154398
0.154397
0.154391
0.154381
0.154382
0.154393
0.154382
0.154395
0.154391
0.15439
0.154395
0.154388
0.154385
0.154381
0.154385
0.154386
0.154392
0.15439
0.154382
0.154374
0.154364
0.154356
0.154352
0.154337
0.15434
0.154326
0.154319
0.154313
0.154321
0.154318
0.154316
0.154312
0.154316
0.154315
0.154313
0.15431
0.1543
0.154307
0.154304
0.154308
0.154303
0.154298
0.154297
0.154299
0.154288
0.154284
0.154285
0.154276
0.154276
0.154285
0.154278
0.154266
0.15427
0.154271
0.154275
0.154268
0.154263
0.154257
0.15425
0.154249
0.154243
0.154251
0.154238
0.154235
0.154235
0.154233
0.154243
0.154248
0.154254
0.154269
0.154273
0.15427
0.154261
0.154255
0.154239
0.154232
0.154219
0.154214
0.154218
0.154207
0.154199
0.154194
0.154186
0.154188
0.154189
0.154187
0.154188
0.154188
0.15419
0.15418
0.154183
0.154187
0.154187
0.154193
0.154198
0.154196
0.154196
0.1542
0.154202
0.154199
0.1542
0.154198
0.154197
0.154197
0.154191
0.154195
0.154194
0.154198
0.154193
0.15419
0.154195
0.154198
0.154199
0.154219
0.154218
0.154214
0.154212
0.15422
0.154221
0.154231
0.154232
0.154229
0.154225
0.154222
0.154212
0.154204
0.154205
0.154207
0.154199
0.154204
0.154202
0.154195
0.154199
0.1542
0.1542
0.154197
0.154199
0.154199
0.154191
0.154188
0.154194
0.154197
0.154194
0.154198
0.154195
0.154194
0.154193
0.154195
0.154192
0.154187
0.154185
0.154177
0.154178
0.154189
0.15419
0.154199
0.154193
0.154182
0.154185
0.154192
0.154197
0.154201
0.1542
0.154197
0.154203
0.154212
0.154215
0.154218
0.154209
0.154208
0.1542
0.154189
0.154186
0.154183
0.154196
0.154194
0.154196
0.154212
0.15421
0.154204
0.154201
0.154199
0.154197
0.154202
0.154206
0.154205
0.154199
0.154197
0.154198
0.154198
0.154193
0.15419
0.154191
0.154192
0.154192
0.154195
0.154192
0.154193
0.154179
0.154181
0.154186
0.154191
0.154186
0.15418
0.154169
0.154158
0.15416
0.154159
0.154163
0.154159
0.154153
0.154145
0.154142
0.154151
0.154147
0.154139
0.154122
0.154126
0.154126
0.154123
0.154118
0.154113
0.154106
0.154113
0.154106
0.1541
0.154098
0.154105
0.154105
0.154106
0.15411
0.154106
0.154107
0.154106
0.154105
0.154107
0.154104
0.154107
0.154108
0.154101
0.154111
0.154101
0.154105
0.154117
0.154123
0.154118
0.154127
0.154125
0.154122
0.154123
0.154127
0.15413
0.154121
0.154115
0.154107
0.154102
0.154096
0.154101
0.1541
0.154096
0.154098
0.154093
0.154099
0.154103
0.154111
0.154105
0.154103
0.154103
0.154107
0.154106
0.154114
0.154108
0.15411
0.154112
0.154107
0.154109
0.154113
0.154112
0.15411
0.15411
0.154103
0.154102
0.154109
0.15411
0.154113
0.154113
0.154116
0.154107
0.154113
0.154112
0.154106
0.154101
0.154094
0.154098
0.154101
0.154103
0.154102
0.154109
0.154114
0.154115
0.15412
0.154124
0.154116
0.154111
0.154103
0.154097
0.154094
0.154093
0.154089
0.154091
0.154082
0.154072
0.154059
0.154062
0.154066
0.154067
0.154059
0.154058
0.15405
0.154041
0.154055
0.154057
0.154062
0.154055
0.154061
0.154066
0.15407
0.154061
0.154067
0.154066
0.154064
0.154073
0.154081
0.154086
0.154089
0.154086
0.154086
0.15409
0.154093
0.154095
0.154098
0.154092
0.154087
0.154091
0.154083
0.154075
0.154069
0.154078
0.154086
0.154082
0.154075
0.15407
0.154069
0.154063
0.154063
0.154067
0.154073
0.154072
0.15407
0.154061
0.154053
0.15405
0.154058
0.154056
0.154057
0.154065
0.154063
0.154056
0.154057
0.154061
0.154057
0.154056
0.154055
0.154049
0.154042
0.154041
0.154042
0.154038
0.154048
0.154048
0.154051
0.154054
0.154052
0.154055
0.154056
0.154055
0.154046
0.154041
0.154041
0.154034
0.154035
0.154038
0.154034
0.154037
0.154046
0.154039
0.154041
0.15404
0.154035
0.154041
0.154037
0.154035
0.154046
0.154042
0.154054
0.154052
0.154051
0.154061
0.154068
0.154073
0.154074
0.154078
0.154081
0.15408
0.15407
0.154075
0.154076
0.154083
0.154086
0.15409
0.154093
0.154097
0.154105
0.154101
0.154096
0.154102
0.154095
0.154094
0.154101
0.154103
0.154103
0.154112
0.154111
0.154119
0.154121
0.154123
0.154126
0.154128
0.154126
0.15412
0.154121
0.154123
0.154127
0.154124
0.15412
0.154118
0.154122
0.154124
0.154132
0.154131
0.154133
0.154127
0.154124
0.154136
0.154132
0.154136
0.154147
0.154153
0.154159
0.154169
0.154164
0.154159
0.154153
0.154149
0.154145
0.154145
0.154142
0.154135
0.154142
0.154157
0.154161
0.154153
0.154149
0.154152
0.154152
0.154148
0.154147
0.15414
0.154133
0.154142
0.154153
0.154167
0.154163
0.154159
0.154157
0.154171
0.154165
0.15416
0.154164
0.154168
0.154167
0.154174
0.154173
0.15418
0.154195
0.154197
0.154191
0.154195
0.154191
0.154195
0.154196
0.154199
0.154199
0.154189
0.154194
0.154195
0.1542
0.154199
0.15419
0.154197
0.154206
0.154213
0.154211
0.154201
0.154208
0.154206
0.154203
0.15421
0.154211
0.154205
0.154193
0.154199
0.1542
0.154195
0.154202
0.154201
0.154202
0.154208
0.154218
0.154217
0.154219
0.154222
0.154224
0.154218
0.154223
0.154219
0.154223
0.154216
0.154211
0.154217
0.154221
0.154222
0.154228
0.154228
0.154222
0.154221
0.154216
0.15422
0.154214
0.154207
0.154214
0.154219
0.154218
0.154225
0.154228
0.154237
0.154239
0.154239
0.15425
0.154246
0.154248
0.154233
0.15423
0.154226
0.154227
0.154224
0.154224
0.154224
0.154222
0.154235
0.154233
0.154236
0.154243
0.154249
0.154248
0.154242
0.154241
0.154246
0.154243
0.154241
0.154233
0.15423
0.154225
0.154228
0.15423
0.15424
0.154242
0.15424
0.15424
0.154253
0.154264
0.15427
0.154285
0.154283
0.154292
0.154295
0.154288
0.154292
0.154279
0.154273
0.154273
0.154273
0.154281
0.154287
0.15429
0.154285
0.154274
0.15428
0.154275
0.154278
0.154276
0.154271
0.154264
0.154256
0.154251
0.154254
0.154252
0.154247
0.154245
0.154245
0.154243
0.154239
0.154235
0.154238
0.15423
0.15423
0.154227
0.154238
0.154241
0.154236
0.154239
0.154228
0.154228
0.154228
0.154225
0.154231
0.154228
0.154229
0.154218
0.15422
0.154224
0.154218
0.154216
0.154215
0.15422
0.15422
0.154228
0.154231
0.154236
0.154242
0.154237
0.15424
0.154243
0.154236
0.154233
0.154225
0.154228
0.154234
0.154233
0.154231
0.154229
0.154219
0.154211
0.154209
0.154205
0.154201
0.15419
0.154193
0.154195
0.154198
0.154198
0.154208
0.154212
0.154218
0.154229
0.154237
0.154232
0.15423
0.154221
0.154214
0.15421
0.154207
0.154218
0.154216
0.154217
0.154214
0.154218
0.154217
0.154211
0.154212
0.154208
0.154202
0.154192
0.154181
0.154188
0.154188
0.154186
0.15419
0.154194
0.154201
0.154199
0.154206
0.154203
0.154213
0.154223
0.154233
0.154227
0.154228
0.154229
0.154237
0.154235
0.154232
0.154235
0.15424
0.154236
0.15424
0.154245
0.154252
0.154253
0.154243
0.154244
0.154246
0.154237
0.15424
0.154235
0.154239
0.154249
0.154243
0.154241
0.154235
0.154229
0.154225
0.154222
0.154214
0.154207
0.154216
0.154211
0.154213
0.154215
0.154207
0.1542
0.154211
0.154207
0.15422
0.154224
0.154221
0.154215
0.154215
0.154206
0.154199
0.154201
0.154192
0.154193
0.154195
0.154198
0.154197
0.1542
0.154202
0.154202
0.154203
0.154197
0.154188
0.154178
0.154182
0.154184
0.154177
0.154169
0.154165
0.154163
0.15416
0.154151
0.154146
0.154148
0.15415
0.154154
0.154164
0.154166
0.154167
0.154164
0.154155
0.154148
0.154149
0.154156
0.154154
0.154159
0.154167
0.154163
0.154165
0.154179
0.154182
0.154178
0.154181
0.154178
0.154178
0.15418
0.154188
0.154185
0.154184
0.154189
0.154198
0.154192
0.154185
0.154178
0.154172
0.154169
0.154177
0.154178
0.15417
0.154169
0.154178
0.15418
0.154172
0.15418
0.154169
0.154171
0.15416
0.154155
0.154167
0.154172
0.154171
0.154175
0.15418
0.154174
0.154176
0.154175
0.154179
0.154183
0.154184
0.154199
0.154201
0.154198
0.154196
0.154189
0.154177
0.154177
0.154181
0.154188
0.154191
0.154186
0.154187
0.15419
0.154192
0.154189
0.154184
0.154181
0.154177
0.154175
0.154178
0.154177
0.154174
0.154178
0.154172
0.154165
0.154166
0.154168
0.154174
0.154181
0.154177
0.154175
0.154173
0.154176
0.154169
0.154175
0.154188
0.154195
0.154208
0.154212
0.154209
0.154209
0.154211
0.154212
0.154228
0.154231
0.15423
0.154225
0.154216
0.154223
0.15422
0.154211
0.154209
0.154201
0.154198
0.154202
0.154197
0.1542
0.154203
0.154209
0.154205
0.154208
0.154211
0.154207
0.154205
0.154202
0.154206
0.15421
0.154213
0.154218
0.154221
0.154222
0.154221
0.154218
0.154213
0.15422
0.154214
0.15422
0.154216
0.154212
0.154208
0.154205
0.154197
0.154193
0.154187
0.154182
0.154181
0.154177
0.154168
0.154159
0.154159
0.154159
0.154162
0.154161
0.154163
0.154156
0.154156
0.154154
0.154151
0.154158
0.154156
0.154153
0.154153
0.154147
0.154146
0.154155
0.154156
0.15416
0.154154
0.154163
0.154167
0.15416
0.154159
0.154158
0.154158
0.154159
0.154153
0.154152
0.154152
0.154151
0.154152
0.154147
0.154141
0.154149
0.154145
0.154141
0.154141
0.154144
0.15414
0.154136
0.154141
0.154136
0.154129
0.15413
0.154116
0.154115
0.154121
0.154112
0.154106
0.154094
0.154094
0.154094
0.154099
0.154094
0.154095
0.154102
0.154106
0.154102
0.154102
0.1541
0.154096
0.154093
0.15409
0.15408
0.154077
0.154084
0.154086
0.154085
0.15409
0.154085
0.154082
0.154084
0.154078
0.15408
0.154068
0.15407
0.15406
0.154064
0.154055
0.154042
0.154037
0.154043
0.154047
0.154041
0.154038
0.154039
0.154047
0.154056
0.154046
0.15404
0.154039
0.154034
0.154025
0.154015
0.154009
0.154005
0.154
0.154007
0.154011
0.154006
0.154008
0.154012
0.15401
0.154002
0.153995
0.153987
0.153987
0.153986
0.153988
0.153981
0.153983
0.153991
0.153991
0.153999
0.154004
0.154007
0.154016
0.154028
0.154031
0.154033
0.154036
0.154049
0.154056
0.154062
0.154062
0.15406
0.154052
0.154051
0.154045
0.154047
0.154046
0.154041
0.154036
0.154032
0.154031
0.154032
0.154032
0.154022
0.154024
0.154012
0.154014
0.15401
0.154004
0.153999
0.153991
0.153988
0.153981
0.154001
0.153997
0.154002
0.154005
0.154001
0.153996
0.153986
0.153992
0.154003
0.154008
0.154009
0.154013
0.154011
0.154003
0.154007
0.154001
0.153992
0.153987
0.153984
0.153979
0.153978
0.153975
0.153973
0.153966
0.153964
0.15397
0.153967
0.15396
0.153961
0.153958
0.153953
0.153946
0.15394
0.153943
0.153937
0.153925
0.15393
0.153926
0.153939
0.153937
0.153938
0.153937
0.153939
0.153938
0.153937
0.153928
0.153931
0.153922
0.153911
0.153911
0.153902
0.153904
0.153908
0.153905
0.1539
0.1539
0.153904
0.153899
0.153896
0.153902
0.153904
0.153911
0.153903
0.153911
0.153915
0.153915
0.153915
0.153909
0.153909
0.15391
0.153919
0.153926
0.153928
0.153933
0.153939
0.153932
0.153923
0.153931
0.153934
0.153932
0.153935
0.153933
0.15393
0.153928
0.15392
0.153916
0.153915
0.153916
0.153917
0.153915
0.153925
0.153918
0.153919
0.153914
0.153918
0.153919
0.153911
0.153908
0.153908
0.153894
0.153904
0.153898
0.153894
0.153898
0.153904
0.153907
0.153901
0.1539
0.153889
0.153884
0.153874
0.153866
0.153863
0.153864
0.153856
0.153857
0.153866
0.153864
0.153861
0.153856
0.153853
0.153849
0.153852
0.153855
0.153856
0.153851
0.153847
0.153846
0.15385
0.153852
0.153855
0.153855
0.153863
0.153869
0.153874
0.153871
0.153868
0.153871
0.153874
0.153881
0.153876
0.15388
0.15388
0.153894
0.153893
0.1539
0.153907
0.153907
0.153908
0.153906
0.153905
0.153902
0.153897
0.153894
0.153887
0.153888
0.153878
0.153888
0.153883
0.153882
0.153882
0.153889
0.153889
0.153883
0.153877
0.153875
0.153878
0.153876
0.153881
0.153877
0.153872
0.15388
0.153881
0.153874
0.153871
0.153868
0.15388
0.153884
0.153892
0.153895
0.153904
0.153896
0.153902
0.153898
0.153903
0.153904
0.153897
0.153893
0.1539
0.153907
0.153913
0.153916
0.153913
0.153906
0.153911
0.153911
0.153909
0.153894
0.15389
0.153892
0.153887
0.153882
0.153886
0.153878
0.153871
0.15387
0.153859
0.153851
0.153846
0.15384
0.153832
0.153824
0.153832
0.153825
0.153825
0.153821
0.153821
0.153814
0.153809
0.153807
0.153808
0.153815
0.153816
0.153808
0.153813
0.15381
0.153815
0.153814
0.153813
0.153808
0.153803
0.153801
0.1538
0.153795
0.153793
0.153793
0.153786
0.153783
0.153783
0.153779
0.153784
0.153786
0.153777
0.153778
0.153779
0.153781
0.153789
0.153776
0.153777
0.153771
0.153765
0.153762
0.153769
0.153776
0.153774
0.153769
0.153765
0.153768
0.153766
0.153766
0.153765
0.153767
0.153761
0.153752
0.153747
0.153741
0.153728
0.153725
0.153733
0.15374
0.153736
0.15373
0.153721
0.153724
0.15372
0.153716
0.153727
0.15372
0.153713
0.153712
0.15371
0.153711
0.153707
0.153714
0.153709
0.153708
0.153712
0.15371
0.153711
0.153719
0.153723
0.153729
0.153728
0.153728
0.153728
0.153725
0.153723
0.153722
0.153722
0.153732
0.153732
0.153733
0.153731
0.153739
0.153744
0.153739
0.153736
0.153736
0.153729
0.15373
0.153737
0.153741
0.153735
0.153727
0.153733
0.153727
0.153725
0.153729
0.153738
0.153745
0.153737
0.153738
0.153748
0.153742
0.153752
0.153772
0.153791
0.153783
0.153791
0.1538
0.153812
0.153826
0.153833
0.153851
0.153861
0.153861
0.153865
0.153876
0.153888
0.153898
0.153908
0.153925
0.153937
0.153938
0.153948
0.153966
0.153972
0.15398
0.153991
0.154
0.154011
0.154024
0.154027
0.154037
0.154039
0.154045
0.154068
0.154095
0.154112
0.154132
0.154146
0.154165
0.154175
0.154188
0.154201
0.154218
0.154235
0.154256
0.154265
0.154282
0.154284
0.154297
0.154309
0.154332
0.154338
0.154354
0.154359
0.154364
0.154368
0.154378
0.154387
0.154407
0.15442
0.154435
0.154444
0.154456
0.15447
0.15449
0.154513
0.15453
0.154545
0.154551
0.15457
0.154585
0.154605
0.154621
0.154638
0.154655
0.154664
0.154673
0.154685
0.154706
0.154721
0.15473
0.154738
0.154747
0.15475
0.154755
0.154769
0.154795
0.154798
0.154813
0.154837
0.154844
0.154861
0.15487
0.154877
0.154895
0.154908
0.154925
0.154941
0.154951
0.154961
0.154967
0.154965
0.154964
0.154968
0.154971
0.15498
0.15498
0.154968
0.154967
0.154963
0.154961
0.154958
0.15497
0.154969
0.154966
0.154966
0.154966
0.154963
0.154966
0.15496
0.15495
0.154941
0.154943
0.154934
0.154944
0.154936
0.15494
0.154933
0.154931
0.154932
0.154931
0.154928
0.154932
0.154931
0.154934
0.154937
0.154939
0.154939
0.15493
0.154925
0.15493
0.154928
0.154923
0.154931
0.154927
0.154932
0.154931
0.154939
0.154939
0.15494
0.154948
0.154947
0.154941
0.154942
0.154941
0.154937
0.15494
0.154937
0.154931
0.154924
0.154911
0.154914
0.154916
0.154921
0.154914
0.154904
0.154909
0.154916
0.154922
0.154923
0.15492
0.154916
0.154919
0.154926
0.154925
0.154922
0.154934
0.154936
0.154942
0.154938
0.154937
0.154932
0.154926
0.154927
0.154935
0.154928
0.15493
0.154926
0.154928
0.154928
0.154921
0.154915
0.154917
0.15492
0.154918
0.154909
0.154901
0.154897
0.154893
0.15489
0.15489
0.154893
0.1549
0.154904
0.154906
0.154913
0.154917
0.154922
0.154937
0.154937
0.154934
0.15494
0.154939
0.154944
0.154945
0.154954
0.154951
0.154946
0.154949
0.154956
0.154958
0.154946
0.154946
0.15495
0.154966
0.154967
0.154959
0.154957
0.154959
0.154958
0.154965
0.154967
0.154973
0.154972
0.154971
0.154969
0.154958
0.154957
0.15495
0.154955
0.154963
0.154958
0.15496
0.154964
0.154967
0.154972
0.154971
0.15498
0.154993
0.155004
0.15501
0.15502
0.155027
0.155031
0.15504
0.155043
0.155044
0.155057
0.15508
0.155098
0.155106
0.155115
0.155129
0.155157
0.155171
0.155197
0.155213
0.155233
0.155252
0.155273
0.15528
0.155284
0.155304
0.155322
0.155344
0.155354
0.155381
0.155382
0.15539
0.155398
0.155403
0.155413
0.155418
0.155427
0.155425
0.155443
0.155463
0.155483
0.155492
0.155505
0.155517
0.155535
0.155549
0.155565
0.155583
0.155599
0.155607
0.15561
0.155623
0.155631
0.155636
0.155645
0.155656
0.155672
0.155682
0.155692
0.155693
0.155697
0.155715
0.155729
0.155746
0.155759
0.155763
0.15577
0.155796
0.155822
0.155835
0.155858
0.155875
0.15589
0.155899
0.155905
0.155921
0.155929
0.15594
0.155948
0.155964
0.155973
0.155976
0.15599
0.156001
0.156018
0.156027
0.156037
0.156053
0.156072
0.156077
0.156081
0.156078
0.156075
0.156074
0.156078
0.156089
0.156085
0.156079
0.156073
0.156075
0.156075
0.156077
0.156076
0.156088
0.156084
0.15608
0.15607
0.156066
0.15606
0.15606
0.15606
0.156059
0.156063
0.156066
0.156067
0.156081
0.156083
0.156076
0.156082
0.156094
0.156096
0.156104
0.156095
0.15609
0.156095
0.156093
0.156097
0.156103
0.156102
0.15611
0.156107
0.156111
0.156113
0.156111
0.156106
0.156113
0.156113
0.156105
0.156102
0.1561
0.15611
0.156102
0.156098
0.156086
0.156092
0.156089
0.1561
0.156095
0.156095
0.156097
0.156101
0.156094
0.156092
0.156092
0.1561
0.156101
0.1561
0.156103
0.156111
0.156114
0.15611
0.156107
0.156111
0.156113
0.156116
0.156113
0.156112
0.156116
0.156114
0.156121
0.156121
0.156119
0.156117
0.156123
0.156121
0.156117
0.156111
0.156107
0.156107
0.156108
0.156114
0.156123
0.156124
0.156126
0.156127
0.156118
0.15612
0.156126
0.156129
0.156129
0.156135
0.156135
0.156134
0.156134
0.156129
0.156128
0.15613
0.156124
0.156122
0.156129
0.156132
0.156132
0.156131
0.156131
0.156131
0.15613
0.15613
0.15613
0.156133
0.156129
0.15613
0.156128
0.156131
0.156135
0.156131
0.156131
0.156134
0.156131
0.156125
0.156125
0.156123
0.156124
0.156115
0.156109
0.156111
0.156107
0.156106
0.156109
0.156113
0.156109
0.156111
0.156107
0.156114
0.156114
0.156106
0.156118
0.156118
0.156121
0.156116
0.156122
0.15613
0.156134
0.156131
0.156132
0.156131
0.156126
0.156125
0.156126
0.156131
0.156128
0.156125
0.156133
0.156136
0.156142
0.15614
0.156143
0.156141
0.156139
0.156136
0.156141
0.15614
0.156136
0.156129
0.15613
0.156131
0.156134
0.156133
0.156133
0.156124
0.156118
0.156128
0.156125
0.156118
0.156116
0.156119
0.156116
0.156124
0.156127
0.156132
0.156127
0.156126
0.156124
0.156122
0.156122
0.15612
0.156114
0.156125
0.156118
0.156125
0.156121
0.156125
0.156129
0.156126
0.156122
0.156122
0.156123
0.15612
0.156117
0.156112
0.156114
0.156117
0.156114
0.156116
0.156108
0.156114
0.156111
0.156113
0.15611
0.156111
0.156105
0.156112
0.156109
0.156105
0.156109
0.156102
0.156095
0.156101
0.156104
0.156105
0.156097
0.156089
0.156085
0.15608
0.156079
0.156086
0.156086
0.156087
0.156082
0.156089
0.156087
0.156097
0.156097
0.1561
0.156103
0.156103
0.156109
0.156108
0.156102
0.156098
0.156099
0.1561
0.156099
0.156105
0.1561
0.156098
0.156091
0.156085
0.15608
0.156077
0.156077
0.156069
0.156073
0.156068
0.156067
0.15607
0.156059
0.156063
0.156066
0.156066
0.156062
0.156061
0.156055
0.156054
0.156053
0.156051
0.156049
0.156051
0.156053
0.156042
0.156045
0.156048
0.156038
0.156042
0.15604
0.156035
0.156033
0.156038
0.156035
0.156028
0.156029
0.156023
0.15602
0.156016
0.156018
0.156014
0.15601
0.156008
0.156004
0.156001
0.156002
0.156001
0.155997
0.155992
0.155995
0.155992
0.155994
0.155993
0.155997
0.156
0.155994
0.155993
0.155985
0.155985
0.155978
0.155982
0.155987
0.155985
0.155986
0.155977
0.155973
0.15597
0.155968
0.155969
0.155973
0.155976
0.155981
0.155983
0.155987
0.155988
0.155997
0.156
0.156006
0.156006
0.156005
0.156006
0.156004
0.156005
0.156011
0.156012
0.156017
0.156019
0.156021
0.156029
0.156028
0.156028
0.156023
0.156022
0.156027
0.156023
0.156021
0.156019
0.156012
0.156016
0.156024
0.156032
0.15604
0.156047
0.156052
0.156046
0.156045
0.156045
0.156048
0.15605
0.156049
0.156051
0.156051
0.156047
0.156045
0.156047
0.156052
0.156047
0.156049
0.15606
0.156054
0.156043
0.156033
0.156027
0.156028
0.156023
0.156022
0.156015
0.156013
0.156013
0.156021
0.156024
0.156025
0.156019
0.156018
0.15602
0.156018
0.156014
0.156019
0.156014
0.156009
0.156017
0.15601
0.15601
0.156003
0.156002
0.156007
0.156008
0.156005
0.156001
0.155991
0.155996
0.155995
0.155997
0.15599
0.155982
0.155984
0.155984
0.155987
0.155993
0.155999
0.156003
0.155995
0.155998
0.155994
0.156
0.156003
0.156012
0.156016
0.156023
0.156027
0.156029
0.156023
0.15603
0.156027
0.156025
0.156023
0.156018
0.156018
0.156018
0.156016
0.15602
0.156017
0.156009
0.156007
0.156
0.156006
0.156011
0.156006
0.156009
0.156011
0.156008
0.156009
0.156013
0.156012
0.156017
0.156014
0.156012
0.15601
0.156009
0.156004
0.155997
0.155989
0.155984
0.155978
0.155979
0.155981
0.155983
0.155988
0.155989
0.155991
0.155995
0.155996
0.156001
0.156014
0.156026
0.15603
0.156029
0.156033
0.156025
0.156023
0.156032
0.15604
0.156045
0.156048
0.156051
0.156052
0.156057
0.156064
0.156065
0.156061
0.156059
0.156059
0.156054
0.156052
0.156056
0.156056
0.156052
0.156047
0.156046
0.156042
0.156045
0.156046
0.156046
0.156054
0.156048
0.156038
0.156034
0.156033
0.156046
0.156056
0.156055
0.156057
0.156053
0.156051
0.156055
0.156059
0.156069
0.15606
0.156055
0.156052
0.156058
0.156058
0.156059
0.156062
0.156062
0.156053
0.156048
0.156046
0.156044
0.15605
0.156049
0.156051
0.156052
0.156054
0.156058
0.156061
0.15606
0.156057
0.156059
0.156051
0.156054
0.156058
0.156049
0.156045
0.156043
0.156045
0.15604
0.156036
0.156026
0.156025
0.156024
0.156022
0.156025
0.156028
0.156029
0.156015
0.156013
0.156007
0.156004
0.155996
0.156001
0.156004
0.156001
0.155999
0.156
0.155995
0.155991
0.156003
0.156006
0.156002
0.156
0.155997
0.155994
0.155992
0.156002
0.155994
0.15599
0.155984
0.155989
0.15599
0.155986
0.155993
0.155998
0.155999
0.155999
0.155999
0.155997
0.155994
0.155999
0.155994
0.155999
0.156002
0.156011
0.156015
0.156009
0.156006
0.156001
0.156001
0.156004
0.156004
0.155997
0.155996
0.156002
0.156009
0.156008
0.156004
0.156001
0.155999
0.155996
0.155993
0.15599
0.155986
0.155983
0.15598
0.155972
0.155968
0.155968
0.155964
0.155965
0.15597
0.155965
0.155969
0.155964
0.15597
0.15598
0.155981
0.155969
0.155966
0.155963
0.155964
0.155958
0.155954
0.155954
0.155948
0.155952
0.155953
0.155951
0.155948
0.155951
0.155946
0.155942
0.155944
0.155941
0.155943
0.155941
0.155942
0.155945
0.155949
0.15595
0.155945
0.155944
0.155939
0.155939
0.15594
0.155941
0.155938
0.155944
0.155938
0.155941
0.155936
0.155935
0.155937
0.155937
0.155931
0.155927
0.155923
0.15592
0.155921
0.155916
0.155916
0.155926
0.155923
0.155924
0.15592
0.155913
0.155908
