0.832061
0.816605
0.830744
0.826166
0.834383
0.835479
0.830966
0.831923
0.830143
0.827853
0.811814
0.800766
0.788437
0.780618
0.771636
0.764021
0.757986
0.752957
0.746183
0.742103
0.734588
0.725351
0.717474
0.708826
0.702734
0.696213
0.69009
0.685084
0.679906
0.674635
0.667373
0.661111
0.655106
0.648136
0.641592
0.635791
0.630859
0.626201
0.621938
0.617061
0.611429
0.605431
0.601281
0.596809
0.592747
0.588067
0.583761
0.58018
0.576317
0.573303
0.568989
0.564537
0.560618
0.557291
0.553632
0.550503
0.547102
0.544263
0.541354
0.538377
0.535458
0.532582
0.529219
0.526734
0.524243
0.522193
0.51934
0.516663
0.51465
0.51217
0.510226
0.508293
0.506174
0.503773
0.502316
0.501151
0.499842
0.497727
0.495835
0.494036
0.49367
0.493139
0.492252
0.492219
0.492157
0.491963
0.491029
0.490748
0.490608
0.489412
0.489953
0.491071
0.491274
0.491626
0.492099
0.492647
0.493238
0.493881
0.493757
0.494733
0.494915
0.495383
0.495638
0.495676
0.49603
0.496448
0.496856
0.49686
0.496923
0.496875
0.497232
0.497616
0.498283
0.498652
0.498717
0.499558
0.499698
0.50032
0.500533
0.501006
0.50119
0.50151
0.501596
0.501505
0.50163
0.501724
0.502065
0.502525
0.502958
0.503217
0.503249
0.503291
0.503496
0.50386
0.504094
0.504529
0.504391
0.504323
0.504301
0.50426
0.504446
0.504509
0.504581
0.504727
0.504897
0.505011
0.505236
0.505159
0.505522
0.505621
0.505876
0.506157
0.506146
0.506375
0.506372
0.506517
0.506523
0.506752
0.506957
0.507204
0.507425
0.507386
0.507625
0.507566
0.50749
0.507884
0.50837
0.508581
0.508545
0.508963
0.509138
0.509071
0.509097
0.50892
0.508805
0.508937
0.509122
0.508995
0.50899
0.508941
0.509062
0.509246
0.509369
0.509483
0.509562
0.509608
0.509691
0.509946
0.510081
0.510334
0.510172
0.510432
0.510722
0.510736
0.510849
0.511032
0.511002
0.511134
0.511019
0.510862
0.511032
0.511166
0.511274
0.511181
0.51118
0.511245
0.511486
0.5115
0.511538
0.511442
0.511522
0.511345
0.511354
0.511375
0.511599
0.511835
0.511695
0.511795
0.511865
0.512038
0.512077
0.511993
0.511888
0.511972
0.511877
0.511871
0.511808
0.511737
0.51175
0.511916
0.51213
0.51216
0.512126
0.512062
0.512225
0.512116
0.512207
0.5121
0.51199
0.511992
0.511872
0.511979
0.512059
0.512089
0.51208
0.512062
0.512177
0.512216
0.512269
0.512039
0.511873
0.511777
0.511935
0.511999
0.511828
0.511829
0.511835
0.511838
0.511728
0.511826
0.511755
0.511941
0.511914
0.511973
0.511776
0.511758
0.511822
0.511815
0.511617
0.511577
0.511656
0.511676
0.511813
0.511748
0.511882
0.511929
0.512006
0.512023
0.512025
0.51193
0.512036
0.512116
0.512223
0.512189
0.512178
0.512232
0.512236
0.512238
0.512231
0.512416
0.512577
0.512605
0.512673
0.512513
0.512442
0.512405
0.51228
0.512268
0.512315
0.512143
0.512259
0.512327
0.512368
0.512393
0.512491
0.512445
0.512437
0.512432
0.512463
0.512571
0.512548
0.512526
0.512526
0.512546
0.512622
0.512645
0.512637
0.512834
0.513001
0.513215
0.513227
0.513207
0.513204
0.513279
0.513394
0.513297
0.513279
0.513284
0.513248
0.513305
0.513305
0.513366
0.513325
0.513377
0.513352
0.513421
0.513369
0.513434
0.513468
0.513473
0.513542
0.513658
0.513626
0.5136
0.513581
0.513729
0.513819
0.513793
0.513806
0.513795
0.513765
0.51388
0.513877
0.513972
0.514111
0.514056
0.514103
0.514063
0.514069
0.514053
0.514012
0.514044
0.514132
0.514086
0.514051
0.514277
0.514391
0.514509
0.514481
0.514458
0.514421
0.514453
0.5145
0.514499
0.514537
0.51457
0.514591
0.514546
0.514641
0.514596
0.514662
0.514664
0.514739
0.514805
0.514795
0.51482
0.514919
0.514957
0.515051
0.515134
0.515284
0.515292
0.515307
0.515402
0.51544
0.515366
0.515364
0.515351
0.515327
0.515387
0.515439
0.515422
0.515432
0.51541
0.5155
0.515467
0.515528
0.515544
0.515551
0.515579
0.515594
0.515615
0.515659
0.515615
0.51552
0.515548
0.515596
0.515628
0.515676
0.515728
0.515681
0.515625
0.515683
0.51565
0.515633
0.515705
0.515847
0.515808
0.515761
0.515795
0.515742
0.515715
0.515624
0.515678
0.515761
0.515752
0.515677
0.515655
0.515663
0.515632
0.515703
0.515655
0.515733
0.515719
0.515654
0.515648
0.51565
0.515656
0.515752
0.51571
0.515768
0.515848
0.515801
0.515799
0.515804
0.515809
0.515764
0.515905
0.515937
0.515938
0.515956
0.516012
0.516038
0.516088
0.51614
0.516074
0.516063
0.516041
0.516006
0.515945
0.516032
0.515971
0.515901
0.515809
0.51578
0.515825
0.515975
0.515935
0.51597
0.515997
0.516055
0.516042
0.516116
0.516097
0.516111
0.516098
0.516044
0.516056
0.516083
0.51613
0.516221
0.516251
0.516235
0.516307
0.51633
0.516326
0.516357
0.516453
0.51649
0.516481
0.516458
0.516418
0.516466
0.516522
0.516446
0.516384
0.516502
0.516507
0.516558
0.516628
0.516593
0.51666
0.516643
0.516627
0.516645
0.51669
0.516694
0.516745
0.516829
0.516889
0.516903
0.51687
0.516885
0.516927
0.516997
0.517055
0.517101
0.517152
0.517192
0.517116
0.517058
0.517092
0.517065
0.517079
0.517009
0.51701
0.517039
0.517033
0.517132
0.517197
0.517203
0.51721
0.517149
0.517155
0.517151
0.517172
0.517239
0.517199
0.517153
0.517127
0.517128
0.517104
0.51714
0.51716
0.517156
0.517233
0.517308
0.517295
0.517376
0.517387
0.517437
0.517399
0.517411
0.517377
0.517457
0.51743
0.517464
0.517484
0.517507
0.517528
0.517582
0.517617
0.517617
0.517641
0.517634
0.517643
0.517683
0.517723
0.517737
0.517704
0.517717
0.517744
0.517786
0.517849
0.517911
0.517986
0.517995
0.518022
0.518152
0.518211
0.518345
0.518398
0.518414
0.518481
0.518595
0.51865
0.51867
0.518678
0.518672
0.518733
0.518738
0.518858
0.518841
0.51895
0.51897
0.519064
0.519096
0.519146
0.519179
0.519223
0.51927
0.519262
0.519316
0.519374
0.51939
0.519397
0.519452
0.519407
0.519433
0.519435
0.519445
0.519455
0.519536
0.519534
0.51949
0.519466
0.519494
0.519572
0.519635
0.519687
0.519731
0.519752
0.519803
0.519762
0.519763
0.519691
0.519718
0.519708
0.519734
0.51977
0.519742
0.519824
0.519773
0.519799
0.51986
0.519915
0.51989
0.519953
0.519951
0.519971
0.520127
0.520114
0.520109
0.52012
0.520116
0.520186
0.520207
0.520217
0.520222
0.5202
0.520225
0.520228
0.520278
0.520287
0.520315
0.520268
0.520239
0.52024
0.520255
0.520214
0.520274
0.520301
0.520328
0.520326
0.520383
0.520434
0.520472
0.520524
0.520549
0.520571
0.520576
0.520625
0.520675
0.520701
0.520673
0.520683
0.520717
0.520768
0.52073
0.520736
0.520725
0.520747
0.520745
0.52073
0.520765
0.520822
0.520837
0.52079
0.520828
0.52083
0.520803
0.520848
0.520908
0.520965
0.520964
0.521014
0.520939
0.520912
0.520873
0.520863
0.520872
0.520883
0.520868
0.520874
0.520887
0.520868
0.520877
0.520888
0.520904
0.520911
0.521003
0.521018
0.520979
0.521035
0.521132
0.52113
0.521179
0.521124
0.521148
0.521201
0.521264
0.5213
0.52139
0.521432
0.521438
0.521426
0.521466
0.521508
0.521455
0.521491
0.521481
0.52154
0.521494
0.521472
0.521483
0.521519
0.521502
0.52147
0.521452
0.52147
0.521467
0.521413
0.521438
0.521456
0.521424
0.521417
0.521461
0.521464
0.521541
0.521565
0.521627
0.521631
0.521695
0.521767
0.52173
0.521729
0.521722
0.521777
0.52181
0.521759
0.52178
0.521728
0.521718
0.521715
0.521742
0.521773
0.521791
0.521827
0.521792
0.521799
0.521837
0.52185
0.521857
0.521868
0.52186
0.521856
0.521857
0.521881
0.52185
0.521867
0.521912
0.521916
0.521982
0.522005
0.52205
0.522083
0.52211
0.522152
0.522126
0.522139
0.522169
0.522184
0.522093
0.522089
0.52208
0.522091
0.522072
0.522026
0.522031
0.522017
0.522031
0.522024
0.522088
0.522116
0.52215
0.522205
0.522204
0.522159
0.522202
0.52217
0.522199
0.522187
0.522143
0.522176
0.522184
0.522241
0.522308
0.522363
0.522317
0.522338
0.522404
0.522384
0.522335
0.522329
0.522337
0.522399
0.52239
0.522442
0.522406
0.522452
0.522406
0.522415
0.522476
0.522519
0.522542
0.522572
0.522565
0.522577
0.522621
0.522629
0.522609
0.522672
0.522698
0.522685
0.522686
0.522693
0.52273
0.522723
0.522693
0.522715
0.522746
0.522747
0.522754
0.522771
0.522773
0.522812
0.522818
0.522815
0.522823
0.522816
0.522818
0.522804
0.522797
0.522798
0.522812
0.522843
0.522824
0.522865
0.522845
0.522823
0.522816
0.522847
0.522875
0.522825
0.522811
0.522877
0.522862
0.522932
0.52293
0.522967
0.522995
0.52299
0.522951
0.522989
0.522981
0.523
0.52304
0.523058
0.523098
0.523096
0.523106
0.523075
0.523109
0.523111
0.523111
0.523134
0.523107
0.523118
0.523108
0.52313
0.523157
0.523218
0.523227
0.523252
0.523202
0.523221
0.523222
0.523239
0.523284
0.523274
0.523308
0.523321
0.523337
0.523367
0.523462
0.523466
0.523537
0.523579
0.523603
0.523636
0.523666
0.523643
0.523648
0.523661
0.523651
0.523661
0.523683
0.523699
0.523692
0.523655
0.523697
0.523739
0.523771
0.52379
0.523812
0.523804
0.523806
0.523806
0.523814
0.523838
0.523888
0.523888
0.523883
0.523905
0.523875
0.523863
0.523919
0.523885
0.523928
0.523935
0.523858
0.52385
0.523891
0.523921
0.52394
0.523924
0.523967
0.524005
0.524044
0.524106
0.52412
0.524094
0.52409
0.52408
0.524078
0.524096
0.524113
0.524164
0.52415
0.524179
0.524187
0.524219
0.524262
0.524293
0.524305
0.524303
0.524315
0.524355
0.524343
0.524346
0.524341
0.524368
0.524394
0.524394
0.524392
0.524452
0.524431
0.524445
0.524478
0.524494
0.524499
0.52448
0.524491
0.524503
0.524526
0.524487
0.524435
0.52445
0.524426
0.524483
0.524473
0.524475
0.524475
0.524485
0.524477
0.524462
0.524495
0.524504
0.524519
0.524519
0.524498
0.524439
0.524434
0.524407
0.52442
0.524441
0.524497
0.52456
0.524575
0.524589
0.524582
0.524604
0.524622
0.524609
0.524612
0.524654
0.52471
0.52469
0.524683
0.524709
0.524692
0.5247
0.524787
0.524785
0.524752
0.52476
0.524752
0.524748
0.524774
0.524746
0.524708
0.524689
0.524745
0.524731
0.524772
0.524761
0.524772
0.524803
0.524798
0.524811
0.524808
0.524815
0.524836
0.524834
0.524803
0.524773
0.524746
0.524767
0.524769
0.524787
0.524762
0.524791
0.524775
0.524774
0.524764
0.524744
0.524768
0.524727
0.524711
0.524703
0.524654
0.524649
0.524632
0.524613
0.524592
0.52459
0.524569
0.524556
0.524547
0.524545
0.524492
0.52452
0.52451
0.524478
0.52447
0.524471
0.524474
0.524483
0.524486
0.524501
0.524464
0.524498
0.524526
0.52457
0.524565
0.524547
0.524534
0.524528
0.524502
0.524518
0.524528
0.524503
0.524484
0.524485
0.524426
0.524446
0.524473
0.524472
0.524518
0.524518
0.524512
0.524496
0.524473
0.524468
0.524462
0.524435
0.524418
0.524421
0.524393
0.524351
0.524381
0.524401
0.524399
0.524392
0.524392
0.524401
0.524403
0.524441
0.52447
0.524489
0.524499
0.524519
0.524528
0.524521
0.52456
0.52453
0.52452
0.524486
0.52446
0.524449
0.524494
0.52453
0.524535
0.524525
0.524551
0.524561
0.524589
0.524582
0.524594
0.524578
0.52456
0.524581
0.524614
0.524636
0.524638
0.524608
0.524583
0.5246
0.52459
0.524597
0.524583
0.524618
0.52464
0.524651
0.524669
0.524667
0.524647
0.52467
0.524654
0.524635
0.52463
0.524646
0.524654
0.524662
0.524663
0.524672
0.524668
0.524673
0.524683
0.524719
0.524726
0.524676
0.524655
0.524665
0.52469
0.524682
0.524669
0.524675
0.524657
0.524673
0.524658
0.524687
0.524684
0.524711
0.52471
0.524759
0.52479
0.524821
0.524818
0.524833
0.524847
0.524902
0.524902
0.524919
0.524911
0.524967
0.52499
0.525016
0.525039
0.525056
0.525049
0.525031
0.525036
0.52505
0.525109
0.525095
0.52513
0.525138
0.525122
0.525166
0.525189
0.525188
0.525187
0.525201
0.525207
0.525199
0.525192
0.525217
0.525258
0.525294
0.52527
0.525258
0.525259
0.525261
0.525286
0.525307
0.525335
0.525335
0.52536
0.525399
0.525389
0.525407
0.525422
0.52543
0.525417
0.525447
0.525442
0.525483
0.525519
0.525513
0.525517
0.525535
0.525527
0.525527
0.525529
0.525565
0.525571
0.525603
0.525596
0.52559
0.525603
0.525611
0.52561
0.525608
0.525633
0.525646
0.52565
0.525663
0.525673
0.525669
0.52569
0.525724
0.525749
0.525761
0.525772
0.525795
0.525787
0.525743
0.525712
0.525728
0.525743
0.525773
0.525774
0.525794
0.525787
0.525791
0.525773
0.525763
0.525799
0.525771
0.525752
0.525756
0.525772
0.525771
0.525769
0.525795
0.525825
0.525806
0.525786
0.525806
0.525808
0.525837
0.525808
0.525812
0.525811
0.525822
0.525832
0.52585
0.525852
0.525828
0.525852
0.525861
0.525858
0.525864
0.525871
0.525872
0.525887
0.525885
0.525874
0.525893
0.525895
0.525857
0.525847
0.525846
0.525867
0.525896
0.525927
0.525918
0.525965
0.52598
0.525983
0.525982
0.52598
0.525986
0.526011
0.526005
0.526016
0.526017
0.526017
0.526026
0.526059
0.526047
0.526026
0.526083
0.526106
0.526111
0.526151
0.526142
0.526149
0.526122
0.526133
0.526162
0.526186
0.526191
0.526195
0.526229
0.526279
0.526241
0.526272
0.52627
0.526249
0.526278
0.526253
0.526245
0.526242
0.526245
0.526253
0.526271
0.526279
0.52627
0.526276
0.526275
0.526297
0.526278
0.526287
0.52628
0.526282
0.52625
0.526231
0.526264
0.526264
0.526281
0.526263
0.526264
0.526296
0.526303
0.526315
0.52634
0.526337
0.526348
0.526364
0.526353
0.52635
0.526352
0.526356
0.52637
0.526388
0.526422
0.526452
0.526437
0.526407
0.526394
0.526408
0.526424
0.52642
0.526443
0.526467
0.526469
0.526493
0.52649
0.526486
0.526468
0.526468
0.526485
0.52649
0.526513
0.526525
0.526554
0.526548
0.526577
0.52661
0.526615
0.52662
0.526605
0.526618
0.526617
0.526629
0.526636
0.526636
0.526641
0.526611
0.526615
0.526614
0.526648
0.526655
0.526675
0.526674
0.526672
0.526675
0.526669
0.526668
0.52665
0.526644
0.526635
0.52663
0.52665
0.526685
0.5267
0.526686
0.52668
0.526675
0.526696
0.526679
0.526647
0.526633
0.526634
0.52667
0.526687
0.526713
0.526746
0.526746
0.526717
0.526714
0.526705
0.526722
0.526728
0.52674
0.526741
0.526759
0.526769
0.526757
0.526767
0.526771
0.526759
0.526772
0.526767
0.52674
0.526704
0.526709
0.526721
0.526744
0.526763
0.526764
0.526732
0.526758
0.526761
0.526768
0.526736
0.526719
0.526714
0.526696
0.526687
0.526692
0.526708
0.526705
0.526716
0.526722
0.526724
0.526722
0.526726
0.526747
0.526765
0.526783
0.526788
0.526777
0.526769
0.526759
0.526739
0.526762
0.526772
0.526757
0.526753
0.526728
0.526724
0.526722
0.526712
0.526715
0.526704
0.526683
0.526681
0.526681
0.526712
0.526697
0.526701
0.526711
0.526717
0.526699
0.526728
0.526724
0.526728
0.52672
0.526739
0.52675
0.526729
0.526714
0.526715
0.526741
0.526741
0.526748
0.526751
0.526742
0.526767
0.52675
0.526744
0.526742
0.52673
0.526701
0.52671
0.526699
0.526678
0.526657
0.526609
0.526595
0.526554
0.526534
0.526519
0.526538
0.526532
0.526528
0.526514
0.526498
0.526481
0.526458
0.526469
0.526483
0.52648
0.526489
0.526459
0.52647
0.526481
0.526504
0.526494
0.52647
0.526466
0.526486
0.526475
0.526477
0.52648
0.526485
0.526499
0.526503
0.526511
0.526515
0.526529
0.526528
0.526547
0.526557
0.526566
0.526568
0.526586
0.526604
0.526631
0.52661
0.526607
0.526589
0.526576
0.526582
0.526589
0.526585
0.526588
0.526574
0.526569
0.526565
0.52657
0.526584
0.526604
0.526602
0.526587
0.526634
0.526631
0.526619
0.526634
0.526637
0.526647
0.526646
0.526665
0.526646
0.526641
0.526659
0.526639
0.526621
0.526601
0.526609
0.526626
0.526623
0.526613
0.526606
0.526598
0.52659
0.526588
0.526596
0.526583
0.526589
0.526609
0.526642
0.526632
0.526629
0.526619
0.526611
0.526613
0.526606
0.526597
0.52659
0.526559
0.526563
0.526566
0.526549
0.526546
0.526579
0.526596
0.526588
0.526584
0.526599
0.526583
0.526587
0.526569
0.526559
0.526565
0.526552
0.526534
0.526531
0.526525
0.526511
0.526506
0.526519
0.526504
0.526507
0.526489
0.526508
0.526486
0.526465
0.526455
0.526432
0.526416
0.526417
0.526434
0.526409
0.526412
0.526384
0.526405
0.526381
0.526377
0.526368
0.526381
0.526374
0.526359
0.526328
0.52634
0.526304
0.526293
0.52628
0.526275
0.526263
0.526256
0.52625
0.526259
0.526257
0.526238
0.526196
0.526199
0.526201
0.526181
0.52619
0.526197
0.526175
0.526188
0.526171
0.526186
0.526193
0.526178
0.526179
0.526198
0.526187
0.526178
0.5262
0.526186
0.526194
0.526189
0.526198
0.526182
0.526157
0.526152
0.526144
0.526165
0.526178
0.526179
0.526205
0.526222
0.526229
0.526238
0.52623
0.526245
0.526245
0.526246
0.526233
0.526226
0.526206
0.526172
0.526149
0.526134
0.526123
0.526127
0.526144
0.526149
0.526175
0.526186
0.526156
0.526118
0.526121
0.52614
0.526162
0.52614
0.526137
0.526125
0.52612
0.526091
0.526094
0.526098
0.526103
0.526105
0.526113
0.526087
0.526103
0.526108
0.526115
0.526116
0.526105
0.526088
0.526076
0.526076
0.526059
0.52607
0.526084
0.526082
0.526063
0.526068
0.526073
0.526074
0.526084
0.526079
0.526065
0.526072
0.526075
0.526082
0.526064
0.526061
0.526096
0.52612
0.526143
0.526152
0.526158
0.526133
0.526146
0.526133
0.526132
0.526151
0.526141
0.526146
0.526154
0.526132
0.526135
0.526161
0.526173
0.526191
0.52617
0.526161
0.526139
0.526155
0.526161
0.52618
0.526195
0.526196
0.526199
0.526178
0.52621
0.526202
0.526224
0.526225
0.526239
0.526236
0.526233
0.526238
0.526247
0.526249
0.526277
0.526277
0.526297
0.526301
0.526291
0.526287
0.526291
0.526282
0.526286
0.526293
0.526285
0.526292
0.526286
0.52628
0.526268
0.526266
0.526266
0.526272
0.5263
0.526303
0.526305
0.526305
0.526291
0.526291
0.52631
0.526328
0.526339
0.526331
0.526326
0.526314
0.526295
0.526308
0.526321
0.526313
0.526308
0.526317
0.526301
0.526303
0.526319
0.526299
0.5263
0.526308
0.526306
0.5263
0.526331
0.526292
0.526287
0.526294
0.526285
0.526309
0.526306
0.526284
0.526282
0.526264
0.526253
0.526237
0.526237
0.526248
0.526224
0.526218
0.526179
0.526164
0.526171
0.526156
0.526135
0.526148
0.526124
0.526102
0.526098
0.526095
0.526093
0.526091
0.526098
0.526099
0.5261
0.526114
0.526116
0.5261
0.526083
0.526066
0.526046
0.526041
0.526036
0.526035
0.526027
0.526031
0.526035
0.526036
0.526036
0.526059
0.526046
0.526041
0.526033
0.526035
0.526054
0.526063
0.526078
0.526089
0.526094
0.526136
0.526134
0.52612
0.526121
0.526144
0.526157
0.526156
0.526175
0.52616
0.526182
0.526158
0.526157
0.526144
0.526142
0.526157
0.526167
0.526166
0.526187
0.526212
0.526205
0.526202
0.526211
0.526208
0.526218
0.526221
0.526199
0.526214
0.526203
0.526202
0.526186
0.526197
0.526202
0.526201
0.526186
0.526191
0.526187
0.526178
0.526159
0.526162
0.526166
0.526156
0.526182
0.526185
0.526179
0.526184
0.526189
0.526203
0.52621
0.526207
0.526202
0.526228
0.526221
0.526214
0.526202
0.526193
0.526188
0.526187
0.526186
0.526193
0.526187
0.526171
0.526199
0.526204
0.526199
0.526196
0.526199
0.526207
0.526204
0.526205
0.526214
0.526202
0.526214
0.526202
0.526197
0.526186
0.526179
0.526171
0.526174
0.526174
0.526169
0.526166
0.526164
0.526166
0.526173
0.526173
0.526175
0.526187
0.526192
0.52621
0.52622
0.526226
0.526245
0.526256
0.526236
0.52624
0.52623
0.52625
0.526249
0.526247
0.526243
0.526248
0.526252
0.526266
0.526268
0.526279
0.526256
0.526256
0.526247
0.526258
0.52625
0.526246
0.526237
0.526245
0.526262
0.52625
0.526244
0.526236
0.526232
0.526236
0.526248
0.526257
0.526246
0.526228
0.526234
0.526231
0.526219
0.526209
0.526232
0.526243
0.526236
0.526253
0.526253
0.526237
0.526229
0.526255
0.526282
0.526283
0.52628
0.526278
0.526286
0.526283
0.526287
0.526293
0.526307
0.526319
0.526321
0.52633
0.526319
0.526313
0.526325
0.526304
0.526309
0.526318
0.526333
0.526351
0.526378
0.526375
0.526394
0.526392
0.526395
0.52637
0.526369
0.526374
0.526371
0.526349
0.52635
0.526357
0.526375
0.526362
0.526358
0.526362
0.526372
0.526375
0.526359
0.526366
0.526386
0.526373
0.526398
0.526402
0.526393
0.52638
0.526373
0.526383
0.526392
0.52641
0.526397
0.526398
0.52641
0.526412
0.526419
0.526434
0.526448
0.526469
0.526479
0.526463
0.526464
0.526462
0.526441
0.526446
0.526443
0.526462
0.526472
0.526463
0.526479
0.526472
0.526479
0.526484
0.526498
0.526497
0.526506
0.526509
0.526526
0.526543
0.526546
0.526539
0.526528
0.526527
0.526552
0.52655
0.52655
0.526567
0.526584
0.526594
0.526586
0.526594
0.526601
0.526607
0.526613
0.526604
0.526608
0.526605
0.526595
0.526593
0.52659
0.526603
0.526602
0.526612
0.526589
0.526592
0.526582
0.526586
0.526586
0.526592
0.526586
0.526597
0.526587
0.52659
0.526582
0.52658
0.526576
0.526571
0.526578
0.526577
0.526586
0.526579
0.526551
0.526544
0.526559
0.526572
0.526567
0.52657
0.526572
0.526568
0.526579
0.52657
0.526555
0.52657
0.526567
0.526548
0.526545
0.526558
0.52656
0.526595
0.526596
0.5266
0.526587
0.526594
0.526586
0.526576
0.52658
0.526574
0.526571
0.526578
0.526589
0.526595
0.52658
0.52659
0.526576
0.526564
0.526564
0.526557
0.526556
0.526545
0.526522
0.526504
0.526494
0.526475
0.526497
0.526487
0.526488
0.526488
0.526498
0.526466
0.526453
0.526468
0.526456
0.526431
0.526428
0.526404
0.526397
0.526403
0.526427
0.526419
0.52641
0.526417
0.52642
0.52643
0.526427
0.526407
0.526406
0.526418
0.526401
0.526391
0.526391
0.526402
0.526402
0.526402
0.526404
0.526403
0.526407
0.526403
0.526392
0.526394
0.52638
0.526403
0.526376
0.526363
0.526355
0.526349
0.526364
0.526369
0.526357
0.526357
0.52637
0.526369
0.526375
0.526387
0.526396
0.526398
0.526419
0.52642
0.526415
0.526425
0.526432
0.526433
0.526424
0.526422
0.526416
0.526426
0.52642
0.526427
0.526418
0.526421
0.5264
0.526396
0.526387
0.526365
0.526355
0.526352
0.526377
0.52638
0.526391
0.526389
0.526391
0.526377
0.526393
0.526392
0.5264
0.526391
0.526393
0.526408
0.526389
0.526381
0.526381
0.526381
0.526381
0.526389
0.526364
0.526373
0.526375
0.526377
0.526385
0.526373
0.526386
0.526377
0.526375
0.526389
0.526394
0.526383
0.526384
0.526388
0.526386
0.52639
0.526369
0.526367
0.526355
0.526357
0.526366
0.526365
0.526364
0.526364
0.526367
0.526361
0.526358
0.526351
0.526349
0.526332
0.526326
0.526322
0.526334
0.526329
0.526368
0.52637
0.526361
0.526351
0.526343
0.526344
0.526344
0.526341
0.526324
0.526325
0.526322
0.526333
0.526325
0.526329
0.526334
0.526344
0.526346
0.526345
0.526362
0.526357
0.52634
0.52633
0.526335
0.526329
0.52632
0.526309
0.526319
0.526334
0.526331
0.526332
0.526338
0.526334
0.526335
0.526331
0.52633
0.526319
0.52632
0.526322
0.526316
0.526305
0.526293
0.526287
0.526284
0.526289
0.526288
0.526282
0.52628
0.526269
0.526268
0.526271
0.526275
0.526287
0.526285
0.526301
0.526299
0.526289
0.526271
0.526275
0.526275
0.526266
0.526269
0.526276
0.526288
0.526291
0.526297
0.526321
0.526318
0.526319
0.526324
0.526303
0.526302
0.526313
0.526306
0.526305
0.526307
0.526318
0.526317
0.526337
0.526348
0.526352
0.526355
0.526332
0.526336
0.526323
0.526323
0.526329
0.526324
0.526312
0.52632
0.526309
0.526328
0.526324
0.526323
0.526318
0.526339
0.526357
0.526357
0.52637
0.526378
0.526392
0.526393
0.526387
0.526378
0.526369
0.526365
0.526367
0.526353
0.526362
0.526372
0.526356
0.526361
0.52637
0.526383
0.526383
0.526387
0.526386
0.526387
0.526406
0.526398
0.526402
0.52638
0.526371
0.526384
0.52637
0.526373
0.526365
0.526377
0.526366
0.52636
0.526361
0.526359
0.526352
0.52637
0.52637
0.526377
0.526353
0.526341
0.526348
0.526355
0.52637
0.526378
0.526382
0.526383
0.526394
0.526394
0.526389
0.526387
0.526392
0.526408
0.526393
0.526387
0.526399
0.526389
0.526385
0.526384
0.526397
0.526408
0.526398
0.526407
0.526409
0.526395
0.5264
0.526394
0.526386
0.526381
0.526381
0.526395
0.526391
0.526376
0.526382
0.5264
0.526392
0.526389
0.526395
0.526398
0.526407
0.526402
0.526407
0.526424
0.526411
0.526409
0.526415
0.526429
0.526438
0.526448
0.526454
0.526463
0.526456
0.526452
0.526457
0.526457
0.526469
0.526483
0.52649
0.52649
0.526501
0.526507
0.526513
0.526513
0.526495
0.526502
0.526514
0.5265
0.526494
0.526489
0.526483
0.526484
0.526487
0.526506
0.526521
0.52652
0.526525
0.526519
0.526538
0.526535
0.52654
0.526552
0.526553
0.526554
0.526574
0.526582
0.526576
0.526589
0.5266
0.526611
0.526626
0.526629
0.526642
0.526645
0.526642
0.526654
0.52667
0.526664
0.526678
0.526668
0.52667
0.526675
0.526662
0.526673
0.52668
0.52667
0.526699
0.526719
0.526715
0.526726
0.526732
0.52673
0.526736
0.526743
0.526746
0.526745
0.526742
0.526752
0.526756
0.52677
0.526795
0.526793
0.526789
0.526807
0.526808
0.526812
0.526818
0.526822
0.526822
0.52682
0.526819
0.526818
0.526809
0.52682
0.526839
0.526834
0.526835
0.52683
0.526823
0.526815
0.526814
0.526812
0.526821
0.526821
0.526809
0.526824
0.526821
0.52682
0.52682
0.526823
0.526826
0.526832
0.526834
0.526836
0.526831
0.52683
0.526823
0.526822
0.526833
0.526846
0.526864
0.526859
0.52686
0.526851
0.526844
0.526846
0.526847
0.526841
0.52683
0.526825
0.526812
0.526812
0.52681
0.526802
0.526792
0.526788
0.526813
0.526809
0.526811
0.526811
0.526809
0.526797
0.526795
0.52678
0.526793
0.526769
0.526767
0.526752
0.526765
0.526773
0.526784
0.526771
0.526774
0.526774
0.52676
0.526765
0.526767
0.526782
0.526785
0.526768
0.526777
0.526779
0.526769
0.526773
0.526757
0.526759
0.526757
0.526755
0.526756
0.526753
0.526764
0.526763
0.526764
0.526752
0.526743
0.526734
0.526736
0.526727
0.526717
0.526702
0.526703
0.526695
0.526689
0.526677
0.526648
0.526642
0.526628
0.526616
0.526612
0.526608
0.526604
0.526602
0.52659
0.526592
0.526585
0.526572
0.526572
0.526573
0.526576
0.526584
0.526577
0.526576
0.526576
0.52656
0.526555
0.526559
0.52657
0.52657
0.52657
0.526573
0.526571
0.526569
0.526564
0.526563
0.526563
0.526551
0.526542
0.526553
0.526554
0.526569
0.526577
0.526568
0.526555
0.526562
0.526561
0.52657
0.526583
0.526582
0.52657
0.526578
0.526602
0.526601
0.526611
0.526599
0.526606
0.526614
0.526613
0.526629
0.526633
0.526643
0.526643
0.526645
0.52666
0.526654
0.526659
0.526657
0.526651
0.52666
0.52666
0.526652
0.526664
0.526665
0.526677
0.526664
0.526667
0.526674
0.526676
0.526662
0.526644
0.526661
0.526643
0.526654
0.526651
0.526639
0.526632
0.526628
0.526641
0.526646
0.52665
0.526658
0.526646
0.526658
0.526648
0.526661
0.526653
0.526654
0.526667
0.526674
0.526683
0.526691
0.526703
0.526714
0.526736
0.526734
0.526757
0.526761
0.526763
0.526781
0.526796
0.52679
0.526798
0.526791
0.526784
0.526789
0.526797
0.526804
0.526816
0.526818
0.526813
0.526823
0.52683
0.526836
0.526835
0.526836
0.526849
0.526846
0.526841
0.526842
0.526862
0.526865
0.526867
0.526887
0.526883
0.526885
0.526888
0.526912
0.526935
0.526933
0.526932
0.526939
0.526942
0.526941
0.526936
0.52694
0.526937
0.526929
0.526923
0.526924
0.526923
0.526937
0.526966
0.526964
0.52697
0.526974
0.526987
0.526982
0.526977
0.526985
0.526983
0.526979
0.526976
0.526983
0.527008
0.527008
0.527004
0.527004
0.527006
0.527014
0.527011
0.527013
0.527011
0.527018
0.527025
0.527032
0.52704
0.527039
0.527021
0.52701
0.526993
0.527006
0.527011
0.526998
0.526995
0.527
0.527001
0.527
0.526998
0.526988
0.526994
0.526985
0.526992
0.526981
0.526985
0.526961
0.526955
0.52696
0.526962
0.526955
0.526951
0.526955
0.52695
0.526955
0.526961
0.526955
0.526949
0.526954
0.526958
0.526964
0.526968
0.526957
0.526954
0.526951
0.526931
0.526929
0.526919
0.526926
0.526928
0.526926
0.526917
0.526921
0.526913
0.526911
0.526891
0.526887
0.526883
0.526873
0.526888
0.526888
0.526888
0.526882
0.526887
0.526896
0.526896
0.526894
0.526889
0.526881
0.526884
0.526889
0.526874
0.526876
0.526874
0.526876
0.526877
0.526873
0.526884
0.526887
0.526873
0.52686
0.526855
0.526852
0.526854
0.526853
0.526842
0.526833
0.526831
0.526821
0.526809
0.526804
0.526798
0.526802
0.526807
0.52681
0.526822
0.526823
0.526825
0.526851
0.526858
0.526863
0.526871
0.526879
0.52688
0.526888
0.526886
0.52689
0.526878
0.526869
0.526867
0.526855
0.526865
0.526851
0.526855
0.526863
0.526861
0.526872
0.526875
0.526864
0.526863
0.526849
0.52685
0.526855
0.52686
0.526848
0.526859
0.526853
0.526864
0.526861
0.526861
0.526872
0.526877
0.526879
0.526894
0.526885
0.526892
0.526889
0.526901
0.526887
0.526891
0.52689
0.526886
0.52688
0.526876
0.526878
0.526876
0.526873
0.52687
0.526863
0.526859
0.52686
0.526863
0.52687
0.526871
0.526869
0.526865
0.526867
0.526871
0.526871
0.526866
0.526861
0.52686
0.526847
0.526851
0.526845
0.526849
0.526848
0.526843
0.526832
0.526816
0.526806
0.526805
0.526804
0.526803
0.526795
0.526783
0.52677
0.526766
0.526786
0.526794
0.526804
0.52679
0.526793
0.526796
0.526792
0.526789
0.526796
0.526808
0.526817
0.52682
0.526829
0.526828
0.526833
0.526836
0.526841
0.526843
0.526839
0.526837
0.526839
0.52686
0.526877
0.52688
0.52689
0.526885
0.526903
0.526903
0.526902
0.526903
0.526894
0.526886
0.526889
0.526873
0.526869
0.526861
0.526866
0.526868
0.52686
0.526847
0.526842
0.526838
0.526837
0.526843
0.526836
0.526815
0.526823
0.526819
0.526812
0.526809
0.526808
0.526802
0.526798
0.526792
0.526803
0.526814
0.526816
0.526823
0.52682
0.526813
0.526812
0.5268
0.526806
0.526805
0.526808
0.526808
0.526814
0.526809
0.52682
0.526811
0.526809
0.526822
0.52682
0.526825
0.526814
0.526814
0.526818
0.526812
0.526804
0.526805
0.526794
0.526789
0.52679
0.526789
0.526788
0.52679
0.526792
0.526798
0.526809
0.526806
0.526801
0.526803
0.526813
0.526831
0.526836
0.526834
0.526825
0.526817
0.526819
0.52682
0.52682
0.526826
0.526843
0.526835
0.526837
0.52684
0.526839
0.526838
0.52683
0.526834
0.526834
0.526833
0.526834
0.526831
0.526826
0.526836
0.526831
0.526835
0.526823
0.526826
0.526827
0.526824
0.526838
0.52682
0.526829
0.526833
0.526838
0.526836
0.526846
0.526846
0.526839
0.526837
0.526841
0.526839
0.526844
0.526853
0.52686
0.526864
0.526854
0.526857
0.52686
0.526847
0.526838
0.526849
0.526839
0.526849
0.526846
0.526846
0.526843
0.526841
0.526839
0.526848
0.526845
0.526833
0.526833
0.526826
0.526816
0.526823
0.526818
0.526808
0.526805
0.526814
0.526809
0.526808
0.526813
0.526799
0.526791
0.526796
0.526811
0.526803
0.526798
0.526794
0.526794
0.526795
0.52681
0.526805
0.5268
0.526801
0.526802
0.526799
0.526801
0.526797
0.526805
0.526805
0.526813
0.526811
0.526804
0.526817
0.526811
0.526795
0.526796
0.526791
0.526791
0.526792
0.5268
0.526795
0.526799
0.5268
0.526798
0.526785
0.526778
0.526802
0.526822
0.526813
0.526813
0.526819
0.526821
0.526822
0.526809
0.526798
0.526805
0.526788
0.526793
0.526804
0.526801
0.526793
0.526784
0.526776
0.526781
0.526774
0.526781
0.526788
0.526804
0.526796
0.526793
0.526808
0.526798
0.526808
0.526799
0.526791
0.526799
0.526808
0.526792
0.526797
0.526804
0.526802
0.526796
0.52679
0.526784
0.526785
0.526784
0.526776
0.526769
0.526767
0.526764
0.526757
0.52676
0.526762
0.526774
0.526783
0.52677
0.526767
0.526763
0.526756
0.526756
0.526753
0.526744
0.526762
0.526763
0.526764
0.526769
0.526778
0.52679
0.526797
0.526805
0.526806
0.526808
0.526823
0.526814
0.526817
0.526828
0.526816
0.526809
0.526805
0.526817
0.52683
0.526831
0.52684
0.526846
0.526845
0.526845
0.526834
0.526831
0.526848
0.526857
0.526863
0.526873
0.526876
0.526887
0.526877
0.526872
0.526866
0.526859
0.526864
0.526856
0.526862
0.52686
0.526861
0.526861
0.526859
0.526849
0.526849
0.526853
0.526852
0.526857
0.52686
0.526869
0.526865
0.526861
0.526858
0.526859
0.526863
0.526871
0.526863
0.52685
0.526853
0.526858
0.526854
0.526848
0.526842
0.52685
0.526859
0.526857
0.526868
0.526874
0.526858
0.526855
0.526862
0.526858
0.526855
0.526846
0.52685
0.526847
0.526855
0.526861
0.52687
0.526862
0.526863
0.52687
0.526876
0.526885
0.526886
0.526883
0.526895
0.526901
0.526907
0.5269
0.526893
0.526889
0.526886
0.526895
0.526901
0.526895
0.526898
0.526901
0.526904
0.526899
0.526896
0.526903
0.526892
0.526893
0.526891
0.526882
0.52688
0.526883
0.526883
0.526883
0.526865
0.526858
0.526862
0.526863
0.526863
0.526864
0.526877
0.52687
0.526877
0.52688
0.52688
0.526868
0.52687
0.526882
0.526886
0.526883
0.526875
0.526867
0.526882
0.526884
0.526889
0.526881
0.526888
0.526894
0.52689
0.526878
0.526875
0.52687
0.526864
0.526851
0.526838
0.526844
0.526838
0.526833
0.526825
0.526832
0.52682
0.526819
0.526819
0.52681
0.526814
0.526816
0.526814
0.526811
0.526814
0.526812
0.526813
0.526813
0.526813
0.526819
0.526828
0.526833
0.52683
0.526823
0.526821
0.526821
0.526816
0.526817
0.52681
0.5268
0.526793
0.526804
0.526792
0.526794
0.5268
0.526801
0.526805
0.526815
0.526818
0.526813
0.526815
0.526799
0.526802
0.526814
0.52681
0.526799
0.526788
0.526787
0.526789
0.526792
0.526791
0.526779
0.52678
0.526778
0.526768
0.526778
0.526772
0.526788
0.526781
0.526771
0.526774
0.526756
0.526762
0.526765
0.526755
0.526768
0.526774
0.526775
0.526765
0.52676
0.526759
0.526772
0.526774
0.526774
0.526781
0.526786
0.52679
0.526794
0.526803
0.526815
0.526819
0.526814
0.526795
0.526798
0.526787
0.526761
0.526756
0.526756
0.526751
0.526751
0.526747
0.526751
0.526752
0.526746
0.526746
0.526755
0.526759
0.526761
0.526752
0.526759
0.526763
0.526751
0.526746
0.526745
0.52676
0.526759
0.526752
0.52675
0.52674
0.526734
0.526741
0.526748
0.526739
0.526737
0.526727
0.526729
0.526729
0.526728
0.526717
0.526714
0.526708
0.526699
0.526704
0.526704
0.526696
0.526671
0.526677
0.526659
0.526656
0.526656
0.52665
0.526645
0.526631
0.526625
0.526619
0.526615
0.526622
0.52661
0.52662
0.526623
0.526624
0.526622
0.526621
0.526618
0.526613
0.526608
0.526608
0.5266
0.526603
0.526615
0.526618
0.526607
0.526615
0.526614
0.526615
0.526614
0.526603
0.526595
0.526598
0.526599
0.526582
0.526575
0.526584
0.526583
0.52658
0.52658
0.526573
0.526572
0.526577
0.526583
0.52659
0.526586
0.526576
0.526569
0.526574
0.526576
0.526576
0.526582
0.526588
0.526586
0.526596
0.526584
0.526584
0.526583
0.526587
0.526589
0.526587
0.526587
0.526588
0.526589
0.526592
0.526607
0.52661
0.526615
0.526625
0.526628
0.526615
0.526619
0.526627
0.526627
0.526626
0.52664
0.526629
0.526622
0.526623
0.526626
0.526627
0.526631
0.52664
0.526644
0.526638
0.526644
0.526642
0.526629
0.526628
0.526625
0.526623
0.526629
0.526625
0.526629
0.526634
0.526641
0.526647
0.526637
0.526635
0.526647
0.526653
0.526654
0.526657
0.526657
0.526668
0.526676
0.526678
0.526675
0.526679
0.526678
0.526669
0.526669
0.526683
0.526683
0.526689
0.52669
0.526699
0.526696
0.526695
0.526694
0.526697
0.526691
0.526683
0.526668
0.526683
0.526675
0.526662
0.526668
0.526669
0.526666
0.526663
0.526672
0.526672
0.526681
0.52668
0.526683
0.526679
0.526672
0.526671
0.526662
0.52666
0.52665
0.526647
0.526653
0.526664
0.526653
0.526642
0.526648
0.526642
0.52664
0.526644
0.526644
0.526647
0.52666
0.526652
0.526656
0.526662
0.526664
0.526659
0.526657
0.526647
0.526647
0.526638
0.526646
0.526647
0.52665
0.526639
0.526639
0.526636
0.526632
0.526633
0.526629
0.526628
0.526636
0.526637
0.526641
0.526646
0.526643
0.526645
0.526658
0.526656
0.526657
0.52666
0.526656
0.52665
0.526632
0.526624
0.526623
0.526624
0.526631
0.526627
0.526624
0.526625
0.526627
0.526622
0.526615
0.526616
0.526605
0.526611
0.526612
0.526609
0.52661
0.526613
0.526611
0.52662
0.526612
0.526617
0.526626
0.526629
0.526623
0.526612
0.526615
0.52662
0.526606
0.526615
0.526625
0.526621
0.526609
0.526603
0.526602
0.526603
0.526601
0.526598
0.526599
0.526602
0.526613
0.526616
0.526626
0.526639
0.526639
0.526643
0.52665
0.526647
0.526653
0.52665
0.526637
0.526647
0.526654
0.526646
0.526657
0.526655
0.52666
0.526658
0.526668
0.526657
0.52666
0.526657
0.526665
0.526672
0.526672
0.526663
0.526665
0.526668
0.526661
0.526657
0.52666
0.526664
0.526652
0.526657
0.526658
0.526652
0.526666
0.526677
0.526676
0.52668
0.526677
0.526685
0.526688
0.526689
0.526687
0.526687
0.526686
0.526673
0.526684
0.526695
0.526701
0.526694
0.526686
0.526676
0.526662
0.52665
0.52665
0.526647
0.526647
0.526638
0.526639
0.526641
0.526642
0.526636
0.52663
0.526638
0.526644
0.526646
0.526644
0.526644
0.526649
0.526637
0.52663
0.526624
0.526615
0.526614
0.526624
0.526619
0.526622
0.526612
0.526609
0.526608
0.526607
0.526611
0.526613
0.526618
0.526613
0.526609
0.526605
0.5266
0.526597
0.526605
0.526607
0.526614
0.526611
0.526602
0.526609
0.526609
0.526608
0.526612
0.526606
0.526605
0.526595
0.526593
0.526592
0.526587
0.526589
0.526578
0.526569
0.526577
0.526571
0.526578
0.526578
0.526591
0.526598
0.526604
0.526612
0.526613
0.526624
0.526635
0.526631
0.526623
0.526623
0.526617
0.526618
0.526614
0.526639
0.526636
0.526643
0.526644
0.526659
0.526662
0.526662
0.526663
0.526665
0.52666
0.526662
0.526653
0.526645
0.526635
0.52663
0.526624
0.526626
0.526623
0.526618
0.526617
0.526625
0.526618
0.52662
0.526615
0.52662
0.526621
0.526615
0.526616
0.526618
0.526626
0.526624
0.526625
0.526626
0.526629
0.526636
0.526617
0.526624
0.52662
0.526624
0.526631
0.526632
0.526623
0.52662
0.526616
0.526615
0.52662
0.52663
0.526627
0.526626
0.526617
0.526616
0.526624
0.526616
0.526623
0.526624
0.526625
0.526631
0.526642
0.526638
0.52663
0.526624
0.526621
0.526616
0.526617
0.526614
0.526607
0.526618
0.526602
0.526591
0.526601
0.526596
0.526589
0.526588
0.526604
0.526602
0.526604
0.526603
0.526598
0.526589
0.526586
0.526582
0.52659
0.526589
0.526589
0.526586
0.526588
0.526598
0.526596
0.526595
0.526591
0.526597
0.526603
0.526601
0.526599
0.526615
0.526606
0.526617
0.526608
0.526609
0.526608
0.526609
0.526601
0.526598
0.526606
0.526598
0.526597
0.526608
0.526616
0.526606
0.52661
0.526621
0.526619
0.52662
0.526628
0.526619
0.526619
0.526617
0.526624
0.526613
0.526625
0.526617
0.526625
0.526624
0.526625
0.526635
0.526634
0.526626
0.526619
0.52662
0.52662
0.526624
0.526627
0.526628
0.526627
0.526614
0.526614
0.52661
0.526605
0.526602
0.526613
0.526621
0.526626
0.52663
0.526628
0.526631
0.52663
0.526634
0.526632
0.526626
0.526632
0.52663
0.526628
0.526625
0.526624
0.526615
0.526622
0.526611
0.526619
0.526621
0.526626
0.526623
0.526627
0.526629
0.526634
0.526624
0.526629
0.526617
0.526619
0.526615
0.526617
0.526611
0.52662
0.526612
0.526605
0.526609
0.526613
0.526609
0.526608
0.526623
0.526626
0.526627
0.526621
0.526621
0.526612
0.526609
0.526602
0.52659
0.526583
0.526586
0.526579
0.526568
0.526565
0.526581
0.526581
0.526589
0.526587
0.526581
0.52658
0.526582
0.526581
0.526592
0.526601
0.5266
0.526592
0.526602
0.526601
0.526605
0.526601
0.526593
0.526587
0.526582
0.526572
0.526571
0.526566
0.526577
0.526575
0.526572
0.526565
0.526572
0.526569
0.526571
0.526569
0.526557
0.526552
0.526552
0.526533
0.526533
0.526521
0.526516
0.526511
0.526507
0.526493
0.526493
0.526498
0.526493
0.526495
0.526496
0.526499
0.526491
0.526494
0.526489
0.526477
0.526469
0.52647
0.526457
0.526465
0.526468
0.526462
0.526458
0.526458
0.526464
0.526462
0.52645
0.526459
0.526457
0.526454
0.526459
0.526453
0.526452
0.526451
0.526456
0.526448
0.526446
0.526452
0.526447
0.526446
0.526447
0.526452
0.526455
0.526452
0.526445
0.526444
0.526438
0.52644
0.526435
0.526448
0.526441
0.526442
0.526444
0.526449
0.526448
0.526442
0.526444
0.526442
0.526433
0.526431
0.526428
0.526423
0.526428
0.526426
0.526423
0.52642
0.526424
0.526437
0.526435
0.526432
0.52644
0.526444
0.526447
0.526436
0.526432
0.526418
0.526422
0.526429
0.526431
0.526438
0.526439
0.526431
0.526435
0.52644
0.526444
0.526439
0.526424
0.526426
0.526435
0.52644
0.52644
0.526441
0.526444
0.526442
0.526452
0.526446
0.526444
0.526447
0.526442
0.526447
0.52644
0.526441
0.526439
0.526442
0.526447
0.526453
0.526455
0.526463
0.526454
0.52646
0.526462
0.526448
0.526444
0.526457
0.526451
0.526449
0.526451
0.526446
0.526456
0.526458
0.526447
0.526449
0.526448
0.526448
0.526443
0.526443
0.526443
0.526453
0.526448
0.526456
0.52645
0.52645
0.526456
0.526451
0.526449
0.526451
0.526452
0.526458
0.52645
0.526452
0.526445
0.526458
0.526456
0.526464
0.526469
0.526466
0.526454
0.526463
0.526473
0.526468
0.526471
0.526469
0.526464
0.526463
0.526465
0.526462
0.526461
0.526464
0.526453
0.52645
0.526446
0.526444
0.526459
0.526457
0.526452
0.526452
0.526444
0.526445
0.526447
0.526442
0.526438
0.526436
0.52643
0.526431
0.526435
0.526423
0.526422
0.526418
0.526411
0.526419
0.526423
0.526411
0.526414
0.526407
0.52641
0.526409
0.526403
0.526397
0.526397
0.526389
0.52639
0.526387
0.526373
0.526379
0.526382
0.526387
0.526392
0.526378
0.526378
0.526375
0.526376
0.526377
0.526376
0.526373
0.526365
0.526362
0.526349
0.526342
0.526346
0.526333
0.526328
0.526335
0.526338
0.526342
0.526334
0.526332
0.526324
0.526331
0.52633
0.526333
0.526343
0.52635
0.526343
0.526343
0.526349
0.526357
0.526355
0.526345
0.526333
0.526334
0.526334
0.526334
0.526336
0.52633
0.526326
0.526315
0.526302
0.526303
0.52629
0.526296
0.526299
0.526293
0.52629
0.52629
0.526291
0.526286
0.526289
0.526283
0.52628
0.526276
0.526274
0.526265
0.526268
0.526274
0.526277
0.526277
0.526277
0.526275
0.526269
0.526262
0.52626
0.52626
0.526263
0.526255
0.526259
0.526262
0.526263
0.526257
0.526251
0.526242
0.526234
0.526238
0.526229
0.526232
0.526237
0.526242
0.52623
0.526226
0.526226
0.52623
0.526224
0.526222
0.526215
0.526209
0.526211
0.52621
0.5262
0.526185
0.526184
0.526172
0.526168
0.526156
0.526162
0.526165
0.526163
0.526157
0.526159
0.52615
0.526149
0.526149
0.526152
0.526152
0.526148
0.526152
0.526156
0.526141
0.526131
0.526129
0.526124
0.526123
0.526117
0.52612
0.526112
0.526114
0.526115
0.526105
0.526101
0.526102
0.526097
0.526087
0.526075
0.526084
0.526081
0.526072
0.526069
0.526072
0.526072
0.526068
0.526065
0.526066
0.526071
0.526075
0.526068
0.526066
0.526066
0.526064
0.526062
0.526062
0.526056
0.526068
0.52606
0.526063
0.526062
0.526058
0.526055
0.526062
0.52607
0.526076
0.52609
0.526088
0.526084
0.526076
0.52608
0.526074
0.526076
0.526073
0.526069
0.526062
0.526066
0.526067
0.526057
0.526057
0.526068
0.526074
0.526072
0.526083
0.526084
0.526077
0.526079
0.526081
0.526074
0.526076
0.526077
0.526078
0.526074
0.526073
0.526079
0.526085
0.52609
0.526087
0.526096
0.526094
0.526095
0.526103
0.526106
0.526103
0.526104
0.526112
0.526117
0.526114
0.526116
0.526111
0.52611
0.526124
0.526123
0.526125
0.52612
0.526132
0.52615
0.526165
0.526163
0.526159
0.526161
0.526167
0.526176
0.526179
0.526188
0.526196
0.5262
0.526204
0.526212
0.526199
0.526202
0.526197
0.526194
0.526203
0.526204
0.52621
0.526217
0.526211
0.526216
0.526228
0.526231
0.526231
0.526237
0.526238
0.526233
0.526231
0.526236
0.526237
0.526229
0.526247
0.526248
0.526246
0.526254
0.526253
0.526256
0.526255
0.526262
0.526273
0.52627
0.526267
0.526278
0.526275
0.52628
0.526278
0.526271
0.526278
0.526277
0.526278
0.526285
0.526287
0.526289
0.526294
0.526297
0.526297
0.526304
0.526309
0.526314
0.526314
0.526314
0.526311
0.526311
0.526304
0.526304
0.526303
0.526298
0.526292
0.526294
0.526297
0.526299
0.526293
0.526285
0.526282
0.526288
0.526284
0.526293
0.526283
0.526284
0.526282
0.526284
0.52629
0.526288
0.526287
0.526292
0.526285
0.526287
0.526286
0.526298
0.526288
0.526281
0.526276
0.526274
0.526271
0.526269
0.526267
0.526267
0.52627
0.526275
0.526268
0.526259
0.52626
0.526258
0.526252
0.526243
0.526239
0.526224
0.52623
0.526222
0.52622
0.526216
0.526206
0.526212
0.526214
0.526198
0.526199
0.526197
0.526191
0.526194
0.526189
0.526189
0.526199
0.526199
0.526204
0.5262
0.526191
0.526191
0.52619
0.526188
0.526186
0.526185
0.526183
0.526187
0.526182
0.526188
0.526197
0.526198
0.526195
0.526183
0.526183
0.526179
0.526181
0.52618
0.52618
0.526171
0.526174
0.526168
0.526165
0.526171
0.52617
0.52617
0.526176
0.526166
0.526173
0.52617
0.52618
0.526173
0.526175
0.52617
0.526172
0.526167
0.52617
0.526171
0.526166
0.526165
0.526161
0.526164
0.526155
0.526152
0.526147
0.526146
0.526141
0.526146
0.526146
0.526147
0.526148
0.526143
0.526146
0.52614
0.526134
0.526128
0.526127
0.526132
0.526138
0.526133
0.526139
0.526129
0.526121
0.526122
0.526117
0.526116
0.52611
0.526103
0.526101
0.5261
0.526094
0.526106
0.526104
0.526101
0.526099
0.526099
0.526097
0.526102
0.526096
0.526096
0.526095
0.526096
0.5261
0.526093
0.526088
0.526098
0.526097
0.526104
0.526107
0.526104
0.526104
0.526105
0.526097
0.526098
0.526097
0.526095
0.526094
0.526095
0.526097
0.526101
0.526104
0.526097
0.526088
0.526082
0.52607
0.526066
0.526067
0.526056
0.526045
0.526053
0.526049
0.526051
0.526058
0.526062
0.526065
0.526073
0.526076
0.526075
0.526078
0.526069
0.526069
0.526063
0.526064
0.526061
0.526055
0.526053
0.526054
0.526049
0.526039
0.52603
0.526026
0.526034
0.526031
0.526032
0.526026
0.526032
0.526028
0.526014
0.526018
0.526012
0.526015
0.526013
0.526009
0.526009
0.526012
0.526011
0.526007
0.526009
0.526009
0.525999
0.526
0.525993
0.526001
0.526001
0.525999
0.525999
0.525999
0.526001
0.526005
0.526005
0.526002
0.526006
0.525999
0.525988
0.525985
0.525981
0.525981
0.525977
0.525975
0.525982
0.52598
0.525982
0.525979
0.525974
0.525974
0.52597
0.525965
0.525968
0.525972
0.525974
0.525965
0.525961
0.525959
0.52595
0.525953
0.525957
0.525952
0.525948
0.52595
0.525943
0.525938
0.525931
0.525931
0.525939
0.525933
0.525937
0.525936
0.525934
0.525932
0.525939
0.525946
0.525947
0.52595
0.525955
0.525951
0.525951
0.525952
0.525956
0.525959
0.525952
0.525948
0.525941
0.525945
0.525948
0.525945
0.525947
0.525948
0.525953
0.525956
0.525959
0.525964
0.52597
0.525974
0.525979
0.525978
0.525976
0.525976
0.525976
0.525978
0.525982
0.525981
0.525977
0.52597
0.525968
0.525972
0.525973
0.525972
0.525983
0.525987
0.525984
0.525991
0.525995
0.525998
0.526
0.525996
0.52599
0.525985
0.525989
0.525995
0.525988
0.525984
0.525993
0.525992
0.525989
0.525986
0.525984
0.525982
0.525976
0.525981
0.525989
0.525988
0.525992
0.525999
0.526003
0.526006
0.526011
0.526011
0.526009
0.526004
0.526006
0.526005
0.526008
0.526004
0.526015
0.526029
0.526019
0.526022
0.526023
0.526021
0.526024
0.526021
0.526019
0.526018
0.526017
0.526018
0.526019
0.526027
0.526025
0.52602
0.526025
0.526029
0.526036
0.526042
0.526031
0.526035
0.526035
0.526041
0.526048
0.526049
0.526045
0.526044
0.526046
0.526048
0.526049
0.526055
0.526052
0.526042
0.52604
0.526047
0.526054
0.526053
0.526061
0.526079
0.526064
0.526067
0.526067
0.52607
0.526078
0.526073
0.526063
0.526056
0.526056
0.526056
0.526057
0.526057
0.526066
0.526058
0.526059
0.526061
0.526059
0.526057
0.526057
0.526053
0.526057
0.526059
0.526061
0.526064
0.526067
0.526075
0.526072
0.526063
0.526059
0.526054
0.526054
0.526057
0.526061
0.526065
0.526057
0.526058
0.526061
0.526057
0.526059
0.526064
0.526057
0.52605
0.526054
0.526059
0.526061
0.526066
0.526064
0.526062
0.526066
0.526056
0.526049
0.52606
0.526059
0.526056
0.526066
0.526062
0.526064
0.526072
0.526072
0.526071
0.526069
0.526072
0.526067
0.526073
0.526066
0.526067
0.526066
0.526069
0.526069
0.526074
0.52607
0.526067
0.526074
0.526076
0.52608
0.526089
0.526088
0.526087
0.526096
0.526106
0.526105
0.526104
0.526108
0.526112
0.526111
0.526117
0.52612
0.526121
0.526121
0.526123
0.526119
0.52612
0.52612
0.52612
0.526127
0.526139
0.526136
0.526136
0.52614
0.526133
0.526129
0.526132
0.526133
0.526134
0.526131
0.526129
0.526135
0.526129
0.526138
0.526134
0.526144
0.52614
0.526136
0.526142
0.526142
0.526151
0.526147
0.526147
0.526145
0.526156
0.526158
0.526166
0.526167
0.526166
0.526164
0.526165
0.526168
0.526174
0.52617
0.526173
0.526177
0.526177
0.526178
0.526175
0.526164
0.526162
0.526159
0.526159
0.526158
0.526165
0.526161
0.526169
0.526171
0.52618
0.526178
0.526177
0.526175
0.526173
0.526175
0.526177
0.526184
0.526189
0.526186
0.526187
0.526184
0.526184
0.526192
0.526192
0.526189
0.526192
0.526194
0.526194
0.526197
0.526204
0.526211
0.526201
0.526203
0.526204
0.526201
0.52621
0.526209
0.526211
0.526214
0.526221
0.52622
0.526226
0.526233
0.526234
0.526233
0.526234
0.52624
0.526241
0.526248
0.52625
0.526261
0.526265
0.526268
0.526267
0.526264
0.52627
0.526269
0.526277
0.526276
0.526269
0.526272
0.526267
0.526275
0.526289
0.526292
0.526292
0.52629
0.526292
0.526282
0.526277
0.526275
0.526274
0.526274
0.526272
0.526269
0.526269
0.526272
0.526274
0.526272
0.526273
0.526274
0.526277
0.526283
0.526278
0.52628
0.526286
0.526293
0.526291
0.526292
0.526299
0.526299
0.526293
0.526299
0.526304
0.526306
0.526301
0.526308
0.526311
0.526324
0.526328
0.526333
0.526333
0.526332
0.526337
0.526342
0.526343
0.526351
0.526347
0.52635
0.526346
0.526342
0.526341
0.52634
0.52634
0.52634
0.52634
0.526342
0.526341
0.526348
0.526359
0.526349
0.526348
0.526351
0.526352
0.526357
0.526353
0.526357
0.526348
0.526354
0.526361
0.526346
0.52634
0.52634
0.52634
0.526339
0.526339
0.526338
0.526333
0.526335
0.526338
0.526337
0.526334
0.526335
0.52634
0.526345
0.526344
0.526343
0.526344
0.526343
0.526339
0.52634
0.526338
0.526339
0.526334
0.526333
0.526328
0.526335
0.526342
0.526342
0.526339
0.526343
0.526347
0.526349
0.526347
0.526338
0.526337
0.526331
0.526331
0.52633
0.526328
0.52632
0.526319
0.526326
0.526324
0.526323
0.526318
0.526322
0.526323
0.526327
0.526335
0.526339
0.526337
0.526338
0.526339
0.526333
0.526332
0.526332
0.526331
0.526326
0.526324
0.526319
0.526317
0.526317
0.526324
0.526328
0.526326
0.52633
0.526328
0.526325
0.526325
0.52632
0.526322
0.526318
0.52632
0.526317
0.526323
0.526321
0.526322
0.526319
0.526316
0.526316
0.526317
0.526317
0.526326
0.526321
0.526318
0.526306
0.526308
0.526305
0.526307
0.526307
0.5263
0.526302
0.526299
0.526299
0.526298
0.526298
0.526293
0.526288
0.526275
0.526268
0.526268
0.526263
0.526264
0.526258
0.52626
0.526262
0.526257
0.526256
0.526245
0.526237
0.526239
0.526233
0.52623
0.52622
0.526224
0.526223
0.526223
0.526217
0.526219
0.526214
0.526215
0.526215
0.526204
0.526204
0.526204
0.526189
0.526189
0.526182
0.52618
0.526176
0.526173
0.526168
0.526172
0.526169
0.526163
0.526159
0.526164
0.526165
0.526161
0.526164
0.526168
0.526167
0.52617
0.526168
0.526168
0.526174
0.526181
0.526181
0.52618
0.526182
0.526184
0.526188
0.526188
0.526178
0.526182
0.526177
0.52617
0.526168
0.526174
0.526173
0.526172
0.526168
0.526167
0.526169
0.526162
0.526168
0.526166
0.526163
0.526162
0.526166
0.52617
0.52617
0.526165
0.526156
0.526157
0.526165
0.526176
0.526171
0.526161
0.526159
0.526156
0.526157
0.526164
0.526168
0.52617
0.526166
0.526162
0.526165
0.526165
0.526169
0.526169
0.526164
0.526168
0.526166
0.526175
0.526178
0.526181
0.526177
0.526177
0.526181
0.526175
0.526181
0.526187
0.526187
0.526191
0.526199
0.526206
0.526208
0.526206
0.526202
0.526208
0.526218
0.526221
0.52622
0.526228
0.526233
0.526237
0.526229
0.52624
0.526238
0.526246
0.526245
0.526243
0.526237
0.526244
0.526238
0.526242
0.526249
0.526251
0.526248
0.526252
0.526256
0.526253
0.526251
0.526249
0.526249
0.526251
0.526252
0.526256
0.526248
0.526254
0.526249
0.52625
0.526251
0.526245
0.52625
0.52625
0.526245
0.526239
0.526231
0.526236
0.526239
0.526244
0.526255
0.526252
0.526245
0.526243
0.526248
0.526251
0.52625
0.526251
0.526243
0.526241
0.526238
0.52624
0.526236
0.526239
0.526239
0.526237
0.526233
0.526238
0.526243
0.526248
0.526246
0.526242
0.526239
0.526234
0.526234
0.526234
0.526241
0.526242
0.52624
0.526247
0.526248
0.526252
0.526248
0.526251
0.526246
0.526244
0.526242
0.526241
0.52624
0.526236
0.52623
0.526231
0.526234
0.526239
0.526237
0.526239
0.526242
0.526239
0.526246
0.526248
0.526257
0.526256
0.526261
0.526256
0.526255
0.526256
0.526255
0.526252
0.526258
0.526261
0.526267
0.526264
0.526266
0.526263
0.526261
0.526267
0.526266
0.526265
0.526266
0.526267
0.526257
0.526266
0.526268
0.526275
0.52628
0.526278
0.526277
0.526279
0.526283
0.526281
0.526288
0.526289
0.526293
0.526287
0.526291
0.526291
0.526285
0.526292
0.526292
0.526289
0.526295
0.526295
0.526299
0.526302
0.526306
0.526313
0.526313
0.526307
0.526312
0.526314
0.526319
0.526322
0.526317
0.526322
0.526327
0.526326
0.526325
0.526325
0.526326
0.526323
0.526323
0.526322
0.526319
0.526322
0.526323
0.526326
0.526318
0.526316
0.526318
0.526316
0.526307
0.526302
0.526307
0.526304
0.526305
0.526306
0.526306
0.526302
0.5263
0.526297
0.52629
0.526294
0.526302
0.526303
0.526302
0.526303
0.526306
0.526307
0.5263
0.526292
0.526285
0.526286
0.526281
0.526279
0.526276
0.526274
0.526275
0.526275
0.526277
0.526276
0.526273
0.526277
0.526271
0.526274
0.526279
0.526276
0.526273
0.526274
0.526273
0.526273
0.526276
0.526275
0.526272
0.526265
0.526265
0.526267
0.526266
0.526266
0.526268
0.526268
0.526264
0.526262
0.526262
0.526257
0.526257
0.526258
0.526257
0.526265
0.526272
0.526273
0.526282
0.526279
0.52628
0.526285
0.526279
0.526279
0.526285
0.52629
0.526282
0.526289
0.526281
0.526282
0.52628
0.526281
0.526284
0.526284
0.526284
0.526286
0.526283
0.526282
0.526287
0.526285
0.52628
0.526277
0.526278
0.526281
0.526275
0.52627
0.526261
0.526264
0.52627
0.526272
0.526274
0.526273
0.526268
0.52627
0.526272
0.526276
0.526275
0.526283
0.526285
0.526282
0.526284
0.526284
0.526278
0.526273
0.526273
0.526271
0.526272
0.526272
0.526269
0.526271
0.526274
0.526274
0.526274
0.526269
0.526271
0.526273
0.526277
0.526275
0.526277
0.52628
0.526274
0.526277
0.526283
0.526284
0.526286
0.526285
0.526294
0.526294
0.526287
0.526289
0.526281
0.526281
0.526287
0.526278
0.526279
0.52628
0.526287
0.526289
0.526302
0.526306
0.526303
0.526305
0.526302
0.526307
0.526307
0.526308
0.526303
0.526307
0.526306
0.526313
0.526312
0.526306
0.526306
0.526306
0.526312
0.52632
0.526324
0.526326
0.526327
0.526324
0.526327
0.526326
0.526332
0.526334
0.526343
0.52634
0.526346
0.526342
0.526346
0.52635
0.526352
0.526352
0.526345
0.526349
0.526358
0.526363
0.52636
0.526359
0.526361
0.526364
0.526366
0.526362
0.526364
0.526369
0.526366
0.526369
0.526368
0.526362
0.526355
0.526363
0.526358
0.526356
0.526354
0.526357
0.526358
0.526358
0.526359
0.526362
0.526363
0.526365
0.526368
0.526367
0.526367
0.526361
0.526359
0.52636
0.526358
0.526354
0.526354
0.526356
0.526352
0.526348
0.526353
0.526352
0.526349
0.526341
0.526344
0.526345
0.526348
0.526349
0.52635
0.526351
0.526355
0.526355
0.526359
0.52636
0.526364
0.526364
0.526371
0.526374
0.526373
0.526379
0.526378
0.526376
0.526373
0.526377
0.52638
0.526376
0.526382
0.526382
0.526386
0.526384
0.526386
0.52639
0.526391
0.526392
0.526387
0.526389
0.52639
0.52639
0.5264
0.526394
0.526392
0.526392
0.526401
0.526395
0.526389
0.526387
0.526386
0.526384
0.526383
0.526378
0.526376
0.526378
0.526384
0.526387
0.526377
0.526374
0.526379
0.526375
0.526382
0.526382
0.526378
0.526381
0.526383
0.526373
0.526375
0.526377
0.526372
0.526381
0.526375
0.52638
0.526384
0.526381
0.526385
0.52639
0.526386
0.526386
0.526377
0.526378
0.52638
0.526387
0.526391
0.526387
0.526384
0.526382
0.526385
0.526381
0.526394
0.526392
0.526392
0.52639
0.526392
0.526388
0.52638
0.526383
0.526396
0.526397
0.526407
0.526402
0.526405
0.526408
0.526411
0.526405
0.526407
0.526414
0.526418
0.526422
0.526428
0.526424
0.526429
0.526427
0.526428
0.526422
0.526421
0.526421
0.526427
0.526428
0.526426
0.52643
0.526432
0.526429
0.526426
0.526429
0.526428
0.526429
0.526428
0.526429
0.526428
0.526432
0.52643
0.526435
0.526438
0.52644
0.526444
0.526446
0.526451
0.526448
0.526452
0.526451
0.526446
0.526446
0.526441
0.526441
0.526446
0.526451
0.526456
0.526461
0.52646
0.526455
0.526448
0.526451
0.526452
0.526455
0.526452
0.52645
0.526452
0.526454
0.526454
0.526456
0.526453
0.526455
0.526452
0.526449
0.526443
0.526446
0.526446
0.526445
0.52645
0.526454
0.526451
0.526448
0.526444
0.526445
0.526446
0.526441
0.52644
0.526442
0.526452
0.52645
0.526446
0.526445
0.526447
0.526447
0.526449
0.526458
0.526455
0.52646
0.526461
0.526467
0.526461
0.526458
0.52646
0.526466
0.526471
0.526474
0.526467
0.526468
0.526476
0.526483
0.526486
0.526492
0.526492
0.526493
0.526494
0.526492
0.5265
0.526503
0.526498
0.526503
0.526506
0.526504
0.526506
0.526505
0.5265
0.526506
0.526502
0.526506
0.526502
0.526497
0.52649
0.526481
0.526475
0.526478
0.526477
0.526477
0.526481
0.526479
0.526483
0.52648
0.526478
0.526477
0.526477
0.526476
0.52648
0.526481
0.52648
0.526478
0.52648
0.52648
0.526476
0.52647
0.526466
0.526469
0.526462
0.526462
0.526463
0.526462
0.52646
0.526463
0.526461
0.526457
0.526452
0.526449
0.526455
0.526455
0.526452
0.526453
0.526448
0.526447
0.526451
0.526448
0.526444
0.526445
0.526447
0.526444
0.526446
0.526448
0.526447
0.526447
0.526447
0.526448
0.526453
0.526453
0.526457
0.526461
0.526457
0.526455
0.526448
0.526446
0.526444
0.526443
0.526437
0.526431
0.526434
0.526436
0.526428
0.526422
0.526421
0.526421
0.526422
0.526415
0.52642
0.526424
0.526426
0.52642
0.526421
0.526423
0.526421
0.526423
0.526427
0.526427
0.526422
0.526421
0.526426
0.526435
0.52644
0.52644
0.526446
0.52645
0.526444
0.526452
0.526455
0.526452
0.52645
0.526441
0.526445
0.526439
0.526441
0.526435
0.52644
0.526441
0.526448
0.526457
0.526457
0.526455
0.526449
0.526453
0.526452
0.526455
0.526452
0.526445
0.526449
0.526453
0.526451
0.526452
0.526447
0.526448
0.52645
0.526445
0.526448
0.526446
0.526446
0.526446
0.526448
0.526447
0.526439
0.526436
0.526441
0.526437
0.526443
0.526446
0.52645
0.526445
0.526441
0.526438
0.526437
0.526439
0.526438
0.526434
0.526437
0.526445
0.526447
0.526452
0.526449
0.52645
0.526452
0.52645
0.52645
0.52645
0.526461
0.526463
0.526464
0.526459
0.526465
0.526468
0.526468
0.526474
0.526478
0.526477
0.526481
0.526483
0.526484
0.526494
0.526497
0.526501
0.526503
0.526507
0.526504
0.526504
0.52651
0.526513
0.526514
0.526514
0.526514
0.526512
0.52651
0.52651
0.526517
0.526522
0.526523
0.526528
0.52653
0.526533
0.526533
0.526534
0.526531
0.526535
0.526527
0.526528
0.526526
0.526528
0.526532
0.526523
0.526528
0.526525
0.52653
0.526529
0.526528
0.526527
0.526531
0.526521
0.526516
0.526522
0.526524
0.526521
0.526521
0.526522
0.526521
0.526524
0.52652
0.52652
0.526522
0.526515
0.52652
0.52652
0.526518
0.526523
0.52652
0.526523
0.526514
0.526519
0.526518
0.526514
0.526514
0.526516
0.52652
0.52652
0.526519
0.526519
0.526528
0.526522
0.526522
0.526526
0.526524
0.526527
0.52652
0.526526
0.526525
0.52652
0.526522
0.526528
0.526529
0.526531
0.526524
0.526526
0.526538
0.526537
0.526535
0.526531
0.526531
0.526529
0.52653
0.526528
0.526535
0.526536
0.526532
0.52653
0.526531
0.526532
0.526529
0.526528
0.526528
0.526526
0.526523
0.526526
0.52653
0.526529
0.526531
0.526531
0.526535
0.52654
0.526543
0.52654
0.526532
0.526525
0.526522
0.526529
0.526531
0.52653
0.526532
0.526536
0.526533
0.526538
0.526534
0.526538
0.526537
0.526538
0.526545
0.526541
0.526539
0.526541
0.526542
0.52654
0.526544
0.526538
0.526539
0.526543
0.526542
0.526546
0.52655
0.526551
0.526552
0.526554
0.526558
0.526555
0.526547
0.526545
0.526551
0.526551
0.526551
0.526551
0.526556
0.526552
0.526557
0.526562
0.526566
0.526565
0.526568
0.526563
0.526565
0.526565
0.526566
0.526566
0.526567
0.526566
0.526566
0.526563
0.526566
0.526572
0.526567
0.526567
0.526563
0.526562
0.526557
0.526551
0.526548
0.526536
0.526537
0.526545
0.52655
0.526547
0.526551
0.526554
0.526555
0.526551
0.526556
0.526556
0.526558
0.526558
0.526552
0.526552
0.526551
0.526549
0.526549
0.526551
0.526553
0.526546
0.526542
0.526542
0.526542
0.526537
0.526536
0.526529
0.526528
0.526532
0.526534
0.526532
0.526529
0.526529
0.526526
0.526531
0.526528
0.526525
0.526528
0.526529
0.526524
0.526532
0.526532
0.526533
0.526527
0.526526
0.526527
0.526523
0.526521
0.526521
0.526521
0.526515
0.526525
0.526521
0.526516
0.526515
0.526513
0.526512
0.52652
0.526521
0.526517
0.526511
0.526502
0.526505
0.526507
0.526503
0.526509
0.526504
0.526509
0.52651
0.526508
0.526507
0.526504
0.526512
0.52651
0.526509
0.526517
0.526518
0.52652
0.526518
0.52652
0.526521
0.526518
0.526514
0.526512
0.526507
0.526511
0.526511
0.526512
0.526514
0.526507
0.526508
0.526506
0.526509
0.526516
0.526516
0.526515
0.526516
0.526517
0.52651
0.526513
0.526513
0.526512
0.526505
0.526507
0.526512
0.526506
0.526508
0.526515
0.526517
0.526521
0.526523
0.526529
0.526523
0.526514
0.526515
0.526507
0.526504
0.526499
0.526494
0.526489
0.526482
0.526481
0.526489
0.526487
0.526487
0.526481
0.52648
0.526476
0.526479
0.526477
0.526485
0.526482
0.526481
0.526479
0.526475
0.526471
0.526467
0.526469
0.526464
0.526463
0.526468
0.526471
0.526474
0.526477
0.526483
0.526477
0.526472
0.526475
0.526473
0.526474
0.526475
0.526478
0.526473
0.526464
0.52647
0.52647
0.526471
0.526468
0.526468
0.526467
0.526464
0.526464
0.526463
0.526457
0.526454
0.526448
0.526446
0.52645
0.526447
0.526443
0.526446
0.526449
0.526439
0.526442
0.52644
0.526433
0.52644
0.526438
0.526437
0.526448
0.526449
0.526452
0.52645
0.526455
0.526457
0.52646
0.526461
0.526467
0.526471
0.526473
0.526468
0.526468
0.526466
0.526464
0.526464
0.526463
0.526466
0.526465
0.526462
0.526464
0.526463
0.526459
0.526462
0.526465
0.526464
0.526457
0.526455
0.526452
0.526454
0.526458
0.526456
0.526455
0.526457
0.526453
0.526454
0.526453
0.526452
0.52645
0.526456
0.526451
0.526445
0.526444
0.526442
0.526447
0.526444
0.526447
0.526443
0.52644
0.526444
0.526447
0.526446
0.526446
0.526451
0.52645
0.526446
0.526446
0.526447
0.526448
0.526445
0.526443
0.526443
0.526439
0.526434
0.526431
0.526425
0.526425
0.526425
0.526428
0.526427
0.526434
0.526434
0.526432
0.526436
0.52644
0.526446
0.526447
0.526444
0.526439
0.526441
0.526448
0.526444
0.526447
0.526444
0.526444
0.526439
0.526442
0.526443
0.52644
0.526437
0.526439
0.526439
0.526441
0.526439
0.526437
0.526443
0.526439
0.526442
0.526444
0.526441
0.526444
0.526446
0.526445
0.526451
0.526453
0.526452
0.52646
0.526467
0.526474
0.526473
0.526471
0.526469
0.526471
0.526472
0.526467
0.526469
0.52647
0.526473
0.526477
0.52648
0.526474
0.526473
0.526477
0.526481
0.526483
0.526478
0.52648
0.526482
0.526482
0.52648
0.526474
0.52648
0.526481
0.526485
0.526485
0.526488
0.526493
0.526495
0.526494
0.526488
0.526492
0.526489
0.526483
0.52649
0.526482
0.526478
0.526482
0.526483
0.52648
0.526484
0.526485
0.526489
0.526484
0.526488
0.526485
0.526485
0.526488
0.526485
0.526487
0.526487
0.526486
0.526491
0.526488
0.526494
0.526488
0.526477
0.526477
0.526478
0.526475
0.526475
0.526472
0.526468
0.526473
0.526472
0.526475
0.52648
0.526483
0.526476
0.526475
0.526478
0.526483
0.526481
0.52648
0.526476
0.526467
0.526468
0.526463
0.52646
0.526465
0.52647
0.526474
0.526472
0.526477
0.526481
0.526477
0.526472
0.526474
0.526479
0.526479
0.526479
0.526478
0.526474
0.526474
0.526477
0.526476
0.526477
0.526477
0.526478
0.526482
0.526472
0.526464
0.526463
0.526464
0.526465
0.526463
0.526459
0.526455
0.526449
0.526451
0.526453
0.526452
0.526452
0.526456
0.526457
0.526459
0.526459
0.52646
0.526464
0.526461
0.526469
0.526467
0.526468
0.526465
0.526471
0.526471
0.526473
0.526468
0.526472
0.526469
0.526465
0.526463
0.526464
0.526469
0.526471
0.52647
0.526471
0.526464
0.526464
0.526462
0.526462
0.526464
0.526466
0.526466
0.526469
0.526477
0.526475
0.52648
0.526483
0.526488
0.526485
0.526485
0.526484
0.526485
0.526486
0.526484
0.526483
0.526477
0.526474
0.526481
0.526484
0.526477
0.526475
0.526473
0.526471
0.526468
0.526472
0.526472
0.52647
0.526477
0.526471
0.52647
0.526472
0.526473
0.526464
0.526463
0.526468
0.526469
0.526471
0.52647
0.526471
0.526469
0.52647
0.52647
0.526462
0.526455
0.526456
0.526458
0.526458
0.526457
0.526455
0.526466
0.526467
0.526466
0.526465
0.526463
0.526461
0.526458
0.526464
0.526471
0.526469
0.526475
0.526472
0.52647
0.526469
0.526469
0.526473
0.526475
0.526478
0.526485
0.526489
0.52649
0.526493
0.526491
0.52649
0.526493
0.526493
0.526497
0.526496
0.526494
0.52649
0.526493
0.5265
0.526497
0.526499
0.526503
0.5265
0.526496
0.526496
0.526493
0.526494
0.526493
0.526494
0.526497
0.526494
0.526492
0.526491
0.526494
0.526502
0.526499
0.526498
0.526499
0.526505
0.526512
0.526514
0.526514
0.52651
0.526506
0.526506
0.526508
0.52651
0.526514
0.526517
0.526514
0.526512
0.526513
0.526519
0.526522
0.526526
0.526523
0.526525
0.526523
0.52652
0.526522
0.526521
0.526526
0.526524
0.526522
0.526519
0.526516
0.526516
0.526508
0.526509
0.52651
0.526512
0.526513
0.526514
0.526516
0.526518
0.526518
0.526509
0.526512
0.526513
0.526509
0.526512
0.526511
0.526515
0.526513
0.526511
0.52651
0.526512
0.52651
0.526513
0.526507
0.526499
0.526494
0.526502
0.526499
0.526491
0.526492
0.526491
0.526491
0.526488
0.52649
0.526487
0.52649
0.526484
0.526487
0.526486
0.526485
0.526492
0.526502
0.526509
0.52651
0.526511
0.526512
0.526513
0.526515
0.526518
0.526523
0.526528
0.526525
0.526526
0.52652
0.526526
0.526526
0.526532
0.526528
0.526526
0.526526
0.526526
0.526525
0.526526
0.526521
0.526519
0.526519
0.526526
0.526529
0.526528
0.526538
0.526532
0.526531
0.526531
0.526536
0.526539
0.526549
0.52655
0.526552
0.526553
0.526555
0.526551
0.526554
0.526553
0.526554
0.526548
0.526548
0.526549
0.526552
0.526557
0.526561
0.526566
0.526566
0.526568
0.526568
0.52657
0.526566
0.526573
0.526573
0.526573
0.526575
0.526575
0.526579
0.526577
0.526579
0.526573
0.526572
0.52657
0.526572
0.526576
0.526578
0.526576
0.52658
0.526589
0.52659
0.526591
0.526593
0.526591
0.5266
0.526598
0.526602
0.526606
0.526612
0.526614
0.526619
0.526621
0.526626
0.526629
0.526633
0.526638
0.526645
0.526645
0.526649
0.526653
0.526653
0.526659
0.526657
0.526661
0.526668
0.526666
0.526664
0.526663
0.526664
0.526667
0.52666
0.526663
0.526661
0.52666
0.526663
0.526669
0.526672
0.526672
0.526671
0.526676
0.526676
0.526675
0.526674
0.526673
0.52668
0.526683
0.526681
0.526677
0.526681
0.526682
0.526686
0.526687
0.526689
0.526685
0.526683
0.526684
0.526687
0.526684
0.526683
0.52668
0.526681
0.526682
0.526677
0.526677
0.526678
0.526678
0.526685
0.52669
0.52669
0.526693
0.526691
0.526691
0.526687
0.526686
0.526686
0.526682
0.526683
0.526689
0.526693
0.526701
0.526706
0.526701
0.526705
0.526711
0.526715
0.526714
0.526715
0.526723
0.526725
0.526728
0.526731
0.526729
0.526731
0.526731
0.526732
0.526736
0.526735
0.526737
0.526739
0.526735
0.526738
0.526741
0.526744
0.526748
0.526746
0.526747
0.526742
0.526739
0.526738
0.526736
0.526735
0.526734
0.526733
0.526732
0.526735
0.526739
0.526736
0.526741
0.526733
0.526731
0.526733
0.526728
0.526722
0.526714
0.526716
0.526715
0.526716
0.526715
0.526713
0.526711
0.526712
0.526713
0.526712
0.526717
0.526715
0.526713
0.526713
0.526713
0.526719
0.526711
0.526713
0.526711
0.526711
0.526708
0.526703
0.526699
0.526701
0.5267
0.526701
0.526703
0.526705
0.526705
0.526705
0.526703
0.526702
0.526709
0.52671
0.526708
0.526707
0.526708
0.526711
0.526706
0.526707
0.526708
0.526708
0.526707
0.526709
0.526707
0.52671
0.526709
0.526712
0.526712
0.526711
0.526715
0.526718
0.52672
0.526713
0.526711
0.526711
0.526709
0.526709
0.526717
0.526716
0.526716
0.526718
0.526714
0.526714
0.526717
0.526717
0.526717
0.526716
0.526714
0.526721
0.526724
0.526719
0.52672
0.526716
0.52672
0.526718
0.526716
0.526716
0.52672
0.526721
0.52672
0.526718
0.526722
0.526721
0.526721
0.526716
0.52672
0.526722
0.526723
0.526732
0.526733
0.526732
0.52673
0.526736
0.526735
0.526739
0.526738
0.526739
0.526736
0.526741
0.526738
0.526738
0.526735
0.526734
0.526741
0.526741
0.526744
0.526743
0.52674
0.526743
0.526745
0.526749
0.526747
0.52675
0.526749
0.526753
0.526753
0.526752
0.526755
0.526756
0.526753
0.526751
0.526751
0.526747
0.526754
0.526755
0.526753
0.526756
0.526755
0.526754
0.526749
0.52675
0.526754
0.526754
0.52676
0.526766
0.526761
0.526766
0.526766
0.526767
0.526766
0.526771
0.526769
0.526771
0.526777
0.526781
0.526776
0.526778
0.526777
0.526774
0.526773
0.526774
0.526769
0.526778
0.52678
0.526791
0.526796
0.526793
0.526796
0.526794
0.526798
0.5268
0.5268
0.526804
0.52681
0.526813
0.526817
0.526821
0.52682
0.526823
0.526822
0.526826
0.526825
0.526823
0.526824
0.52682
0.52682
0.526826
0.526821
0.526817
0.526816
0.526821
0.526823
0.526823
0.526821
0.526826
0.526832
0.526829
0.52683
0.526834
0.526836
0.526832
0.52683
0.526827
0.526824
0.526825
0.526825
0.526825
0.526822
0.52682
0.52682
0.52682
0.526818
0.526824
0.526823
0.526817
0.526813
0.526817
0.526816
0.526814
0.526816
0.526814
0.526814
0.526808
0.526813
0.526813
0.52681
0.526807
0.526803
0.526797
0.526797
0.526797
0.526798
0.526802
0.526799
0.526795
0.526802
0.526812
0.526813
0.526808
0.526804
0.526799
0.526799
0.526798
0.5268
0.526799
0.526795
0.52679
0.526785
0.526784
0.526789
0.526791
0.526789
0.526787
0.526784
0.526782
0.526786
0.526785
0.526784
0.526788
0.526784
0.526784
0.526787
0.526781
0.526777
0.526776
0.526773
0.526767
0.526766
0.526762
0.52676
0.526761
0.526754
0.526748
0.526744
0.526741
0.526738
0.52674
0.526739
0.526743
0.526742
0.526736
0.526734
0.526731
0.526726
0.526726
0.526723
0.526722
0.52672
0.526716
0.526715
0.526712
0.526706
0.526703
0.526699
0.526691
0.526687
0.526686
0.526686
0.526684
0.526679
0.526679
0.526679
0.526679
0.526682
0.526684
0.526682
0.526672
0.526665
0.52666
0.526661
0.526657
0.526657
0.526655
0.52665
0.526648
0.526647
0.526651
0.526649
0.526646
0.526648
0.526647
0.526645
0.52664
0.526639
0.526633
0.526631
0.52663
0.52663
0.526624
0.526616
0.526611
0.526609
0.526612
0.526609
0.52661
0.52661
0.526607
0.526605
0.526607
0.526605
0.5266
0.526601
0.526598
0.526599
0.526599
0.526596
0.526596
0.52659
0.526589
0.526589
0.526595
0.526591
0.526594
0.526592
0.52659
0.526584
0.526587
0.526586
0.526585
0.526582
0.526581
0.526584
0.526576
0.526574
0.526569
0.526565
0.526567
0.52656
0.526568
0.526564
0.526561
0.526564
0.526562
0.526561
0.526564
0.526565
0.526563
0.526567
0.52657
0.526571
0.526572
0.526574
0.526569
0.526562
0.526568
0.526568
0.52657
0.526574
0.526574
0.526576
0.526573
0.526582
0.526577
0.526577
0.526574
0.526571
0.526572
0.52657
0.526572
0.526573
0.526572
0.526569
0.526564
0.526565
0.526559
0.526557
0.526559
0.526559
0.526554
0.526553
0.526555
0.526555
0.526553
0.526557
0.52656
0.526557
0.526556
0.526555
0.526552
0.526553
0.526552
0.52655
0.526556
0.526558
0.52656
0.52656
0.526558
0.526562
0.526561
0.526561
0.52656
0.526563
0.526564
0.526564
0.526567
0.526563
0.526564
0.526567
0.526564
0.526565
0.526566
0.526568
0.526564
0.526568
0.526563
0.526572
0.526578
0.526577
0.52658
0.52658
0.526582
0.526584
0.526585
0.526585
0.526587
0.526585
0.526585
0.526587
0.526586
0.526583
0.52658
0.526583
0.526584
0.526579
0.526578
0.526574
0.526576
0.526576
0.526574
0.526573
0.526574
0.526571
0.526568
0.526563
0.52656
0.52656
0.526558
0.526558
0.526554
0.526551
0.526546
0.526542
0.526546
0.526545
0.52655
0.526551
0.526548
0.526546
0.526545
0.526547
0.526551
0.526545
0.526546
0.526546
0.526547
0.526552
0.526553
0.526557
0.526559
0.526563
0.526568
0.526569
0.526567
0.526564
0.526568
0.526571
0.526574
0.526576
0.526576
0.526574
0.526576
0.526573
0.526578
0.526581
0.526584
0.526587
0.526583
0.526587
0.526589
0.526588
0.526581
0.526579
0.526577
0.526575
0.526575
0.526579
0.526584
0.526585
0.526588
0.526588
0.526587
0.526585
0.526589
0.526586
0.526582
0.526583
0.526579
0.526589
0.52659
0.526588
0.526585
0.526581
0.526578
0.526575
0.526578
0.526576
0.52658
0.526579
0.526584
0.526583
0.526588
0.526588
0.526586
0.526584
0.526583
0.526583
0.526587
0.52658
0.526582
0.526586
0.526588
0.526591
0.526594
0.526593
0.526593
0.526596
0.526598
0.526601
0.526607
0.526615
0.526613
0.526614
0.52661
0.526618
0.526619
0.52662
0.526626
0.526616
0.526614
0.526615
0.526617
0.526619
0.526618
0.526617
0.526621
0.52662
0.526619
0.526616
0.526618
0.526619
0.526618
0.526618
0.526623
0.526621
0.526626
0.526626
0.526625
0.526625
0.52663
0.526628
0.526629
0.526628
0.526629
0.526634
0.526635
0.526633
0.526633
0.526633
0.526631
0.526626
0.526627
0.526628
0.526628
0.526634
0.526631
0.526638
0.526636
0.526641
0.526636
0.526636
0.52663
0.526631
0.526632
0.526633
0.526631
0.526629
0.526629
0.526633
0.526629
0.526631
0.526628
0.526624
0.526626
0.526622
0.526618
0.526618
0.526622
0.526622
0.52662
0.526623
0.526624
0.526629
0.526624
0.526625
0.526625
0.526629
0.526624
0.526626
0.526628
0.526631
0.526627
0.526633
0.526635
0.526641
0.526638
0.526639
0.526637
0.526633
0.526627
0.526627
0.526624
0.52663
0.526627
0.526625
0.526628
0.526634
0.52663
0.526624
0.52662
0.52662
0.526618
0.52662
0.52662
0.526622
0.526623
0.526619
0.52662
0.526621
0.526625
0.526629
0.526625
0.526628
0.526629
0.526632
0.526626
0.526626
0.526625
0.526632
0.526639
0.526635
0.52663
0.526632
0.526633
0.526636
0.526634
0.526636
0.52663
0.526629
0.52663
0.526626
0.526625
0.52662
0.526621
0.526623
0.526624
0.526623
0.526618
0.526615
0.526613
0.526611
0.526611
0.52661
0.526602
0.526606
0.526603
0.526603
0.526608
0.52661
0.526606
0.526609
0.526609
0.526604
0.526603
0.526603
0.526607
0.526607
0.526605
0.526612
0.526608
0.526612
0.526611
0.526605
0.526606
0.526607
0.52661
0.526607
0.526605
0.526607
0.526608
0.526608
0.526605
0.526602
0.526599
0.526594
0.52659
0.52659
0.526586
0.526583
0.526579
0.526577
0.526578
0.526575
0.526574
0.526571
0.526565
0.526567
0.526565
0.526568
0.526568
0.526565
0.526568
0.526569
0.526573
0.526572
0.526579
0.52658
0.52658
0.526572
0.526571
0.526566
0.526568
0.526569
0.526572
0.526575
0.52658
0.526587
0.526587
0.52658
0.526574
0.52658
0.526579
0.526574
0.526578
0.526587
0.526586
0.526583
0.526587
0.526587
0.526588
0.526587
0.526591
0.526591
0.526594
0.5266
0.526597
0.526594
0.526597
0.526601
0.526601
0.526601
0.526601
0.526601
0.526602
0.526604
0.526607
0.526611
0.52661
0.526607
0.52661
0.526604
0.526605
0.526602
0.526605
0.526608
0.526611
0.526615
0.526619
0.526623
0.526617
0.526622
0.526623
0.52663
0.52663
0.526639
0.526641
0.526647
0.52665
0.526652
0.526655
0.526658
0.526657
0.526656
0.526654
0.526658
0.526659
0.526666
0.526667
0.526676
0.526677
0.526676
0.526673
0.526673
0.526675
0.52668
0.526678
0.526682
0.526682
0.52668
0.52668
0.526681
0.526679
0.52668
0.526684
0.526681
0.52668
0.526684
0.526686
0.526688
0.526689
0.526692
0.52669
0.526693
0.526695
0.526695
0.526696
0.526693
0.526685
0.526686
0.526691
0.526692
0.526694
0.526701
0.526698
0.526697
0.526699
0.526696
0.526693
0.526691
0.52669
0.526685
0.526684
0.526685
0.526686
0.526684
0.526685
0.526685
0.526686
0.52669
0.526689
0.526685
0.526683
0.526681
0.526674
0.526673
0.526674
0.526678
0.526672
0.526675
0.526674
0.526673
0.526674
0.52667
0.526673
0.526675
0.526678
0.526677
0.526674
0.526676
0.526677
0.526679
0.526674
0.526672
0.526667
0.526667
0.526665
0.526668
0.52667
0.52667
0.52667
0.526672
0.526669
0.526673
0.526676
0.526677
0.526678
0.526671
0.526669
0.526668
0.526664
0.526665
0.526664
0.526665
0.526661
0.526657
0.526653
0.526652
0.526653
0.526655
0.526656
0.526654
0.526652
0.526649
0.526651
0.526652
0.526655
0.526655
0.526657
0.526657
0.526655
0.526652
0.52665
0.526646
0.526647
0.526644
0.526644
0.526647
0.526645
0.526647
0.526649
0.526648
0.526649
0.526642
0.52664
0.526642
0.526648
0.526647
0.526648
0.526648
0.526643
0.526646
0.526642
0.526643
0.526643
0.526644
0.526643
0.52664
0.526637
0.526631
0.526631
0.526633
0.526631
0.526634
0.526636
0.526639
0.526634
0.526635
0.52663
0.526631
0.526633
0.52663
0.526626
0.526626
0.526622
0.526623
0.526626
0.526632
0.526627
0.526631
0.526631
0.526626
0.526627
0.526624
0.526626
0.52663
0.52663
0.52663
0.526634
0.526635
0.526633
0.526639
0.526643
0.526644
0.526649
0.526651
0.526646
0.526647
0.526647
0.52665
0.526652
0.526657
0.526654
0.526651
0.526648
0.526651
0.526647
0.526644
0.526645
0.526648
0.52665
0.526652
0.526656
0.526657
0.526655
0.526654
0.526655
0.526661
0.526662
0.526664
0.526662
0.526661
0.526664
0.52666
0.52666
0.52666
0.52666
0.526666
0.526673
0.526674
0.526677
0.526674
0.526671
0.52667
0.526667
0.526667
0.526668
0.526666
0.526666
0.526671
0.526676
0.526675
0.526673
0.526671
0.526672
0.526676
0.526673
0.526672
0.526675
0.526679
0.526679
0.52668
0.526681
0.52668
0.52668
0.526679
0.526674
0.526675
0.52668
0.526678
0.526677
0.526678
0.526679
0.526683
0.526683
0.526688
0.526684
0.526682
0.52668
0.526679
0.526678
0.526673
0.526671
0.526671
0.526671
0.526676
0.52668
0.526684
0.526683
0.526681
0.526678
0.526675
0.526673
0.526673
0.526673
0.52667
0.526668
0.526668
0.526667
0.526666
0.526668
0.526669
0.526663
0.52666
0.526653
0.526653
0.526655
0.526649
0.52665
0.526648
0.526646
0.526643
0.526645
0.526645
0.526649
0.52665
0.526655
0.526651
0.526644
0.526642
0.526644
0.526644
0.526647
0.526645
0.526641
0.526645
0.526644
0.526648
0.526648
0.526649
0.526651
0.526651
0.526654
0.526656
0.52666
0.526661
0.526664
0.526665
0.526668
0.526665
0.526664
0.526664
0.526666
0.526662
0.52666
0.526657
0.526662
0.526659
0.526657
0.526657
0.526654
0.526653
0.526648
0.526649
0.526647
0.526646
0.526648
0.526643
0.526639
0.52664
0.526637
0.526639
0.526637
0.526637
0.526635
0.526639
0.526635
0.526638
0.526636
0.526639
0.526637
0.526642
0.52664
0.526642
0.526643
0.526643
0.52664
0.52664
0.526641
0.526632
0.52663
0.526627
0.526626
0.526624
0.526628
0.526627
0.526631
0.526632
0.526625
0.526623
0.52662
0.526621
0.526622
0.526616
0.526618
0.526615
0.526613
0.52661
0.526611
0.526611
0.52661
0.526609
0.526605
0.526602
0.526602
0.526601
0.5266
0.526598
0.526595
0.526594
0.526597
0.5266
0.5266
0.526599
0.526596
0.526597
0.526594
0.526592
0.526588
0.526589
0.526589
0.52659
0.526594
0.526591
0.526592
0.52659
0.526583
0.526584
0.526583
0.526586
0.526583
0.52658
0.526581
0.526582
0.526581
0.52658
0.526578
0.526583
0.526583
0.526581
0.526584
0.526583
0.526577
0.526579
0.526576
0.526568
0.526566
0.526565
0.526568
0.526565
0.526565
0.52656
0.526559
0.52656
0.526559
0.526561
0.526562
0.526565
0.526567
0.526566
0.526559
0.526555
0.526561
0.526559
0.526555
0.526552
0.526555
0.526559
0.526562
0.526564
0.526561
0.526561
0.526564
0.526569
0.526568
0.52657
0.526572
0.526575
0.526574
0.526573
0.526571
0.526571
0.526569
0.526571
0.526575
0.52658
0.526575
0.526579
0.526579
0.526575
0.526576
0.526575
0.526573
0.526572
0.52657
0.526567
0.526565
0.526562
0.526562
0.52656
0.526562
0.526567
0.526566
0.526568
0.52657
0.52657
0.526572
0.526574
0.526575
0.526578
0.526585
0.526582
0.526583
0.526581
0.526581
0.526584
0.526585
0.526586
0.526583
0.52658
0.526584
0.526585
0.526584
0.526586
0.526584
0.526586
0.526582
0.526587
0.526591
0.526591
0.526594
0.526595
0.5266
0.5266
0.526597
0.526597
0.526595
0.526596
0.526595
0.526588
0.526584
0.526584
0.526585
0.526587
0.526586
0.526586
0.526585
0.526589
0.526583
0.526583
0.526582
0.526579
0.526583
0.526584
0.526583
0.526582
0.52658
0.526579
0.526577
0.526577
0.526575
0.52658
0.526576
0.526576
0.526579
0.526578
0.526579
0.526578
0.526577
0.526576
0.526574
0.52657
0.526572
0.526575
0.52657
0.526573
0.526576
0.526578
0.526576
0.526578
0.52657
0.526568
0.526568
0.526565
0.526567
0.526567
0.526567
0.526566
0.526567
0.526563
0.526565
0.526561
0.526557
0.526558
0.526554
0.526552
0.526551
0.526555
0.526556
0.526559
0.526555
0.526556
0.526558
0.526554
0.52655
0.52655
0.526549
0.526549
0.526548
0.526546
0.526548
0.52655
0.526553
0.526548
0.526545
0.52654
0.52654
0.526539
0.526543
0.526546
0.526544
0.526542
0.52654
0.526542
0.526542
0.52654
0.526536
0.526535
0.526535
0.526537
0.526537
0.52654
0.526549
0.526548
0.526545
0.526544
0.526539
0.526534
0.526531
0.526535
0.526537
0.526534
0.526532
0.526533
0.52654
0.52654
0.52654
0.526539
0.526543
0.526544
0.526542
0.526539
0.526535
0.526537
0.526537
0.526537
0.526541
0.526539
0.526546
0.526551
0.526553
0.526561
0.526564
0.526562
0.526564
0.526564
0.52657
0.526572
0.526572
0.526568
0.526569
0.52657
0.52657
0.52657
0.526571
0.52657
0.526568
0.526568
0.526571
0.526571
0.526572
0.526571
0.52657
0.526572
0.526565
0.526569
0.526571
0.52657
0.526568
0.526565
0.526568
0.526575
0.526577
0.526576
0.526575
0.526579
0.526581
0.526578
0.526578
0.526577
0.526577
0.526577
0.526577
0.52658
0.526574
0.526575
0.526577
0.526574
0.526571
0.526567
0.52657
0.526566
0.526566
0.526567
0.526568
0.526571
0.526568
0.526566
0.526564
0.526566
0.526565
0.52657
0.526566
0.526564
0.526566
0.526576
0.526567
0.526565
0.526567
0.526567
0.526567
0.526573
0.526575
0.526573
0.52657
0.526573
0.526575
0.526574
0.526572
0.526572
0.526575
0.526572
0.526569
0.526569
0.526577
0.52658
0.526581
0.526579
0.526581
0.526582
0.526583
0.526585
0.52658
0.52658
0.526582
0.526582
0.526583
0.526585
0.526581
0.526578
0.52658
0.526577
0.526581
0.526583
0.526582
0.526577
0.526578
0.52658
0.526575
0.526574
0.526577
0.526573
0.526575
0.526575
0.526577
0.526576
0.526578
0.526578
0.526579
0.526584
0.526583
0.526583
0.52658
0.526585
0.526578
0.526575
0.526574
0.526567
0.526565
0.526561
0.526563
0.526564
0.526561
0.526556
0.526559
0.526559
0.526555
0.526557
0.526557
0.526554
0.52656
0.526556
0.526553
0.526554
0.526554
0.526553
0.52655
0.52655
0.526546
0.52655
0.526548
0.526547
0.526551
0.526556
0.526554
0.526552
0.526555
0.526557
0.526561
0.526563
0.526562
0.526567
0.526573
0.526573
0.526577
0.526578
0.526578
0.526575
0.526573
0.526571
0.526569
0.526576
0.526572
0.52657
0.526575
0.526579
0.526579
0.526579
0.526582
0.52658
0.526576
0.526575
0.526572
0.526573
0.526578
0.526582
0.526579
0.526578
0.526583
0.526584
0.526586
0.526586
0.526585
0.526589
0.526589
0.526588
0.526587
0.526589
0.526584
0.526586
0.526587
0.526585
0.526589
0.526589
0.526591
0.526593
0.526593
0.52659
0.526591
0.526592
0.526589
0.526592
0.526594
0.526593
0.526595
0.526597
0.526594
0.526593
0.52659
0.526593
0.526595
0.526592
0.526597
0.526604
0.5266
0.526599
0.526604
0.526604
0.526602
0.526604
0.526602
0.526604
0.526606
0.526606
0.526602
0.526603
0.526606
0.526604
0.526602
0.526603
0.526603
0.526605
0.526604
0.526605
0.526604
0.526606
0.52661
0.526612
0.526616
0.526614
0.526612
0.526613
0.526615
0.526611
0.526613
0.526615
0.526615
0.526618
0.526619
0.526616
0.526622
0.526625
0.526627
0.52663
0.526628
0.526625
0.526626
0.526624
0.526623
0.526624
0.526628
0.526631
0.526632
0.526629
0.526629
0.526633
0.526636
0.526633
0.526634
0.52663
0.526629
0.526626
0.526625
0.52662
0.526621
0.52662
0.526619
0.526623
0.526625
0.526626
0.526624
0.526623
0.526616
0.526615
0.526615
0.526613
0.526611
0.526607
0.526606
0.526605
0.526606
0.526603
0.526605
0.526608
0.526606
0.526601
0.526601
0.526598
0.526595
0.52659
0.52659
0.526586
0.526583
0.526578
0.526581
0.52658
0.526579
0.52658
0.526585
0.526588
0.526587
0.526588
0.526586
0.526588
0.52659
0.526589
0.526587
0.526585
0.526582
0.526581
0.526581
0.526575
0.526572
0.526571
0.526573
0.526573
0.526571
0.526578
0.526578
0.526581
0.526579
0.526582
0.526585
0.526583
0.526581
0.526582
0.52658
0.526579
0.526578
0.526574
0.526571
0.52657
0.52657
0.526568
0.526568
0.526565
0.526563
0.526568
0.526571
0.52657
0.526575
0.526575
0.526575
0.526575
0.526579
0.526583
0.526584
0.526584
0.526581
0.526578
0.52658
0.526578
0.526582
0.526581
0.526579
0.526579
0.526576
0.526578
0.526574
0.526576
0.526574
0.526579
0.526583
0.526586
0.526581
0.526586
0.526582
0.526581
0.526578
0.526578
0.526581
0.526587
0.526584
0.526587
0.526583
0.526581
0.526577
0.526576
0.526578
0.526583
0.526579
0.526579
0.526579
0.526577
0.526576
0.526579
0.526582
0.526581
0.52658
0.52658
0.526577
0.526579
0.526579
0.526573
0.526573
0.526574
0.526573
0.526573
0.526568
0.526569
0.526569
0.52657
0.526565
0.526564
0.526571
0.526576
0.526575
0.526573
0.526572
0.526573
0.526575
0.526573
0.526568
0.526565
0.52657
0.526575
0.526574
0.526574
0.526574
0.526577
0.52658
0.526582
0.52658
0.526578
0.526577
0.526576
0.526577
0.526578
0.526578
0.526572
0.526574
0.526575
0.52658
0.526581
0.526581
0.526582
0.526583
0.526582
0.52658
0.526578
0.526583
0.526577
0.526576
0.526575
0.52657
0.526572
0.526572
0.526574
0.526575
0.526572
0.526571
0.526576
0.526575
0.526577
0.526575
0.52658
0.526579
0.526583
0.526582
0.52658
0.526577
0.526578
0.526575
0.526573
0.526576
0.52658
0.526581
0.526579
0.526582
0.526582
0.526584
0.526589
0.526587
0.526587
0.526587
0.526588
0.52659
0.526592
0.526596
0.526597
0.526598
0.526601
0.526605
0.526601
0.526604
0.526604
0.52661
0.526614
0.526609
0.526609
0.526609
0.526612
0.526613
0.526613
0.526614
0.526616
0.526613
0.526618
0.526619
0.526623
0.526625
0.526624
0.526627
0.526627
0.526632
0.526634
0.526639
0.526639
0.526637
0.526634
0.526639
0.526641
0.526644
0.526649
0.52665
0.526647
0.52665
0.526648
0.52665
0.526649
0.526651
0.526647
0.526649
0.52665
0.526654
0.526657
0.526655
0.526655
0.526652
0.52665
0.526652
0.526654
0.526655
0.526655
0.526658
0.526659
0.526656
0.526654
0.526655
0.526656
0.52666
0.526661
0.526662
0.526662
0.526659
0.526657
0.526663
0.526661
0.526664
0.52666
0.526659
0.526659
0.526662
0.526661
0.526659
0.526659
0.52666
0.526664
0.526665
0.526664
0.526661
0.526661
0.526666
0.526665
0.52667
0.526666
0.526664
0.526666
0.526663
0.526658
0.526662
0.526662
0.526662
0.526661
0.52666
0.526663
0.526664
0.526665
0.526661
0.526661
0.526662
0.526658
0.526654
0.526651
0.526652
0.526655
0.526653
0.526654
0.526653
0.526655
0.526658
0.526658
0.526655
0.526662
0.526662
0.526663
0.526657
0.526658
0.52666
0.52666
0.526659
0.526657
0.526659
0.52666
0.52666
0.526659
0.526662
0.526658
0.52666
0.52666
0.526655
0.526649
0.526652
0.526656
0.526656
0.526652
0.526652
0.526648
0.526646
0.526644
0.526646
0.526653
0.526653
0.526659
0.526662
0.526659
0.526662
0.526663
0.526668
0.526666
0.526664
0.526662
0.526664
0.526667
0.526669
0.52667
0.526673
0.526673
0.526669
0.526674
0.526673
0.526672
0.526671
0.526673
0.526677
0.526676
0.526674
0.526674
0.526668
0.526663
0.526664
0.526666
0.526665
0.52667
0.52667
0.526665
0.526662
0.526662
0.526662
0.526669
0.526672
0.526675
0.526675
0.526674
0.526677
0.526675
0.526676
0.526679
0.526679
0.526676
0.526676
0.526673
0.526671
0.52667
0.52667
0.526669
0.526667
0.526667
0.526666
0.526666
0.526662
0.526658
0.526661
0.526661
0.526661
0.526661
0.526663
0.526667
0.526668
0.52667
0.526668
0.526677
0.526674
0.526678
0.526679
0.526678
0.526672
0.526669
0.526668
0.526664
0.526664
0.52666
0.526659
0.526659
0.526659
0.526658
0.526655
0.526659
0.526659
0.526658
0.526656
0.526654
0.52666
0.526662
0.526663
0.526666
0.52667
0.526681
0.526679
0.526674
0.526674
0.526676
0.526678
0.526672
0.526673
0.526673
0.526675
0.526671
0.526675
0.526675
0.526676
0.526679
0.526681
0.526682
0.526683
0.526686
0.526685
0.526685
0.526686
0.526685
0.526683
0.526681
0.52668
0.526678
0.526681
0.526682
0.526677
0.52668
0.526684
0.526683
0.526682
0.526682
0.526686
0.526691
0.52669
0.52669
0.52669
0.526693
0.526697
0.526699
0.526702
0.526704
0.526701
0.526701
0.526704
0.5267
0.526698
0.526701
0.526706
0.526705
0.526709
0.526709
0.526703
0.526705
0.526709
0.526714
0.526713
0.526714
0.526717
0.526712
0.526716
0.526711
0.526714
0.526716
0.526716
0.526718
0.526719
0.52672
0.526721
0.526722
0.526725
0.526726
0.526726
0.526727
0.526726
0.526728
0.52673
0.52673
0.526731
0.526731
0.526728
0.52673
0.52673
0.526733
0.52673
0.526728
0.52673
0.526731
0.52673
0.526736
0.52674
0.526739
0.526738
0.526738
0.526738
0.526738
0.52674
0.526739
0.52674
0.526739
0.526739
0.526738
0.526737
0.526737
0.526737
0.526735
0.526735
0.526738
0.526742
0.526745
0.526742
0.526737
0.526734
0.526732
0.526729
0.526728
0.526729
0.526729
0.526731
0.52673
0.526733
0.526738
0.526737
0.526736
0.526736
0.52674
0.526741
0.526743
0.526746
0.526751
0.526748
0.526748
0.526752
0.526753
0.526757
0.526761
0.526759
0.526761
0.526756
0.526759
0.526752
0.526755
0.526755
0.526755
0.526756
0.526756
0.526756
0.526761
0.52676
0.526757
0.526759
0.52676
0.526759
0.526759
0.526758
0.526757
0.526757
0.526756
0.526759
0.526758
0.526758
0.526758
0.526756
0.526754
0.526754
0.526754
0.526753
0.526749
0.52675
0.52675
0.526753
0.526749
0.526748
0.526746
0.526744
0.526743
0.526742
0.526742
0.526738
0.526742
0.526741
0.526739
0.526739
0.526737
0.526733
0.526732
0.52673
0.526725
0.526724
0.526717
0.526716
0.526715
0.526712
0.526706
0.526703
0.526697
0.526699
0.526699
0.526695
0.526695
0.526694
0.526699
0.526699
0.526695
0.526697
0.526696
0.526694
0.526694
0.526696
0.526695
0.526698
0.526696
0.526693
0.526691
0.526693
0.526692
0.526694
0.526691
0.526691
0.526691
0.526691
0.526693
0.526691
0.526691
0.526696
0.526692
0.526695
0.526697
0.526695
0.526692
0.526691
0.526695
0.526693
0.526692
0.526692
0.526687
0.526688
0.526683
0.526682
0.526685
0.526685
0.526682
0.526685
0.526684
0.526687
0.526684
0.526683
0.526685
0.526683
0.526681
0.526677
0.526677
0.526676
0.526674
0.526675
0.526678
0.526682
0.526683
0.526686
0.526692
0.526688
0.526681
0.526678
0.52668
0.526676
0.526676
0.526673
0.526674
0.526676
0.52668
0.52668
0.526683
0.52668
0.526677
0.526677
0.526678
0.526682
0.526683
0.526689
0.52669
0.526693
0.526694
0.526695
0.526696
0.5267
0.526706
0.526704
0.526706
0.52671
0.526713
0.526717
0.526717
0.526717
0.526722
0.526724
0.526726
0.526725
0.526729
0.526731
0.526734
0.526731
0.526731
0.526728
0.52673
0.526729
0.526728
0.526731
0.526733
0.526737
0.526739
0.526737
0.526741
0.526743
0.526742
0.526742
0.526745
0.526745
0.526747
0.526748
0.526746
0.526749
0.526753
0.526755
0.52676
0.526763
0.526765
0.526763
0.526762
0.526763
0.526763
0.526765
0.526766
0.526769
0.52677
0.526767
0.526768
0.52677
0.526774
0.526778
0.526775
0.526776
0.526771
0.526768
0.526765
0.526765
0.526763
0.526764
0.526765
0.526762
0.526763
0.526761
0.526764
0.526765
0.526764
0.526768
0.526766
0.526759
0.526761
0.52676
0.526762
0.526759
0.526762
0.526763
0.526769
0.526768
0.52677
0.526767
0.526764
0.526765
0.526767
0.526768
0.526762
0.526761
0.526766
0.526768
0.526767
0.526764
0.526762
0.526763
0.526767
0.526767
0.526769
0.526769
0.526775
0.526775
0.526777
0.526774
0.526774
0.526776
0.526779
0.526779
0.52678
0.526781
0.526783
0.526784
0.52678
0.526781
0.526778
0.526777
0.526774
0.526774
0.526773
0.526777
0.526779
0.526782
0.526786
0.526787
0.526785
0.526788
0.526787
0.526791
0.526791
0.526789
0.526786
0.526786
0.526781
0.526781
0.526779
0.526779
0.526781
0.526782
0.526782
0.526782
0.526786
0.52678
0.526781
0.526777
0.526774
0.526773
0.526773
0.526772
0.526769
0.526768
0.526771
0.526771
0.526772
0.526774
0.526768
0.526771
0.526769
0.526768
0.52677
0.526774
0.526775
0.526776
0.526781
0.526781
0.526784
0.526787
0.526783
0.526782
0.526779
0.526782
0.526786
0.526793
0.526794
0.526793
0.526793
0.52679
0.526793
0.526792
0.52679
0.526789
0.526791
0.52679
0.526784
0.526784
0.526785
0.526787
0.526789
0.526788
0.526789
0.526787
0.526785
0.52678
0.526783
0.526777
0.526777
0.526782
0.526783
0.526781
0.52678
0.526779
0.526782
0.526787
0.526787
0.526785
0.526786
0.526781
0.526781
0.526781
0.526783
0.526783
