2.102537625827129622e-17	1.190246796936008609e-17	1.766471988195712495e+00
1.568128974125909752e-17	1.096266001880531048e-17	1.430427443189834058e+00
3.076080664475342575e-17	1.138080111316813796e-17	2.702868307676661086e+00
2.216043244590258912e-17	1.139692456595261986e-17	1.944422139294057272e+00
1.861384262692281118e-17	1.080173796385561823e-17	1.723226640861662551e+00
3.818964695471275492e-17	1.114425609797924538e-17	3.426845777677127280e+00
2.550306086796258798e-17	1.094238909493947813e-17	2.330666607327734230e+00
3.035007282504521365e-17	1.183426339426040208e-17	2.564593318056867854e+00
2.172062984200438238e-17	1.164549593078418457e-17	1.865152842876117711e+00
1.328200861714427015e-17	1.165272417138652151e-17	1.139820047380722068e+00
2.204377420462467952e-17	1.139810421714642475e-17	1.933986019487673458e+00
2.576603219833083552e-17	1.177585159104483645e-17	2.188039820230503807e+00
2.600312843243964625e-17	1.117102485844438967e-17	2.327729887091190886e+00
1.210018184482157596e-17	1.124781889372921900e-17	1.075780287640260457e+00
2.391236984787562390e-17	1.179253208764884144e-17	2.027755334490100925e+00
2.210399396895420830e-17	1.145202217628883463e-17	1.930138942161677917e+00
3.099424850335606054e-17	1.192268725236460998e-17	2.599602576777229057e+00
2.308781598686228855e-17	1.127062180699338745e-17	2.048495316605900562e+00
1.882185047893913972e-17	1.138375054365534808e-17	1.653396251679931872e+00
2.222734231722241395e-17	1.057145688625216674e-17	2.102580803798986597e+00
1.255069932821792818e-17	1.221741549756794060e-17	1.027279405428777714e+00
3.443438151517742929e-17	1.174326076968207500e-17	2.932267467318591336e+00
2.164722524015040626e-17	1.164593587769859666e-17	1.858779360240493395e+00
2.349940045151170041e-17	1.151645559046415396e-17	2.040506323053913995e+00
2.375507795796386648e-17	1.079655346079053805e-17	2.200246406803277210e+00
3.249245720526036537e-17	1.169175928710179230e-17	2.779090503608439011e+00
2.950378826272304766e-17	1.158994012773371900e-17	2.545637676947359651e+00
3.308410225161683389e-17	1.170560586525875994e-17	2.826346848889524477e+00
3.500204916105989583e-17	1.155661041461951432e-17	3.028747003254612213e+00
1.539667382454695418e-17	1.088468187643759936e-17	1.414526763329353676e+00
2.159705340668824200e-17	1.247096736722058469e-17	1.731786538344667115e+00
1.755709684275529293e-17	1.161905181749506397e-17	1.511061067506316080e+00
1.859541665827262171e-17	1.143245342945999642e-17	1.626546460303487374e+00
1.685434246337220498e-17	1.136994549904466633e-17	1.482359125185635396e+00
2.263441410725636635e-17	1.162152061478104527e-17	1.947629304074749879e+00
2.003921570830512668e-17	1.188536790035562040e-17	1.686040842514057614e+00
1.926966700626670250e-17	1.114211436886273065e-17	1.729444373692382575e+00
2.215927899633322802e-17	1.214361848364049784e-17	1.824767389241148674e+00
2.165506262730288643e-17	1.128407752004411062e-17	1.919081341725684453e+00
2.202971067163796244e-17	1.137732327725206754e-17	1.936282386884829343e+00
2.666614842579911348e-17	1.147188138162090903e-17	2.324479092725010965e+00
2.221509519458180434e-17	1.103169066539961746e-17	2.013752548760129102e+00
2.268618146461136167e-17	1.185557114702130172e-17	1.913546060605543886e+00
2.521643484502601410e-17	1.121956575274436018e-17	2.247541072510578442e+00
2.039602028506454028e-17	1.116046627069042251e-17	1.827524029047827181e+00
2.089918079767631589e-17	1.147960184777074003e-17	1.820549272946673902e+00
1.601886421533551479e-17	1.140512939451929112e-17	1.404531563055597010e+00
1.873155987057596780e-17	1.200695950731650912e-17	1.560058552638724727e+00
1.685121525404055557e-17	1.132863397098612453e-17	1.487488720811208864e+00
3.312969835610706409e-17	1.173339234321350923e-17	2.823539636878245940e+00
1.912487436334353609e-17	1.108816158980203224e-17	1.724801195261530307e+00
3.259109649478275904e-17	1.196450553209304580e-17	2.723981898571727900e+00
2.337021025834265616e-17	1.188065296204060499e-17	1.967081298730959604e+00
2.480889255102271174e-17	1.114165425029104441e-17	2.226679449362257035e+00
2.471858886109052583e-17	1.093612390180169833e-17	2.260269642429545200e+00
1.541667520359724089e-17	1.171560432313479006e-17	1.315909515069056290e+00
1.158560021488356838e-17	1.117357344793024548e-17	1.036875111518566595e+00
2.854863301924551293e-17	1.169109396072640343e-17	2.441912888147868443e+00
1.886966840451335304e-17	1.157028117715818897e-17	1.630873797757436128e+00
3.811292804410788661e-17	1.214891063462497947e-17	3.137147781421999237e+00
1.862293394459440832e-17	1.116861046809749693e-17	1.667435174482068572e+00
2.006656962523769864e-17	1.068059488843158489e-17	1.878787636349010359e+00
2.292845004797381703e-17	1.108940562565591728e-17	2.067599546988132087e+00
2.647904006668856409e-17	1.052377779524004266e-17	2.516115465556975739e+00
2.161197550243178457e-17	1.120357737190612711e-17	1.929024523597753227e+00
1.854842716225595526e-17	1.158558598727698487e-17	1.600991713550389051e+00
3.273916418855277370e-17	1.135398833855134200e-17	2.883494611086589554e+00
1.815392279537106168e-17	1.074814914412258531e-17	1.689027808596997193e+00
2.377228782738215999e-17	1.116425884408534908e-17	2.129320733187438641e+00
2.529558525740096776e-17	1.129614365711100532e-17	2.239311576165837092e+00
2.691389401469461088e-17	1.154733542829080786e-17	2.330744974183044160e+00
2.371270847722021297e-17	1.145640641631398444e-17	2.069820816015499165e+00
1.540801276319359340e-17	1.140531104159756432e-17	1.350950684904369092e+00
1.350679860080536384e-17	1.141828013407851041e-17	1.182910074214552631e+00
2.637786054099900607e-17	1.114826521180650256e-17	2.366095535031198516e+00
1.762826210572092648e-17	1.104887021913111404e-17	1.595480963763842297e+00
2.409399876458192287e-17	1.109616441742871565e-17	2.171380835591940617e+00
1.967742205410322228e-17	1.136458792336437409e-17	1.731468152369040281e+00
2.530782339748441032e-17	1.120920407684576650e-17	2.257771669066261477e+00
1.566472260841341163e-17	1.080993219815203979e-17	1.449104612431454386e+00
2.059099203201669494e-17	1.124546910871174624e-17	1.831047849846038966e+00
1.849064546936249536e-17	1.113575148758767299e-17	1.660475764924609132e+00
2.856450438038881210e-17	1.082828558762853033e-17	2.637952624099992427e+00
2.558018603132455987e-17	1.074139938484933113e-17	2.381457491228306189e+00
2.453697934157935496e-17	1.126950528267448556e-17	2.177289838916178777e+00
2.908990110049786163e-17	1.143369977205730664e-17	2.544224676214636105e+00
2.686827084307617807e-17	1.097656972233115783e-17	2.447783918177491191e+00
2.416143855216772182e-17	1.329183576680316051e-17	1.817765354317105508e+00
2.257273974545209085e-17	1.097539849203850849e-17	2.056666986791069629e+00
2.818581885096646401e-17	1.092883062002098945e-17	2.579033368797176262e+00
2.171397781482429038e-17	1.106780180956270159e-17	1.961905190248634190e+00
2.400690478841970018e-17	1.209852386284688640e-17	1.984283790367354028e+00
2.882548085224425672e-17	1.095315150382721202e-17	2.631706577067993269e+00
2.113049483093199437e-17	1.168304858461703748e-17	1.808645635416968434e+00
2.580819851894397029e-17	1.217349970225517565e-17	2.120031145535159922e+00
1.738590318940567836e-17	1.132564063381346184e-17	1.535092252309233185e+00
2.062382179817666240e-17	1.093228804021856454e-17	1.886505525861019938e+00
2.236833061137412163e-17	1.099777458649777653e-17	2.033896079197353490e+00
1.400075813484275473e-17	1.094501384761630981e-17	1.279190536418731705e+00
1.584274555449178864e-17	1.122879001619518051e-17	1.410904071733636744e+00
3.907561120517264607e-17	1.071026651367516968e-17	3.648425662916959578e+00
1.285834009015199733e-17	1.125556171805248170e-17	1.142398790237973083e+00
2.626692940647426604e-17	1.087342799690013222e-17	2.415699024627984137e+00
3.193879299408924417e-17	1.043952849376080025e-17	3.059409533024169736e+00
1.777007560615171449e-17	1.128507617431856580e-17	1.574652694555226384e+00
2.022198038371912637e-17	1.095737410821225538e-17	1.845513366981172965e+00
1.576987035481802447e-17	1.126835186270820383e-17	1.399483309267903763e+00
2.500344962620457483e-17	1.126258624186601191e-17	2.220045120121712401e+00
1.904345920712097619e-17	1.144237464328291799e-17	1.664292579189422527e+00
2.141659563966860173e-17	1.149286232236465932e-17	1.863469259350018170e+00
1.568500020899044762e-17	1.195720822127840262e-17	1.311761066523728037e+00
2.286586457547453576e-17	1.149572747606435859e-17	1.989075038798920891e+00
2.216820479925616911e-17	1.136718741762476519e-17	1.950192601283628147e+00
2.259257197004099420e-17	1.210426928861817522e-17	1.866496145395998951e+00
2.174391348463074534e-17	1.123081672489459980e-17	1.936093698015075582e+00
1.594008129328783076e-17	1.159531880107732144e-17	1.374699701383530481e+00
2.897939303285385074e-17	1.118774599965567152e-17	2.590279850270622575e+00
2.830130690904071401e-17	1.128265071265001210e-17	2.508391656342735754e+00
2.415488761153448572e-17	1.076794060379371627e-17	2.243222590123160387e+00
1.510581950766306944e-17	1.139821590531787257e-17	1.325279292228128680e+00
1.681309663950418210e-17	1.133937667996903502e-17	1.482717887765775622e+00
2.729691392275869452e-17	1.119989063752040293e-17	2.437248255917085160e+00
1.946011985891406640e-17	1.117756494671726827e-17	1.740998146884335185e+00
2.850316786684829227e-17	1.166314917130254450e-17	2.443865498778067025e+00
2.080696976569237323e-17	1.092303733883978516e-17	1.904870332330332650e+00
2.000093896760805914e-17	1.071103435424334648e-17	1.867320961367691767e+00
2.108944264848145772e-17	1.086619198545059696e-17	1.940831035998571652e+00
2.008448394296626541e-17	1.146194576180071612e-17	1.752275255908287921e+00
3.107965370624193970e-17	1.170432929763018132e-17	2.655398093809164362e+00
2.440119509841620976e-17	1.099460540140973836e-17	2.219378886966463238e+00
2.423760122443863960e-17	1.140819274738724720e-17	2.124578516609445966e+00
1.771802047508593376e-17	1.140700260551020826e-17	1.553258212330657084e+00
2.449396948240932730e-17	1.212505666726094895e-17	2.020111753254388631e+00
2.079604230011818134e-17	1.151276461979726957e-17	1.806346519441338394e+00
2.877999080686304199e-17	1.198110389538065172e-17	2.402115118787948145e+00
2.280163015406202151e-17	1.205143253895467641e-17	1.892026535464455428e+00
2.654020468286053557e-17	1.099393042207557969e-17	2.414077919719081144e+00
1.669357660016017636e-17	1.136556411020385274e-17	1.468785573535492661e+00
1.321859753431708754e-17	1.202478808142354235e-17	1.099279042991019306e+00
2.441538063874442286e-17	1.110281764057612947e-17	2.199025637376630815e+00
2.892952396950978093e-17	1.141813042236690936e-17	2.533648057902710971e+00
1.981843270734728138e-17	1.179715570351775353e-17	1.679933130105054850e+00
1.492903588504990582e-17	1.210475795068799146e-17	1.233319653797901205e+00
2.272741558620399786e-17	1.177899324381529901e-17	1.929487106051045453e+00
2.594294504070272868e-17	1.177270771225905872e-17	2.203651502677505203e+00
2.182191853027658363e-17	1.146560738779022954e-17	1.903250110719370225e+00
1.738246183991998617e-17	1.109240064488000768e-17	1.567060404362812465e+00
2.678913099886078058e-17	1.106581567932629018e-17	2.420890766227886459e+00
2.935311942145875912e-17	1.193707147489870356e-17	2.458988327512535488e+00
1.364779501866431809e-17	1.161406730379124019e-17	1.175109000290466499e+00
2.410513182419707435e-17	1.096476480108891587e-17	2.198417591392674897e+00
1.656446212068983133e-17	1.133502706874879425e-17	1.461351792123976256e+00
2.284148942550850978e-17	1.142816550410141387e-17	1.998701315387059196e+00
1.476641597975691103e-17	1.175336773605169210e-17	1.256356162026918133e+00
3.427236704026373355e-17	1.199510963269021086e-17	2.857194981099749675e+00
3.306910747395567183e-17	1.180303008033570438e-17	2.801747284288468975e+00
2.961135404660248525e-17	1.190693027746039491e-17	2.486900767585432881e+00
3.306279438055558727e-17	1.128211558495274557e-17	2.930549162663455220e+00
2.322339281619914188e-17	1.202774324400403815e-17	1.930818803251080240e+00
1.767441845364001272e-17	1.125227656209486080e-17	1.570741561150317711e+00
2.483403917928122547e-17	1.141679868353795049e-17	2.175219154480650730e+00
1.721664163249476526e-17	1.171547513979033134e-17	1.469564095955470329e+00
1.601095245561333740e-17	1.089983000830719101e-17	1.468917629303462258e+00
2.855364211619159070e-17	1.243023080923593855e-17	2.297112785305289506e+00
2.497450350770450835e-17	1.101853922261410825e-17	2.266589336674285526e+00
2.976317209496541795e-17	1.137857800816314538e-17	2.615719826643796431e+00
2.220279674486831640e-17	1.117795913927334057e-17	1.986301476703347557e+00
2.429150158118563448e-17	1.152127427854298083e-17	2.108404070062432467e+00
1.707516476661282030e-17	1.135259193132310698e-17	1.504076326349798265e+00
1.986743590002854232e-17	1.139950599048460284e-17	1.742833059310841204e+00
2.749396536608978217e-17	1.174682916167004087e-17	2.340543561815193740e+00
2.186888772646362637e-17	1.145504870579848874e-17	1.909104735224190108e+00
2.063803353959507249e-17	1.110470032521833971e-17	1.858495315963358818e+00
2.220199554859519463e-17	1.165588394328223659e-17	1.904788659241164916e+00
1.689934292864419666e-17	1.209328198460013911e-17	1.397415767710056267e+00
3.182036088068197426e-17	1.150833628402243865e-17	2.764983581932661139e+00
2.162497189019042477e-17	1.072975657058470707e-17	2.015420550124558119e+00
2.544248468766313982e-17	1.123178809299533340e-17	2.265221216515850955e+00
1.733543584130016049e-17	1.151162884943150507e-17	1.505906424541845867e+00
1.045181272879197343e-17	1.086885167590314803e-17	9.616298980290831633e-01
2.663948905638934122e-17	1.172410488045693800e-17	2.272198119004807726e+00
2.197466810540450428e-17	1.149983512214749152e-17	1.910868101324650237e+00
2.176097010517806260e-17	1.106986269712203338e-17	1.965785005701608856e+00
1.278505526181692580e-17	1.184408173178870002e-17	1.079446727178749343e+00
1.870638697276689711e-17	1.081820296925638957e-17	1.729158440262904106e+00
2.002340330091482044e-17	1.180386446699237765e-17	1.696343037223705164e+00
1.669493777123336850e-17	1.122762296122507351e-17	1.486952120577065051e+00
1.479556079106178973e-17	1.204417115183160055e-17	1.228441592579973873e+00
2.762047471332052082e-17	1.120230495073030853e-17	2.465606393934122398e+00
2.488264590242278661e-17	1.080838383918048503e-17	2.302161569449724610e+00
1.705113810154622177e-17	1.232174924177067306e-17	1.383824468992027823e+00
1.994691750571859415e-17	1.183444615693464636e-17	1.685496493980858768e+00
2.062335456961341793e-17	1.160634863220374910e-17	1.776902902295256048e+00
2.515907021680155140e-17	1.098509595487369016e-17	2.290291347490631679e+00
1.369441887216060835e-17	1.110317000463500654e-17	1.233379194089966102e+00
1.518295930135331832e-17	1.140034256991615132e-17	1.331798514670861078e+00
2.662099030639764220e-17	1.183038965293250511e-17	2.250220921489163306e+00
2.572335751323766660e-17	1.145328071128986844e-17	2.245937924832430266e+00
2.641686598938728596e-17	1.122726918575702172e-17	2.352919980123027166e+00
2.089866924138103937e-17	1.126171639600857254e-17	1.855726827643079169e+00
2.286788891691500841e-17	1.096735794236368485e-17	2.085086402494721547e+00
2.485569985893418211e-17	1.251740670929951229e-17	1.985690841256138706e+00
2.410420411978436493e-17	1.136396178669262967e-17	2.121109219850664473e+00
1.257302461947037294e-17	1.202536721768174168e-17	1.045541844325832415e+00
1.557912478199618640e-17	1.101825247544997246e-17	1.413937901378499173e+00
2.056730940316219391e-17	1.120305005585648726e-17	1.835866955928708188e+00
2.531215488078682427e-17	1.110802371068863914e-17	2.278727120147423957e+00
2.013974933832463429e-17	1.137764645075171862e-17	1.770115588096341730e+00
2.159898090110287378e-17	1.126668193560675248e-17	1.917066712679831086e+00
2.184411710752771498e-17	1.135606306205662475e-17	1.923564265904284643e+00
1.479629260519263591e-17	1.085308332939280476e-17	1.363326177098507674e+00
2.435151367020799751e-17	1.121480388865740562e-17	2.171372224782012417e+00
1.876982457187192575e-17	1.109365222269913295e-17	1.691942761056299593e+00
1.793569055774003458e-17	1.086752173357354930e-17	1.650393806191383650e+00
1.809870075254762000e-17	1.231310268933097671e-17	1.469873289388687665e+00
1.810174638231113825e-17	1.127898696846224853e-17	1.604908883477421888e+00
2.592550487079988209e-17	1.116233464235631711e-17	2.322588033906778371e+00
1.604280959610770663e-17	1.102821763188944320e-17	1.454705568170685748e+00
2.904376283038851805e-17	1.155214046146292280e-17	2.514145575642569241e+00
1.823318961756621552e-17	1.138594001308268740e-17	1.601377628602986825e+00
2.642798450724799905e-17	1.093345318049194158e-17	2.417167208837756487e+00
2.851143346575767022e-17	1.111511374366426606e-17	2.565104966380527873e+00
3.006874939205530649e-17	1.145402640820696740e-17	2.625168505854905021e+00
2.002441228171556578e-17	1.133437571077293415e-17	1.766697416134092924e+00
1.978360028254554316e-17	1.141600987355769452e-17	1.732969794320978973e+00
2.005628390622809672e-17	1.128494303534089897e-17	1.777260535867847269e+00
1.492845443396535055e-17	1.119859504000667482e-17	1.333064940792470399e+00
1.820304392122573767e-17	1.071559781346683284e-17	1.698742733545771211e+00
3.403181180846528533e-17	1.187468215825774496e-17	2.865913491823383286e+00
2.128589593326862336e-17	1.132382491215818107e-17	1.879744353024599635e+00
2.458979320999918283e-17	1.082523904324259171e-17	2.271524269512440686e+00
2.412208536741162311e-17	1.110899041176948766e-17	2.171402123261834127e+00
2.075159797148271603e-17	1.097297723427761776e-17	1.891154745738324872e+00
2.962526967108232687e-17	1.117014244511397372e-17	2.652183695655641937e+00
2.717781631455358228e-17	1.199580791395343877e-17	2.265609495375508597e+00
2.074244609899288288e-17	1.103171165631255974e-17	1.880256368659132926e+00
2.380956342172582684e-17	1.153167920727631928e-17	2.064709136784029120e+00
1.933650228487722578e-17	1.089237759565923484e-17	1.775232460962709702e+00
2.601020919892151465e-17	1.187363596773876203e-17	2.190585029690357732e+00
3.105048378623448255e-17	1.168581836216593868e-17	2.657108199350734168e+00
2.096242730366817766e-17	1.159509320325887419e-17	1.807870530766976014e+00
2.976220113137381494e-17	1.161522844099548341e-17	2.562343158601110282e+00
1.299224154027022125e-17	1.184885261013837246e-17	1.096497860826922466e+00
2.567148647459702616e-17	1.093904720319844381e-17	2.346775363314183238e+00
2.001052978910049365e-17	1.130327768815402172e-17	1.770329840703797064e+00
2.630872044838805043e-17	1.097276702135278049e-17	2.397637751461579203e+00
2.311230015489017622e-17	1.096807517357412587e-17	2.107233930213723738e+00
2.096519265327641475e-17	1.193647213360577022e-17	1.756397737841762785e+00
1.674602041504757231e-17	1.097113251928993602e-17	1.526371173222451638e+00
2.302080122152745518e-17	1.216759874904929637e-17	1.891975705011324616e+00
2.193953436296763348e-17	1.105499155446973658e-17	1.984581738924719119e+00
1.982080042108480391e-17	1.139476412780971957e-17	1.739465617608595638e+00
3.327676667788484635e-17	1.122616618500717013e-17	2.964214686428463086e+00
1.694498990499305216e-17	1.137102997156912768e-17	1.490189538446424100e+00
2.743773722270356755e-17	1.078646690210149373e-17	2.543718668191338850e+00
2.350000574434880812e-17	1.162791631758568244e-17	2.020998870520607671e+00
2.614306186535712597e-17	1.092452720482212865e-17	2.393061170996716225e+00
2.971399842595349326e-17	1.111617302660222043e-17	2.673042094149185921e+00
2.379346789305695818e-17	1.185811089120449258e-17	2.006514200394707625e+00
2.712658013055972068e-17	1.148265682569632884e-17	2.362395788913139061e+00
2.710848852890957402e-17	1.115161476558001536e-17	2.430902528356808201e+00
2.767600780847799407e-17	1.246865516711186368e-17	2.219646580769835786e+00
2.849856708329369310e-17	1.101097371423223411e-17	2.588196813734817248e+00
2.268348555189324062e-17	1.163707760487860638e-17	1.949242440592099612e+00
2.071636911526008774e-17	1.155859127536935794e-17	1.792291865134584938e+00
2.802388580598230572e-17	1.080793606274238821e-17	2.592898925687349809e+00
1.682738989262679460e-17	1.174448110593386705e-17	1.432791260920399656e+00
2.252704081282489342e-17	1.137422640653569455e-17	1.980533884913766807e+00
2.103139526543202680e-17	1.202936434074800806e-17	1.748338039291962742e+00
3.169848523248659415e-17	1.136035096718443644e-17	2.790273410042611424e+00
3.408095425822105414e-17	1.076963090217120707e-17	3.164542459050307510e+00
2.777432155060597220e-17	1.142688232960399731e-17	2.430612370852032633e+00
1.777095433410797227e-17	1.141931209759154730e-17	1.556219339854635564e+00
2.425161159717327088e-17	1.145606212926825638e-17	2.116923889162105610e+00
3.591570474125276926e-17	1.194841563781648349e-17	3.005896834353528835e+00
2.644833419049447040e-17	1.156297997213061943e-17	2.287328548024894825e+00
2.658796607023046084e-17	1.112298707467817265e-17	2.390362039596251709e+00
1.924022345368601360e-17	1.105073881585770294e-17	1.741080281987705591e+00
2.985703251426930222e-17	1.111044332248699097e-17	2.687294435303057227e+00
2.462413316296635774e-17	1.172256894264833697e-17	2.100574821392632963e+00
3.549171612751980169e-17	1.213748484970921856e-17	2.924140921038520524e+00
1.863090371250133749e-17	1.170450182111268744e-17	1.591772464753240746e+00
2.204268400114100325e-17	1.301710721239870438e-17	1.693362714270763680e+00
2.293099147959733858e-17	1.064595071170651072e-17	2.153963708885289208e+00
2.845728695491105465e-17	1.167089322221176666e-17	2.438312682079193383e+00
2.787408382068552558e-17	1.167392907405234267e-17	2.387720847357321041e+00
1.531336577218290413e-17	1.198791045993141987e-17	1.277400746641087936e+00
2.209417017368805367e-17	1.082661909368157798e-17	2.040726655524643718e+00
2.230003860662338949e-17	1.152577184001926779e-17	1.934797852686463537e+00
2.806298463433744228e-17	1.177302653255511458e-17	2.383667832289077193e+00
2.145790007000303953e-17	1.114790279682668513e-17	1.924837385208557405e+00
2.574754329238320111e-17	1.128876061439039912e-17	2.280812231908027510e+00
2.794976411435913897e-17	1.183779187326886498e-17	2.361062300602954078e+00
2.690505270403366187e-17	1.168041700469904494e-17	2.303432548102497535e+00
2.437652112953217187e-17	1.087872551979184489e-17	2.240751555426558461e+00
2.066578608175082401e-17	1.180029727729018590e-17	1.751293683212742369e+00
3.104378887350942830e-17	1.164712777582416461e-17	2.665360033050099720e+00
2.157851554125136458e-17	1.082349390168501965e-17	1.993673737635865084e+00
2.325865743183975160e-17	1.101690997318907227e-17	2.111177951752568838e+00
2.171836324087168348e-17	1.168523036050687993e-17	1.858616610099040223e+00
1.731164956707233081e-17	1.201100829353270481e-17	1.441315262132800479e+00
2.486156140947399238e-17	1.150543054799259512e-17	2.160854503077392685e+00
1.664820380627478843e-17	1.094445356035179217e-17	1.521154410722325601e+00
1.709278332265177031e-17	1.116627711108837963e-17	1.530750415075963655e+00
3.047765841132364821e-17	1.165218855919512136e-17	2.615616650596744197e+00
2.002927403589723777e-17	1.122190652708900997e-17	1.784837004973065078e+00
2.152640317845756207e-17	1.160485689599529325e-17	1.854947749152002334e+00
2.569328155592919128e-17	1.157813360396412032e-17	2.219121184361901644e+00
1.770138677677559423e-17	1.205831662038477676e-17	1.467981587649731967e+00
1.063080450515872720e-17	1.161220429644215545e-17	9.154854869730360001e-01
2.566066717570345171e-17	1.090769362709635276e-17	2.352529146212769540e+00
2.134353028322806930e-17	1.112599992510500713e-17	1.918347153235903768e+00
1.833018134878904348e-17	1.184311844764440259e-17	1.547749558515554513e+00
2.755971751438082927e-17	1.093375393695233562e-17	2.520608902788496586e+00
2.749393426264587978e-17	1.084254982776302441e-17	2.535744331305349153e+00
2.492259974331411871e-17	1.163193988276817226e-17	2.142600459983036831e+00
2.739412911655205190e-17	1.103084572325599627e-17	2.483411499337520922e+00
2.691354399908532600e-17	1.156780561514550637e-17	2.326590270833038598e+00
3.575983183462736867e-17	1.106064759568194398e-17	3.233068545515177750e+00
1.883436146429636961e-17	1.114894222993807987e-17	1.689340663522388208e+00
1.698402164209360388e-17	1.175987985867968787e-17	1.444234281828831845e+00
1.918076365379702519e-17	1.126100909679212282e-17	1.703289952874735835e+00
2.838449987698863139e-17	1.213819619430705618e-17	2.338444643883847096e+00
2.243917048811936624e-17	1.132406344604809227e-17	1.981547577424626727e+00
2.537160523505300177e-17	1.102327382696621477e-17	2.301639751793744804e+00
2.043424533248802182e-17	1.179924919573544220e-17	1.731825897860814090e+00
2.575076388695960265e-17	1.095096255005161931e-17	2.351461231765259008e+00
2.624892202594529993e-17	1.095915203532480745e-17	2.395159948628938995e+00
1.948038339705610583e-17	1.104855632612502042e-17	1.763160979773754633e+00
2.275471346394906579e-17	1.176865510263476197e-17	1.933501599418505190e+00
1.439102951480263300e-17	1.143261267299616383e-17	1.258769970296837792e+00
2.714252455128135741e-17	1.112446851824010847e-17	2.439894050378894619e+00
2.291399137835778116e-17	1.194256101347284339e-17	1.918683216481595677e+00
2.355479343075425170e-17	1.083792333758475162e-17	2.173367784312402851e+00
2.543227013759213520e-17	1.150638477476347010e-17	2.210274611481079177e+00
1.315925514693605424e-17	1.151082676492958790e-17	1.143206775296869759e+00
2.718473517399351525e-17	1.116139391728412963e-17	2.435603955514572316e+00
1.419729656734156426e-17	1.170273218716978672e-17	1.213160853403675743e+00
1.683954372023647396e-17	1.179035253784463371e-17	1.428247685231206043e+00
1.917975680663169820e-17	1.202033007927098674e-17	1.595609827695756433e+00
1.893953097249420317e-17	1.143313630302631723e-17	1.656547291182119963e+00
1.531830163819570523e-17	1.126470192413938406e-17	1.359849709415725583e+00
2.180736339965481141e-17	1.102054646583206034e-17	1.978791475292630775e+00
1.808805336190815639e-17	1.164826638344127306e-17	1.552853683671025609e+00
2.412698247094350228e-17	1.106248332129052978e-17	2.180973455074903811e+00
1.642380630419498380e-17	1.129976076848529829e-17	1.453464957417549774e+00
1.641588947619224601e-17	1.108074016701123101e-17	1.481479506672706892e+00
1.328556819897361713e-17	1.134533104357376084e-17	1.171016354476394739e+00
1.565131680551767623e-17	1.112959927167726488e-17	1.406278557157698561e+00
2.296514185220303512e-17	1.069124061943548859e-17	2.148033391976508000e+00
1.926166545172171609e-17	1.187062293696811564e-17	1.622633079493750019e+00
2.231734954277305554e-17	1.368986774449033794e-17	1.630209287577300215e+00
2.566335938346307517e-17	1.094525208852518670e-17	2.344702449600781335e+00
2.999979022495051714e-17	1.161769384373468277e-17	2.582250025561581896e+00
2.014074066072075100e-17	1.159489572427201030e-17	1.737035083339250496e+00
2.709936909931436526e-17	1.103932593472285777e-17	2.454802880135696697e+00
2.111982309012008325e-17	1.178368967384716916e-17	1.792292878943818168e+00
2.011338970605886638e-17	1.128308736847323862e-17	1.782614017707503828e+00
3.099831195710453856e-17	1.265691873182221088e-17	2.449119933050381892e+00
2.656613334085195980e-17	1.086217631293527247e-17	2.445746835209769099e+00
3.040113522717070060e-17	1.140631497344151189e-17	2.665289823922692758e+00
2.158580549762277456e-17	1.177381073705854757e-17	1.833374595506327864e+00
2.650469822157008171e-17	1.151523738959315660e-17	2.301706627908824743e+00
2.801989602655909653e-17	1.200347571189584121e-17	2.334315218282189353e+00
1.882886559335269087e-17	1.183969466735025037e-17	1.590316821706233341e+00
1.917792838658685991e-17	1.179746802258527033e-17	1.625596979781789742e+00
2.764812243927249127e-17	1.108294478186895202e-17	2.494654893932449991e+00
1.501883618461219951e-17	1.196636066973657223e-17	1.255088042147640248e+00
2.223926453847803532e-17	1.118947162342941245e-17	1.987516952267136539e+00
2.696436083940067720e-17	1.192925929579553915e-17	2.260354995293316627e+00
2.835266486050962911e-17	1.162852010808882187e-17	2.438200613402857542e+00
2.486604543123795791e-17	1.148986950292897378e-17	2.164171266253211545e+00
2.189702178164399624e-17	1.121061404782811782e-17	1.953240178301045349e+00
1.940318103375007044e-17	1.134839920240124348e-17	1.709772513963422336e+00
2.232033088398149487e-17	1.088680142477796631e-17	2.050219344791320175e+00
2.341833925137532442e-17	1.093681688123621690e-17	2.141239037434472081e+00
2.484631122158689839e-17	1.168771212539028535e-17	2.125849007489753806e+00
3.232960660498186970e-17	1.093567151199374909e-17	2.956343976638674764e+00
2.597040951548970228e-17	1.148846131139915758e-17	2.260564649307838181e+00
1.542463702368063601e-17	1.125657121863817955e-17	1.370278455498166181e+00
2.347798964323813291e-17	1.122592703740207453e-17	2.091407646336480575e+00
2.043463308349808100e-17	1.098963696044310079e-17	1.859445690249094341e+00
2.197505891190808708e-17	1.133552429841772818e-17	1.938601015126885763e+00
2.280823185330684177e-17	1.159530556808160028e-17	1.967022923146679814e+00
2.458762098217558057e-17	1.145115028446042529e-17	2.147174770340911643e+00
3.245242078617344508e-17	1.189694652511654531e-17	2.727794120757009555e+00
2.089548639677617226e-17	1.175461093904257300e-17	1.777641685049095699e+00
2.135969971725478460e-17	1.138007816305199008e-17	1.876937874346408686e+00
1.269855817837098948e-17	1.144742981035654458e-17	1.109293386265844950e+00
1.924101334321695180e-17	1.147959261153548411e-17	1.676105938104655246e+00
2.246020802602211389e-17	1.161099077445951095e-17	1.934392030990794709e+00
2.525391873533262657e-17	1.112212835386306999e-17	2.270601267298010928e+00
2.076893953480646182e-17	1.093753974006493863e-17	1.898867572451275132e+00
1.552167414321442170e-17	1.097066183498323604e-17	1.414834800004401094e+00
2.435240920051831650e-17	1.089002093026174890e-17	2.236213259503164963e+00
2.253707583790480825e-17	1.188626293278053752e-17	1.896060684956826892e+00
2.022936367211878112e-17	1.145401926095163067e-17	1.766136690644788620e+00
2.157684846631786655e-17	1.152959262412711136e-17	1.871431989814247077e+00
3.198887638567321859e-17	1.130335946456217105e-17	2.830032654093982636e+00
1.773628418529053856e-17	1.195644632058629999e-17	1.483407670618038354e+00
1.881091293236457322e-17	1.191377002621488762e-17	1.578921944185032178e+00
1.709236004496995684e-17	1.064754593416296504e-17	1.605286340219356678e+00
1.900924437690202707e-17	1.171521452844696261e-17	1.622611718355105870e+00
2.293610185041199951e-17	1.106752525646099214e-17	2.072378541627666770e+00
2.137732740802853354e-17	1.160082424836626448e-17	1.842742114728536329e+00
2.807741775288233130e-17	1.179670821851635250e-17	2.380106147646463555e+00
1.032317786479543679e-17	1.152509538881811225e-17	8.957130085718161272e-01
2.991959257769743165e-17	1.152228135609929982e-17	2.596672625240100452e+00
1.966764324624666077e-17	1.131200152266636005e-17	1.738652811073065241e+00
1.840996573501122298e-17	1.147011232054831697e-17	1.605037964800954509e+00
3.033968930353108557e-17	1.175375196926470969e-17	2.581276972907662337e+00
2.150567142627949273e-17	1.183107619872641834e-17	1.817727404088101295e+00
2.233500183442911460e-17	1.087248852891310490e-17	2.054267684443525255e+00
2.552397004365576889e-17	1.171332817709078768e-17	2.179053609509223222e+00
1.735985097622834262e-17	1.111352464103581113e-17	1.562047283552912225e+00
1.887128675747751602e-17	1.123966406142960887e-17	1.678990284259191279e+00
2.900027372555786262e-17	1.164564995045425437e-17	2.490223718636388028e+00
1.511023768327720746e-17	1.119195289379547612e-17	1.350098398971454339e+00
1.960037416673670363e-17	1.107187327969121142e-17	1.770285268951646396e+00
2.330547992727729233e-17	1.102498946872534518e-17	2.113877749578635612e+00
1.760779225681773571e-17	1.139731279135201446e-17	1.544907346070037768e+00
1.122612231697692498e-17	1.188134680141174614e-17	9.448526757625687056e-01
2.473474732113177912e-17	1.096280231691601606e-17	2.256243121611810398e+00
2.758754084583638206e-17	1.112887869457306599e-17	2.478914687001601447e+00
2.100271700995616662e-17	1.110853969862729718e-17	1.890682086012755780e+00
2.570435844328427166e-17	1.124664509571144237e-17	2.285513433075773815e+00
2.042620477812893443e-17	1.220349470446271504e-17	1.673799618289607105e+00
2.658742193582905813e-17	1.136088394105446684e-17	2.340259972179711490e+00
1.484834273056567985e-17	1.185680025229163036e-17	1.252306053456189172e+00
2.490660494421235642e-17	1.289390998214709023e-17	1.931656493546026310e+00
2.609461902071877971e-17	1.127079012431982602e-17	2.315243095904382820e+00
3.119633962112393067e-17	1.100217159221953843e-17	2.835471103103427648e+00
1.977085217067531273e-17	1.115524282887385017e-17	1.772337229585098095e+00
2.621466356151681681e-17	1.137265030615214189e-17	2.305061956168277693e+00
2.739193251612690857e-17	1.112453590385461178e-17	2.462298899735287261e+00
2.019482278617327908e-17	1.156075192378831404e-17	1.746843364454419234e+00
2.480192028629901726e-17	1.137530076488414501e-17	2.180330946752916166e+00
2.839359935241065652e-17	1.139788180332370394e-17	2.491129478472998482e+00
2.052199304237315915e-17	1.141619861323740161e-17	1.797620533561612444e+00
2.522486697583445531e-17	1.204075225641837773e-17	2.094957726780585894e+00
2.784676456151510684e-17	1.089902688129797437e-17	2.554977142895055398e+00
1.666690479045774136e-17	1.128703080997208424e-17	1.476642092243829252e+00
2.252004380993237471e-17	1.111937908485517352e-17	2.025296883762614630e+00
2.279445582480053170e-17	1.106171625612237915e-17	2.060661772280081738e+00
3.021270569966979077e-17	1.231192797847613834e-17	2.453937819689004929e+00
2.910956677341383693e-17	1.082817949704769335e-17	2.688315868918738527e+00
2.071268455251001907e-17	1.178825240895221036e-17	1.757061507843218129e+00
2.385245510885090153e-17	1.101879413982151258e-17	2.164706482957968525e+00
1.440801256906426069e-17	1.174470920628904863e-17	1.226766224347987100e+00
2.731111421262817742e-17	1.063993831664949597e-17	2.566848923352444523e+00
1.689626609403074967e-17	1.149776612420698020e-17	1.469525985439724902e+00
1.680452947456724196e-17	1.278825538900516687e-17	1.314059577588285288e+00
2.235076069516014326e-17	1.135308527061175983e-17	1.968694866849685310e+00
2.467873516792390659e-17	1.158790474905295108e-17	2.129697792859475580e+00
3.505569277437187066e-17	1.199089496469173298e-17	2.923525965125747916e+00
2.159164655363946737e-17	1.194732182309680457e-17	1.807237376990888267e+00
2.049020719905179641e-17	1.070611751999096207e-17	1.913878412112656635e+00
2.398552912247899913e-17	1.088391237615831228e-17	2.203759851560395777e+00
2.176881321335623165e-17	1.089744670401038469e-17	1.997606760980538798e+00
2.560074019289939775e-17	1.112936110305925467e-17	2.300288395338545566e+00
2.314250644131211578e-17	1.158263880868182918e-17	1.998034025196877117e+00
1.862291933704036076e-17	1.158827570577099503e-17	1.607048348682806438e+00
2.497036791345237937e-17	1.154881268334371646e-17	2.162158881446393899e+00
1.709019688149429043e-17	1.174539849804860067e-17	1.455054665393743951e+00
2.772907215701838404e-17	1.129502132091842399e-17	2.454981833957589288e+00
1.788092977259286602e-17	1.223907902071446362e-17	1.460970203912373755e+00
2.049158422231956419e-17	1.154804730259053329e-17	1.774463135228304678e+00
1.887894607232926166e-17	1.099761086122175141e-17	1.716640669556474430e+00
2.009024624957112058e-17	1.112699644061462074e-17	1.805540817487796268e+00
2.166303528174782841e-17	1.119268363803248238e-17	1.935463913956911197e+00
3.900536933246063236e-17	1.106830336901108930e-17	3.524060376016384222e+00
2.287659008173666629e-17	1.098446048462636784e-17	2.082632106852611020e+00
2.567148647459702616e-17	1.093904720319844381e-17	2.346775363314183238e+00
2.655943712617669273e-17	1.135133695771770054e-17	2.339762904150167522e+00
2.650169017799196486e-17	1.078579394651229385e-17	2.457092200112128033e+00
2.630588293152564564e-17	1.050275960516600532e-17	2.504663909339269079e+00
2.352377539465378907e-17	1.102211491229396507e-17	2.134234271901446878e+00
3.111949467845090194e-17	1.159605958818478844e-17	2.683626661435796645e+00
1.735000188471470243e-17	1.194236196594465494e-17	1.452811590721391877e+00
1.861020943168905575e-17	1.138757749034479741e-17	1.634255349521715361e+00
2.320926586718443504e-17	1.149657034364399751e-17	2.018799100378307898e+00
2.743481714173431603e-17	1.109235216380677432e-17	2.473309243755472675e+00
1.541471156419588719e-17	1.178127662839067199e-17	1.308407573339659624e+00
3.136293710152118786e-17	1.179399966628884668e-17	2.659228250715220732e+00
3.095610081711487190e-17	1.187688922904476805e-17	2.606414880203829387e+00
2.492216822529339132e-17	1.090340382394835376e-17	2.285723671955914416e+00
3.189954000648617550e-17	1.129124831098108845e-17	2.825156185385001795e+00
2.347228906127654447e-17	1.167416063359997518e-17	2.010618989918623978e+00
2.883145624938032629e-17	1.129585836591061698e-17	2.552391798430280190e+00
2.756643188326694371e-17	1.139809557804981873e-17	2.418512083400469415e+00
2.764021096729692791e-17	1.146618700811277505e-17	2.410584350991345381e+00
1.395165424549467273e-17	1.142092943303374188e-17	1.221586590417159668e+00
1.768309236338193082e-17	1.191778793337014972e-17	1.483756252606976078e+00
2.193024073661407388e-17	1.097354209461178972e-17	1.998465085159897736e+00
2.297961609476666683e-17	1.151731724348996467e-17	1.995222985435747942e+00
3.268095169681242214e-17	1.218631126288952719e-17	2.681775558805426396e+00
2.282246902245548477e-17	1.156015962640362333e-17	1.974234764918689766e+00
2.140838799378631264e-17	1.175505928734241518e-17	1.821206296835813143e+00
3.063708597888702456e-17	1.132667998566380016e-17	2.704860207727634247e+00
1.897470918415689269e-17	1.149553050123577674e-17	1.650616227073391729e+00
1.879892622936474309e-17	1.195589849086879138e-17	1.572355791053449581e+00
1.460475553271930687e-17	1.187803179373457241e-17	1.229560232396669228e+00
1.765139420047307216e-17	1.155583139476370018e-17	1.527488035908126651e+00
2.542781425562479779e-17	1.094723882171731141e-17	2.322760530735904272e+00
2.554529745758763263e-17	1.164654915330878097e-17	2.193379096359218128e+00
2.266098538454454888e-17	1.196795450017388803e-17	1.893471886462744891e+00
2.424068844840911407e-17	1.122290696720463499e-17	2.159929554726310208e+00
1.500930210045821432e-17	1.143028864722611240e-17	1.313116629307576888e+00
2.310173025332463924e-17	1.097235395382309282e-17	2.105448871823471624e+00
2.144392967292808241e-17	1.278607789921763912e-17	1.677131161092034750e+00
2.351074199906674396e-17	1.157857065991165879e-17	2.030539234041011110e+00
2.350332071676282087e-17	1.182498557901590437e-17	1.987598256227117277e+00
2.806848108784263521e-17	1.117337198095979357e-17	2.512086873655803299e+00
1.480273728363194120e-17	1.128865619477264541e-17	1.311293127209112397e+00
1.436689839700867307e-17	1.096184943453407996e-17	1.310627233370617928e+00
1.848047160139810119e-17	1.177590904550963917e-17	1.569345647115458098e+00
2.203684132000010397e-17	1.151339031600633200e-17	1.914018435504934557e+00
3.311220670050329026e-17	1.175596527153617552e-17	2.816630190349010299e+00
2.182867424066990546e-17	1.113148176822624035e-17	1.960985490986275170e+00
2.533835033413310248e-17	1.120040857538450088e-17	2.262270180912865136e+00
2.895359020169091650e-17	1.143509986390628220e-17	2.531992771928468056e+00
1.808402597125078692e-17	1.097470757847225983e-17	1.647791145408193492e+00
1.406461259336149316e-17	1.132831391160972498e-17	1.241545096922808344e+00
1.664694318456997646e-17	1.102031627569721176e-17	1.510568550675900568e+00
1.725221714248586625e-17	1.148756791291362396e-17	1.501816335126251900e+00
1.156287283860269149e-17	1.136181279877370767e-17	1.017696123267467057e+00
2.407717446590875446e-17	1.100551988869643476e-17	2.187736218680407241e+00
2.006866892198459917e-17	1.155097194758278843e-17	1.737400888258954224e+00
1.803791930815409445e-17	1.134399088317681860e-17	1.590085843149292133e+00
2.097729343315288463e-17	1.137459148381407167e-17	1.844223897007937429e+00
2.498710615138411049e-17	1.056627352502464199e-17	2.364798345623542630e+00
2.730803340057245341e-17	1.201579266015390026e-17	2.272678480141374635e+00
2.288350247810378769e-17	1.139498731475348591e-17	2.008207806293537789e+00
1.979816556562189728e-17	1.161988199097627597e-17	1.703818126638177777e+00
2.079751409226526679e-17	1.235379520992487772e-17	1.683491893694078367e+00
2.236169794852972062e-17	1.107067810193920455e-17	2.019903184124983042e+00
2.419354393204606413e-17	1.110349190186098596e-17	2.178913097418582190e+00
2.289403671073598170e-17	1.177906386310994840e-17	1.943621070129033290e+00
1.738161483797836741e-17	1.200071124462489199e-17	1.448382057002127965e+00
2.360500533254602427e-17	1.104032429228681546e-17	2.138071736628005315e+00
1.320615597248511844e-17	1.148379309320286290e-17	1.149982054300656475e+00
2.486112872844039640e-17	1.151202063902897235e-17	2.159579930229990286e+00
1.952823665460523627e-17	1.154132675702069028e-17	1.692027014374758886e+00
1.784101347336823265e-17	1.189108944369923867e-17	1.500368284827063858e+00
2.407824601648520628e-17	1.130969568901346478e-17	2.128991502386350376e+00
1.654021813563945083e-17	1.124329990942995744e-17	1.471117756252937170e+00
2.812545788800063713e-17	1.217765518257806314e-17	2.309595522809535950e+00
2.005171366840327555e-17	1.202013795831883273e-17	1.668176666352318538e+00
2.750774286209505225e-17	1.107694031896383115e-17	2.483334031781458950e+00
2.183635518247239668e-17	1.140862744422153046e-17	1.914021234301283902e+00
2.407098518785317033e-17	1.213935437943130521e-17	1.982888416919321273e+00
1.965106929277733396e-17	1.157511903306134476e-17	1.697699111054419285e+00
2.623058644879584688e-17	1.120633100010848274e-17	2.340693528376229793e+00
1.928919622504661441e-17	1.102533504896461107e-17	1.749533790980625225e+00
2.636653176059781333e-17	1.113583714257705383e-17	2.367718872233441463e+00
9.593103801067150588e-18	1.198347736537451596e-17	8.005275521098579317e-01
2.208376895094380103e-17	1.087404949951538574e-17	2.030868900489002815e+00
1.615385170321716952e-17	1.149760379294000756e-17	1.404975505690697624e+00
2.887563845242629900e-17	1.181268344978688476e-17	2.444460530511147311e+00
2.534341701461133376e-17	1.137063413873375395e-17	2.228848163206630595e+00
1.737642848029388345e-17	1.117564029617361889e-17	1.554848583149488706e+00
3.337863685421856726e-17	1.160882459179714795e-17	2.875281350861660368e+00
3.035856070013684009e-17	1.185730226733199990e-17	2.560326119354954244e+00
3.082092465434469463e-17	1.140781737367238491e-17	2.701737207458719592e+00
2.304278998432735282e-17	1.128647810955486006e-17	2.041628022546722043e+00
1.748066148176151050e-17	1.093285129851320551e-17	1.598911482875355894e+00
1.650044348009820569e-17	1.135868956273866786e-17	1.452671400953387870e+00
2.018637617253296273e-17	1.129178280799749963e-17	1.787704963492194876e+00
1.571388063018924533e-17	1.139498395165934940e-17	1.379017355079378948e+00
2.083383988847338721e-17	1.038101271998109234e-17	2.006917865380607235e+00
2.742008288664870134e-17	1.132566539108230958e-17	2.421057124664740545e+00
2.696778332438650648e-17	1.127465438869001803e-17	2.391894455890265725e+00
2.139086993842459147e-17	1.122236466675103986e-17	1.906092929041969031e+00
1.528474849781862881e-17	1.179861683301353448e-17	1.295469521058655094e+00
1.425735026592998993e-17	1.161262746669286488e-17	1.227745426848719124e+00
3.346855032488872203e-17	1.117089064281685318e-17	2.996050305658465085e+00
2.736700484233811304e-17	1.203129154292727014e-17	2.274652288550526702e+00
1.528867213469617452e-17	1.112890371894154955e-17	1.373780609555875776e+00
1.408992348293001849e-17	1.098359504411427739e-17	1.282815273718627580e+00
2.598794371545983469e-17	1.163810562355090591e-17	2.233004627735166281e+00
2.307014734862980051e-17	1.142488704049671552e-17	2.019288879343422050e+00
2.194248334554495106e-17	1.061405187564418101e-17	2.067305078458855139e+00
2.618310354038836984e-17	1.170798001909518726e-17	2.236346790623566783e+00
2.261878091962109518e-17	1.172068671262007665e-17	1.929817038387917627e+00
1.468617101543103605e-17	1.151300704567797378e-17	1.275615567432861086e+00
1.825179251433708013e-17	1.137978910953451313e-17	1.603877922398832867e+00
2.532220218582208858e-17	1.110452699712402310e-17	2.280349463996109272e+00
2.134296675505292377e-17	1.168743086537463592e-17	1.826146995083746560e+00
1.983649596788518864e-17	1.136539073760780783e-17	1.745342190677764860e+00
1.467816576063612721e-17	1.113569776681056189e-17	1.318118187832264088e+00
1.924842032035234858e-17	1.179378136654741320e-17	1.632082172978864820e+00
3.180909649321887219e-17	1.067825381290275504e-17	2.978866868174952387e+00
2.733701887596213379e-17	1.165973141079421186e-17	2.344566775410828363e+00
2.119743239074874087e-17	1.176894606970758729e-17	1.801132596342623460e+00
2.747377553427784113e-17	1.145473373023159068e-17	2.398464790304853267e+00
1.757475791924097378e-17	1.150131237347053017e-17	1.528065437104355162e+00
1.828885651752570851e-17	1.151674639382148012e-17	1.588022857509247432e+00
2.955083000861165470e-17	1.186588366502820891e-17	2.490402808827925973e+00
1.916738098996546146e-17	1.097692126418858296e-17	1.746152726128925137e+00
2.532815598779274773e-17	1.086208321696472035e-17	2.331795428360785571e+00
2.415107855486578112e-17	1.158327571086398160e-17	2.084995571003669390e+00
2.596095317188501570e-17	1.168291993856175541e-17	2.222128826390038725e+00
2.286261200462892244e-17	1.084082069571645851e-17	2.108937380881379386e+00
2.271963582207505576e-17	1.156446608138680118e-17	1.964607415697529280e+00
2.471604516652492680e-17	1.123356347042571422e-17	2.200196334101299556e+00
1.662167979811250353e-17	1.135483969263558582e-17	1.463840991862952912e+00
2.062479410534452656e-17	1.184258666952248158e-17	1.741578481196470074e+00
2.505652448078160758e-17	1.117161327537539661e-17	2.242874315745559954e+00
2.095207684433689258e-17	1.072944775038138524e-17	1.952763770492487616e+00
1.614114147985574510e-17	1.091853574504244060e-17	1.478324736646544180e+00
1.945213287007936593e-17	1.193097194253253741e-17	1.630389624900110412e+00
1.873279018982072582e-17	1.093039600858956324e-17	1.713825388860542143e+00
2.573994632390268730e-17	1.132485971091293412e-17	2.272871097829052722e+00
2.499099591086675825e-17	1.171501457020108894e-17	2.133244970470214774e+00
2.140655861518535638e-17	1.077087493043951658e-17	1.987448443458236236e+00
2.420015530088985069e-17	1.089346292349379748e-17	2.221530056222771332e+00
1.468809104986911885e-17	1.191019241972890219e-17	1.233237090740759490e+00
2.183571398551882891e-17	1.164456112040383015e-17	1.875185656182254856e+00
2.961172432674274644e-17	1.142328728871724274e-17	2.592224425274691768e+00
2.670593010754284934e-17	1.096934892941370286e-17	2.434595733930240424e+00
2.281351467190380085e-17	1.051222580743869541e-17	2.170188796340393189e+00
1.876095329898971270e-17	1.121620486480004872e-17	1.672664999002241748e+00
3.959599712446837275e-17	1.136045179192488699e-17	3.485424510371459839e+00
2.263358481250387505e-17	1.226172073196011340e-17	1.845873455061617152e+00
2.158415970503584852e-17	1.127363285724856945e-17	1.914570039519954303e+00
1.712441503283410567e-17	1.120160227394629323e-17	1.528746925130847645e+00
2.137697406093975447e-17	1.152117493164476794e-17	1.855450870919808981e+00
2.683769670475999320e-17	1.165840545831034429e-17	2.302004060566408494e+00
2.344948747257699845e-17	1.091318395368940743e-17	2.148730157219557846e+00
1.947016413130670394e-17	1.244138440424669184e-17	1.564951576020819468e+00
1.901753804161312674e-17	1.214452285485051780e-17	1.565935382468939929e+00
3.686900834223818790e-17	1.109543186715935657e-17	3.322899800895930511e+00
1.533928577209304972e-17	1.160497988619557471e-17	1.321784778820644934e+00
2.208953337904488574e-17	1.141681545038627906e-17	1.934824424117103758e+00
2.379478512550628350e-17	1.062972765160079990e-17	2.238513149668785118e+00
1.983393116227975608e-17	1.171994964739614569e-17	1.692322216306306082e+00
2.315513805674543742e-17	1.116379542043944163e-17	2.074127766113612381e+00
2.232822084996906981e-17	1.206148121007527390e-17	1.851200566586939322e+00
2.091724677828805267e-17	1.215294030725873412e-17	1.721167573397407002e+00
2.539453011792316742e-17	1.167877437192180139e-17	2.174417392545650252e+00
2.308318600763872934e-17	1.218532067018938574e-17	1.894343746251198723e+00
2.267310580176496461e-17	1.081489302456276324e-17	2.096470649341593440e+00
2.355206539926832063e-17	1.119718931075514747e-17	2.103390837256457147e+00
2.345614893206659477e-17	1.072467336877491537e-17	2.187120122498052766e+00
2.000494033583468682e-17	1.102516982849049163e-17	1.814479109803758705e+00
3.401255451073515376e-17	1.093632672969934230e-17	3.110052886255549431e+00
1.810257190856427192e-17	1.199076664116456315e-17	1.509709299688791306e+00
1.655183573127981985e-17	1.078647345741050462e-17	1.534499277881076651e+00
2.640849085954538262e-17	1.156418758335710569e-17	2.283644282764128786e+00
2.344642104806804292e-17	1.090856197243354141e-17	2.149359476282783454e+00
2.121189024974033621e-17	1.080116879054064526e-17	1.963851381372458738e+00
2.610776706030770879e-17	1.153036378679654508e-17	2.264262216097968405e+00
1.969911607272686959e-17	1.101233832044711362e-17	1.788822273662862061e+00
2.334461297329320611e-17	1.153823254073340705e-17	2.023239945189156952e+00
2.834025274268025641e-17	1.144324907741817296e-17	2.476591442775305296e+00
1.704514093976088832e-17	1.157633359412142320e-17	1.472412729054091818e+00
1.891665992805133555e-17	1.226869844487860157e-17	1.541863630689189746e+00
2.980532327693452569e-17	1.096552898376529228e-17	2.718092608305715530e+00
2.397907490897648985e-17	1.133597470141854812e-17	2.115307729645499624e+00
2.096749082551854484e-17	1.098742894604223175e-17	1.908316397629239658e+00
1.926306488197644972e-17	1.226056090657765263e-17	1.571140588816130945e+00
1.794384473592279343e-17	1.125904676857191641e-17	1.593726814068360920e+00
1.844116144253667812e-17	1.083732488553534148e-17	1.701634087499788173e+00
2.465612029095967719e-17	1.126290850296439914e-17	2.189143264767726915e+00
3.013625627463056457e-17	1.166933105360124526e-17	2.582517895516408757e+00
1.746655600756609654e-17	1.132857388367625218e-17	1.541814193641291686e+00
2.674431390189215757e-17	1.147767002715187995e-17	2.330116987038754583e+00
2.468215383638717642e-17	1.119610754772469220e-17	2.204529898554177691e+00
1.577706587728460368e-17	1.111249871320710698e-17	1.419758623551848009e+00
3.012563297411560962e-17	1.127057831161115005e-17	2.672944736392066645e+00
2.175837342681218724e-17	1.185945313757100534e-17	1.834686066415759598e+00
1.788463868122999394e-17	1.102960440983931255e-17	1.621512251633923318e+00
2.179969092952957256e-17	1.239891060455594468e-17	1.758194056300344421e+00
1.405432645766069601e-17	1.160206882783782411e-17	1.211363823660394301e+00
2.577056581744969663e-17	1.082797372135866668e-17	2.379998925063522730e+00
3.070321204896250905e-17	1.174985537892466562e-17	2.613071485461333054e+00
2.158482141174214064e-17	1.145131336769022794e-17	1.884921032083840320e+00
2.633582061198462461e-17	1.235063314273362068e-17	2.132345792124759054e+00
1.372112779731762435e-17	1.189476608130877683e-17	1.153543306654744471e+00
3.119392416245316063e-17	1.213813702589290995e-17	2.569910365644307859e+00
1.637876557962226890e-17	1.233784424742751949e-17	1.327522478899609615e+00
2.531286145324663298e-17	1.122282026265055542e-17	2.255481319387035555e+00
1.813491201158269753e-17	1.139028935741400758e-17	1.592137955633109003e+00
1.813128638576397034e-17	1.140751749333540599e-17	1.589415610921200095e+00
1.944188249109807583e-17	1.093904406973035381e-17	1.777292637927668117e+00
2.869413554840247994e-17	1.114301056872387362e-17	2.575079272467082347e+00
2.330729548878226916e-17	1.109261497668236037e-17	2.101154284880186296e+00
1.874708725398183537e-17	1.094596774049355135e-17	1.712693450084709745e+00
1.674248011793654712e-17	1.099862875186401861e-17	1.522233407059864208e+00
2.215147588123088680e-17	1.091624573402475097e-17	2.029221072972656081e+00
2.605004204547248207e-17	1.081366632634298285e-17	2.408992589498756054e+00
2.494559557024383799e-17	1.096551506314605627e-17	2.274913255473367091e+00
1.863272059296972081e-17	1.350945331828166346e-17	1.379235721385927427e+00
2.318781997700288831e-17	1.158829034242651427e-17	2.000969883547766504e+00
2.305258912971238718e-17	1.174430461099223642e-17	1.962873911507371227e+00
1.859413103314619170e-17	1.090348632222819689e-17	1.705338135311785575e+00
2.311865752176960126e-17	1.060509644730905280e-17	2.179957309830572232e+00
2.039408911219672134e-17	1.190343621154718990e-17	1.713294274842501963e+00
2.508235903683053351e-17	1.121297271850568610e-17	2.236905383300814343e+00
2.090399679467071583e-17	1.160470863511985300e-17	1.801337496006406136e+00
1.701179640014726856e-17	1.153961005974348967e-17	1.474208947449080265e+00
2.609371380142581072e-17	1.114443478670611563e-17	2.341412041151900603e+00
2.464258027049210814e-17	1.163900791182013596e-17	2.117240615109990287e+00
2.949165409772131803e-17	1.136309854183304651e-17	2.595388395968609707e+00
2.845081757602996371e-17	1.146873175006058434e-17	2.480729185760201627e+00
1.792778772465305061e-17	1.209500036770798124e-17	1.482247803192947799e+00
2.407889004674875474e-17	1.175553835889588678e-17	2.048301771609404298e+00
2.742769258430511413e-17	1.109097976983788503e-17	2.472972916143549860e+00
1.804688973137464182e-17	1.200530894088554694e-17	1.503242425516744030e+00
1.624330521726318592e-17	1.142174603804500398e-17	1.422138538464952751e+00
3.539592221596197859e-17	1.073270111348079146e-17	3.297950985656629364e+00
3.594196576787468027e-17	1.168885469127220029e-17	3.074891999017809852e+00
1.978937641984958148e-17	1.107892437811105852e-17	1.786218205347444021e+00
1.584804803115879975e-17	1.121287362416977689e-17	1.413379706429378491e+00
2.393452897706642501e-17	1.135333836343353714e-17	2.108149005243601160e+00
2.720015987748676041e-17	1.113712547922939686e-17	2.442296257523068004e+00
2.047222777484496881e-17	1.165922480108654305e-17	1.755882412777316715e+00
1.572718289490984648e-17	1.195289455940132569e-17	1.315763543027318461e+00
1.831821081360942224e-17	1.160863517567371360e-17	1.577981436783873592e+00
3.355045014908469941e-17	1.189870793375805753e-17	2.819671710228138117e+00
2.566380499421500835e-17	1.180848121221640097e-17	2.173336649565454248e+00
1.662429476352005062e-17	1.164455151812087939e-17	1.427645773875434676e+00
2.249824407247131352e-17	1.189911300535541483e-17	1.890749677084801572e+00
2.142434020975821928e-17	1.215773214884533032e-17	1.762198734719861104e+00
1.466577414373977051e-17	1.098104723164521664e-17	1.335553325139691161e+00
2.874636930608271309e-17	1.152816162581527280e-17	2.493577921540440556e+00
2.459182248256123839e-17	1.083757964425898450e-17	2.269124960533814406e+00
1.884417437162326417e-17	1.102993529410136316e-17	1.708457381585985813e+00
1.701387730861698516e-17	1.111803322240487827e-17	1.530295598895216269e+00
1.723817076597030385e-17	1.118129289746570334e-17	1.541697451631682370e+00
2.051329235764013485e-17	1.190557207965097498e-17	1.722999299857374433e+00
1.735290726664095248e-17	1.099783330557061899e-17	1.577847816428656236e+00
1.368388230546119397e-17	1.175045342134085448e-17	1.164540789601267612e+00
3.060890150265837397e-17	1.129711391271136743e-17	2.709444353589958165e+00
2.507849192066658713e-17	1.110216930010617762e-17	2.258882137604111495e+00
2.164469070477686417e-17	1.133534045006747701e-17	1.909487482984952411e+00
2.343486831153836793e-17	1.148841869628928914e-17	2.039868926356917189e+00
2.393325898380869036e-17	1.099029779748195073e-17	2.177671563121080567e+00
2.172704330221311259e-17	1.047576395404633777e-17	2.074029483436469423e+00
1.843956609129066607e-17	1.124706079427227871e-17	1.639500881926527098e+00
1.866046170932324870e-17	1.088876366367691305e-17	1.713735579694085409e+00
3.325608054626360836e-17	1.177497781559284193e-17	2.824300908849673775e+00
1.815929236272798113e-17	1.133996178612172623e-17	1.601353929159797573e+00
3.032933910072409490e-17	1.137533225134676420e-17	2.666237647443950642e+00
1.155760596884616280e-17	1.124789757213667571e-17	1.027534781031141042e+00
2.093531567457465714e-17	1.087601129251699204e-17	1.924907497013979230e+00
2.585307128986734356e-17	1.099700258549066710e-17	2.350919815548431657e+00
2.034882825285659591e-17	1.174505125297368236e-17	1.732544866307378362e+00
1.721135624991546798e-17	1.168774911167643043e-17	1.472598024261213778e+00
1.277618871997667690e-17	1.215862940845013239e-17	1.050791852500853940e+00
2.263610344069755391e-17	1.132091156373811625e-17	1.999494768001103484e+00
1.853656193348647835e-17	1.179764334253935494e-17	1.571208875814058992e+00
2.205390047579319293e-17	1.125103861898825233e-17	1.960165743149532069e+00
1.704418824623428825e-17	1.219595436046180599e-17	1.397528044339852782e+00
2.175957179830497508e-17	1.167166738009440943e-17	1.864307051399965998e+00
2.179338485906902507e-17	1.098875484180175553e-17	1.983244250400958419e+00
2.025876592058573325e-17	1.144318108744317380e-17	1.770378862816046173e+00
2.099122607603104813e-17	1.119192175480406691e-17	1.875569409428786249e+00
2.308054805814968086e-17	1.185197940669000516e-17	1.947400283628704543e+00
2.571354956638702788e-17	1.111654810022205609e-17	2.313087600086342732e+00
2.500401082975950528e-17	1.071699669839511747e-17	2.333117340001036322e+00
2.815411442103075874e-17	1.156450379322076270e-17	2.434528530098714949e+00
2.295721755459546373e-17	1.106353609806106106e-17	2.075034360724762106e+00
2.211713248672143207e-17	1.091516675008206537e-17	2.026275273032832391e+00
1.689562009017907265e-17	1.133896285690850717e-17	1.490049866411287560e+00
2.433388383678338882e-17	1.212162539479993573e-17	2.007476971464767335e+00
2.740011026725204547e-17	1.106887682746390053e-17	2.475419204165989040e+00
2.971973950197534376e-17	1.082860552939896384e-17	2.744558329444005906e+00
1.726324556082528425e-17	1.151071484737120007e-17	1.499754427916163646e+00
2.621012085897373613e-17	1.129781761259127588e-17	2.319927773463335452e+00
2.134878616903355169e-17	1.120098656758170180e-17	1.905973731887329992e+00
1.990756319815527257e-17	1.063881992510153224e-17	1.871219114366698300e+00
2.160384141210571530e-17	1.120579930714330450e-17	1.927916145913306067e+00
1.589409818793312244e-17	1.154829484120999248e-17	1.376315586541414504e+00
2.484388927011097053e-17	1.141913240242225852e-17	2.175637202073338994e+00
2.749428157212416813e-17	1.125769093167449785e-17	2.442266512643956222e+00
1.672331919897333783e-17	1.118789852099954389e-17	1.494768581211554537e+00
1.814991209211861237e-17	1.204284055823792272e-17	1.507112213629959507e+00
1.175716332399632460e-17	1.140146821953699547e-17	1.031197307014356968e+00
2.900091041360686544e-17	1.105772672157131857e-17	2.622682866364578924e+00
1.447973112018420726e-17	1.152759793246588871e-17	1.256092657378693245e+00
2.213660787039532910e-17	1.182522978052997069e-17	1.871981203007391681e+00
2.239408095442952249e-17	1.128761836773212435e-17	1.983950929670638352e+00
2.942370756450165282e-17	1.082210626825768878e-17	2.718852211866030544e+00
3.031928916727884484e-17	1.129433449395176894e-17	2.684468853256925858e+00
2.211711300173093241e-17	1.112680975793496796e-17	1.987731747274491312e+00
1.518775490260042621e-17	1.066336688352590197e-17	1.424292633695682264e+00
2.575829908808849965e-17	1.140913133536992413e-17	2.257691521898264053e+00
2.745905207161165982e-17	1.120551880976242652e-17	2.450493594967588340e+00
3.089574679411668203e-17	1.151618511267797509e-17	2.682810886749646961e+00
2.325036648402658599e-17	1.075185653613224170e-17	2.162451331627460949e+00
2.267640452706370286e-17	1.145577938364162704e-17	1.979472872831739227e+00
2.572182678550954152e-17	1.176570080966296749e-17	2.186170394914737969e+00
2.697175997433803535e-17	1.283769631886446453e-17	2.100981305711691061e+00
2.122708018552816324e-17	1.127028223229772616e-17	1.883455955051136055e+00
2.446774204532197176e-17	1.169678800581074839e-17	2.091834273919203291e+00
3.151937308393237027e-17	1.058839055955357709e-17	2.976786028684351493e+00
2.171464074715023510e-17	1.173551954558703545e-17	1.850334845662261030e+00
2.115236853418165963e-17	1.195514860661205905e-17	1.769310380841512487e+00
1.815189539790598021e-17	1.145174671857143832e-17	1.585076569015347436e+00
1.943297958275428050e-17	1.095659060182224439e-17	1.773633814475306325e+00
3.606817135888959788e-17	1.074384971832658886e-17	3.357099392163445550e+00
1.409615517808689565e-17	1.140408548030127980e-17	1.236061865937056803e+00
1.665226952791430905e-17	1.240731782536324922e-17	1.342132905943092425e+00
9.972655143461530585e-18	1.153263054757700500e-17	8.647337745122491981e-01
1.573470583407224530e-17	1.146017179671078342e-17	1.372990397804360052e+00
2.484328870766414620e-17	1.054986195106396252e-17	2.354844909146766696e+00
2.298951112664639990e-17	1.121141622960194793e-17	2.050544788975569244e+00
1.695671483679616232e-17	1.145138362796606412e-17	1.480756857659123460e+00
1.390172864422968234e-17	1.178302601610582569e-17	1.179809721647722132e+00
2.338252983836818542e-17	1.142661623304136320e-17	2.046321444729624961e+00
2.828181473815624124e-17	1.146618920909083916e-17	2.466540035440312195e+00
1.406341027992269460e-17	1.166159217932018830e-17	1.205959706330814285e+00
1.884179980783774611e-17	1.126941185760562367e-17	1.671941716738446049e+00
2.685491857390568010e-17	1.156296470318841832e-17	2.322494210027346906e+00
2.536670360907123659e-17	1.237034214316407085e-17	2.050606467913180353e+00
2.426832211012531573e-17	1.164706820309339912e-17	2.083642139545450522e+00
2.105319426342487178e-17	1.243558344173529425e-17	1.692980016745161409e+00
2.018148265911225862e-17	1.158481106873820175e-17	1.742064030165525246e+00
2.783752109716082736e-17	1.185309122021801769e-17	2.348545251189655847e+00
2.472318695315547318e-17	1.123593227930693191e-17	2.200368099288729340e+00
2.623297926947049257e-17	1.209216427231821738e-17	2.169419690197551986e+00
2.070704498415197898e-17	1.129157504307699383e-17	1.833849122478951932e+00
2.402437770625393373e-17	1.236115363188184829e-17	1.943538477208982762e+00
2.149964010274584621e-17	1.094610314757085902e-17	1.964136443161236922e+00
1.317113470487381468e-17	1.152910537529680587e-17	1.142424696116955740e+00
2.624237602048028747e-17	1.042129068382598972e-17	2.518150276837482160e+00
2.308566589548045214e-17	1.096817069896334176e-17	2.104787254784646677e+00
2.164091094511269697e-17	1.135040788838700260e-17	1.906619670228262509e+00
1.927216618380151813e-17	1.145157080244607839e-17	1.682927741204284899e+00
2.982573591826397157e-17	1.144699149662449764e-17	2.605552378287257387e+00
1.853508580347545221e-17	1.263410023923343832e-17	1.467068129309068159e+00
3.498006652224865953e-17	1.145601081309044694e-17	3.053424712403201013e+00
2.070625609832577299e-17	1.225752685398891574e-17	1.689268670995195398e+00
1.550198014794444727e-17	1.153648177134727200e-17	1.343735504046488005e+00
2.939110754229605869e-17	1.321807523715899068e-17	2.223554263004270393e+00
2.508734298150023452e-17	1.186652760432475203e-17	2.114126711537514858e+00
2.091043272071623969e-17	1.131622965898829503e-17	1.847826824909604593e+00
2.191432664157003880e-17	1.209661880399182100e-17	1.811607606775078816e+00
1.626687986869334566e-17	1.103403359747718145e-17	1.474245997620725168e+00
2.411874397543930362e-17	1.083994616858726171e-17	2.224987430780076547e+00
1.757156908869173123e-17	1.107929274596218862e-17	1.585982922519637572e+00
2.461758040752679897e-17	1.112915645405093663e-17	2.211989786392675850e+00
8.769130849815503084e-18	1.094261846784273083e-17	8.013740838708308667e-01
1.740472610440669061e-17	1.093690554547952172e-17	1.591375735305720962e+00
2.206441034623547861e-17	1.166468505172307699e-17	1.891556458524028539e+00
1.550182147785535524e-17	1.170984699455555095e-17	1.323827842077088590e+00
2.140058629555523753e-17	1.109618948756794585e-17	1.928642830003239439e+00
1.343783073258653750e-17	1.183949053932989926e-17	1.135000757671714933e+00
2.143214554239495072e-17	1.169052242847031795e-17	1.833292367687566760e+00
2.356321633045332111e-17	1.148136772852828118e-17	2.052300465205440183e+00
2.370917412974917980e-17	1.193622994137819815e-17	1.986320156882939392e+00
2.424003722469263763e-17	1.161411174370355312e-17	2.087119338922675205e+00
2.643448701713923345e-17	1.131763841914783954e-17	2.335689305325025167e+00
1.431554226364634494e-17	1.094157536156871699e-17	1.308362076811021124e+00
2.310069166249212014e-17	1.106734645322890615e-17	2.087283682689130782e+00
1.968153971943684904e-17	1.213997702605513948e-17	1.621217212948246056e+00
1.588363986327377096e-17	1.149146221409616648e-17	1.382212251787233503e+00
2.919849509055593025e-17	1.146941077344723618e-17	2.545771153140071519e+00
2.842559137059775722e-17	1.164543909593897750e-17	2.440920530039128344e+00
3.431215479502957795e-17	1.140694673418323451e-17	3.008005173917945196e+00
2.131153980707161172e-17	1.089172632807562249e-17	1.956672355247929485e+00
2.264145272473471307e-17	1.095562176472904562e-17	2.066651552139878056e+00
2.517875049647108998e-17	1.159207924106197777e-17	2.172065077616257334e+00
2.163994642654368950e-17	1.214294273967601618e-17	1.782100672832544586e+00
2.038671601655308534e-17	1.113148299326816482e-17	1.831446540311123083e+00
2.485073808577088615e-17	1.061185304847913220e-17	2.341790634702809015e+00
1.711277008437403210e-17	1.195474145098844077e-17	1.431463001900314280e+00
1.893200158634362937e-17	1.206332275474894307e-17	1.569385315409115522e+00
2.352852048573551131e-17	1.104261659952183719e-17	2.130701566398160995e+00
2.044547080228979568e-17	1.210831244133793014e-17	1.688548334158334274e+00
2.810198872981625043e-17	1.212894106145456201e-17	2.316936704319850993e+00
1.488016440011268650e-17	1.136796889685541476e-17	1.308955411043463357e+00
2.109598379208190739e-17	1.191059887543225878e-17	1.771194212206755436e+00
2.059289814998341089e-17	1.116489780146701007e-17	1.844432301680147157e+00
2.499573913049676793e-17	1.202888333764008315e-17	2.077976685689647773e+00
1.675830402144313991e-17	1.157596036730380345e-17	1.447681530491139235e+00
2.251598798866976252e-17	1.109522332219198859e-17	2.029340675246676273e+00
2.720326939467005258e-17	1.128582308075213022e-17	2.410393039127556758e+00
2.467601186130152096e-17	1.203628112955085903e-17	2.050135884639504358e+00
2.396247171656252018e-17	1.136744767392037101e-17	2.107990500940517098e+00
1.954103526340362769e-17	1.179074295486708493e-17	1.657320097486927990e+00
2.028360514707427299e-17	1.073491694909176509e-17	1.889498097029095325e+00
2.073805138403765071e-17	1.200987053921640884e-17	1.726750618694905315e+00
2.224796465521014897e-17	1.108605130117325843e-17	2.006843018384337096e+00
2.735594547704872628e-17	1.153429851250892606e-17	2.371704308448515874e+00
2.421487343108740272e-17	1.146349880551496390e-17	2.112345789178945221e+00
2.271896750100573323e-17	1.100485570532844043e-17	2.064449376651566581e+00
2.387972953348024711e-17	1.135663305310394309e-17	2.102712082165369090e+00
2.349064761093766119e-17	1.102671468586612471e-17	2.130339659649271411e+00
2.687891414441142766e-17	1.169231040952621691e-17	2.298853964953927687e+00
3.527383111950470467e-17	1.123227637886606449e-17	3.140399143478493471e+00
2.966490730032103954e-17	1.153917830917568092e-17	2.570798934334189934e+00
2.999764273459197349e-17	1.116625688412079795e-17	2.686454650461313598e+00
2.125173212572319888e-17	1.089145751737782085e-17	1.951229400823083937e+00
2.417685871418692987e-17	1.126289541381880912e-17	2.146593555731997949e+00
1.187719303666421860e-17	1.105189074675892491e-17	1.074675212487720355e+00
2.266571725104411821e-17	1.082018554621088227e-17	2.094762345270633652e+00
1.818314740536163666e-17	1.131426754844728354e-17	1.607098941889261390e+00
1.593550302678127282e-17	1.093349534883785811e-17	1.457493922881220927e+00
1.757860728961020340e-17	1.146383935614849354e-17	1.533396163666767231e+00
1.449214065935509475e-17	1.148833153408609884e-17	1.261466089863148232e+00
2.106620309130732459e-17	1.128757888536923922e-17	1.866317241743751243e+00
2.454358386539219658e-17	1.191313964952324453e-17	2.060211211103733842e+00
2.468235440494270039e-17	1.163901676230181912e-17	2.120656315650956358e+00
2.285430936649225689e-17	1.187749336993808307e-17	1.924169406344311550e+00
2.625927619358915892e-17	1.086950241994309675e-17	2.415867367158342383e+00
2.091344199782526714e-17	1.137249058337515991e-17	1.838950038648307750e+00
2.040601558707677940e-17	1.130396729495597996e-17	1.805208300291375245e+00
1.678143834166133941e-17	1.172626826219809556e-17	1.431097938954677184e+00
1.647231157029535938e-17	1.154116394727800878e-17	1.427266057872816685e+00
2.666400119766348757e-17	1.105153311481628671e-17	2.412697036750156787e+00
3.169643274614875266e-17	1.174864166409343575e-17	2.697880627598029157e+00
2.971587346469613619e-17	1.178393253344740315e-17	2.521728071707036722e+00
2.853481446030796124e-17	1.123318970307090477e-17	2.540223677741966224e+00
2.334647410736783814e-17	1.164285214757833883e-17	2.005219495312735578e+00
2.807800085507157368e-17	1.235194924190567616e-17	2.273163555417886617e+00
2.706405633541662246e-17	1.067267156892117288e-17	2.535827712924959787e+00
2.005478615979789541e-17	1.149760558604760477e-17	1.744257620398325992e+00
1.766972091689432774e-17	1.143613672392574094e-17	1.545077795364862672e+00
1.998809360139905146e-17	1.174055306948213242e-17	1.702483135428705330e+00
2.955564775254559203e-17	1.087127621058724858e-17	2.718691640247547614e+00
2.711244890657707330e-17	1.142132203252564829e-17	2.373845061838395054e+00
2.710396412316946212e-17	1.127963183466887310e-17	2.402912126959960482e+00
1.479294099734343164e-17	1.213618098587782615e-17	1.218912359213917718e+00
2.295635988011629062e-17	1.109169933151131644e-17	2.069688259119834672e+00
2.552341708035389285e-17	1.075852736711688265e-17	2.372389473894489953e+00
2.012317311212472957e-17	1.190273701728722680e-17	1.690634102299189978e+00
2.318011294735073007e-17	1.224165380366857779e-17	1.893544231777255060e+00
2.788389808146366983e-17	1.078384145023563282e-17	2.585711057617078534e+00
2.614953348228170567e-17	1.096373712046038845e-17	2.385093075013790198e+00
2.251735110734374319e-17	1.204020416597195995e-17	1.870180172773341365e+00
2.428090077904128328e-17	1.143972838394668327e-17	2.122506755764809849e+00
2.409882566744553769e-17	1.223216972496485748e-17	1.970118646920162142e+00
2.654756424423717053e-17	1.115128013256871980e-17	2.380674140424619001e+00
1.903278819799477402e-17	1.147599915487639913e-17	1.658486371524986680e+00
1.477164200824706039e-17	1.150667261195673677e-17	1.283745745307609543e+00
1.955531407514503050e-17	1.208281991979334208e-17	1.618439586533165331e+00
2.272989778590169481e-17	1.167714788570322277e-17	1.946528211202221303e+00
1.891150554329919099e-17	1.119915110216758423e-17	1.688655271348101339e+00
2.132863102721645405e-17	1.082817482128057189e-17	1.969734639424122857e+00
2.678106627905712741e-17	1.191301300141913718e-17	2.248051460689821646e+00
2.350722623535467316e-17	1.174811494311732504e-17	2.000936009663956128e+00
2.335471304739529248e-17	1.042445383621519470e-17	2.240377617315506775e+00
3.096033278053555054e-17	1.111140241785689269e-17	2.786356898637734059e+00
1.999316983785326020e-17	1.133576529795926540e-17	1.763724751910005883e+00
2.345030361741371486e-17	1.129411807232242067e-17	2.076328887944023815e+00
2.806907148364666577e-17	1.170362926881644018e-17	2.398321993882263747e+00
2.416120480293197907e-17	1.268289036439489181e-17	1.905023548162219305e+00
1.738014789753432405e-17	1.111055237874482592e-17	1.564291972628077731e+00
2.069301380751461890e-17	1.104813561873926736e-17	1.872986947446247497e+00
1.786432543148438629e-17	1.202939292926836355e-17	1.485056273124075954e+00
2.627193796794334861e-17	1.086614178471658547e-17	2.417779786832459532e+00
1.773239068565462278e-17	1.151264111815012743e-17	1.540253926416486507e+00
2.570223544710366450e-17	1.208294893723529262e-17	2.127149223307452708e+00
1.713225687780927330e-17	1.156698108277215203e-17	1.481134684600291740e+00
1.999586230887759699e-17	1.140800393294880990e-17	1.752792375108249479e+00
2.396915281438697025e-17	1.083062535710259005e-17	2.213090382511319731e+00
2.403416234120957380e-17	1.123524674763279947e-17	2.139175300824917692e+00
2.118129738884616773e-17	1.238978462110609025e-17	1.709577529924424244e+00
2.614622600935147764e-17	1.143740869374013858e-17	2.286027080912278020e+00
2.220720274779541244e-17	1.117376678889379495e-17	1.987441045383937954e+00
2.070269870777907374e-17	1.078444325367793634e-17	1.919681732361900650e+00
2.059021288130845489e-17	1.049501672867044519e-17	1.961903769534716346e+00
6.623530319399986238e-18	1.197032716324698751e-17	5.533290969470322507e-01
3.133231347187580797e-17	1.178868502880331530e-17	2.657829384305502085e+00
1.750334331081356682e-17	1.175381330060449789e-17	1.489162951900331100e+00
2.536199349662548458e-17	1.080288630415638958e-17	2.347705306022475291e+00
2.715098232502977597e-17	1.108192678966103740e-17	2.450023614157104568e+00
2.028052192148530360e-17	1.184219932259609657e-17	1.712563804156551184e+00
1.781535909141921518e-17	1.117462852642542880e-17	1.594268574502497815e+00
2.006384126276968106e-17	1.107355590939533072e-17	1.811869775791402848e+00
2.618026397720205379e-17	1.116847612494851203e-17	2.344121407818539726e+00
1.732169504361188567e-17	1.133491798747703972e-17	1.528171184189344167e+00
2.295683219246376685e-17	1.127833235230588510e-17	2.035481086684786334e+00
3.487901883062947035e-17	1.204434493871998094e-17	2.895883421480309750e+00
1.551199538301806940e-17	1.086615009547339458e-17	1.427552099568368149e+00
1.569277423949219638e-17	1.131816497952251032e-17	1.386512236558177680e+00
2.390488539329464949e-17	1.096230921943435734e-17	2.180643230799879984e+00
2.394792475075320668e-17	1.159196663550733215e-17	2.065906977112784482e+00
2.218116675424858060e-17	1.119368404206365901e-17	1.981578778791336815e+00
2.382277865633493943e-17	1.135982932459926031e-17	2.097107093391592958e+00
1.581708892731634025e-17	1.114076516951766685e-17	1.419748884986248516e+00
2.362964377888139108e-17	1.131088323243629364e-17	2.089106862240298401e+00
2.339025382921194873e-17	1.161775549116986627e-17	2.013319513135719774e+00
1.833564866656680447e-17	1.156372214007497834e-17	1.585618232992920928e+00
2.568110751730800253e-17	1.182919802221098085e-17	2.170993119659347492e+00
1.750180062047253337e-17	1.088916210117984731e-17	1.607267892409848686e+00
2.261809923443674099e-17	1.186107282746927921e-17	1.906918502519861836e+00
1.835914683002950542e-17	1.199027721203025801e-17	1.531169505539800246e+00
1.975904667780474965e-17	1.134034716847436711e-17	1.742367000256744625e+00
2.583105126805737194e-17	1.130587412335351072e-17	2.284746052027992302e+00
2.300701860426570757e-17	1.079430530028539352e-17	2.131403361701972532e+00
1.971443107490516475e-17	1.114654088664894167e-17	1.768659109169790522e+00
1.479682098990884379e-17	1.154663255566585440e-17	1.281483663620017310e+00
2.367082126021120166e-17	1.201818458318185143e-17	1.969583766697671878e+00
2.232043915916164369e-17	1.151979884178523856e-17	1.937571954659463191e+00
2.386999188860360897e-17	1.145635555828265945e-17	2.083558926498767949e+00
2.090725417809752179e-17	1.121870452376489890e-17	1.863606812516462430e+00
2.378021788597008189e-17	1.136215050932345902e-17	2.092932835774064859e+00
