3.179681211055455307e-09	-3.733941394147902261e-15	7.984094471078294679e-15	1.000000000000000000e+00
6.359362422110910614e-09	-4.471727853185679262e-15	1.151209367731844070e-14	1.000000000000000000e+00
9.539043633166366748e-09	-1.158223634185870549e-14	8.109615173392091624e-14	1.000000000000000000e+00
1.271872484422182123e-08	-7.531422236423653655e-14	3.130725058307884912e-13	1.000000000000000000e+00
1.589840605527727571e-08	1.583644612114417504e-13	2.754763736689371788e-13	1.000000000000000000e+00
1.907808726633273019e-08	-1.481139131790797324e-14	1.299090546211830344e-13	1.000000000000000000e+00
2.225776847738818798e-08	2.984833468399916908e-12	8.562609184294381836e-13	1.000000000000000000e+00
2.543744968844364246e-08	1.447949023643214827e-14	9.002496409147468263e-15	1.000000000000000000e+00
2.861713089949909694e-08	5.952049453639919640e-15	4.282161869447822420e-15	1.000000000000000000e+00
3.179681211055455142e-08	2.766714111883264990e-15	3.153744774841052588e-15	1.000000000000000000e+00
3.497649332161000920e-08	2.989878266853931890e-15	2.133860566283166497e-15	1.000000000000000000e+00
3.815617453266546699e-08	1.202361866905991226e-15	1.520974889722140163e-15	1.000000000000000000e+00
4.133585574372092478e-08	1.206543805360447886e-15	1.310715948544115850e-15	1.000000000000000000e+00
4.451553695477637595e-08	1.851365773626599788e-15	9.925158599574529443e-16	1.000000000000000000e+00
4.769521816583183374e-08	3.900877642477533857e-16	1.036229945145702301e-15	1.000000000000000000e+00
5.087489937688728491e-08	1.123548768442660688e-15	7.641110909705002767e-16	1.000000000000000000e+00
5.405458058794274270e-08	3.355965484182187904e-15	9.005088786700277644e-16	1.000000000000000000e+00
5.723426179899820049e-08	2.178546757263726211e-16	5.687266605771927451e-16	1.000000000000000000e+00
6.041394301005365166e-08	9.418489344391310440e-16	5.563391945897238274e-16	1.000000000000000000e+00
6.359362422110910283e-08	5.753199588053317453e-16	5.935194277014914766e-16	1.000000000000000000e+00
