3.179681211055445794e-09	5.512656255951065903e-16	3.370080350357936626e-16	1.000000000000000000e+00
6.359362422110891589e-09	-1.550066628049289446e-16	3.159057911017561822e-16	1.000000000000000000e+00
9.539043633166336970e-09	2.560595862607672011e-16	3.158655832919474712e-16	1.000000000000000000e+00
1.271872484422178318e-08	-2.400853096122589683e-16	3.162155873713022683e-16	1.000000000000000000e+00
1.589840605527722939e-08	-3.174065449414670093e-16	3.158855731175874190e-16	1.000000000000000000e+00
1.907808726633267394e-08	1.782706153889850181e-16	3.692736941019996546e-16	1.000000000000000000e+00
2.225776847738811849e-08	1.532543830443068018e-15	5.629756783534370771e-16	1.000000000000000000e+00
2.543744968844356636e-08	-8.787329835070797877e-17	3.221877469661021703e-16	1.000000000000000000e+00
2.861713089949901091e-08	4.675995572346414169e-16	3.328243520150347993e-16	1.000000000000000000e+00
3.179681211055445877e-08	4.019193741563876073e-16	3.158690888876672814e-16	1.000000000000000000e+00
3.497649332160990332e-08	-4.103145522067609011e-16	3.784249070455253975e-16	1.000000000000000000e+00
3.815617453266534788e-08	2.456154076902542428e-16	3.158661375264011021e-16	1.000000000000000000e+00
4.133585574372079243e-08	1.903969804687865823e-16	4.206348192126397187e-16	1.000000000000000000e+00
4.451553695477623699e-08	2.785738117901016184e-16	3.159063292038638348e-16	1.000000000000000000e+00
4.769521816583168816e-08	2.527431461295558657e-18	3.159827703753491431e-16	1.000000000000000000e+00
5.087489937688713271e-08	2.127953834903347180e-16	4.661349541557821007e-16	1.000000000000000000e+00
5.405458058794257726e-08	-2.095828716958696035e-16	3.335343005148396993e-16	1.000000000000000000e+00
5.723426179899802182e-08	3.923290704189857347e-17	4.268574558693817254e-16	1.000000000000000000e+00
6.041394301005346637e-08	1.642670353771149521e-16	3.183606483175495991e-16	1.000000000000000000e+00
6.359362422110891754e-08	2.986028254900854035e-16	3.611175931123525168e-16	1.000000000000000000e+00
