3.179681211055465233e-09	-9.794908375207806807e-17	3.158715536215738484e-16	1.000000000000000000e+00
6.359362422110930466e-09	-3.730212220113420072e-16	4.385875526733085405e-16	1.000000000000000000e+00
9.539043633166396527e-09	-1.503029943678503811e-16	3.158702830207652857e-16	1.000000000000000000e+00
1.271872484422186093e-08	2.452661553913732572e-17	3.796326784184469668e-16	1.000000000000000000e+00
1.589840605527732534e-08	5.276187279147542852e-16	3.649865750944954942e-16	1.000000000000000000e+00
1.907808726633278974e-08	3.379114858378346043e-16	4.310544335075216741e-16	1.000000000000000000e+00
2.225776847738825746e-08	1.268551947246256893e-15	5.529964586631437118e-16	1.000000000000000000e+00
2.543744968844372187e-08	-2.283421029839874596e-16	4.917757079068527041e-16	1.000000000000000000e+00
2.861713089949918627e-08	-1.377780419297042497e-16	3.185164903763285479e-16	1.000000000000000000e+00
3.179681211055465068e-08	-1.453456232206500842e-16	3.158819824072737446e-16	1.000000000000000000e+00
3.497649332161011508e-08	6.470070282009152192e-16	3.161832813160189243e-16	1.000000000000000000e+00
3.815617453266557949e-08	-2.659936187460857200e-16	3.158722963034237055e-16	1.000000000000000000e+00
4.133585574372105051e-08	-1.138108867111244342e-16	3.158828124291011792e-16	1.000000000000000000e+00
4.451553695477651492e-08	-1.453171124735002540e-16	3.466662625101328228e-16	1.000000000000000000e+00
4.769521816583197932e-08	9.209191509753375049e-16	3.753766714311089108e-16	1.000000000000000000e+00
5.087489937688744373e-08	-9.034818634476501993e-17	3.158975608327436707e-16	1.000000000000000000e+00
5.405458058794290814e-08	-6.374204147941738009e-16	3.891321504882651436e-16	1.000000000000000000e+00
5.723426179899837254e-08	-2.872954802448369641e-16	3.158697340649076446e-16	1.000000000000000000e+00
6.041394301005383695e-08	-6.103356842136572981e-16	4.400328015165434403e-16	1.000000000000000000e+00
6.359362422110930135e-08	8.422819169589564711e-17	3.165961734762022120e-16	1.000000000000000000e+00
