0.750809
0.41484
0.297118
0.24057
0.206278
0.191715
0.18291
0.175191
0.169892
0.167313
0.163675
0.165185
0.163765
0.164426
0.166708
0.168911
0.169311
0.167538
0.167888
0.168145
0.168768
0.170308
0.173929
0.174539
0.175687
0.177531
0.178617
0.180843
0.181115
0.183248
0.185524
0.186476
0.187364
0.189596
0.189487
0.191117
0.193209
0.194808
0.196104
0.197257
0.199522
0.200089
0.201882
0.203686
0.205255
0.207569
0.208996
0.209737
0.211645
0.21328
0.214111
0.215713
0.216023
0.217098
0.219007
0.219928
0.220643
0.221166
0.223345
0.224865
0.226372
0.227583
0.228494
0.229008
0.230561
0.231874
0.23269
0.233918
0.235155
0.234991
0.236238
0.237013
0.239063
0.240013
0.241283
0.242152
0.243054
0.243693
0.245146
0.246265
0.247265
0.248045
0.248897
0.250343
0.25164
0.25187
0.253857
0.254405
0.255482
0.256397
0.256938
0.257571
0.258391
0.259779
0.260849
0.261568
0.262929
0.263256
0.264097
0.265234
0.266092
0.26674
0.267737
0.268815
0.270319
0.270599
0.271292
0.271915
0.272199
0.273108
0.274321
0.274918
0.275906
0.276576
0.277049
0.277635
0.278372
0.278913
0.279933
0.280624
0.281543
0.281954
0.282777
0.283519
0.284672
0.285574
0.286537
0.287698
0.288516
0.289093
0.290309
0.290967
0.291364
0.292032
0.292471
0.293211
0.293648
0.294518
0.294828
0.295155
0.295907
0.296342
0.297071
0.297985
0.298655
0.299125
0.299496
0.299941
0.30016
0.300887
0.301304
0.302062
0.302684
0.303272
0.304144
0.304645
0.305421
0.305688
0.306296
0.307026
0.307263
0.307697
0.307935
0.308126
0.308644
0.30946
0.309949
0.310457
0.310821
0.311178
0.311699
0.312089
0.312551
0.312878
0.313307
0.313497
0.314057
0.314323
0.314971
0.31544
0.315896
0.316247
0.316506
0.317055
0.317458
0.317787
0.317955
0.31846
0.318886
0.319443
0.320144
0.320355
0.320866
0.320953
0.321586
0.321764
0.32234
0.322888
0.323408
0.323991
0.324518
0.324902
0.325281
0.325912
0.326411
0.326836
0.327222
0.327546
0.327775
0.328168
0.328534
0.328895
0.329325
0.329592
0.330089
0.330224
0.330852
0.331017
0.331211
0.331618
0.332102
0.332424
0.332531
0.332659
0.333029
0.333473
0.334137
0.334288
0.334583
0.334981
0.335384
0.335784
0.336111
0.336415
0.336842
0.33722
0.337639
0.337747
0.337878
0.338226
0.338747
0.339021
0.339495
0.339715
0.339912
0.340335
0.340647
0.340893
0.341272
0.341921
0.342215
0.342313
0.342564
0.342705
0.343068
0.343204
0.343484
0.343652
0.343873
0.344246
0.344556
0.345025
0.345348
0.345683
0.345808
0.346274
0.346662
0.346997
0.347281
0.347547
0.347792
0.348163
0.348515
0.348868
0.349139
0.349286
0.349651
0.34972
0.350089
0.350298
0.350574
0.350842
0.35126
0.351446
0.351645
0.351925
0.352093
0.352193
0.352724
0.352939
0.353309
0.353493
0.353727
0.354096
0.354439
0.35509
0.354998
0.355352
0.35564
0.355923
0.3562
0.356311
0.35647
0.356505
0.356882
0.357187
0.357595
0.357686
0.35795
0.358155
0.3585
0.358739
0.35907
0.359309
0.359469
0.359487
0.359883
0.359987
0.360206
0.360358
0.360404
0.360602
0.36066
0.36073
0.360889
0.361147
0.361355
0.361661
0.362001
0.362307
0.36252
0.362806
0.362898
0.363147
0.363386
0.363682
0.363844
0.363992
0.364287
0.36435
0.364611
0.364779
0.365104
0.36524
0.365354
0.365559
0.365615
0.365759
0.365804
0.365812
0.366044
0.366143
0.366378
0.366429
0.366662
0.366904
0.367135
0.367497
0.36764
0.367872
0.368224
0.36847
0.368734
0.36904
0.36926
0.369379
0.369683
0.369811
0.36995
0.370224
0.370414
0.370563
0.370603
0.3707
0.370889
0.371208
0.371243
0.371697
0.371809
0.371761
0.37197
0.372152
0.372396
0.372585
0.372858
0.373064
0.373232
0.373373
0.373475
0.373656
0.373719
0.373881
0.374048
0.374081
0.374073
0.374285
0.374424
0.374606
0.374737
0.374892
0.374985
0.37501
0.375162
0.37529
0.375455
0.375626
0.375902
0.376166
0.376352
0.376407
0.376413
0.376327
0.376451
0.376818
0.376944
0.377289
0.377424
0.377595
0.377822
0.378055
0.378216
0.378295
0.378366
0.378638
0.378805
0.378987
0.379412
0.379598
0.37971
0.379775
0.379812
0.380005
0.380275
0.380392
0.380531
0.380864
0.380912
0.381151
0.381473
0.381667
0.381853
0.382041
0.38235
0.382583
0.38273
0.382916
0.382972
0.382986
0.383137
0.383298
0.383406
0.383529
0.383766
0.383896
0.383906
0.384041
0.384185
0.38432
0.384546
0.38465
0.384704
0.384978
0.38517
0.385357
0.385472
0.385574
0.385708
0.385804
0.385996
0.386256
0.386409
0.386626
0.386644
0.386793
0.386839
0.386968
0.387116
0.387341
0.38736
0.387569
0.387731
0.387855
0.387964
0.388108
0.388132
0.38832
0.388495
0.388789
0.388871
0.388955
0.389102
0.389227
0.389277
0.389257
0.389442
0.38948
0.389528
0.389662
0.389877
0.390004
0.390111
0.390196
0.390321
0.390362
0.390534
0.390565
0.39077
0.390952
0.391006
0.391086
0.391266
0.391396
0.391498
0.391639
0.391756
0.391817
0.39192
0.392035
0.392129
0.392186
0.392324
0.392479
0.392624
0.392789
0.392835
0.392993
0.393144
0.393247
0.393344
0.393465
0.393583
0.393708
0.393862
0.39404
0.394136
0.394241
0.394355
0.394473
0.394561
0.39468
0.394734
0.394812
0.394879
0.395007
0.395012
0.395093
0.395189
0.395301
0.395335
0.395488
0.395523
0.395657
0.395821
0.395972
0.396006
0.396171
0.396125
0.39621
0.396374
0.396514
0.396481
0.396649
0.39669
0.396767
0.396982
0.397081
0.397177
0.3973
0.397322
0.397468
0.397532
0.397714
0.39789
0.397955
0.398003
0.398092
0.398237
0.398346
0.398452
0.398661
0.398839
0.398987
0.399085
0.399209
0.399263
0.399449
0.399534
0.399585
0.399644
0.399616
0.399783
0.400013
0.400123
0.400191
0.400235
0.40037
0.400451
0.400488
0.400543
0.400519
0.400637
0.400812
0.400912
0.400944
0.401091
0.401235
0.401414
0.401463
0.401531
0.401727
0.401722
0.401793
0.401792
0.401948
0.402066
0.402129
0.40226
0.402305
0.402417
0.402567
0.402685
0.402787
0.402916
0.403094
0.40314
0.403219
0.403303
0.403395
0.403565
0.403695
0.403826
0.403908
0.403934
0.404023
0.404204
0.404402
0.40445
0.404574
0.404692
0.404824
0.404878
0.404945
0.405092
0.405235
0.405436
0.405517
0.405579
0.405628
0.40568
0.405674
0.405727
0.405856
0.40593
0.406008
0.406011
0.406072
0.406135
0.406244
0.406191
0.406255
0.40627
0.406346
0.40637
0.406553
0.406603
0.406655
0.406791
0.406935
0.407037
0.407145
0.407216
0.407272
0.40736
0.407457
0.407581
0.407696
0.407768
0.407781
0.407887
0.407959
0.408012
0.40814
0.408263
0.408238
0.408282
0.408364
0.408457
0.408494
0.408598
0.408688
0.40874
0.408897
0.408883
0.408951
0.40898
0.40901
0.409116
0.409115
0.409215
0.409231
0.409301
0.409436
0.409611
0.409724
0.409775
0.409844
0.409875
0.409942
0.409983
0.410022
0.410145
0.410223
0.410299
0.41035
0.410397
0.410471
0.410537
0.410567
0.410718
0.410787
0.410869
0.410993
0.410981
0.411047
0.411049
0.411116
0.411158
0.411245
0.411256
0.411288
0.411304
0.411335
0.41146
0.411594
0.411655
0.411634
0.411689
0.411735
0.411816
0.411857
0.412044
0.412125
0.412268
0.412302
0.41231
0.412364
0.41247
0.412577
0.412636
0.412656
0.41277
0.412902
0.412966
0.413053
0.413161
0.413307
0.413362
0.413449
0.413502
0.413677
0.413793
0.413936
0.413927
0.41401
0.413981
0.414031
0.414147
0.414239
0.414392
0.414411
0.41443
0.414528
0.414652
0.41478
0.414816
0.414907
0.414997
0.415044
0.415025
0.415058
0.41514
0.415183
0.415257
0.415331
0.415487
0.41565
0.415707
0.415804
0.415906
0.415942
0.415958
0.416025
0.416124
0.416233
0.416325
0.416426
0.416376
0.416423
0.416563
0.416609
0.416699
0.416767
0.416797
0.416928
0.416965
0.417064
0.417181
0.417216
0.417246
0.417279
0.417263
0.417324
0.41741
0.417394
0.417503
0.417613
0.41765
0.417718
0.417825
0.417913
0.417934
0.418017
0.4181
0.41816
0.418198
0.418225
0.418317
0.418441
0.418519
0.418588
0.418559
0.418631
0.418667
0.418704
0.418764
0.418732
0.418749
0.418783
0.418785
0.418841
0.418915
0.418944
0.419
0.419034
0.419084
0.419125
0.419217
0.419265
0.419351
0.419448
0.419518
0.419588
0.41963
0.419671
0.419819
0.419928
0.419978
0.420019
0.420046
0.420095
0.420224
0.420294
0.420332
0.420404
0.420506
0.420549
0.420604
0.420715
0.420717
0.420757
0.420802
0.42087
0.420861
0.420875
0.42092
0.42094
0.420992
0.421066
0.421089
0.42117
0.421135
0.421214
0.421275
0.421332
0.42134
0.421357
0.421413
0.421488
0.421579
0.42165
0.421681
0.421765
0.421778
0.421831
0.421924
0.421979
0.422028
0.42212
0.422191
0.42225
0.422331
0.422386
0.422427
0.422484
0.422502
0.422595
0.422625
0.422712
0.422668
0.422762
0.422796
0.422808
0.422887
0.422903
0.422886
0.422919
0.423008
0.422996
0.423097
0.42322
0.423226
0.4233
0.42338
0.423406
0.423473
0.423539
0.423644
0.423757
0.423745
0.423825
0.423828
0.423894
0.42393
0.42397
0.424009
0.424001
0.424139
0.424144
0.42418
0.424321
0.424361
0.424411
0.424481
0.424522
0.424536
0.42458
0.424615
0.424646
0.424669
0.424769
0.424828
0.424847
0.42489
0.424983
0.42506
0.425128
0.425178
0.425256
0.425264
0.425328
0.425353
0.425362
0.425379
0.425389
0.425435
0.425437
0.425439
0.425478
0.425535
0.425572
0.425648
0.425631
0.425661
0.425685
0.425709
0.425793
0.425949
0.425965
0.425977
0.426066
0.426103
0.426123
0.42617
0.426258
0.426301
0.426348
0.426353
0.426415
0.426439
0.426516
0.426536
0.426608
0.426616
0.426584
0.426677
0.426794
0.426848
0.426885
0.426911
0.427003
0.427107
0.427176
0.427236
0.427298
0.427367
0.427466
0.427481
0.427509
0.427511
0.427545
0.427537
0.427558
0.427599
0.427617
0.427559
0.427606
0.427679
0.427741
0.427762
0.427812
0.427855
0.427906
0.427921
0.427917
0.42795
0.428055
0.428083
0.428097
0.428105
0.428159
0.42821
0.428217
0.428253
0.428218
0.428283
0.428313
0.428338
0.428391
0.428405
0.428412
0.428433
0.428487
0.428497
0.428541
0.428625
0.42867
0.428754
0.428771
0.428807
0.428836
0.428859
0.428904
0.428954
0.428982
0.429041
0.429041
0.429018
0.42902
0.429053
0.429131
0.429122
0.429124
0.429165
0.429174
0.429221
0.429368
0.429387
0.429427
0.429483
0.429476
0.429539
0.429633
0.429636
0.429703
0.429726
0.429773
0.429732
0.429794
0.429866
0.429928
0.430029
0.430121
0.430125
0.430102
0.43013
0.430173
0.430219
0.430318
0.430414
0.430433
0.430567
0.430608
0.430664
0.430711
0.430727
0.43075
0.43073
0.430768
0.430806
0.430839
0.430895
0.430957
0.430977
0.431002
0.431089
0.431125
0.431128
0.431218
0.431268
0.431327
0.431397
0.431419
0.431418
0.431444
0.431519
0.431545
0.431542
0.431571
0.431606
0.431665
0.431747
0.431779
0.431743
0.431821
0.431879
0.431949
0.431962
0.431938
0.43197
0.432044
0.43207
0.432093
0.432127
0.432118
0.432162
0.432256
0.432304
0.43233
0.432423
0.432556
0.432612
0.432672
0.432647
0.4327
0.432735
0.432723
0.432773
0.432816
0.43285
0.432909
0.432918
0.432992
0.433072
0.433106
0.433126
0.433166
0.433257
0.433267
0.433292
0.433315
0.433345
0.433361
0.433393
0.433507
0.433583
0.433607
0.433643
0.433688
0.433717
0.433756
0.43381
0.433857
0.433914
0.433927
0.433932
0.434021
0.434109
0.434088
0.43415
0.434184
0.434173
0.434226
0.434323
0.434377
0.434459
0.434531
0.43461
0.434654
0.434677
0.434699
0.434754
0.434801
0.434805
0.434851
0.434902
0.434947
0.435008
0.435068
0.435123
0.435159
0.435222
0.435293
0.435272
0.435301
0.435363
0.435384
0.435431
0.435486
0.435539
0.435583
0.435559
0.435597
0.435677
0.435713
0.435756
0.435773
0.435826
0.435809
0.435807
0.435851
0.435853
0.435917
0.435918
0.435972
0.436013
0.436018
0.436037
0.436043
0.436175
0.436165
0.436214
0.436207
0.436296
0.43639
0.436456
0.436513
0.436497
0.436555
0.436611
0.436649
0.436699
0.436719
0.43679
0.436865
0.436841
0.436871
0.436921
0.436904
0.43692
0.436983
0.436973
0.437038
0.437084
0.437074
0.43714
0.437175
0.437205
0.437241
0.437236
0.437205
0.437185
0.437266
0.437303
0.43736
0.437364
0.437351
0.437465
0.437492
0.437514
0.437588
0.4376
0.437612
0.437679
0.43767
0.437738
0.437806
0.437835
0.437863
0.43792
0.437974
0.437988
0.438024
0.438029
0.43807
0.438132
0.438188
0.438208
0.438291
0.438336
0.438404
0.438417
0.438489
0.438519
0.43857
0.438614
0.438638
0.43865
0.438667
0.438731
0.438736
0.438751
0.438816
0.438818
0.438824
0.43884
0.438849
0.438871
0.438916
0.438977
0.439004
0.439039
0.43907
0.439114
0.439174
0.439179
0.439221
0.439219
0.43924
0.439268
0.439324
0.439346
0.439385
0.439427
0.439449
0.439481
0.439539
0.439603
0.439669
0.439717
0.439753
0.439816
0.439827
0.439805
0.43985
0.439905
0.439922
0.439972
0.440002
0.439997
0.439989
0.439936
0.439959
0.440022
0.440001
0.439983
0.440041
0.440077
0.440107
0.440111
0.440163
0.440259
0.440256
0.440357
0.440403
0.440425
0.440476
0.440485
0.440521
0.440501
0.440559
0.440591
0.440606
0.440652
0.440707
0.440696
0.440717
0.440753
0.440768
0.440765
0.440823
0.440835
0.440858
0.44084
0.440904
0.44097
0.441011
0.441082
0.441138
0.441133
0.441137
0.441185
0.441252
0.441327
0.441332
0.441349
0.441386
0.441407
0.441384
0.441394
0.441452
0.441439
0.44146
0.441511
0.441557
0.441578
0.441542
0.441584
0.441609
0.441618
0.441645
0.441672
0.441735
0.441787
0.441834
0.441838
0.441838
0.441915
0.441958
0.441951
0.441936
0.441939
0.441953
0.441986
0.442011
0.442036
0.442113
0.442138
0.442184
0.442266
0.442266
0.442301
0.442295
0.442359
0.44234
0.442377
0.442358
0.442394
0.442447
0.442485
0.442502
0.44255
0.442552
0.442576
0.442547
0.442558
0.44256
0.442553
0.442599
0.442628
0.442664
0.442671
0.442658
0.442693
0.442693
0.4427
0.442724
0.442784
0.44278
0.442772
0.442793
0.442806
0.44284
0.442822
0.442819
0.442854
0.442869
0.442863
0.442862
0.442917
0.442949
0.442998
0.442979
0.443023
0.443031
0.443063
0.443102
0.443088
0.443112
0.443155
0.443182
0.443192
0.443199
0.443229
0.443265
0.443307
0.443319
0.443366
0.443353
0.443333
0.443364
0.443391
0.443421
0.443444
0.443476
0.443454
0.44349
0.443508
0.443494
0.44353
0.443561
0.443654
0.443742
0.443771
0.44377
0.443814
0.443857
0.443857
0.443862
0.443872
0.443947
0.443972
0.443984
0.444006
0.444033
0.444085
0.444092
0.444125
0.444162
0.444226
0.444279
0.444362
0.444408
0.444407
0.444435
0.444442
0.444468
0.444498
0.444516
0.444545
0.444587
0.444658
0.444713
0.44472
0.444789
0.444767
0.444786
0.444819
0.444895
0.444907
0.444944
0.444978
0.444986
0.444984
0.445008
0.445056
0.445086
0.445089
0.445114
0.445164
0.445202
0.445225
0.445266
0.445298
0.445321
0.445359
0.445378
0.445385
0.445381
0.445429
0.44546
0.445485
0.445467
0.445465
0.445508
0.445539
0.445538
0.445558
0.44559
0.445622
0.445644
0.445697
0.445713
0.445725
0.44573
0.445744
0.445802
0.445805
0.445858
0.445891
0.44593
0.445949
0.445962
0.445956
0.445988
0.446012
0.446039
0.446078
0.446099
0.44609
0.446126
0.446184
0.446208
0.446245
0.446229
0.446234
0.446254
0.446294
0.44631
0.446361
0.446406
0.446447
0.446507
0.446546
0.44654
0.44656
0.446556
0.446575
0.446572
0.446574
0.446625
0.446617
0.44661
0.446608
0.446614
0.446606
0.446645
0.446659
0.446685
0.446723
0.446757
0.446767
0.446844
0.446823
0.446851
0.446866
0.446835
0.446884
0.446917
0.446895
0.446891
0.446886
0.446933
0.446967
0.446972
0.446971
0.446959
0.446961
0.446976
0.447004
0.447039
0.447056
0.447085
0.44707
0.447083
0.447096
0.447158
0.447179
0.447196
0.447206
0.447198
0.447226
0.447203
0.447251
0.447258
0.447249
0.447265
0.447312
0.447355
0.447389
0.447397
0.447416
0.447429
0.447414
0.447454
0.44745
0.447459
0.447465
0.447472
0.447521
0.447566
0.447592
0.447641
0.447639
0.447658
0.447641
0.447648
0.447705
0.44773
0.447765
0.447762
0.447787
0.447801
0.447831
0.447862
0.447871
0.447901
0.447955
0.447955
0.44797
0.447976
0.447994
0.448034
0.448051
0.4481
0.448097
0.448129
0.448094
0.448107
0.448129
0.448111
0.448161
0.448189
0.448176
0.448197
0.448233
0.448236
0.448257
0.448283
0.448282
0.448298
0.448338
0.448368
0.448389
0.44839
0.448387
0.448365
0.448373
0.448396
0.448382
0.448411
0.448398
0.448458
0.448517
0.448571
0.448586
0.448662
0.448681
0.448718
0.44874
0.448773
0.448795
0.448845
0.448855
0.448837
0.448878
0.448926
0.44894
0.448953
0.44895
0.448964
0.448991
0.448998
0.449035
0.44907
0.449104
0.449101
0.449126
0.449139
0.44916
0.449181
0.449153
0.449172
0.449219
0.449246
0.44927
0.449298
0.449342
0.449389
0.449391
0.449433
0.449432
0.449439
0.449404
0.449427
0.449428
0.449455
0.449458
0.449465
0.449482
0.449496
0.449528
0.449502
0.449507
0.449492
0.44951
0.449525
0.449563
0.449573
0.4496
0.449639
0.449667
0.449696
0.449659
0.449675
0.449719
0.449764
0.449775
0.449773
0.449813
0.449808
0.449827
0.449829
0.449868
0.449892
0.449922
0.449941
0.44996
0.44996
0.44999
0.45002
0.450055
0.450079
0.450101
0.450117
0.450135
0.45017
0.450196
0.450201
0.450156
0.450165
0.450215
0.450198
0.450213
0.450255
0.450308
0.450341
0.450361
0.450383
0.450387
0.450428
0.450431
0.450481
0.450534
0.450533
0.450564
0.450574
0.450628
0.450641
0.450636
0.4507
0.450683
0.450759
0.450778
0.450804
0.4509
0.450936
0.450965
0.450987
0.450988
0.451023
0.451035
0.451071
0.451075
0.451115
0.45116
0.451146
0.451164
0.451188
0.451219
0.45121
0.451223
0.451245
0.451248
0.451241
0.451275
0.451289
0.45128
0.451269
0.451309
0.451331
0.45131
0.45131
0.451328
0.451339
0.451353
0.451335
0.451386
0.45143
0.451425
0.451469
0.451436
0.451463
0.451453
0.451483
0.451493
0.4515
0.451517
0.451549
0.451558
0.45157
0.451565
0.451624
0.451637
0.451644
0.451658
0.451689
0.451691
0.451712
0.451753
0.451783
0.45179
0.451805
0.451812
0.451864
0.451912
0.451947
0.451957
0.45198
0.452033
0.45206
0.4521
0.452114
0.452149
0.452175
0.452177
0.452212
0.452235
0.452265
0.452319
0.452312
0.452338
0.452339
0.452364
0.452404
0.452412
0.452411
0.45241
0.452439
0.452511
0.452549
0.452555
0.452578
0.452615
0.452615
0.452632
0.452659
0.452693
0.452743
0.452772
0.452791
0.452796
0.452787
0.452802
0.452814
0.452836
0.452911
0.452913
0.452916
0.452936
0.452978
0.453025
0.453025
0.453064
0.45309
0.453097
0.453097
0.453106
0.453115
0.453164
0.453154
0.453144
0.453186
0.453214
0.45323
0.453244
0.453243
0.45326
0.453296
0.453328
0.453322
0.453294
0.453301
0.453324
0.453348
0.453364
0.453372
0.453388
0.453406
0.453448
0.453469
0.453469
0.453476
0.453517
0.453506
0.453522
0.453525
0.453541
0.453529
0.453518
0.453507
0.453504
0.45352
0.453533
0.453531
0.453542
0.453571
0.453575
0.453603
0.45365
0.453686
0.453718
0.453712
0.453729
0.453704
0.453751
0.453744
0.453757
0.453767
0.453774
0.453777
0.453824
0.45384
0.45387
0.453903
0.453911
0.453932
0.453918
0.453937
0.453941
0.453958
0.453939
0.453947
0.453949
0.453953
0.453955
0.453974
0.453965
0.453994
0.453995
0.453988
0.454009
0.45403
0.454071
0.454062
0.454044
0.454042
0.454082
0.454114
0.454123
0.454101
0.454112
0.45407
0.454106
0.454066
0.454063
0.45409
0.454104
0.454122
0.454153
0.454154
0.454153
0.454187
0.454199
0.454205
0.454242
0.454278
0.454296
0.454297
0.454272
0.454302
0.454319
0.454332
0.454341
0.454368
0.454374
0.454364
0.45438
0.454405
0.454417
0.454446
0.454473
0.454482
0.454515
0.454525
0.454533
0.454569
0.454574
0.454556
0.4546
0.454628
0.454653
0.454679
0.454674
0.454721
0.45474
0.45478
0.454812
0.454841
0.454851
0.454847
0.454878
0.454907
0.454911
0.45491
0.454925
0.45495
0.454969
0.454985
0.454995
0.454995
0.455015
0.455023
0.455041
0.455048
0.455058
0.45505
0.455032
0.45507
0.45509
0.455115
0.455134
0.455149
0.455152
0.455143
0.455177
0.455175
0.455196
0.45523
0.455263
0.455275
0.455296
0.455296
0.455297
0.455326
0.455347
0.455378
0.455371
0.455371
0.455393
0.455421
0.455425
0.455472
0.455507
0.45554
0.455594
0.455594
0.455656
0.455661
0.455666
0.455661
0.455686
0.455727
0.455767
0.455801
0.455844
0.455864
0.455894
0.4559
0.455911
0.455912
0.455947
0.455976
0.456002
0.456019
0.456025
0.456048
0.456062
0.456072
0.45609
0.456091
0.456107
0.456122
0.456156
0.456175
0.456193
0.456205
0.456231
0.456252
0.456301
0.456307
0.456318
0.456341
0.456344
0.456372
0.456382
0.456423
0.456409
0.456436
0.456441
0.456428
0.456408
0.456425
0.456441
0.456478
0.456501
0.456517
0.456522
0.456548
0.456546
0.456564
0.456551
0.456569
0.456594
0.456631
0.456632
0.456662
0.456657
0.456635
0.456668
0.456687
0.456689
0.456704
0.456707
0.456713
0.456717
0.456741
0.456777
0.456775
0.456795
0.456796
0.456799
0.45681
0.456825
0.456832
0.456847
0.45686
0.456863
0.456866
0.456872
0.456879
0.456886
0.456911
0.456949
0.456984
0.456979
0.457019
0.457019
0.457024
0.457041
0.457022
0.457054
0.457044
0.457073
0.457074
0.457108
0.457126
0.457151
0.457186
0.457195
0.457228
0.457263
0.457264
0.457289
0.457291
0.457307
0.457335
0.45733
0.457348
0.457395
0.457389
0.457419
0.45743
0.457426
0.457445
0.457459
0.457481
0.457467
0.457504
0.457511
0.457516
0.457513
0.457529
0.457543
0.457569
0.457565
0.457596
0.457624
0.457673
0.457707
0.457729
0.457755
0.457733
0.457754
0.457785
0.457789
0.457813
0.457845
0.457854
0.457899
0.457929
0.457951
0.457934
0.457979
0.458004
0.458022
0.458026
0.458058
0.458082
0.458096
0.458116
0.458119
0.458137
0.458139
0.458173
0.458194
0.458202
0.458223
0.45823
0.45822
0.458252
0.45826
0.458279
0.458283
0.458295
0.458313
0.458308
0.45831
0.458312
0.458317
0.458334
0.458356
0.458358
0.458372
0.458362
0.458358
0.458345
0.458352
0.458383
0.45842
0.458442
0.458465
0.4585
0.458494
0.458519
0.458518
0.458551
0.458562
0.458614
0.45862
0.458658
0.45866
0.458651
0.458672
0.458671
0.458682
0.458685
0.458689
0.458698
0.458716
0.458716
0.458728
0.458739
0.458727
0.458713
0.458716
0.458706
0.458718
0.458718
0.458768
0.45879
0.458805
0.458839
0.458857
0.458839
0.458843
0.45883
0.458832
0.458798
0.458817
0.458826
0.458848
0.458881
0.458889
0.458913
0.458939
0.458921
0.458897
0.458905
0.45892
0.45893
0.458932
0.458927
0.458934
0.458938
0.458937
0.458976
0.459024
0.459036
0.459014
0.459034
0.459019
0.459047
0.459058
0.459052
0.459067
0.459084
0.459095
0.459088
0.459113
0.459125
0.459113
0.45913
0.45916
0.459171
0.459165
0.459192
0.459195
0.459192
0.459225
0.459247
0.459252
0.459271
0.459302
0.459306
0.459313
0.459306
0.459305
0.459311
0.459318
0.459333
0.459327
0.459334
0.459366
0.459368
0.459363
0.459431
0.459464
0.459478
0.459475
0.459488
0.459508
0.459515
0.459508
0.45953
0.459541
0.459532
0.459531
0.459536
0.459533
0.459514
0.459531
0.45955
0.459526
0.459511
0.459524
0.459561
0.459575
0.459575
0.459589
0.459627
0.459611
0.459625
0.459637
0.459657
0.459642
0.459632
0.459651
0.459675
0.459671
0.459657
0.459681
0.45971
0.459699
0.459719
0.459714
0.459728
0.459738
0.459762
0.459784
0.459802
0.459827
0.459851
0.459856
0.459872
0.459886
0.459907
0.45991
0.459908
0.459935
0.459962
0.459992
0.460002
0.459992
0.460039
0.460073
0.46007
0.460089
0.460117
0.460137
0.460173
0.460166
0.460156
0.46015
0.460158
0.460159
0.460159
0.460182
0.460176
0.460188
0.460194
0.460201
0.460223
0.46022
0.46023
0.460253
0.460258
0.460284
0.460317
0.460303
0.460307
0.460334
0.46037
0.460389
0.46041
0.460443
0.460451
0.460486
0.460524
0.460526
0.460553
0.460558
0.460577
0.460586
0.460607
0.460612
0.460623
0.460622
0.460636
0.460635
0.460631
0.46063
0.460632
0.460653
0.460676
0.460689
0.460693
0.460711
0.460744
0.460752
0.460753
0.460764
0.460762
0.460765
0.460764
0.460785
0.460751
0.460754
0.460766
0.460764
0.460774
0.460794
0.460782
0.460834
0.460869
0.460889
0.46091
0.460921
0.460928
0.460938
0.460938
0.460957
0.461001
0.461025
0.461015
0.461045
0.461076
0.461082
0.461098
0.461092
0.461102
0.461095
0.461115
0.461124
0.461129
0.461115
0.46111
0.4611
0.461107
0.461102
0.461121
0.461128
0.461142
0.461175
0.461203
0.46121
0.46123
0.461265
0.461289
0.461309
0.461321
0.461339
0.461348
0.461364
0.461381
0.461398
0.461419
0.461432
0.461437
0.461447
0.461443
0.461457
0.461486
0.461477
0.461486
0.461481
0.461474
0.46148
0.461487
0.461487
0.461491
0.461489
0.461519
0.461532
0.461529
0.461545
0.461547
0.461539
0.461537
0.461539
0.461542
0.461543
0.461532
0.461534
0.461519
0.461529
0.461574
0.461575
0.46159
0.461564
0.461581
0.461599
0.461644
0.461633
0.461642
0.461654
0.461643
0.461634
0.461655
0.461667
0.461689
0.461706
0.461701
0.461708
0.461698
0.461724
0.461701
0.461709
0.461724
0.461725
0.46173
0.461734
0.461769
0.461776
0.461802
0.46181
0.461834
0.461831
0.461843
0.46187
0.461873
0.461858
0.461859
0.461869
0.461908
0.461912
0.46189
0.461911
0.461927
0.461912
0.461929
0.461937
0.461929
0.46196
0.461973
0.462002
0.462029
0.462046
0.462055
0.462046
0.462051
0.462064
0.462073
0.462088
0.462083
0.462102
0.462104
0.462096
0.462089
0.462088
0.462102
0.462097
0.462103
0.462102
0.462111
0.462128
0.462129
0.462125
0.462128
0.462142
0.462184
0.462192
0.462221
0.462242
0.462249
0.462254
0.462266
0.462281
0.462288
0.462306
0.462317
0.462328
0.462338
0.462345
0.462355
0.462361
0.462376
0.46238
0.462372
0.462377
0.462363
0.462366
0.462381
0.462373
0.462398
0.462409
0.462452
0.462473
0.462486
0.462485
0.462495
0.462537
0.462545
0.462554
0.462556
0.462543
0.462578
0.46259
0.46259
0.462598
0.462607
0.462609
0.462615
0.462642
0.462642
0.462645
0.462652
0.462669
0.462694
0.462688
0.462713
0.462721
0.462731
0.462745
0.462749
0.462762
0.462776
0.462763
0.462755
0.462776
0.462766
0.462776
0.462794
0.462801
0.462823
0.462821
0.462844
0.462854
0.462862
0.462877
0.46289
0.462921
0.462918
0.46294
0.462967
0.462964
0.46296
0.462977
0.462992
0.463001
0.463017
0.463039
0.463057
0.463052
0.463049
0.463054
0.46307
0.463066
0.463084
0.4631
0.463072
0.463095
0.4631
0.463118
0.463122
0.463129
0.463137
0.463146
0.463146
0.46313
0.463153
0.463163
0.463158
0.463166
0.46317
0.463188
0.463177
0.4632
0.463211
0.463227
0.463232
0.463237
0.463269
0.463277
0.463277
0.463291
0.4633
0.4633
0.463308
0.463308
0.463278
0.463293
0.463303
0.463286
0.463299
0.463321
0.463342
0.463345
0.463355
0.463388
0.463392
0.463394
0.463437
0.46345
0.46346
0.463438
0.46345
0.463471
0.463507
0.463527
0.463514
0.463523
0.463538
0.463544
0.463556
0.463573
0.463566
0.463571
0.463584
0.46359
0.463581
0.463586
0.463594
0.463596
0.463643
0.463628
0.463646
0.463682
0.463707
0.463709
0.463684
0.463675
0.463688
0.463716
0.463713
0.463718
0.463744
0.463746
0.463761
0.463782
0.46377
0.463775
0.463805
0.463801
0.463782
0.463782
0.463792
0.463784
0.463767
0.463778
0.463807
0.46381
0.463797
0.463797
0.463808
0.463846
0.463866
0.463885
0.463894
0.463888
0.463872
0.46387
0.463875
0.463893
0.463907
0.463918
0.463915
0.463926
0.463928
0.463956
0.463974
0.463979
0.463996
0.464003
0.463996
0.463978
0.464005
0.464019
0.464011
0.464
0.464001
0.464003
0.463988
0.464001
0.463995
0.463976
0.463992
0.46401
0.464012
0.464011
0.464017
0.464022
0.464042
0.464051
0.46408
0.464077
0.464085
0.464084
0.46407
0.464065
0.464113
0.464104
0.464111
0.464128
0.464154
0.464166
0.464182
0.464185
0.464209
0.464218
0.464236
0.464241
0.464243
0.464246
0.464262
0.464276
0.464277
0.464268
0.464263
0.46427
0.464286
0.464287
0.464294
0.464336
0.46435
0.464372
0.464376
0.464384
0.464396
0.464393
0.464409
0.464407
0.464405
0.464414
0.464406
0.464413
0.464444
0.464452
0.464468
0.464467
0.464459
0.464468
0.464481
0.464481
0.464498
0.464502
0.464521
0.464531
0.464523
0.46453
0.464527
0.464553
0.464567
0.464591
0.464614
0.464629
0.464634
0.464653
0.464658
0.464676
0.464688
0.464717
0.464738
0.46475
0.464759
0.464772
0.464784
0.4648
0.464796
0.464807
0.464794
0.46479
0.46481
0.464811
0.464802
0.464804
0.464797
0.464791
0.464788
0.46481
0.464824
0.464824
0.464844
0.464851
0.464872
0.464887
0.464894
0.464903
0.46491
0.464906
0.464922
0.464934
0.464944
0.464951
0.464973
0.464985
0.464998
0.465001
0.465018
0.465018
0.465028
0.465039
0.465051
0.465052
0.465052
0.465054
0.465048
0.465055
0.465084
0.465085
0.465101
0.465092
0.465095
0.465083
0.465083
0.465093
0.465085
0.465081
0.46509
0.465106
0.465123
0.465132
0.465125
0.465131
0.465144
0.465149
0.465152
0.465156
0.465169
0.465202
0.465237
0.465259
0.46527
0.465306
0.465311
0.465327
0.46535
0.465356
0.465337
0.465367
0.465373
0.465352
0.465359
0.465363
0.465379
0.46538
0.465407
0.46539
0.46537
0.465366
0.465368
0.465366
0.465359
0.465366
0.465381
0.465403
0.465417
0.46541
0.465427
0.465442
0.465443
0.465449
0.465447
0.465438
0.465452
0.465487
0.465486
0.46548
0.465478
0.465453
0.465452
0.465473
0.465446
0.465454
0.465473
0.465484
0.465473
0.465481
0.465501
0.465526
0.465541
0.465555
0.465553
0.465573
0.465577
0.465604
0.465612
0.465623
0.465634
0.465648
0.465658
0.465668
0.46567
0.465692
0.465693
0.465692
0.465699
0.465708
0.465744
0.46576
0.465761
0.465778
0.465785
0.465786
0.4658
0.465797
0.465797
0.465782
0.465792
0.465796
0.46581
0.465812
0.465792
0.465783
0.465795
0.46578
0.46579
0.4658
0.465796
0.465786
0.465783
0.465825
0.465835
0.465831
0.465833
0.465847
0.465855
0.465862
0.465872
0.465889
0.465895
0.465913
0.465916
0.465914
0.465922
0.465916
0.465944
0.465954
0.465977
0.465994
0.465984
0.465988
0.466001
0.466023
0.466034
0.466059
0.466051
0.466042
0.466053
0.466069
0.46606
0.466068
0.46606
0.466041
0.466061
0.466062
0.466069
0.466064
0.466074
0.466062
0.466068
0.466081
0.466086
0.466101
0.466127
0.466128
0.466135
0.466152
0.466166
0.46618
0.466171
0.46618
0.466189
0.466212
0.466203
0.466208
0.466225
0.466253
0.46628
0.466293
0.46629
0.466299
0.466301
0.466339
0.46635
0.466361
0.466351
0.466364
0.466387
0.466393
0.466411
0.466406
0.466416
0.466402
0.466436
0.466441
0.466462
0.466471
0.466477
0.466465
0.466473
0.466489
0.466522
0.466541
0.466527
0.466545
0.466553
0.466558
0.466551
0.466567
0.466568
0.466574
0.466584
0.466621
0.46662
0.466626
0.466647
0.466645
0.466662
0.466682
0.466712
0.466734
0.466748
0.466775
0.466775
0.466788
0.466801
0.466812
0.466815
0.466835
0.466842
0.466847
0.46687
0.466866
0.46686
0.466871
0.466907
0.466914
0.466916
0.466909
0.466914
0.466933
0.466938
0.466934
0.466953
0.46697
0.466978
0.466981
0.466978
0.466966
0.466977
0.466983
0.466984
0.466993
0.466988
0.466987
0.466995
0.467033
0.467029
0.467021
0.467025
0.467049
0.467027
0.467039
0.467065
0.467069
0.46707
0.467081
0.467097
0.46712
0.467132
0.467124
0.467145
0.467177
0.46718
0.467194
0.467199
0.467205
0.467201
0.467217
0.467208
0.467219
0.467229
0.467237
0.467241
0.467255
0.467259
0.467267
0.467266
0.467272
0.467274
0.467296
0.467307
0.467311
0.467309
0.467295
0.467307
0.467318
0.467317
0.467303
0.46731
0.467308
0.467306
0.467319
0.467327
0.467335
0.467347
0.46736
0.46735
0.467367
0.467395
0.467407
0.467404
0.467406
0.467415
0.467401
0.467401
0.467421
0.46744
0.467461
0.467454
0.467463
0.467477
0.467484
0.467491
0.467524
0.467533
0.467519
0.46755
0.467565
0.467566
0.467556
0.467577
0.46759
0.4676
0.467615
0.467625
0.467633
0.467623
0.467631
0.467635
0.467651
0.467669
0.46767
0.467673
0.467674
0.467667
0.46767
0.467674
0.467687
0.467703
0.467705
0.467706
0.467693
0.467682
0.467674
0.467679
0.467682
0.467703
0.467702
0.467711
0.467709
0.467712
0.467726
0.46771
0.467701
0.467714
0.46773
0.467749
0.467747
0.46774
0.467741
0.467737
0.467749
0.467755
0.467758
0.467781
0.467776
0.467796
0.467807
0.46782
0.467834
0.467828
0.467833
0.467845
0.467855
0.467867
0.467897
0.467895
0.46791
0.467934
0.467943
0.467958
0.467965
0.467975
0.467985
0.467989
0.467989
0.46799
0.46799
0.467986
0.468008
0.468028
0.468052
0.468066
0.468071
0.468071
0.468087
0.468089
0.468107
0.468122
0.468131
0.468114
0.468131
0.468136
0.468157
0.468157
0.46818
0.468189
0.468196
0.468205
0.468215
0.468212
0.46822
0.468215
0.468236
0.468242
0.468249
0.468251
0.468272
0.468266
0.468239
0.468242
0.468274
0.468267
0.468275
0.468286
0.468298
0.4683
0.46831
0.468341
0.468337
0.468352
0.468363
0.468374
0.468386
0.468385
0.468393
0.468397
0.468389
0.468384
0.468394
0.468383
0.468409
0.468407
0.468421
0.468423
0.468416
0.468417
0.468428
0.468426
0.468438
0.468441
0.468445
0.468444
0.468444
0.468458
0.468473
0.468475
0.468486
0.468486
0.468474
0.468499
0.46851
0.468526
0.468533
0.468546
0.468555
0.468548
0.468554
0.468573
0.468572
0.468563
0.468555
0.46856
0.468568
0.468573
0.46858
0.468597
0.468602
0.468596
0.468596
0.468599
0.468592
0.46861
0.468609
0.468608
0.46861
0.468607
0.468584
0.468578
0.46858
0.46859
0.468598
0.468588
0.468598
0.46861
0.468607
0.468608
0.468618
0.468628
0.46864
0.468657
0.468648
0.46867
0.468673
0.468676
0.468685
0.468689
0.468701
0.4687
0.468698
0.46872
0.468724
0.468728
0.468737
0.468736
0.468746
0.468749
0.468767
0.468771
0.468772
0.468788
0.468797
0.468806
0.468807
0.468804
0.46881
0.468812
0.468833
0.468841
0.468835
0.468833
0.468823
0.468841
0.468844
0.468838
0.468834
0.468832
0.468841
0.468848
0.46886
0.468852
0.468851
0.468864
0.468871
0.468875
0.468877
0.468886
0.468887
0.468866
0.46887
0.468879
0.468891
0.468897
0.468929
0.468932
0.468943
0.468954
0.46895
0.468966
0.468954
0.468969
0.468971
0.468983
0.468981
0.468994
0.468998
0.469006
0.469017
0.469031
0.469035
0.469049
0.469054
0.469049
0.469057
0.469044
0.469057
0.469066
0.469064
0.469087
0.469098
0.469099
0.4691
0.469109
0.469116
0.469118
0.469098
0.4691
0.469105
0.469126
0.469141
0.469136
0.46914
0.469119
0.46913
0.469154
0.46917
0.469169
0.469197
0.469186
0.469175
0.469185
0.469178
0.469192
0.469214
0.469214
0.469225
0.469229
0.469222
0.469229
0.469239
0.469241
0.469245
0.46925
0.469252
0.469253
0.46926
0.46926
0.469265
0.469283
0.469282
0.46928
0.469289
0.469294
0.469319
0.469335
0.469358
0.469356
0.469369
0.469374
0.469384
0.469367
0.469364
0.469382
0.469375
0.469366
0.46938
0.469391
0.469406
0.469417
0.469413
0.469425
0.469429
0.469423
0.469452
0.469473
0.469466
0.469468
0.469479
0.469474
0.469476
0.469494
0.469532
0.469543
0.469545
0.469542
0.469549
0.469565
0.46958
0.469597
0.469612
0.469624
0.469631
0.46965
0.469643
0.469647
0.469673
0.469682
0.469685
0.469681
0.469701
0.46969
0.469696
0.469716
0.469733
0.469745
0.469751
0.46977
0.469768
0.469762
0.469772
0.469776
0.469756
0.469771
0.469759
0.46975
0.469765
0.469761
0.469776
0.469762
0.469766
0.469752
0.469754
0.46976
0.469775
0.469786
0.469792
0.469799
0.469792
0.469816
0.4698
0.469812
0.469815
0.469805
0.469798
0.469776
0.469797
0.469794
0.469777
0.469775
0.469763
0.469764
0.469769
0.469769
0.46978
0.469783
0.469794
0.469807
0.469823
0.469831
0.46983
0.469853
0.469851
0.469865
0.469871
0.469881
0.469889
0.469898
0.469913
0.469914
0.469929
0.469938
0.469964
0.469962
0.469979
0.469998
0.470012
0.469992
0.469997
0.470004
0.470019
0.470028
0.470027
0.470026
0.470016
0.470001
0.470009
0.470024
0.470027
0.470038
0.470051
0.470061
0.470068
0.470055
0.470071
0.470073
0.470078
0.470077
0.470088
0.470105
0.470099
0.470105
0.470119
0.470112
0.470103
0.470124
0.470116
0.470144
0.470136
0.470153
0.470152
0.470158
0.470146
0.470131
0.470126
0.470135
0.470151
0.470177
0.470183
0.470187
0.470201
0.470213
0.470189
0.470224
0.470233
0.470237
0.470229
0.470228
0.470237
0.470249
0.47026
0.47027
0.470269
0.470278
0.470284
0.470293
0.470306
0.470314
0.470323
0.470332
0.470325
0.470332
0.470334
0.470332
0.47033
0.470331
0.470338
0.470345
0.470363
0.470379
0.470371
0.470375
0.470396
0.470418
0.470422
0.47043
0.470435
0.470431
0.470432
0.470425
0.47043
0.470432
0.470431
0.470424
0.470422
0.47042
0.470428
0.470432
0.470437
0.470455
0.470451
0.47046
0.470464
0.47049
0.470503
0.470524
0.470541
0.470571
0.470568
0.470568
0.470568
0.470592
0.470596
0.470598
0.47061
0.4706
0.470611
0.470609
0.470615
0.470619
0.470638
0.470649
0.470651
0.470655
0.470668
0.470679
0.470683
0.470695
0.4707
0.47072
0.47073
0.470729
0.47073
0.470734
0.470728
0.470729
0.470739
0.470745
0.470753
0.470764
0.470781
0.470787
0.470785
0.470774
0.470777
0.470803
0.470812
0.470828
0.47083
0.470836
0.470847
0.470851
0.470871
0.470884
0.470895
0.470875
0.470878
0.470881
0.470884
0.470888
0.470898
0.4709
0.470889
0.470889
0.470894
0.470886
0.470909
0.470917
0.470923
0.470929
0.470939
0.470931
0.470946
0.470954
0.470966
0.470962
0.470969
0.470975
0.47097
0.47098
0.470997
0.470994
0.470976
0.470989
0.471011
0.471006
0.471008
0.471015
0.471025
0.471039
0.471059
0.471067
0.471063
0.471051
0.471041
0.471039
0.471026
0.471029
0.471041
0.47106
0.47107
0.471079
0.471097
0.471103
0.471098
0.471113
0.471122
0.471118
0.471129
0.471127
0.471132
0.471131
0.471134
0.471133
0.471138
0.471145
0.471167
0.47119
0.471193
0.471194
0.471178
0.471175
0.471181
0.471188
0.471197
0.471199
0.471212
0.471217
0.471238
0.471257
0.471252
0.471255
0.471258
0.471266
0.471266
0.471253
0.471255
0.471249
0.471274
0.471281
0.471277
0.471292
0.47129
0.471278
0.471275
0.471292
0.47129
0.471297
0.471309
0.471313
0.471318
0.471317
0.47132
0.471345
0.471357
0.471365
0.47136
0.471372
0.471379
0.471389
0.471389
0.471379
0.471385
0.471389
0.471405
0.47141
0.471412
0.471403
0.471419
0.471427
0.471421
0.471431
0.471439
0.471449
0.471449
0.471451
0.471455
0.471457
0.471471
0.471482
0.471478
0.471473
0.471468
0.47149
0.471496
0.471502
0.471524
0.471542
0.471548
0.47155
0.471551
0.471557
0.471574
0.471585
0.471588
0.471596
0.471603
0.471615
0.471626
0.47162
0.471613
0.471638
0.471644
0.471661
0.471653
0.471658
0.471673
0.471682
0.47169
0.471703
0.471722
0.471728
0.471735
0.471722
0.471721
0.471736
0.471744
0.471762
0.471764
0.471749
0.471752
0.471756
0.471767
0.471764
0.471765
0.471766
0.471777
0.471803
0.47182
0.471822
0.471829
0.47183
0.471831
0.471838
0.471865
0.471874
0.471896
0.471886
0.471889
0.471894
0.471916
0.471931
0.471933
0.471931
0.47194
0.471949
0.471954
0.471961
0.471969
0.471977
0.471975
0.471982
0.471993
0.471995
0.471993
0.471986
0.472002
0.471996
0.472003
0.472001
0.47199
0.471983
0.47199
0.472004
0.471995
0.471993
0.471997
0.471997
0.471999
0.471993
0.471999
0.472013
0.472003
0.472014
0.472018
0.471997
0.471991
0.471993
0.471995
0.47199
0.472008
0.472012
0.472016
0.472035
0.472046
0.472035
0.472036
0.472055
0.472038
0.472048
0.472069
0.472077
0.472069
0.472072
0.472058
0.472064
0.472066
0.472059
0.47209
0.472108
0.472111
0.472116
0.472129
0.472143
0.472155
0.472154
0.472156
0.472173
0.47217
0.472156
0.47216
0.472172
0.472185
0.472201
0.472194
0.472182
0.472195
0.472208
0.472222
0.472227
0.47224
0.472238
0.472251
0.47225
0.472256
0.472268
0.472272
0.472289
0.472295
0.472294
0.472301
0.472314
0.47234
0.472342
0.472339
0.472351
0.472362
0.472367
0.472376
0.472389
0.472392
0.472411
0.472402
0.4724
0.472399
0.472397
0.472389
0.472387
0.472401
0.472414
0.472423
0.472426
0.47244
0.472436
0.472452
0.472462
0.472459
0.47247
0.472472
0.472476
0.472472
0.472484
0.472477
0.472491
0.472501
0.472491
0.472494
0.472486
0.472492
0.472504
0.472517
0.472523
0.472524
0.472521
0.472523
0.472532
0.472538
0.472563
0.472575
0.472581
0.472592
0.472595
0.472612
0.4726
0.472608
0.472604
0.472608
0.472614
0.472634
0.472637
0.472645
0.47265
0.472665
0.472661
0.472654
0.472661
0.472661
0.47267
0.472663
0.472665
0.472674
0.472674
0.472677
0.472683
0.472696
0.472707
0.472709
0.472709
0.47272
0.472715
0.472718
0.472733
0.472741
0.472739
0.472744
0.472747
0.472741
0.472743
0.472756
0.472758
0.472754
0.472765
0.472778
0.472779
0.472785
0.4728
0.472803
0.472808
0.472803
0.472805
0.472805
0.472807
0.472799
0.472808
0.472818
0.472843
0.472855
0.472873
0.472886
0.472877
0.472899
0.472911
0.472922
0.472918
0.472917
0.472923
0.472929
0.472944
0.472953
0.472949
0.472951
0.472949
0.472945
0.472937
0.472935
0.472946
0.472958
0.472952
0.472953
0.47296
0.47297
0.472979
0.472983
0.472971
0.472984
0.472972
0.472967
0.472959
0.472955
0.472982
0.472993
0.472985
0.472982
0.472995
0.473006
0.473008
0.473003
0.47301
0.473021
0.473018
0.473021
0.47302
0.47302
0.473021
0.473025
0.47305
0.473051
0.473066
0.47306
0.473064
0.473072
0.473073
0.473075
0.473086
0.473089
0.473084
0.473096
0.473095
0.473096
0.4731
0.473112
0.473108
0.473123
0.473124
0.473125
0.473138
0.473135
0.473123
0.473121
0.473103
0.473093
0.473106
0.473108
0.473098
0.473087
0.473071
0.473061
0.473074
0.473075
0.47309
0.473109
0.473111
0.473103
0.473121
0.473126
0.473134
0.47313
0.473135
0.473154
0.473186
0.473189
0.473191
0.473179
0.473186
0.473199
0.473205
0.473205
0.473212
0.473206
0.473213
0.47323
0.473213
0.473226
0.473233
0.47325
0.473253
0.473268
0.473268
0.47327
0.473273
0.473272
0.473268
0.473271
0.473294
0.473299
0.473312
0.473308
0.473331
0.473332
0.473342
0.473358
0.473359
0.473353
0.47335
0.47335
0.473358
0.473372
0.473367
0.47338
0.473386
0.473387
0.473395
0.473391
0.473398
0.4734
0.473411
0.473421
0.47343
0.473444
0.473445
0.473448
0.473444
0.473438
0.473439
0.47345
0.473459
0.473455
0.473472
0.473478
0.473487
0.473496
0.473509
0.473512
0.473511
0.473503
0.473505
0.473523
0.473534
0.473532
0.473543
0.473554
0.473566
0.473563
0.473554
0.473555
0.473558
0.473563
0.473559
0.473572
0.473582
0.473585
0.473583
0.473581
0.473589
0.473581
0.473582
0.473585
0.47358
0.473572
0.473578
0.473578
0.473579
0.473593
0.473599
0.473614
0.473621
0.473642
0.473656
0.473669
0.473671
0.473671
0.473654
0.473652
0.473658
0.473659
0.473654
0.473651
0.473652
0.473656
0.473673
0.473674
0.473676
0.473683
0.473705
0.473695
0.473713
0.473715
0.473715
0.473718
0.473719
0.473728
0.473741
0.47374
0.473748
0.473755
0.473754
0.473757
0.473753
0.473756
0.47376
0.473764
0.473759
0.473757
0.473771
0.473764
0.473751
0.473749
0.473768
0.473767
0.47377
0.473762
0.473765
0.473767
0.473773
0.473776
0.473774
0.473787
0.473806
0.47381
0.473817
0.473803
0.473814
0.473822
0.473836
0.473848
0.473838
0.473854
0.473864
0.473873
0.473879
0.473882
0.473882
0.473882
0.473879
0.473882
0.473889
0.473888
0.473895
0.473882
0.473891
0.473898
0.473906
0.473921
0.473926
0.473938
0.47395
0.473952
0.473946
0.473952
0.473946
0.473959
0.47396
0.473957
0.473948
0.473955
0.473959
0.473963
0.473968
0.473967
0.473968
0.473966
0.473973
0.473984
0.473995
0.474004
0.473999
0.474005
0.474014
0.474018
0.474028
0.474023
0.474024
0.474017
0.474029
0.47405
0.474053
0.474068
0.474067
0.474071
0.474061
0.474075
0.474074
0.474083
0.474084
0.474079
0.474081
0.474084
0.474078
0.474079
0.474077
0.474074
0.474081
0.474093
0.474088
0.474091
0.474086
0.474082
0.474087
0.474101
0.474117
0.474118
0.474129
0.474138
0.474149
0.474156
0.474162
0.474177
0.474167
0.474165
0.474183
0.474185
0.474188
0.474192
0.474206
0.474212
0.474226
0.474239
0.474245
0.47427
0.474278
0.474284
0.4743
0.474313
0.474309
0.47432
0.474314
0.474313
0.47432
0.474328
0.474343
0.474335
0.474345
0.474355
0.474353
0.474357
0.474354
0.474362
0.474378
0.474372
0.474377
0.474405
0.474404
0.474411
0.474411
0.474423
0.47442
0.474431
0.47444
0.474451
0.474462
0.474474
0.474469
0.474473
0.47447
0.474476
0.474463
0.474463
0.474476
0.474474
0.474486
0.474492
0.474495
0.4745
0.474515
0.474518
0.47452
0.47451
0.474516
0.474519
0.474509
0.474513
0.47451
0.474516
0.474521
0.474523
0.474529
0.474534
0.47453
0.474531
0.474547
0.474551
0.474543
0.474552
0.474556
0.474567
0.474568
0.474576
0.47459
0.474578
0.474576
0.474583
0.474572
0.474575
0.474581
0.47459
0.474587
0.474593
0.474595
0.4746
0.474603
0.474623
0.474613
0.47462
0.474626
0.474636
0.474647
0.474643
0.47465
0.47466
0.474662
0.474669
0.474677
0.474687
0.474689
0.474691
0.474703
0.474718
0.474722
0.474729
0.474737
0.474735
0.474736
0.474745
0.474758
0.474782
0.474788
0.474803
0.474808
0.474822
0.474828
0.47482
0.474828
0.474823
0.474827
0.474828
0.474831
0.474836
0.474831
0.474822
0.474833
0.474838
0.474849
0.474855
0.474847
0.474864
0.474858
0.474866
0.474871
0.474888
0.47488
0.47488
0.474883
0.474877
0.474878
0.474874
0.47488
0.47488
0.474883
0.47489
0.47489
0.4749
0.474903
0.474915
0.47492
0.474938
0.47493
0.474923
0.474936
0.474946
0.474959
0.47497
0.474975
0.474984
0.474988
0.475
0.475015
0.475013
0.475004
0.475019
0.475032
0.475037
0.475039
0.475034
0.475031
0.475033
0.475032
0.475037
0.475028
0.475022
0.47502
0.475026
0.475038
0.475036
0.475023
0.475026
0.47503
0.475041
0.475048
0.475064
0.475057
0.475067
0.475086
0.475091
0.475096
0.4751
0.475093
0.475106
0.475112
0.475118
0.475121
0.475123
0.475125
0.475128
0.475117
0.475121
0.475123
0.47513
0.475125
0.475128
0.475122
0.475122
0.475123
0.475114
0.475116
0.475118
0.475121
0.475132
0.475136
0.47514
0.475147
0.475145
0.475144
0.475134
0.47515
0.475163
0.475163
0.475168
0.475162
0.475159
0.475177
0.475191
0.475196
0.475193
0.475202
0.475201
0.475201
0.475211
0.475217
0.47523
0.475245
0.475243
0.475252
0.475249
0.475247
0.475249
0.47527
0.475282
0.475286
0.475295
0.475296
0.475294
0.475301
0.475311
0.475319
0.475318
0.475318
0.475323
0.475325
0.475319
0.475322
0.475318
0.475328
0.475334
0.475342
0.475351
0.475358
0.475373
0.475389
0.475385
0.475391
0.475406
0.475398
0.475399
0.475403
0.475404
0.475404
0.475411
0.475417
0.475413
0.475417
0.475421
0.475436
0.47544
0.47544
0.475445
0.475444
0.475443
0.475445
0.475443
0.47544
0.47544
0.475445
0.475442
0.475439
0.475442
0.475451
0.475454
0.475449
0.475463
0.475452
0.475447
0.475448
0.475457
0.475465
0.475467
0.475462
0.475467
0.475479
0.47548
0.475491
0.475489
0.475497
0.475504
0.475499
0.475504
0.475503
0.475496
0.475508
0.475505
0.475517
0.475513
0.475516
0.475522
0.47552
0.475523
0.475515
0.475504
0.475502
0.4755
0.475506
0.475512
0.475514
0.475512
0.475506
0.475522
0.475544
0.475539
0.475555
0.475539
0.475542
0.47555
0.475542
0.475549
0.475551
0.475561
0.475566
0.47556
0.475559
0.475584
0.47557
0.47557
0.47556
0.47557
0.475579
0.47558
0.475601
0.475607
0.475618
0.475622
0.475617
0.475627
0.475632
0.475631
0.475634
0.475642
0.475644
0.475652
0.475658
0.475654
0.475669
0.47569
0.475701
0.475706
0.475697
0.475699
0.475699
0.475692
0.475709
0.47573
0.475734
0.475735
0.475735
0.475723
0.475735
0.475748
0.475744
0.475756
0.475761
0.475769
0.475765
0.475766
0.475769
0.475775
0.475772
0.475771
0.475781
0.47578
0.475772
0.475772
0.475777
0.47579
0.475796
0.475804
0.475813
0.47582
0.475824
0.475824
0.475819
0.475822
0.475822
0.475821
0.475824
0.475842
0.475842
0.475835
0.475835
0.475846
0.475848
0.475852
0.475851
0.475847
0.475848
0.475862
0.475855
0.475866
0.47588
0.475892
0.475907
0.475915
0.475915
0.475909
0.475925
0.475937
0.475943
0.47594
0.475946
0.475943
0.475957
0.47596
0.475979
0.475978
0.475972
0.475972
0.475975
0.475987
0.475996
0.475995
0.475993
0.476001
0.475994
0.475989
0.475973
0.475972
0.475982
0.475977
0.475974
0.475989
0.476001
0.476004
0.476013
0.476009
0.476012
0.476011
0.476015
0.476014
0.476031
0.476034
0.476039
0.476046
0.47606
0.47608
0.476083
0.476085
0.4761
0.476103
0.4761
0.476099
0.476107
0.476122
0.476115
0.476125
0.476124
0.476128
0.47613
0.476129
0.476135
0.476146
0.476135
0.476147
0.476154
0.476149
0.47614
0.476152
0.476153
0.476161
0.476168
0.476169
0.47617
0.47617
0.476174
0.476191
0.476198
0.476202
0.476205
0.47621
0.476214
0.476224
0.476234
0.476235
0.476242
0.476233
0.476245
0.476251
0.476259
0.476269
0.47627
0.476266
0.476257
0.476255
0.476256
0.476259
0.476252
0.476253
0.476259
0.476257
0.476265
0.476266
0.476273
0.476268
0.476285
0.476299
0.476301
0.4763
0.4763
0.476292
0.476297
0.476301
0.476303
0.476317
0.476324
0.476327
0.476333
0.476333
0.476323
0.476331
0.476333
0.476333
0.476341
0.476329
0.47634
0.476344
0.476347
0.476353
0.476353
0.476361
0.476364
0.476363
0.476351
0.476361
0.476361
0.476365
0.476364
0.476365
0.476364
0.476366
0.476373
0.476371
0.476383
0.476393
0.476402
0.476408
0.47641
0.4764
0.476415
0.47641
0.476417
0.476429
0.476427
0.476427
0.476425
0.476428
0.476432
0.476438
0.476432
0.476433
0.476432
0.476436
0.476446
0.476462
0.476465
0.476469
0.476472
0.476471
0.476466
0.476468
0.476469
0.476467
0.47648
0.476483
0.476492
0.476489
0.476484
0.476493
0.476488
0.476502
0.476503
0.476509
0.476506
0.476506
0.476496
0.476496
0.47651
0.47651
0.476516
0.476528
0.476531
0.47655
0.476541
0.476542
0.476537
0.47655
0.476537
0.476545
0.476555
0.476556
0.47657
0.476578
0.476579
0.476592
0.476589
0.476592
0.476591
0.476599
0.476621
0.476612
0.476609
0.476611
0.476612
0.476621
0.476622
0.476623
0.476619
0.476621
0.476622
0.476614
0.476613
0.476608
0.476606
0.47662
0.47663
0.476645
0.476644
0.476646
0.476651
0.476657
0.47666
0.476666
0.47666
0.476668
0.47667
0.476677
0.476692
0.476694
0.476702
0.476712
0.47671
0.476705
0.476712
0.47672
0.476729
0.476741
0.476751
0.476736
0.476728
0.476732
0.476723
0.476717
0.476707
0.476711
0.476705
0.4767
0.47669
0.476694
0.476691
0.476698
0.476702
0.476695
0.476693
0.476684
0.476692
0.476674
0.476683
0.476694
0.476696
0.476696
0.476691
0.476704
0.476704
0.476703
0.47671
0.476708
0.476719
0.476743
0.476745
0.476756
0.476774
0.476776
0.476783
0.476788
0.476793
0.476792
0.476779
0.476787
0.476799
0.476807
0.476809
0.476816
0.476809
0.476803
0.476816
0.476829
0.476829
0.476832
0.476828
0.47682
0.476832
0.476833
0.476846
0.476851
0.47685
0.476853
0.47686
0.476862
0.476862
0.476869
0.476865
0.476868
0.476874
0.476869
0.476864
0.476865
0.476876
0.476867
0.476868
0.476871
0.476874
0.476871
0.476869
0.476874
0.476871
0.476869
0.476886
0.476894
0.476907
0.476912
0.476918
0.47692
0.476915
0.476916
0.476916
0.476923
0.476919
0.476932
0.476922
0.476932
0.476941
0.476948
0.476946
0.476947
0.476944
0.476948
0.476958
0.476967
0.476973
0.476977
0.476986
0.476992
0.476999
0.476988
0.477005
0.47701
0.47701
0.477021
0.477023
0.477014
0.47701
0.477022
0.477017
0.47701
0.477008
0.477024
0.477016
0.477017
0.477015
0.477028
0.477034
0.477034
0.477033
0.47704
0.477036
0.477047
0.477055
0.477072
0.477082
0.477089
0.477108
0.477102
0.477096
0.477116
0.47712
0.477125
0.477131
0.477129
0.477139
0.47714
0.477128
0.477127
0.47713
0.477137
0.477149
0.477152
0.477155
0.477166
0.477169
0.477174
0.477178
0.477173
0.477172
0.477189
0.477187
0.47718
0.477175
0.477176
0.477194
0.477192
0.477189
0.477183
0.477194
0.477201
0.477203
0.477199
0.477208
0.477222
0.477226
0.47723
0.477233
0.477233
0.477244
0.47724
0.477261
0.477267
0.477265
0.477272
0.47728
0.477281
0.477299
0.477294
0.47731
0.477312
0.477313
0.477309
0.477304
0.477317
0.477324
0.477316
0.477322
0.47732
0.477313
0.477317
0.477314
0.477312
0.47732
0.477332
0.477332
0.477332
0.477334
0.477332
0.477334
0.477346
0.477347
0.477338
0.477346
0.47734
0.477342
0.477349
0.47737
0.477371
0.477376
0.477371
0.477373
0.477375
0.47738
0.477392
0.477397
0.477396
0.477419
0.477419
0.477417
0.477422
0.477417
0.477421
0.477429
0.477436
0.477444
0.477452
0.477457
0.477467
0.477461
0.477465
0.477456
0.477467
0.477473
0.477474
0.477478
0.477477
0.477475
0.477468
0.477455
0.477451
0.477447
0.477455
0.477451
0.477463
0.477466
0.477474
0.477473
0.477463
0.477479
0.477478
0.477479
0.477489
0.4775
0.477502
0.477506
0.4775
0.47751
0.477506
0.477514
0.477514
0.477518
0.477514
0.477518
0.477518
0.477521
0.477529
0.477533
0.477543
0.477542
0.47755
0.477549
0.477561
0.477577
0.477574
0.477576
0.477586
0.477601
0.477604
0.477603
0.477604
0.477612
0.477613
0.477629
0.477621
0.477628
0.477638
0.477626
0.477625
0.477641
0.477645
0.477643
0.477647
0.477638
0.477638
0.477642
0.477643
0.477641
0.477644
0.477657
0.477662
0.477663
0.477658
0.477673
0.477675
0.477685
0.477681
0.477687
0.477688
0.477691
0.477697
0.477704
0.477712
0.477714
0.477715
0.477716
0.477724
0.477721
0.47773
0.477731
0.477724
0.477729
0.47773
0.477729
0.477722
0.477716
0.477719
0.477726
0.477736
0.477736
0.477741
0.477742
0.477748
0.477748
0.477752
0.477756
0.477765
0.477768
0.477774
0.477771
0.47778
0.477776
0.477772
0.477764
0.477763
0.477758
0.477765
0.477779
0.477786
0.477784
0.477775
0.477788
0.477781
0.477788
0.477793
0.477791
0.477801
0.477806
0.477804
0.477805
0.477804
0.477803
0.4778
0.477801
0.477806
0.477809
0.477808
0.47781
0.477814
0.477822
0.477819
0.477811
0.477807
0.47782
0.477828
0.477828
0.477826
0.477816
0.477816
0.47783
0.477834
0.477832
0.47783
0.477841
0.477851
0.477856
0.477859
0.47786
0.477871
0.477876
0.477869
0.477872
0.477864
0.477869
0.477866
0.477869
0.477873
0.477874
0.477875
0.477879
0.477881
0.477883
0.477896
0.477895
0.477889
0.477893
0.477907
0.477911
0.477924
0.47793
0.477933
0.477945
0.477942
0.477939
0.477949
0.477949
0.477961
0.47796
0.477957
0.477962
0.477974
0.477985
0.477995
0.478012
0.478015
0.478013
0.478016
0.478018
0.47803
0.478036
0.478039
0.478037
0.478032
0.478031
0.478037
0.478035
0.478041
0.478045
0.47805
0.478055
0.478055
0.47805
0.47805
0.478054
0.478065
0.47806
0.478073
0.478074
0.478083
0.478088
0.478085
0.47809
0.478087
0.478091
0.478087
0.478088
0.478083
0.478089
0.478097
0.478095
0.478103
0.478099
0.478109
0.478116
0.478121
0.478123
0.478125
0.478127
0.478136
0.478133
0.47813
0.478138
0.478135
0.478141
0.478148
0.478145
0.478144
0.478158
0.478155
0.478155
0.478153
0.478156
0.478161
0.478184
0.478181
0.478176
0.478187
0.478198
0.478203
0.478203
0.478196
0.478204
0.478209
0.478205
0.478207
0.478209
0.478217
0.478223
0.478224
0.478228
0.478237
0.478237
0.478231
0.478231
0.478235
0.47824
0.478242
0.47826
0.478267
0.478288
0.478283
0.478286
0.478288
0.478284
0.478282
0.478282
0.478282
0.478289
0.478287
0.478297
0.478306
0.478314
0.478318
0.478323
0.478324
0.478338
0.478344
0.478351
0.478349
0.478364
0.478375
0.478375
0.47838
0.478381
0.47838
0.478393
0.478397
0.478397
0.478392
0.478409
0.47841
0.478404
0.478406
0.478415
0.478418
0.478432
0.478441
0.478455
0.478465
0.478477
0.478476
0.478476
0.478472
0.478476
0.478476
0.478483
0.478482
0.478483
0.478484
0.478478
0.478479
0.478479
0.478481
0.478475
0.478479
0.478471
0.478466
0.478472
0.478473
0.478467
0.478466
0.478476
0.478478
0.478482
0.478482
0.47848
0.478485
0.478489
0.478492
0.478492
0.478498
0.478508
0.478518
0.478516
0.478512
0.478515
0.478518
0.478526
0.478524
0.478529
0.478539
0.478545
0.478543
0.478545
0.478547
0.478553
0.478564
0.478561
0.478553
0.478551
0.478561
0.478565
0.478562
0.47856
0.478559
0.478563
0.478563
0.478564
0.478565
0.478555
0.478546
0.478555
0.478547
0.478557
0.478551
0.478556
0.478559
0.478553
0.478557
0.478555
0.478566
0.47857
0.478573
0.478588
0.478599
0.478602
0.478602
0.478609
0.478615
0.478621
0.478644
0.478636
0.478643
0.478646
0.47865
0.478665
0.478665
0.478669
0.47868
0.478684
0.478686
0.478696
0.478696
0.478708
0.478711
0.478717
0.478708
0.478711
0.478704
0.478712
0.478712
0.478712
0.478723
0.478714
0.478724
0.478724
0.478733
0.478738
0.478737
0.478744
0.478741
0.478738
0.47874
0.478736
0.478747
0.47875
0.478757
0.478763
0.478767
0.47877
0.478781
0.478787
0.478789
0.478796
0.478805
0.478805
0.478811
0.478815
0.478821
0.478827
0.478824
0.478822
0.478826
0.478833
0.478836
0.478839
0.47884
0.478837
0.478845
0.478847
0.478847
0.478847
0.478839
0.47884
0.478841
0.478849
0.478846
0.478854
0.478856
0.478861
0.478876
0.478877
0.478887
0.478887
0.478883
0.478878
0.478881
0.478879
0.478881
0.47889
0.478884
0.478883
0.478895
0.4789
0.478899
0.478906
0.47891
0.47891
0.478912
0.47892
0.478917
0.478926
0.478927
0.478924
0.478918
0.478925
0.478932
0.478937
0.478935
0.478935
0.478943
0.478947
0.478948
0.478947
0.478947
0.478941
0.478951
0.478961
0.478972
0.478974
0.47899
0.478988
0.478978
0.47898
0.478977
0.478979
0.478974
0.47897
0.478981
0.478976
0.478987
0.478987
0.478986
0.478984
0.478978
0.478995
0.478996
0.478994
0.478995
0.47899
0.478996
0.479005
0.479001
0.479012
0.479018
0.479017
0.479021
0.479028
0.479038
0.479047
0.479049
0.479059
0.479046
0.479058
0.479052
0.479047
0.479056
0.479056
0.479061
0.47906
0.479055
0.479052
0.47905
0.479054
0.479052
0.47906
0.479061
0.479074
0.479084
0.479085
0.479088
0.479082
0.479087
0.479093
0.479094
0.479078
0.479071
0.479071
0.479077
0.479078
0.479086
0.479084
0.479093
0.479096
0.479102
0.479101
0.479105
0.479103
0.4791
0.479109
0.479107
0.479104
0.479103
0.479097
0.479099
0.479105
0.479114
0.479117
0.479118
0.479125
0.47913
0.479126
0.479128
0.479131
0.479133
0.479137
0.479149
0.479145
0.479148
0.479153
0.479145
0.479149
0.47915
0.479149
0.47915
0.479158
0.479154
0.479156
0.479157
0.479163
0.479154
0.479154
0.47915
0.479153
0.479144
0.479155
0.479166
0.479159
0.47916
0.47916
0.479171
0.479167
0.479166
0.479166
0.479162
0.479166
0.47916
0.479158
0.479161
0.47916
0.479158
0.479159
0.479158
0.479164
0.479163
0.479167
0.479166
0.479164
0.479176
0.479184
0.479184
0.479181
0.479175
0.479173
0.479174
0.479177
0.479184
0.479188
0.479196
0.479201
0.479201
0.479206
0.479206
0.479205
0.479218
0.479214
0.479219
0.479207
0.479206
0.479199
0.479201
0.479204
0.479216
0.479231
0.479252
0.479259
0.479268
0.479278
0.479286
0.479286
0.479296
0.479299
0.479308
0.479306
0.479311
0.479314
0.479303
0.479312
0.479313
0.479323
0.479323
0.479327
0.479331
0.479328
0.479334
0.479341
0.479338
0.479341
0.479338
0.479331
0.479325
0.479331
0.479328
0.479332
0.479333
0.479337
0.479349
0.479358
0.479351
0.479365
0.479368
0.479368
0.479363
0.479364
0.47937
0.479378
0.479393
0.479394
0.479388
0.479396
0.479415
0.47941
0.479409
0.479407
0.479407
0.479423
0.479421
0.479432
0.479422
0.479429
0.479428
0.479418
0.479421
0.479414
0.479413
0.479408
0.479412
0.479412
0.47941
0.479417
0.479423
0.479428
0.479426
0.479426
0.479433
0.47944
0.479446
0.479449
0.479446
0.479447
0.47945
0.479446
0.479451
0.479466
0.479473
0.479476
0.479469
0.479465
0.479472
0.479476
0.479477
0.479472
0.47949
0.479491
0.4795
0.479506
0.479514
0.479519
0.479535
0.479539
0.479542
0.479547
0.479551
0.479557
0.479553
0.479554
0.479566
0.479564
0.479569
0.479573
0.47957
0.479574
0.47958
0.479584
0.479583
0.479573
0.479582
0.479581
0.479585
0.479581
0.479589
0.47959
0.479601
0.479603
0.479615
0.479617
0.479608
0.479607
0.479599
0.479599
0.479599
0.479603
0.479606
0.479607
0.479615
0.479607
0.479616
0.479614
0.479611
0.479616
0.479614
0.47962
0.479619
0.479616
0.479632
0.479622
0.479623
0.479619
0.479627
0.479644
0.479648
0.479653
0.479662
0.479662
0.479663
0.479661
0.479675
0.47969
0.47969
0.479693
0.47968
0.479695
0.479697
0.479695
0.479697
0.479694
0.479709
0.479711
0.479717
0.479718
0.479726
0.47973
0.479729
0.479743
0.47974
0.479744
0.479747
0.479758
0.479763
0.479762
0.479756
0.479763
0.479771
0.479778
0.479777
0.479782
0.479779
0.479792
0.479795
0.479798
0.479801
0.479802
0.479806
0.479816
0.479816
0.479815
0.479828
0.479832
0.479828
0.47983
0.479834
0.479833
0.479838
0.479838
0.479844
0.479854
0.479861
0.479859
0.479866
0.479879
0.479869
0.479884
0.479874
0.479874
0.479876
0.479883
0.479883
0.479884
0.479889
0.479884
0.479892
0.479892
0.479898
0.479905
0.47991
0.479916
0.479919
0.47992
0.479923
0.479919
0.479925
0.479924
0.479928
0.479931
0.479942
0.479944
0.479938
0.479943
0.479948
0.479953
0.479954
0.479961
0.479963
0.479968
0.479969
0.479967
0.479976
0.479987
0.479984
0.479983
0.479979
0.479976
0.479976
0.479982
0.479975
0.479978
0.479971
0.479969
0.479969
0.479976
0.479983
0.479978
0.479983
0.479977
0.47997
0.479964
0.479967
0.479971
0.479972
0.479982
0.479979
0.479978
0.479992
0.48
0.48
0.479997
0.479989
0.47999
0.479988
0.479983
0.479986
0.479979
0.479975
0.479976
0.479978
0.479975
0.479971
0.479979
0.479975
0.479978
0.479971
0.479974
0.479978
0.479996
0.48
0.479999
0.479989
0.479988
0.479992
0.480001
0.480005
0.480003
0.479988
0.479986
0.479986
0.479977
0.479987
0.479991
0.479989
0.479987
0.47999
0.479996
0.480002
0.480006
0.480006
0.480017
0.480019
0.480019
0.48002
0.480023
0.480014
0.480009
0.480003
0.480013
0.480026
0.480019
0.480015
0.480011
0.480008
0.480005
0.480006
0.48001
0.480021
0.480032
0.480034
0.48004
0.480048
0.480051
0.480051
0.48005
0.480053
0.480048
0.480056
0.480061
0.480065
0.480074
0.480075
0.480082
0.480083
0.48009
0.480094
0.480087
0.480096
0.4801
0.480098
0.480115
0.480117
0.480129
0.480129
0.480127
0.480132
0.480135
0.480132
0.480132
0.480135
0.480126
0.480121
0.480132
0.480137
0.480137
0.480145
0.480149
0.480141
0.480142
0.480149
0.480151
0.480154
0.48016
0.480157
0.480152
0.48016
0.480164
0.480173
0.480179
0.480183
0.480181
0.480177
0.480177
0.480196
0.480204
0.480214
0.480221
0.480216
0.480217
0.480226
0.48023
0.480232
0.48023
0.480236
0.480239
0.480254
0.480256
0.480255
0.480252
0.480245
0.480253
0.480267
0.480264
0.480264
0.480263
0.480259
0.480271
0.48028
0.480286
0.480294
0.480296
0.480314
0.480307
0.480302
0.480302
0.480299
0.480301
0.480304
0.480307
0.480312
0.480323
0.480324
0.480334
0.480338
0.480343
0.480341
0.480342
0.48035
0.480338
0.480351
0.480357
0.480365
0.480362
0.48036
0.480364
0.480366
0.480374
0.480385
0.480386
0.480389
0.480393
0.480396
0.48039
0.48039
0.48038
0.480382
0.480391
0.480397
0.480412
0.480428
0.480427
0.480441
0.480456
0.480469
0.480468
0.480466
0.480467
0.480469
0.480471
0.480471
0.480469
0.480472
0.480477
0.480475
0.480484
0.48049
0.48049
0.480496
0.4805
0.480499
0.480504
0.480499
0.480497
0.480504
0.480513
0.480515
0.480522
0.480523
0.480526
0.480533
0.480531
0.480531
0.480536
0.480539
0.480538
0.480532
0.480536
0.480534
0.480532
0.480537
0.480543
0.480541
0.480542
0.480547
0.480554
0.480561
0.480563
0.480557
0.480566
0.48056
0.480566
0.48057
0.480575
0.480586
0.480578
0.480579
0.480579
0.48058
0.48059
0.480599
0.480596
0.480592
0.4806
0.480599
0.480602
0.480609
0.480607
0.480602
0.480603
0.480608
0.480617
0.480624
0.480619
0.480629
0.480636
0.48064
0.480642
0.480638
0.480627
0.480634
0.480624
0.480623
0.480629
0.480635
0.480637
0.480641
0.480647
0.480651
0.480651
0.480651
0.480651
0.480653
0.480648
0.48065
0.480645
0.480652
0.480663
0.480662
0.480662
0.480664
0.480666
0.48068
0.480682
0.480695
0.480695
0.480694
0.480692
0.480696
0.480688
0.480693
0.4807
0.480716
0.480717
0.480725
0.480721
0.480728
0.480728
0.480734
0.480726
0.480729
0.480733
0.480736
0.480738
0.48075
0.480748
0.480745
0.480742
0.480741
0.480742
0.480745
0.480746
0.480749
0.480752
0.480761
0.480748
0.480749
0.480759
0.480761
0.480765
0.480762
0.480764
0.480772
0.480773
0.480775
0.480778
0.480783
0.480785
0.480794
0.480789
0.480789
0.480791
0.48079
0.48079
0.480794
0.48079
0.480793
0.480793
0.480803
0.480808
0.480815
0.48082
0.480814
0.480819
0.480828
0.480834
0.480846
0.480831
0.480833
0.480835
0.480838
0.480841
0.480833
0.480838
0.480833
0.480835
0.48084
0.480847
0.480851
0.480852
0.480853
0.480856
0.480861
0.480866
0.480867
0.480869
0.480875
0.48088
0.480885
0.480888
0.480889
0.480897
0.480896
0.480899
0.480902
0.480892
0.480888
0.480889
0.480895
0.480898
0.48091
0.48091
0.480918
0.480917
0.48092
0.480917
0.480917
0.480919
0.480932
0.480929
0.480931
0.480933
0.480933
0.480932
0.480946
0.48095
0.480958
0.480957
0.480964
0.480967
0.480967
0.480973
0.480977
0.480977
0.480969
0.480964
0.48096
0.480961
0.480951
0.48095
0.480959
0.480969
0.480967
0.480975
0.480976
0.480975
0.480972
0.480976
0.480977
0.480984
0.48098
0.480977
0.480982
0.480984
0.480985
0.480983
0.480992
0.481004
0.480998
0.480997
0.481003
0.481004
0.481006
0.481006
0.48101
0.481011
0.481021
0.481029
0.481026
0.481031
0.481038
0.48104
0.481035
0.481038
0.481035
0.481032
0.481029
0.481039
0.481032
0.481032
0.481034
0.481041
0.481036
0.48105
0.48105
0.48105
0.48106
0.481055
0.481059
0.481067
0.481077
0.481075
0.481066
0.481069
0.481077
0.481088
0.481087
0.481094
0.481104
0.481116
0.481114
0.481112
0.481115
0.481116
0.481117
0.481113
0.481115
0.481113
0.48111
0.481094
0.481094
0.481098
0.481103
0.481104
0.481103
0.481098
0.4811
0.481099
0.481098
0.481108
0.481118
0.481121
0.481119
0.481126
0.48113
0.481139
0.481142
0.481144
0.481144
0.481146
0.481138
0.481145
0.481147
0.481152
0.481158
0.481165
0.481163
0.48116
0.481173
0.481179
0.481192
0.481189
0.481194
0.4812
0.481209
0.481214
0.481217
0.481221
0.481229
0.481228
0.481234
0.481225
0.481225
0.48123
0.481223
0.481231
0.481233
0.48124
0.481237
0.48123
0.48123
0.481237
0.481241
0.481244
0.481249
0.481254
0.481257
0.481268
0.481273
0.481276
0.481278
0.481277
0.48128
0.481279
0.481269
0.481271
0.481273
0.481279
0.48129
0.4813
0.481298
0.481304
0.481299
0.481303
0.481308
0.481308
0.481302
0.481309
0.48131
0.48132
0.481321
0.481327
0.481324
0.48132
0.481319
0.481322
0.481322
0.48133
0.481324
0.481325
0.481331
0.481339
0.481339
0.48134
0.481345
0.481341
0.481337
0.481341
0.481349
0.481358
0.481362
0.481364
0.481369
0.481366
0.481364
0.481361
0.481359
0.481369
0.481364
0.481367
0.481373
0.481376
0.481368
0.481366
0.481364
0.481356
0.481361
0.481368
0.481373
0.481371
0.481372
0.481379
0.481383
0.481386
0.481384
0.481392
0.481399
0.481403
0.481413
0.481415
0.481419
0.481413
0.481418
0.481415
0.481422
0.48142
0.481423
0.481428
0.481431
0.481436
0.481445
0.481445
0.481442
0.481443
0.481451
0.481458
0.481463
0.481467
0.481469
0.481471
0.481474
0.481477
0.481478
0.481485
0.481488
0.481486
0.4815
0.481498
0.481504
0.481503
0.481502
0.481509
0.481515
0.481515
0.481524
0.481527
0.481527
0.481523
0.481514
0.481515
0.481522
0.48152
0.481522
0.481518
0.48152
0.481532
0.48153
0.481521
0.481524
0.48153
0.481539
0.481542
0.481543
0.481538
0.481546
0.481543
0.481548
0.481548
0.481548
0.481551
0.481559
0.481568
0.481569
0.481568
0.481572
0.481583
0.48157
0.48158
0.481585
0.481584
0.481581
0.481586
0.481593
0.481594
0.481602
0.481611
0.481612
0.481608
0.481611
0.481617
0.48163
0.48164
0.481634
0.481634
0.481636
0.481634
0.481633
0.481637
0.481636
0.481642
0.481634
0.481632
0.481636
0.481642
0.481637
0.481638
0.481643
0.481636
0.481639
0.481636
0.481633
0.481644
0.481644
0.481641
0.481649
0.481653
0.481655
0.481651
0.481648
0.481648
0.48165
0.481656
0.481665
0.481672
0.481679
0.481684
0.481684
0.481687
0.481696
0.481703
0.481713
0.481716
0.481724
0.481726
0.481728
0.481723
0.481728
0.481725
0.481725
0.481722
0.481721
0.481717
0.481717
0.481717
0.48173
0.481739
0.48174
0.481744
0.481746
0.481743
0.481743
0.481748
0.481752
0.481746
0.481747
0.481734
0.481731
0.481727
0.481723
0.481722
0.481724
0.481722
0.481728
0.481731
0.481734
0.48173
0.481736
0.481738
0.48174
0.481745
0.481745
0.481747
0.481743
0.481749
0.481752
0.481753
0.481756
0.481751
0.481755
0.481759
0.481761
0.481761
0.481754
0.481752
0.481752
0.481753
0.481754
0.481755
0.481754
0.481756
0.481753
0.481754
0.48176
0.481763
0.481768
0.481773
0.481774
0.481773
0.481773
0.48177
0.481779
0.481788
0.481777
0.481782
0.481785
0.48179
0.481793
0.481799
0.481804
0.481804
0.481813
0.481815
0.48181
0.481812
0.481819
0.481829
0.481831
0.481829
0.48183
0.481826
0.481828
0.481824
0.481822
0.481828
0.481839
0.481838
0.481844
0.481842
0.481839
0.481835
0.481843
0.481844
0.481847
0.481849
0.481855
0.481853
0.481864
0.481863
0.481864
0.481867
0.481875
0.481876
0.481875
0.48187
0.481872
0.48188
0.481885
0.481877
0.481877
0.481882
0.481882
0.481881
0.481882
0.481886
0.48188
0.481883
0.481882
0.481885
0.481883
0.481881
0.481884
0.481889
0.481894
0.481902
0.481899
0.481902
0.481906
0.481903
0.48191
0.48191
0.48192
0.481932
0.481931
0.481924
0.481921
0.481919
0.481918
0.481912
0.481915
0.481919
0.481931
0.481929
0.481928
0.481941
0.481941
0.481946
0.481945
0.481948
0.481958
0.481965
0.481969
0.481982
0.481989
0.481995
0.481991
0.481992
0.481993
0.481992
0.481998
0.481998
0.482001
0.482001
0.481999
0.482004
0.482012
0.482005
0.482002
0.481997
0.481995
0.482005
0.481994
0.481991
0.482
0.482001
0.482009
0.482004
0.481996
0.481994
0.481994
0.482
0.482004
0.482005
0.482011
0.482011
0.482006
0.482007
0.481999
0.481992
0.481985
0.481983
0.481986
0.481989
0.481994
0.482001
0.481997
0.481994
0.481995
0.481991
0.481996
0.481989
0.481992
0.481999
0.482
0.481997
0.481992
0.48199
0.481995
0.481999
0.482003
0.482013
0.482017
0.482015
0.482016
0.482023
0.482028
0.482017
0.482015
0.482016
0.482018
0.482016
0.482022
0.482025
0.482022
0.482015
0.482018
0.482016
0.482021
0.48202
0.482025
0.482028
0.482033
0.482035
0.482032
0.482034
0.482034
0.482028
0.482026
0.482031
0.482025
0.482031
0.482034
0.482037
0.482041
0.482044
0.482043
0.48205
0.482058
0.482056
0.482058
0.482057
0.482062
0.482066
0.482066
0.482067
0.482065
0.482066
0.482066
0.482067
0.482071
0.482065
0.482063
0.482069
0.48208
0.482079
0.48208
0.482083
0.482083
0.482086
0.482086
0.482089
0.482091
0.482094
0.482096
0.482097
0.482104
0.4821
0.482103
0.4821
0.482104
0.482108
0.482101
0.482105
0.482105
0.482102
0.482111
0.482122
0.482119
0.482118
0.48212
0.482121
0.482123
0.482122
0.482119
0.482127
0.482128
0.482134
0.48213
0.48213
0.48213
0.482128
0.482117
0.482124
0.48212
0.482127
0.482128
0.482136
0.482137
0.482134
0.482126
0.482143
0.482139
0.482139
0.482135
0.482129
0.482128
0.482138
0.482146
0.482151
0.482149
0.482147
0.482154
0.482158
0.482164
0.482165
0.482169
0.482171
0.482175
0.482175
0.482182
0.482185
0.482185
0.482191
0.482191
0.482196
0.4822
0.482207
0.482212
0.482217
0.482223
0.482222
0.482225
0.482231
0.482238
0.482252
0.482256
0.482258
0.482262
0.482263
0.482265
0.482273
0.48227
0.482269
0.482268
0.482268
0.482272
0.482271
0.48228
0.482279
0.482272
0.482269
0.482277
0.482283
0.482293
0.482291
0.482291
0.482303
0.482295
0.482308
0.482309
0.482308
0.482309
0.482312
0.48232
0.482319
0.482318
0.482314
0.482317
0.482317
0.482316
0.482324
0.482323
0.482316
0.48232
0.482318
0.482315
0.482321
0.482325
0.48232
0.48232
0.482323
0.482325
0.482324
0.482325
0.482327
0.482335
0.482343
0.482339
0.482339
0.482352
0.482358
0.48236
0.482368
0.482371
0.482378
0.482377
0.482375
0.482375
0.482373
0.482374
0.482374
0.482367
0.482373
0.482375
0.482372
0.482372
0.482382
0.482376
0.482377
0.482384
0.482387
0.482387
0.482384
0.482396
0.482403
0.482409
0.482412
0.48241
0.482415
0.482427
0.482425
0.482418
0.482419
0.482423
0.482423
0.482428
0.482424
0.482438
0.482448
0.482449
0.48246
0.482466
0.482458
0.48246
0.482457
0.482464
0.482464
0.482465
0.482469
0.482464
0.482468
0.482467
0.482473
0.482478
0.482478
0.482482
0.482474
0.482469
0.482469
0.48247
0.482478
0.482476
0.48248
0.482483
0.482482
0.482479
0.482485
0.482482
0.482483
0.482484
0.482486
0.482487
0.482491
0.482493
0.482505
0.482503
0.482504
0.482504
0.482502
0.482493
0.482494
0.482495
0.482491
0.482494
0.482495
0.48249
0.482493
0.482497
0.482497
0.482503
0.482504
0.482509
0.482508
0.48251
0.482516
0.482525
0.482533
0.482538
0.482532
0.482534
0.482539
0.482539
0.482546
0.482554
0.482558
0.482559
0.482556
0.482554
0.482559
0.482565
0.482568
0.482568
0.482569
0.482575
0.482579
0.482591
0.482596
0.482594
0.482596
0.482598
0.482602
0.482604
0.482612
0.482607
0.482607
0.48261
0.482608
0.482608
0.482609
0.482619
0.482622
0.48262
0.482616
0.482611
0.482611
0.482608
0.482608
0.482606
0.48261
0.482618
0.482615
0.482623
0.48262
0.482622
0.482625
0.482633
0.482627
0.482633
0.482636
0.48263
0.482628
0.482636
0.482641
0.482651
0.482654
0.482656
0.482652
0.482656
0.482656
0.482659
0.482656
0.482646
0.482645
0.482647
0.482644
0.482651
0.482649
0.482649
0.48266
0.482656
0.482659
0.482653
0.482655
0.482647
0.482644
0.482645
0.482649
0.482655
0.482661
0.482659
0.482652
0.482652
0.482661
0.482669
0.482673
0.482673
0.482677
0.482685
0.482681
0.482681
0.482678
0.482679
0.482687
0.482689
0.482696
0.482699
0.482701
0.482691
0.482692
0.482693
0.4827
0.482703
0.482702
0.482697
0.482701
0.482698
0.482699
0.4827
0.482702
0.482704
0.482703
0.482694
0.482699
0.482704
0.482704
0.482698
0.482698
0.482696
0.482696
0.482699
0.482709
0.482711
0.482714
0.48272
0.48271
0.482708
0.482715
0.482721
0.482713
0.482715
0.482717
0.482719
0.482717
0.482725
0.482727
0.482718
0.482718
0.482716
0.482719
0.482729
0.48273
0.482726
0.482722
0.482718
0.482729
0.482731
0.482734
0.482737
0.482747
0.482745
0.482753
0.482747
0.482756
0.482762
0.482763
0.482767
0.482772
0.482772
0.482769
0.48277
0.482776
0.482772
0.48277
0.482777
0.482775
0.482772
0.482771
0.482772
0.482779
0.482774
0.482777
0.482774
0.482774
0.482789
0.482792
0.482793
0.482793
0.482795
0.482802
0.482809
0.48281
0.482813
0.482814
0.482819
0.482822
0.482826
0.482823
0.482823
0.482821
0.482818
0.482819
0.482819
0.482823
0.482827
0.482826
0.482831
0.482821
0.482826
0.482835
0.482831
0.482835
0.48284
0.482831
0.482838
0.482843
0.482839
0.482835
0.482835
0.482838
0.482843
0.482837
0.482838
0.482841
0.482841
0.482852
0.482858
0.482859
0.482861
0.482866
0.482867
0.48287
0.482875
0.48288
0.482876
0.482876
0.482874
0.482872
0.482876
0.482871
0.482872
0.482879
0.482884
0.482887
0.48289
0.482903
0.482905
0.482902
0.482901
0.482901
0.482903
0.482906
0.4829
0.482894
0.48289
0.482897
0.4829
0.482904
0.482911
0.482911
0.482919
0.482928
0.482939
0.482943
0.482948
0.482943
0.482951
0.482955
0.482961
0.482957
0.482962
0.482965
0.482963
0.482966
0.482974
0.482972
0.482975
0.48297
0.482971
0.482968
0.482971
0.482981
0.482983
0.482977
0.482988
0.482993
0.48299
0.482993
0.482995
0.483006
0.483003
0.482999
0.483002
0.483002
0.483001
0.483007
0.483007
0.483013
0.483013
0.483009
0.48302
0.483016
0.483018
0.48302
0.483027
0.483023
0.483019
0.483012
0.483013
0.483019
0.483014
0.483009
0.48301
0.483007
0.48301
0.483018
0.48302
0.483025
0.483025
0.483029
0.483039
0.483043
0.483051
0.48305
0.483055
0.483059
0.48306
0.483071
0.483073
0.483073
0.483067
0.483068
0.483077
0.483083
0.483083
0.483089
0.483087
0.483088
0.483085
0.483091
0.483098
0.483096
0.483094
0.4831
0.483099
0.483099
0.483097
0.483102
0.483112
0.483109
0.483106
0.48311
0.483117
0.483124
0.48312
0.483129
0.483131
0.483138
0.483141
0.483141
0.483144
0.48315
0.483151
0.483146
0.483149
0.483149
0.483145
0.483154
0.483158
0.483165
0.483168
0.483167
0.483177
0.483169
0.483171
0.483172
0.48317
0.483169
0.483173
0.483175
0.483168
0.483169
0.483169
0.483167
0.483171
0.483167
0.483177
0.483176
0.483178
0.483175
0.483174
0.483177
0.483174
0.483173
0.483179
0.483182
0.483178
0.483175
0.483174
0.483173
0.483175
0.483177
0.483184
0.483185
0.483194
0.483189
0.483196
0.483199
0.483207
0.48321
0.483214
0.483218
0.483215
0.483222
0.483226
0.483229
0.483231
0.483225
0.483217
0.483216
0.483215
0.483214
0.483218
0.483223
0.483227
0.48323
0.483228
0.483227
0.483228
0.483229
0.483224
0.483232
0.483234
0.48324
0.483235
0.483236
0.483236
0.483237
0.483242
0.483252
0.483253
0.483246
0.483247
0.483247
0.483254
0.483262
0.483264
0.483267
0.483278
0.483289
0.483284
0.48328
0.483275
0.483279
0.483271
0.483279
0.483278
0.48328
0.483282
0.483278
0.483282
0.483282
0.483288
0.48329
0.48329
0.483297
0.483297
0.483296
0.483293
0.4833
0.483303
0.483302
0.483306
0.483312
0.483321
0.483321
0.483325
0.48333
0.48332
0.483324
0.48333
0.483333
0.483331
0.483327
0.483331
0.483341
0.483333
0.483335
0.483334
0.483327
0.48332
0.483322
0.483323
0.483322
0.48332
0.483313
0.483314
0.483317
0.483314
0.483322
0.483321
0.483322
0.483333
0.483333
0.483341
0.483344
0.483338
0.483345
0.483353
0.483352
0.483357
0.483363
0.48336
0.483359
0.483361
0.483358
0.483353
0.483345
0.483345
0.483344
0.483348
0.483353
0.483353
0.483353
0.483352
0.483355
0.483356
0.483353
0.483364
0.48336
0.48336
0.48336
0.483365
0.483367
0.483367
0.483371
0.48337
0.483367
0.483373
0.483372
0.483362
0.483361
0.483359
0.483358
0.483356
0.483344
0.483344
0.483349
0.483356
0.483361
0.483359
0.483355
0.483362
0.483356
0.483359
0.483362
0.483363
0.483365
0.483373
0.483366
0.483368
0.483373
0.483377
0.483376
0.48337
0.483365
0.483375
0.483377
0.483381
0.483378
0.483383
0.483386
0.483389
0.483386
0.483387
0.483398
0.483403
0.483404
0.483404
0.483406
0.483404
0.4834
0.483403
0.483401
0.483404
0.483404
0.483402
0.483398
0.483398
0.483402
0.483401
0.483399
0.483406
0.483414
0.483416
0.483418
0.48342
0.483412
0.483412
0.483418
0.483417
0.483418
0.483413
0.483418
0.483411
0.483414
0.483417
0.483425
0.483433
0.483434
0.483433
0.483442
0.483456
0.483448
0.483455
0.483452
0.483449
0.483443
0.483442
0.483448
0.483451
0.483447
0.483443
0.483449
0.48345
0.483448
0.483453
0.483461
0.483465
0.483467
0.483464
0.483471
0.483473
0.483471
0.483477
0.483482
0.483483
0.483479
0.483491
0.483491
0.48349
0.483489
0.48349
0.483485
0.483486
0.483488
0.483486
0.483487
0.483483
0.483491
0.483496
0.483503
0.483507
0.483512
0.483512
0.483512
0.483505
0.483504
0.483512
0.483509
0.483519
0.48351
0.483509
0.483517
0.483509
0.483499
0.483499
0.4835
0.483506
0.483506
0.483503
0.483514
0.483519
0.483524
0.483523
0.483525
0.48353
0.483537
0.483533
0.48354
0.483538
0.483539
0.483537
0.483529
0.483537
0.483546
0.483546
0.483546
0.483541
0.483541
0.483542
0.483537
0.483536
0.483534
0.483537
0.483535
0.483542
0.483549
0.483551
0.483548
0.483552
0.483551
0.48356
0.48356
0.483557
0.48355
0.483556
0.483557
0.483559
0.483561
0.483565
0.48356
0.483564
0.483564
0.483576
0.483581
0.483581
0.483586
0.483594
0.483589
0.483581
0.48358
0.483579
0.483572
0.483579
0.483583
0.483585
0.483589
0.483594
0.483597
0.483596
0.483606
0.483608
0.483603
0.483605
0.48361
0.483604
0.483611
0.483606
0.483608
0.483608
0.483612
0.483615
0.483613
0.483617
0.483613
0.483618
0.483619
0.48362
0.483626
0.483631
0.483631
0.48363
0.483628
0.483636
0.483645
0.483652
0.483652
0.483662
0.483662
0.483669
0.483669
0.483668
0.483665
0.483669
0.483665
0.483663
0.483668
0.483663
0.483666
0.483668
0.483668
0.483673
0.483671
0.483676
0.483677
0.483693
0.483695
0.483695
0.483699
0.483701
0.483702
0.483708
0.483712
0.483707
0.483708
0.483692
0.483691
0.483689
0.483687
0.483694
0.483686
0.483681
0.483683
0.483682
0.483686
0.483683
0.48368
0.483683
0.483686
0.483686
0.483691
0.483692
0.483691
0.483697
0.483696
0.483705
0.483703
0.483699
0.483702
0.483708
0.483714
0.483715
0.48372
0.483721
0.483724
0.483724
0.483738
0.48373
0.483735
0.483734
0.483738
0.483734
0.48374
0.483739
0.483745
0.483748
0.483742
0.483742
0.483747
0.48374
0.483742
0.483748
0.483754
0.483757
0.483756
0.483754
0.483751
0.483754
0.483758
0.48376
0.483759
0.483761
0.483767
0.483762
0.483757
0.483759
0.483759
0.48376
0.483759
0.48376
0.483762
0.483767
0.483769
0.483766
0.483768
0.483771
0.483774
0.483777
0.483779
0.483786
0.483792
0.483795
0.483789
0.483793
0.483794
0.483794
0.4838
0.483798
0.483804
0.483805
0.483806
0.483806
0.483805
0.483809
0.48381
0.483807
0.483809
0.483813
0.483816
0.483821
0.48382
0.483818
0.483817
0.483819
0.483821
0.483819
0.483819
0.483823
0.483821
0.483817
0.483816
0.48381
0.483812
0.483819
0.483828
0.48383
0.48383
0.483823
0.483822
0.48383
0.483825
0.483825
0.483831
0.483837
0.483836
0.483829
0.48382
0.48382
0.483815
0.483825
0.483825
0.483822
0.483824
0.483822
0.483824
0.48383
0.483832
0.483839
0.483841
0.48384
0.483839
0.483845
0.48385
0.483856
0.483859
0.483866
0.483866
0.483869
0.483869
0.483867
0.48387
0.483872
0.483873
0.48387
0.483869
0.483864
0.483863
0.48387
0.483874
0.483879
0.483874
0.483878
0.48388
0.483886
0.483896
0.483908
0.483914
0.483924
0.483927
0.483923
0.483922
0.483919
0.483917
0.483917
0.483925
0.483927
0.483925
0.483924
0.483929
0.483932
0.48393
0.483931
0.483931
0.483931
0.483936
0.483938
0.48394
0.483946
0.48395
0.483954
0.483954
0.483957
0.483958
0.48396
0.483962
0.483963
0.48396
0.483962
0.483976
0.483974
0.483973
0.483969
0.483966
0.483964
0.483964
0.483969
0.483962
0.483964
0.483968
0.483974
0.483975
0.48397
0.483978
0.483982
0.483986
0.483989
0.48399
0.483995
0.483995
0.483995
0.483997
0.484004
0.484
0.484007
0.48401
0.484008
0.484014
0.484025
0.484029
0.484024
0.484029
0.484032
0.48404
0.484045
0.484043
0.484043
0.484041
0.484044
0.484044
0.484049
0.484049
0.484053
0.484062
0.484061
0.484063
0.484074
0.484074
0.484074
0.484071
0.484063
0.484067
0.484072
0.484076
0.48408
0.484077
0.484082
0.484083
0.484082
0.48408
0.484079
0.484079
0.484082
0.484092
0.484097
0.484092
0.484094
0.484103
0.484104
0.484106
0.484106
0.484102
0.484111
0.484112
0.484119
0.484121
0.48412
0.484127
0.484117
0.484118
0.484115
0.484116
0.484115
0.484114
0.484123
0.484118
0.484114
0.48412
0.484123
0.484122
0.48412
0.48412
0.484123
0.484125
0.484125
0.484129
0.484128
0.484126
0.484132
0.484128
0.48413
0.484136
0.48414
0.48414
0.484143
0.484151
0.484153
0.484157
0.484165
0.484159
0.484155
0.484165
0.484159
0.484155
0.484156
0.484161
0.484163
0.484166
0.484167
0.484169
0.484165
0.484163
0.484162
0.484161
0.484159
0.484156
0.484155
0.484156
0.484157
0.484155
0.484153
0.484151
0.484151
0.484149
0.484153
0.484153
0.484143
0.484143
0.484146
0.484146
0.48415
0.484147
0.48414
0.484139
0.484141
0.484139
0.484135
0.484136
0.484134
0.484142
0.484145
0.484147
0.484153
0.484144
0.484148
0.484146
0.484143
0.484137
0.484138
0.484137
0.484137
0.48414
0.484132
0.484136
0.484139
0.484138
0.484131
0.48413
0.484141
0.484142
0.484142
0.484141
0.48414
0.484142
0.484139
0.484141
0.484139
0.484141
0.484141
0.484148
0.484145
0.484146
0.484155
0.484146
0.484145
0.484144
0.484144
0.484135
0.484139
0.484134
0.484134
0.48413
0.484135
0.484142
0.484139
0.484139
0.48414
0.484137
0.484141
0.484147
0.484152
0.484156
0.484152
0.484157
0.484161
0.484155
0.484155
0.484151
0.484159
0.484164
0.48417
0.484167
0.484167
0.484159
0.484165
0.484167
0.484175
0.484178
0.48418
0.484185
0.484189
0.4842
0.484202
0.484211
0.484218
0.484216
0.484221
0.484231
0.484231
0.484236
0.484231
0.484233
0.484231
0.484229
0.484232
0.484242
0.484242
0.484247
0.484257
0.484261
0.484263
0.484263
0.484254
0.484256
0.484257
0.484261
0.484266
0.484268
0.484269
0.484268
0.484276
0.48427
0.484267
0.484268
0.484267
0.484271
0.484267
0.484272
0.484268
0.484268
0.484268
0.484263
0.484261
0.484265
0.484277
0.484281
0.484282
0.484286
0.484286
0.484292
0.484293
0.484296
0.484305
0.484299
0.484295
0.484292
0.484294
0.484294
0.484298
0.484303
0.484299
0.484299
0.484305
0.484304
0.484306
0.484311
0.484314
0.48432
0.484321
0.484323
0.484325
0.484329
0.484331
0.484337
0.484343
0.484342
0.484342
0.48434
0.484341
0.484339
0.484338
0.484338
0.484344
0.484349
0.484351
0.484349
0.484361
0.484369
0.484371
0.484377
0.484385
0.484381
0.484383
0.484382
0.484384
0.484388
0.484394
0.484401
0.484403
0.484407
0.484403
0.484403
0.4844
0.484398
0.484397
0.484401
0.484401
0.484405
0.484397
0.484398
0.484397
0.4844
0.4844
0.484399
0.484403
0.48439
0.484392
0.484401
0.484401
0.484402
0.484406
0.484408
0.484406
0.484402
0.484403
0.484403
0.484405
0.484414
0.484423
0.484427
0.484427
0.484434
0.484424
0.484422
0.484422
0.484429
0.484434
0.484439
0.484449
0.484452
0.484458
0.484457
0.48446
0.484459
0.484454
0.484455
0.484451
0.484447
0.484452
0.48446
0.484456
0.484462
0.484475
0.484475
0.484478
0.484477
0.484478
0.484473
0.484476
0.484482
0.484483
0.484483
0.484491
0.484491
0.484486
0.484489
0.484494
0.484497
0.484497
0.484495
0.484493
0.484498
0.484501
0.484496
0.484499
0.484495
0.4845
0.484511
0.484512
0.484519
0.484522
0.484527
0.484528
0.484533
0.484533
0.484536
0.484541
0.484539
0.484536
0.484538
0.48453
0.48453
0.484537
0.484537
0.484536
0.48454
0.48454
0.484541
0.484543
0.48455
0.484546
0.484542
0.484546
0.484552
0.484545
0.484551
0.484546
0.484552
0.484552
0.484554
0.484558
0.484561
0.484563
0.484566
0.484561
0.484557
0.48455
0.484541
0.484545
0.484553
0.484553
0.484557
0.484551
0.484549
0.484547
0.484554
0.484556
0.48456
0.484557
0.484554
0.484549
0.484551
0.484547
0.484545
0.484544
0.484544
0.484544
0.484535
0.484536
0.484534
0.484533
0.484537
0.484535
0.484536
0.484547
0.484551
0.484548
0.484553
0.48456
0.484566
0.48457
0.484571
0.484573
0.484569
0.484564
0.484568
0.484563
0.484559
0.48456
0.484563
0.48456
0.48456
0.484568
0.484566
0.484567
0.484575
0.484584
0.484583
0.484583
0.484582
0.484591
0.484588
0.484592
0.484598
0.484608
0.484613
0.484618
0.484621
0.484616
0.484617
0.484621
0.484621
0.484626
0.484629
0.484625
0.484621
0.484628
0.484629
0.484629
0.484633
0.484637
0.484646
0.484641
0.484645
0.484644
0.484643
0.484646
0.484644
0.484649
0.484647
0.484652
0.484657
0.484655
0.484652
0.484657
0.484653
0.484649
0.484654
0.484654
0.484659
0.484658
0.48466
0.484656
0.484658
0.484653
0.48465
0.484653
0.484657
0.484659
0.484663
0.484663
0.484658
0.48467
0.484666
0.484666
0.484663
0.484667
0.484669
0.484672
0.484674
0.484681
0.484678
0.484681
0.484677
0.484683
0.484683
0.484681
0.484677
0.484676
0.484673
0.484668
0.484674
0.484683
0.484692
0.484693
0.484692
0.484691
0.484691
0.484694
0.484695
0.484699
0.4847
0.4847
0.484697
0.484698
0.484693
0.484693
0.484695
0.484706
0.484702
0.484704
0.484703
0.484697
0.4847
0.484705
0.484703
0.484703
0.484698
0.484697
0.484702
0.484702
0.484697
0.484694
0.4847
0.484696
0.484698
0.484699
0.484699
0.484697
0.484697
0.484704
0.484705
0.484704
0.484705
0.484706
0.484704
0.484706
0.484714
0.484718
0.484719
0.48472
0.484719
0.484723
0.484723
0.484725
0.484724
0.484723
0.48472
0.484717
0.484714
0.484717
0.484719
0.484722
0.484724
0.484729
0.484727
0.484732
0.484736
0.484739
0.484735
0.484732
0.48473
0.484734
0.484736
0.484738
0.484741
0.484743
0.484737
0.484734
0.484737
0.484736
0.484734
0.484734
0.48474
0.484744
0.484741
0.484748
0.484748
0.484751
0.484754
0.484766
0.484767
0.484769
0.484768
0.484769
0.484772
0.484769
0.484769
0.484775
0.484773
0.484779
0.484776
0.484781
0.484789
0.484792
0.484792
0.48479
0.48479
0.484786
0.484791
0.484792
0.484791
0.484794
0.484797
0.484797
0.484794
0.484796
0.484801
0.484807
0.484806
0.484812
0.484811
0.484816
0.484814
0.484815
0.484814
0.484808
0.484812
0.484815
0.484816
0.484818
0.484826
0.484826
0.484826
0.484827
0.484827
0.484827
0.484828
0.484824
0.48482
0.484818
0.484816
0.484819
0.484819
0.484812
0.48481
0.484808
0.484809
0.484809
0.484808
0.484805
0.484808
0.48481
0.4848
0.484803
0.484807
0.484805
0.484801
0.484803
0.484803
0.484804
0.484812
0.484814
0.484817
0.484819
0.48482
0.484813
0.484818
0.484814
0.484814
0.484814
0.484817
0.484817
0.484817
0.484823
0.484823
0.484823
0.484827
0.484831
0.484833
0.484838
0.484837
0.484842
0.484837
0.484838
0.484844
0.484848
0.484842
0.484843
0.484846
0.484854
0.48485
0.484852
0.48485
0.484849
0.48485
0.484849
0.484852
0.484851
0.484849
0.484841
0.484842
0.48484
0.484845
0.484845
0.484851
0.484855
0.484859
0.484854
0.484855
0.484852
0.484856
0.484853
0.484853
0.484852
0.484853
0.484857
0.484859
0.48486
0.484853
0.484851
0.484851
0.484855
0.484857
0.484856
0.484861
0.48486
0.484859
0.484858
0.484857
0.484865
0.484863
0.484864
0.484863
0.484859
0.484855
0.484855
0.484858
0.484865
0.484861
0.484863
0.484866
0.484872
0.484871
0.48487
0.484865
0.484871
0.484875
0.484866
0.484868
0.484867
0.484872
0.484874
0.484869
0.48487
0.484867
0.48487
0.484873
0.484875
0.484869
0.484867
0.484869
0.484869
0.484867
0.484871
0.484867
0.484873
0.484872
0.484878
0.484883
0.484879
0.484885
0.484886
0.484891
0.48489
0.484891
0.484885
0.484886
0.484886
0.484895
0.484898
0.484899
0.484904
0.484908
0.484913
0.484922
0.484914
0.484919
0.484919
0.484923
0.484931
0.484935
0.484941
0.48494
0.484939
0.484946
0.484946
0.484948
0.484945
0.484946
0.484952
0.484947
0.484948
0.48495
0.484943
0.484944
0.484948
0.484945
0.484947
0.484946
0.484952
0.484949
0.484949
0.484947
0.484953
0.484956
0.484954
0.484958
0.484952
0.48495
0.48495
0.484955
0.484956
0.484958
0.484958
0.484961
0.484966
0.484971
0.484972
0.484969
0.484978
0.484968
0.484974
0.484979
0.484978
0.484974
0.484973
0.484975
0.484975
0.484974
0.484972
0.484974
0.484973
0.484975
0.484974
0.48497
0.484972
0.484974
0.484976
0.484971
0.484973
0.484966
0.484971
0.484967
0.484971
0.484973
0.484973
0.484971
0.484977
0.48498
0.484978
0.484977
0.484979
0.484981
0.484977
0.484978
0.484982
0.484987
0.484991
0.484987
0.484986
0.484984
0.484984
0.48499
0.484997
0.485001
0.485001
0.485003
0.485012
0.485007
0.485002
0.485006
0.485007
0.485007
0.485004
0.485008
0.485012
0.485016
0.485014
0.485015
0.485016
0.485018
0.485015
0.485019
0.485026
0.485027
0.485025
0.485027
0.485028
0.485025
0.485023
0.485026
0.485025
0.48503
0.485032
0.485026
0.485024
0.485025
0.485027
0.485026
0.485027
0.485032
0.485034
0.485038
0.485038
0.48504
0.485042
0.485047
0.485044
0.485042
0.485044
0.485049
0.48506
0.485065
0.48506
0.485063
0.485066
0.48507
0.485067
0.485065
0.485066
0.485062
0.485063
0.485067
0.48506
0.485065
0.485068
0.485068
0.485067
0.485072
0.485078
0.48508
0.485085
0.485087
0.485089
0.485095
0.4851
0.485103
0.485106
0.485108
0.485109
0.485114
0.485111
0.485111
0.485107
0.485107
0.485106
0.485103
0.485112
0.485113
0.485124
0.485116
0.485124
0.485123
0.485115
0.485121
0.48512
0.485113
0.485109
0.485113
0.485107
0.485107
0.485104
0.485105
0.485103
0.485105
0.485111
0.48511
0.485107
0.485113
0.485112
0.485119
0.485117
0.485118
0.485122
0.485129
0.485132
0.485135
0.485138
0.485142
0.485146
0.485148
0.485145
0.485149
0.485153
0.48516
0.485163
0.485154
0.485154
0.485157
0.485154
0.485156
0.485156
0.485157
0.485158
0.485155
0.485163
0.48517
0.485168
0.485168
0.485164
0.485168
0.485166
0.485166
0.485167
0.485168
0.485173
0.485171
0.48518
0.48517
0.485168
0.485162
0.485155
0.485158
0.485157
0.485149
0.485148
0.485152
0.485156
0.485157
0.485162
0.485162
0.485166
0.485171
0.485174
0.485182
0.485185
0.485186
0.485189
0.485194
0.485194
0.485196
0.485197
0.485204
0.485204
0.485209
0.485212
0.485209
0.485206
0.485207
0.485213
0.485203
0.485209
0.48521
0.485211
0.485213
0.485212
0.48521
0.485209
0.485207
0.48521
0.48521
0.485205
0.485204
0.485196
0.485196
0.485193
0.485196
0.485197
0.485188
0.485188
0.485194
0.485183
0.485185
0.485185
0.485182
0.485177
0.485172
0.485175
0.485174
0.485175
0.485173
0.485174
0.485176
0.485176
0.485182
0.485183
0.48518
0.485181
0.485177
0.485178
0.485179
0.485177
0.485181
0.48518
0.485183
0.485189
0.485194
0.485196
0.485198
0.485191
0.485195
0.485196
0.485199
0.485197
0.485195
0.485197
0.485198
0.4852
0.485201
0.4852
0.485208
0.485206
0.485208
0.485209
0.485204
0.485206
0.485204
0.485207
0.485203
0.485196
0.485191
0.485185
0.485185
0.485184
0.485186
0.485182
0.485188
0.485188
0.485188
0.485193
0.485193
0.485191
0.485195
0.485195
0.485195
0.485199
0.485199
0.485205
0.485207
0.485206
0.485208
0.485206
0.485205
0.485205
0.485208
0.485208
0.485215
0.485223
0.485227
0.48523
0.485234
0.48524
0.485237
0.485238
0.485241
0.485243
0.485242
0.485249
0.485256
0.485263
0.485259
0.48526
0.485261
0.485258
0.485259
0.485263
0.485265
0.485268
0.485264
0.485259
0.485258
0.485266
0.485271
0.485266
