0.0862069
0.0553191
0.037234
0.0337711
0.033675
0.0333745
0.0311159
0.0310734
0.0301508
0.0280942
0.0267922
0.0254296
0.0256242
0.0243294
0.0238521
0.0245714
0.0240437
0.0232068
0.0227503
0.0233463
0.0234632
0.0235935
0.0237781
0.0234242
0.0229696
0.0227001
0.0219992
0.0221971
0.0220426
0.0221429
0.0222686
0.0230352
0.0230415
0.025137
0.0249842
0.0250077
0.0244787
0.0239079
0.0238095
0.0238636
0.0233853
0.0235875
0.0239698
0.0237467
0.0235203
0.0238518
0.0236908
0.0238212
0.0242905
0.0245979
0.0246454
0.0246801
0.0243024
0.0241471
0.0240385
0.0241016
0.0245815
0.0250731
0.0251029
0.0252033
0.0254
0.0254187
0.025228
0.0250718
0.0250707
0.0251256
0.0252024
0.0250045
0.025
0.0251761
0.0252042
0.0252577
0.025106
0.0249289
0.0251032
0.0248244
0.0246154
0.0246716
0.0248772
0.0249451
0.0246703
0.0245663
0.0244495
0.0245223
0.0242379
0.0239882
0.0240245
0.0239159
0.0239623
0.0241457
0.0240761
0.0241031
0.0241427
0.0240195
0.024043
0.024244
0.0240853
0.0239896
0.0241571
0.0240471
0.0240476
0.0242158
0.024466
0.0243662
0.0241611
0.0241984
0.0240632
0.024205
0.0240921
0.0242283
0.0241395
0.0243735
0.0243737
0.0245745
0.0244912
0.0246011
0.0246181
0.0245098
0.0245008
0.0244504
0.0243281
0.0245832
0.0244363
0.024238
0.0243174
0.0242232
0.0242172
0.0241327
0.0243416
0.0244554
0.0242561
0.0242808
0.0242911
0.0243386
0.0244648
0.0243764
0.0242961
0.0241943
0.024046
0.0240775
0.0241019
0.0239614
0.0240224
0.0238501
0.0236929
0.0235377
0.0236276
0.0238759
0.0237147
0.0238116
0.0237465
0.0236661
0.0237474
0.023684
0.0235089
0.0237545
0.0236085
0.0236156
0.023638
0.023518
0.0234606
0.0233299
0.0233571
0.0234516
0.0233868
0.0235541
0.023423
0.0233846
0.0233323
0.0231869
0.0231327
0.0230532
0.0229937
0.0230227
0.0229843
0.0229927
0.0228835
0.0231256
0.0230842
0.0231052
0.0230075
0.0229656
0.0228515
0.0228781
0.0228423
0.0227511
0.022887
0.0227887
0.022804
0.0227039
0.0226621
0.0228987
0.0228579
0.0230009
0.0230331
0.023
0.0229641
0.0229149
0.0229484
0.0228269
0.0227879
0.0227405
0.0227624
0.0227783
0.0227287
0.0228702
0.0228062
0.0227487
0.0226335
0.0226467
0.022785
0.0227399
0.0227022
0.0226427
0.0227204
0.0228661
0.0227656
0.0227245
0.0227422
0.022703
0.0227138
0.0227273
0.0227539
0.0226768
0.0227035
0.0227167
0.0226932
0.022931
0.0230365
0.0230572
0.0233547
0.0232558
0.0231409
0.0231152
0.0230705
0.022986
0.0228894
0.0228987
0.0229204
0.0228415
0.0228189
0.0227347
0.022645
0.0226746
0.022598
0.0225086
0.0225192
0.0225345
0.0225413
0.0225528
0.0225761
0.0225897
0.0225583
0.022487
0.02244
0.0223639
0.0222883
0.0224037
0.0223171
0.0223393
0.0223086
0.0223821
0.0223436
0.0223531
0.0224099
0.0223201
0.02238
0.0223859
0.0224027
0.0224193
0.0223464
0.0222771
0.0222051
0.0222179
0.0221466
0.0221638
0.0221334
0.0221495
0.0222044
0.022308
0.0222389
0.0223095
0.0222927
0.0223173
0.0223078
0.0223053
0.0223132
0.0223343
0.0223025
0.0224156
0.0225168
0.0226748
0.0227744
0.0228263
0.0228311
0.0229198
0.0229354
0.0229738
0.0229789
0.022889
0.0228149
0.0227878
0.022845
0.022817
0.0230014
0.0230153
0.0230349
0.0230156
0.0230234
0.0230281
0.0230387
0.0230945
0.0231431
0.0231483
0.0231156
0.0230772
0.0231493
0.0231737
0.0233059
0.0232635
0.0232348
0.0231728
0.0231911
0.0231999
0.0232237
0.0231908
0.0233226
0.0233748
0.0234221
0.0233583
0.0233998
0.0233725
0.0234276
0.0234851
0.0234239
0.023396
0.0234166
0.0233497
0.0233557
0.0233074
0.0233442
0.0234339
0.0234441
0.0234901
0.0234225
0.0235065
0.0235698
0.0236565
0.0235892
0.0235565
0.0235321
0.0234825
0.0234967
0.0234387
0.02342
0.0235312
0.0235443
0.0234841
0.0235907
0.0236693
0.0235929
0.023557
0.0236488
0.0236544
0.023622
0.023589
0.0236291
0.0236263
0.0236729
0.0236443
0.0235928
0.0235638
0.0235265
0.0236123
0.0235884
0.023558
0.023567
0.0235051
0.023446
0.023529
0.0234975
0.0234727
0.0234135
0.0233553
0.0233958
0.0234131
0.0233474
0.0233567
0.0233247
0.0233648
0.0233385
0.0233635
0.0233656
0.0233364
0.0232745
0.0232076
0.0231899
0.0232024
0.0232767
0.0232835
0.0233557
0.0233103
0.0232803
0.0233214
0.0232946
0.0232725
0.0232611
0.0232671
0.023341
0.0233769
0.0233579
0.0234548
0.0234648
0.0234077
0.023417
0.0234893
0.0234445
0.0234278
0.0234009
0.0234079
0.0234053
0.0234152
0.0233929
0.0233598
0.02334
0.0232833
0.0233895
0.0233632
0.0233435
0.0233814
0.0234411
0.0234485
0.0234353
0.02341
0.0234437
0.0234503
0.0235233
0.023539
0.023523
0.0235372
0.0235787
0.0235785
0.0235354
0.0235139
0.0234911
0.023494
0.0235647
0.0235165
0.0235841
0.0235381
0.0234972
0.0234713
0.0234769
0.0235453
0.0235765
0.0236097
0.0235866
0.0235332
0.0235447
0.0236266
0.0236071
0.0235897
0.0235737
0.023581
0.0235378
0.0235805
0.0236102
0.0235956
0.0236272
0.02361
0.0236441
0.0236591
0.0236836
0.0237233
0.0237068
0.0236824
0.0236932
0.0237061
0.0237037
0.0237033
0.023712
0.0237175
0.0237157
0.0236662
0.0236756
0.0236576
0.023667
0.0236186
0.0235685
0.0235489
0.0235533
0.0235358
0.0235266
0.0235091
0.0234905
0.0235044
0.0235152
0.0235247
0.0235093
0.02351
0.0234928
0.023506
0.023511
0.0234958
0.0234744
0.023482
0.0234455
0.0234537
0.0235094
0.0234925
0.0234726
0.0235745
0.0235631
0.023548
0.0236269
0.0236544
0.0236621
0.0236103
0.0235672
0.0235237
0.0234737
0.0234519
0.023452
0.0234842
0.0234437
0.0234757
0.0234341
0.0234168
0.0234093
0.0233693
0.0233469
0.0233794
0.0233588
0.023365
0.0233653
0.0233934
0.0234001
0.0233514
0.0233552
0.0233832
0.0233904
0.0233782
0.023358
0.0233652
0.0233508
0.0233523
0.0233136
0.0233412
0.0233444
0.0233223
0.0232834
0.0232395
0.0232172
0.0231982
0.0231604
0.0231237
0.0230795
0.0230909
0.0230745
0.0231053
0.0230884
0.0230981
0.0230802
0.0230618
0.0230243
0.0230537
0.0230317
0.0230424
0.023044
0.0230433
0.0230236
0.0230241
0.0230785
0.0230464
0.0230705
0.023059
0.0230867
0.0230746
0.0231033
0.0230881
0.0230707
0.0230593
0.0230942
0.0230769
0.0230804
0.0230596
0.0230172
0.0230145
0.0229919
0.0230144
0.0229776
0.022943
0.0229446
0.0229499
0.0229852
0.0230319
0.0230649
0.0231523
0.0231162
0.023117
0.0231054
0.0230861
0.0230715
0.0231185
0.0231182
0.0231077
0.0230931
0.023099
0.0230875
0.0230816
0.0231103
0.0231354
0.0231179
0.0231231
0.0231037
0.0231341
0.0231414
0.0231466
0.0231137
0.023072
0.0230992
0.0230596
0.0230396
0.023029
0.0230784
0.0230555
0.0230905
0.023074
0.0230836
0.0230927
0.02306
0.0230589
0.0230226
0.0230274
0.0230169
0.0230607
0.0230473
0.0230137
0.0229995
0.0230052
0.023021
0.0230653
0.0230935
0.0230976
0.0230998
0.0231211
0.0230878
0.0230671
0.0230903
0.0231701
0.0231745
0.0232368
0.0232411
0.0232109
0.0231987
0.0231851
0.0231918
0.0232135
0.0232553
0.0232544
0.0232591
0.0232852
0.023288
0.0232837
0.0233065
0.0233162
0.0232799
0.0232618
0.0232803
0.0233047
0.023295
0.0232604
0.0233059
0.0233099
0.0233172
0.023345
0.0233284
0.0233101
0.0233155
0.0232817
0.0232812
0.023283
0.0232744
0.0232761
0.0232378
0.0231982
0.0233098
0.0233474
0.0233279
0.0233873
0.0233911
0.0233918
0.023381
0.0234226
0.0234503
0.023415
0.0233771
0.0233606
0.0234001
0.0233898
0.0233557
0.0233306
0.0233388
0.0233519
0.0233491
0.0233796
0.0233877
0.0233623
0.0233469
0.0233537
0.0233245
0.0232971
0.0232536
0.0232848
0.0232549
0.0232649
0.0232528
0.0232959
0.0233164
0.0234143
0.0234162
0.0234172
0.0234332
0.0234266
0.0234498
0.0234376
0.0234311
0.0234551
0.0234404
0.0234799
0.0234907
0.0234781
0.0234933
0.0235006
0.0234994
0.0235179
0.0235608
0.0235243
0.023493
0.0234956
0.0234819
0.0234816
0.0234701
0.0234582
0.0234272
0.0234506
0.0234247
0.0233981
0.0234003
0.0233795
0.0233834
0.0233693
0.0233917
0.0233674
0.0233574
0.0233466
0.0233719
0.023415
0.0234075
0.0234138
0.0234072
0.0234131
0.0234015
0.0233709
0.0233785
0.0233844
0.0234044
0.0234333
0.0234202
0.0234421
0.023429
0.0233958
0.0234386
0.0234796
0.0234485
0.0234751
0.0234596
0.0234482
0.0234348
0.0234195
0.023403
0.0233861
0.0234065
0.0234241
0.0234625
0.0234714
0.0235133
0.0235217
0.0235131
0.0235034
0.0235363
0.0235086
0.0235306
0.0235345
0.0235397
0.0235635
0.0235522
0.0235662
0.0235716
0.0235759
0.02355
0.0235353
0.0235241
0.0235146
0.0235166
0.0234897
0.0234925
0.0234815
0.023485
0.0234916
0.0234822
0.0235053
0.0235057
0.0235142
0.0234899
0.023495
0.0234818
0.0234849
0.0235085
0.0235131
0.0234961
0.0235
0.0235332
0.0235159
0.0234862
0.023474
0.0234958
0.023487
0.0234717
0.0234472
0.0234637
0.0234523
0.0234401
0.0234131
0.0234182
0.0234402
0.0234237
0.0234238
0.0234159
0.0234227
0.0234288
0.0234187
0.0234093
0.0233974
0.0234163
0.0234198
0.0234254
0.0234128
0.0234002
0.023377
0.0233678
0.0233567
0.0233599
0.0233507
0.0233273
0.0233766
0.0233797
0.0233629
0.0233368
0.0233717
0.0233921
0.023366
0.0233346
0.0233047
0.0232985
0.0232906
0.0232956
0.0232676
0.0232912
0.0232947
0.0232676
0.0232879
0.0232949
0.0232675
0.0232849
0.023264
0.0232728
0.0232795
0.0232859
0.0232618
0.0232692
0.0232791
0.0233012
0.0233036
0.023305
0.0232905
0.0232926
0.0232985
0.0233016
0.0232796
0.0233151
0.0233001
0.0233324
0.0233198
0.0233395
0.0233287
0.023332
0.0233472
0.0233339
0.0233193
0.0233224
0.0233078
0.023283
0.0232582
0.0232888
0.0232908
0.0233257
0.0233328
0.0233245
0.0233303
0.0233094
0.0232899
0.0232929
0.0232939
0.0232878
0.0232752
0.0233077
0.0233015
0.0233011
0.023292
0.0232943
0.0232838
0.0232615
0.0232535
0.023238
0.023238
0.0232427
0.0232297
0.0232317
0.0232221
0.0232091
0.0232145
0.0232315
0.0232635
0.0232438
0.0232601
0.0232661
0.0233277
0.023319
0.0233091
0.0233001
0.0233047
0.0233336
0.023323
0.0233124
0.0233038
0.0232972
0.0232693
0.0232565
0.0232892
0.0232816
0.0232888
0.0233008
0.0232767
0.0232682
0.0232721
0.0232776
0.0232685
0.0232743
0.0232778
0.0232484
0.023227
0.0232329
0.0232297
0.0232062
0.023184
0.0231754
0.0231736
0.0231894
0.0232093
0.0232401
0.023244
0.0232469
0.0232517
0.0232328
0.0232265
0.0232281
0.0232326
0.0232323
0.0232212
0.0232229
0.023214
0.0231944
0.0231724
0.0231513
0.0231848
0.0232139
0.0232152
0.0232209
0.0232395
0.0232448
0.0232351
0.023212
0.0232405
0.023268
0.0232886
0.0233185
0.0233203
0.0232985
0.0233165
0.0233087
0.0233285
0.0233225
0.0233085
0.0232979
0.0232803
0.0232842
0.023278
0.0232694
0.0232444
0.0232367
0.0232309
0.0232475
0.0232392
0.0232451
0.0232592
0.0232779
0.0232684
0.0232454
0.0232473
0.0232756
0.0232528
0.0232564
0.0232893
0.0233038
0.023322
0.0233374
0.02333
0.0233203
0.0233266
0.0232999
0.0233418
0.0233288
0.0233339
0.0233115
0.0233322
0.0233102
0.0233098
0.0233257
0.0233043
0.0233124
0.0233162
0.0233066
0.0233122
0.0233289
0.0233294
0.0233338
0.0233093
0.0233256
0.0233131
0.0233184
0.0233118
0.0233286
0.0233584
0.0233713
0.0233532
0.0233431
0.0233486
0.0233391
0.0233605
0.0233769
0.0233794
0.0233693
0.0233736
0.0233515
0.0233702
0.0233751
0.0233671
0.0233591
0.023359
0.0233469
0.0233861
0.0233915
0.023372
0.0233881
0.0234048
0.0234423
0.0234598
0.0234645
0.0234689
0.0234988
0.0235274
0.0235315
0.0235117
0.0235198
0.0234986
0.023478
0.0234701
0.0234774
0.0234671
0.0234461
0.0234376
0.0234654
0.0234567
0.0234491
0.0234654
0.0234806
0.0234725
0.0234748
0.0234638
0.0234514
0.0234402
0.0234604
0.0234885
0.023479
0.0234839
0.0234882
0.0234882
0.0235038
0.0235038
0.0235095
0.0235247
0.0235155
0.0235198
0.0235097
0.0234902
0.023469
0.0234616
0.0234542
0.0234292
0.0234078
0.023396
0.0234231
0.0234035
0.0234081
0.0234099
0.0233962
0.0234198
0.0234227
0.0234013
0.0234291
0.0234344
0.023439
0.0234652
0.0234661
0.023469
0.0234614
0.0234623
0.023475
0.02348
0.0234839
0.0234856
0.0234775
0.0234555
0.023437
0.0234156
0.0234274
0.0234066
0.0234592
0.023472
0.0234543
0.023459
0.0234659
0.0234806
0.0234731
0.0234748
0.0234676
0.023469
0.0234643
0.0234999
0.0234754
0.0234793
0.0234839
0.0235028
0.023516
0.0235329
0.0235255
0.0235068
0.0235667
0.0235918
0.0235753
0.0235561
0.0235604
0.0235846
0.0235878
0.0235736
0.0235879
0.0235789
0.0235621
0.0235512
0.0235417
0.0235333
0.0235214
0.0235043
0.0234981
0.0235029
0.0234948
0.023487
0.0234766
0.0234653
0.0234657
0.0234574
0.0234839
0.0234646
0.0234702
0.0235084
0.0235012
0.0235036
0.0235718
0.0235635
0.0235432
0.02355
0.0235428
0.0235234
0.0235045
0.0235281
0.0235331
0.0235142
0.0235153
0.0235102
0.023516
0.023506
0.0235078
0.0235122
0.0235141
0.0235128
0.0235375
0.0235185
0.0235127
0.0234941
0.0234915
0.0235036
0.0234845
0.023479
0.0234727
0.023469
0.0234563
0.0234571
0.0234501
0.0234345
0.0234288
0.0234084
0.023389
0.0233795
0.0233825
0.0233748
0.023386
0.0234068
0.0234289
0.023424
0.0234062
0.0234227
0.0234364
0.0234383
0.0234296
0.0234202
0.0234233
0.0234254
0.0234265
0.0234059
0.0233913
0.0233957
0.023409
0.0234027
0.0234078
0.0234199
0.0234166
0.0234227
0.0234362
0.0234291
0.023424
0.0234152
0.0234089
0.0234128
0.0233939
0.0233861
0.0233865
0.0233699
0.0233821
0.0233837
0.0233755
0.0233587
0.0233525
0.0233328
0.0233658
0.0233777
0.0233918
0.0233861
0.0233774
0.0233773
0.0233906
0.0233908
0.0233938
0.023375
0.023382
0.0233753
0.02339
0.0234021
0.0233944
0.023396
0.0233795
0.0233632
0.0233795
0.023372
0.0233622
0.0233626
0.0233529
0.0233436
0.0233395
0.0233435
0.0233478
0.0233525
0.0233575
0.0233895
0.0233918
0.0233929
0.0233789
0.0233824
0.023396
0.0234058
0.0234315
0.0234157
0.0234067
0.0234028
0.0233842
0.0233869
0.0233799
0.0233813
0.023366
0.0233671
0.0233781
0.0233804
0.0233827
0.0233887
0.0233832
0.0234161
0.023407
0.0233968
0.0233783
0.0233829
0.0233751
0.0233778
0.0233791
0.0233751
0.0233811
0.0233756
0.0233884
0.0233789
0.0234106
0.0234233
0.0234143
0.0234135
0.0234043
0.023396
0.0234127
0.0234137
0.023409
0.0234026
0.0234152
0.0234181
0.0234127
0.0233948
0.0233766
0.0233666
0.0233502
0.0233545
0.0233586
0.0233428
0.0233264
0.0233473
0.023342
0.0233357
0.0233389
0.0233214
0.0233133
0.0233073
0.0233027
0.0232858
0.0232775
0.0232823
0.0232693
0.0232601
0.0232456
0.0232408
0.0232367
0.0232167
0.0232288
0.0232513
0.0232821
0.023295
0.0233154
0.0233271
0.0233386
0.0233532
0.0233737
0.0233657
0.0234069
0.0234296
0.0234314
0.0234345
0.0234488
0.0234657
0.0234604
0.0234627
0.0234639
0.0234588
0.0234636
0.0234538
0.0234644
0.0234653
0.0234667
0.0234969
0.0234983
0.023491
0.0234853
0.0234782
0.0235103
0.0235044
0.0234982
0.0235089
0.0234921
0.0234864
0.0234762
0.023507
0.0234903
0.0234731
0.023454
0.0234644
0.0234669
0.0234478
0.0234589
0.0234409
0.0234357
0.023449
0.0234425
0.0234446
0.0234755
0.0234782
0.0234702
0.0234823
0.0234751
0.023485
0.0234696
0.0234712
0.0235078
0.0235185
0.0235405
0.0235514
0.023564
0.0235655
0.023556
0.0235419
0.0235281
0.0235119
0.023507
0.0234902
0.0234908
0.0234928
0.0235024
0.0235099
0.0235024
0.0234945
0.0234971
0.0234773
0.02348
0.0234967
0.0234801
0.0234827
0.023474
0.0234608
0.0234527
0.0234473
0.023442
0.0234569
0.023452
0.0234508
0.0234622
0.0234757
0.0234602
0.0234533
0.023447
0.0234409
0.0234268
0.0234288
0.0234141
0.0234269
0.023438
0.0234469
0.0234405
0.0234431
0.0234295
0.023414
0.023416
0.0234066
0.0233924
0.0234045
0.0234145
0.0234343
0.0234317
0.0234165
0.0234017
0.023388
0.0233827
0.0233862
0.0234032
0.023396
0.0234168
0.0234025
0.023407
0.0234098
0.0234395
0.0234348
0.0234397
0.0234517
0.023463
0.0234556
0.0234484
0.0234466
0.0234475
0.0234401
0.0234335
0.0234357
0.0234401
0.0234528
0.0234453
0.0234554
0.0234588
0.0234686
0.0234643
0.0234521
0.0234725
0.0234666
0.0234889
0.0234925
0.0234788
0.0234897
0.0234859
0.0234755
0.0234921
0.0234739
0.0234664
0.0234595
0.0234426
0.0234446
0.0234579
0.0234541
0.0234845
0.0235033
0.0235157
0.0235091
0.0235109
0.0235067
0.0235078
0.0235179
0.0235014
0.0235105
0.0235218
0.0235229
0.0235305
0.0235138
0.0235173
0.0235129
0.023524
0.0235564
0.0235658
0.023554
0.0235468
0.0235472
0.0235422
0.023527
0.023521
0.0235204
0.0235148
0.0235271
0.0235301
0.0235246
0.0235336
0.02352
0.0235143
0.0235157
0.0235173
0.0235102
0.0235033
0.0234966
0.0235002
0.0235032
0.0234981
0.0234837
0.0234839
0.0234697
0.0234791
0.0234742
0.0235029
0.0235063
0.0235176
0.0235122
0.0235093
0.0235205
0.0235153
0.0235269
0.0235201
0.0235248
0.0235278
0.0235308
0.0235257
0.0235383
0.0235229
0.0235391
0.0235329
0.0235352
0.023529
0.0235228
0.02351
0.0235026
0.0235071
0.0235175
0.0235607
0.023586
0.0235891
0.0235736
0.0235671
0.0235603
0.0235654
0.0235666
0.0235675
0.0235619
0.0235478
0.0235642
0.0235668
0.0235513
0.0235544
0.0235623
0.0235668
0.0235539
0.0235506
0.0235522
0.0235498
0.0235433
0.0235358
0.023546
0.0235401
0.023533
0.0235179
0.0235049
0.0235061
0.0234998
0.0235178
0.023544
0.0235398
0.0235601
0.0235595
0.0235616
0.0235629
0.0235576
0.0235626
0.0235509
0.0235417
0.0235271
0.0235353
0.0235325
0.0235307
0.0235169
0.0235044
0.0235007
0.0235164
0.02351
0.0235055
0.0235007
0.0234833
0.0234711
0.0234736
0.0234862
0.0235043
0.0235158
0.0235213
0.0235054
0.0234992
0.023494
0.0235021
0.0235192
0.0235123
0.023513
0.0235073
0.0234992
0.0234918
0.0234939
0.0234939
0.0234796
0.0234825
0.0234779
0.0234912
0.0234773
0.0234874
0.0234798
0.0234754
0.0234764
0.0234894
0.0234815
0.0234893
0.0234836
0.023469
0.0234704
0.02347
0.0234649
0.0234582
0.0234475
0.0234502
0.0234821
0.023492
0.0235018
0.0235049
0.023507
0.0235162
0.0235074
0.0235107
0.0235205
0.0235158
0.0235037
0.0235364
0.0235699
0.0235659
0.0235686
0.0235695
0.0235945
0.0235878
0.0235974
0.0235917
0.023585
0.0235862
0.0236022
0.023616
0.0236265
0.0236136
0.0236087
0.0236045
0.0236074
0.023593
0.0235856
0.0235968
0.0235856
0.0236037
0.0236134
0.0236094
0.0236343
0.0236285
0.023631
0.0236247
0.0236443
0.0236543
0.0236403
0.0236404
0.023643
0.0236529
0.0236464
0.0236318
0.0236477
0.0236529
0.0236402
0.0236371
0.023625
0.0236214
0.0236115
0.0236037
0.0236066
0.0235914
0.0235937
0.0235958
0.0235844
0.0235729
0.0235649
0.0235601
0.0235706
0.0235674
0.0235619
0.0235621
0.0235651
0.0235672
0.0235715
0.0235588
0.0235579
0.0235649
0.0235667
0.0235665
0.0235661
0.0235538
0.0235707
0.0235952
0.0235892
0.0235765
0.0235649
0.0235674
0.0235842
0.0235879
0.0235879
0.0235821
0.0235903
0.0235756
0.0235761
0.023578
0.0235771
0.0235709
0.0235655
0.0235735
0.0235678
0.0235758
0.0235693
0.0235631
0.0235646
0.0235754
0.02357
0.023586
0.0235861
0.0235907
0.0235997
0.0236232
0.023627
0.0236284
0.0236301
0.0236323
0.0236276
0.0236222
0.0236101
0.0236012
0.0235886
0.0236058
0.023601
0.0235944
0.0235841
0.0235844
0.0235713
0.0236098
0.0236242
0.0236187
0.0236495
0.0236528
0.0236502
0.023645
0.0236688
0.0236631
0.0236579
0.023659
0.023647
0.0236417
0.0236362
0.0236244
0.0236148
0.0236144
0.0236193
0.0236203
0.0236143
0.0236386
0.0236234
0.0236279
0.023641
0.0236425
0.0236301
0.0236302
0.0236192
0.0236332
0.023635
0.0236567
0.0236537
0.0236621
0.0236856
0.023678
0.0236715
0.0236704
0.0236623
0.023649
0.0236479
0.0236497
0.0236488
0.0236355
0.0236445
0.0236375
0.0236261
0.0236281
0.0236366
0.0236372
0.0236397
0.0236391
0.0236317
0.0236239
0.0236259
0.023619
0.023605
0.0236179
0.023628
0.0236445
0.0236704
0.0236662
0.0236542
0.0236569
0.023685
0.0236857
0.023681
0.023683
0.0236939
0.0237022
0.0236977
0.0237076
0.0237212
0.0237167
0.0237191
0.0237359
0.0237226
0.0237233
0.0237323
0.0237269
0.0237408
0.0237344
0.023721
0.0237232
0.0237381
0.0237457
0.023741
0.0237501
0.0237527
0.0237458
0.0237418
0.0237509
0.0237451
0.0237491
0.0237443
0.0237388
0.0237485
0.0237506
0.0237508
0.0237543
0.0237487
0.0237417
0.0237436
0.0237373
0.023742
0.0237442
0.0237494
0.0237434
0.0237436
0.0237453
0.0237583
0.0237656
0.0237613
0.0237567
0.023759
0.0237505
0.0237462
0.0237481
0.0237496
0.0237564
0.0237553
0.0237409
0.0237636
0.0237705
0.0237583
0.0237546
0.0237571
0.0237466
0.0237551
0.0237549
0.0237774
0.0237716
0.0237738
0.0237838
0.0237784
0.0237742
0.0237672
0.0237822
0.0237706
0.0237672
0.0237741
0.0237689
0.0237694
0.0237603
0.0237667
0.0237555
0.0237581
0.0237609
0.023769
0.0237577
0.023752
0.0237399
0.0237285
0.023737
0.0237304
0.0237259
0.0237355
0.0237365
0.0237519
0.0237694
0.0237647
0.0237609
0.0237649
0.0237535
0.0237477
0.0237558
0.0237567
0.0237514
0.0237393
0.0237305
0.0237309
0.0237444
0.0237321
0.0237247
0.0237272
0.0237226
0.023717
0.0237183
0.0237155
0.0237312
0.0237188
0.023719
0.0237153
0.0237095
0.0237097
0.0237104
0.0237267
0.0237153
0.0237183
0.0237249
0.0237154
0.0237126
0.0237365
0.0237448
0.0237381
0.0237275
0.0237164
0.0237062
0.023701
0.0236941
0.0236887
0.0236886
0.0236849
0.0236821
0.0236845
0.0236808
0.0236888
0.0236839
0.0236851
0.0236738
0.0236619
0.0236612
0.0236868
0.0236823
0.0236957
0.0236977
0.0236851
0.0236792
0.0236829
0.0236698
0.0236835
0.0236803
0.0236693
0.0236725
0.0236696
0.0236633
0.0236583
0.0236456
0.023651
0.0236412
0.0236288
0.0236231
0.023619
0.0236057
0.0236
0.0236099
0.0236046
0.023607
0.0236014
0.0235912
0.0235862
0.0235945
0.0236011
0.0235949
0.0236017
0.0236139
0.0236031
0.023596
0.0235972
0.0235923
0.0236073
0.0236159
0.0236053
0.023593
0.0236016
0.0235973
0.0235987
0.0235984
0.0235871
0.023576
0.0235759
0.0235719
0.0235593
0.0235591
0.0235583
0.0235583
0.0235456
0.0235334
0.0235475
0.0235484
0.023543
0.0235387
0.0235396
0.0235355
0.0235499
0.0235537
0.0235529
0.0235428
0.0235455
0.0235478
0.0235415
0.0235368
0.0235255
0.0235156
0.023525
0.0235393
0.0235419
0.0235428
0.0235486
0.0235451
0.0235526
0.0235593
0.0235609
0.023551
0.0235716
0.0235607
0.0235633
0.0235536
0.0235555
0.0235501
0.0235374
0.0235558
0.0235642
0.0235544
0.0235623
0.0235563
0.0235517
0.0235532
0.0235422
0.023533
0.0235279
0.0235214
0.0235224
0.0235184
0.0235266
0.0235345
0.023525
0.0235188
0.0235137
0.0235032
0.0235106
0.0235073
0.0235151
0.0235189
0.0235203
0.0235226
0.0235242
0.0235373
0.0235315
0.0235209
0.0235174
0.0235253
0.0235217
0.0235229
0.0235117
0.0235004
0.0234942
0.0234999
0.0235028
0.0235099
0.0235
0.0234958
0.0234836
0.0234732
0.0234673
0.0234717
0.023468
0.0234561
0.0234564
0.0234585
0.0234655
0.0234659
0.0234552
0.0234502
0.0234573
0.0234639
0.0234707
0.0234718
0.0234691
0.0234697
0.0234632
0.0234712
0.0234843
0.0234774
0.0234733
0.0235115
0.0235133
0.0235158
0.0235129
0.0235268
0.0235284
0.0235174
0.0235247
0.0235259
0.0235306
0.0235237
0.0235188
0.023525
0.0235431
0.0235452
0.0235411
0.023543
0.023545
0.0235412
0.0235301
0.0235246
0.0235336
0.023536
0.0235363
0.0235383
0.0235348
0.0235355
0.0235263
0.0235288
0.0235246
0.0235388
0.023539
0.0235278
0.0235415
0.0235487
0.0235438
0.023551
0.0235594
0.0235477
0.0235502
0.0235497
0.0235368
0.0235301
0.023532
0.0235337
0.0235298
0.0235245
0.0235671
0.0235748
0.0235777
0.0235801
0.0235943
0.0235896
0.0236027
0.0236093
0.0236183
0.0236215
0.0236107
0.0236113
0.0236186
0.0236107
0.0236061
0.0236018
0.0236029
0.0236047
0.0235944
0.0236087
0.0235984
0.0235956
0.0236048
0.023607
0.0236312
0.0236382
0.0236272
0.0236218
0.0236111
0.023611
0.0235996
0.0236011
0.0235951
0.0236161
0.0236053
0.0236199
0.023615
0.0236031
0.0236152
0.0236299
0.0236273
0.0236227
0.0236238
0.0236305
0.0236436
0.0236323
0.0236414
0.0236288
0.023623
0.0236356
0.0236261
0.0236283
0.023637
0.0236362
0.0236329
0.0236337
0.0236351
0.0236401
0.0236413
0.0236424
0.0236444
0.0236476
0.0236426
0.0236444
0.0236398
0.0236425
0.0236506
0.0236529
0.0236427
0.0236325
0.0236307
0.0236376
0.0236271
0.0236233
0.0236348
0.0236476
0.0236439
0.0236461
0.023641
0.0236374
0.0236271
0.0236156
0.0236112
0.0236065
0.0236213
0.0236132
0.023621
0.0236305
0.023626
0.0236337
0.0236284
0.0236355
0.023632
0.023644
0.0236339
0.0236301
0.0236345
0.023631
0.0236265
0.0236202
0.0236218
0.023616
0.0236118
0.0236145
0.0236029
0.0236024
0.0236111
0.0236139
0.0236023
0.0235933
0.0235905
0.0235925
0.0235945
0.023601
0.0235908
0.0235897
0.0235907
0.0235984
0.0236055
0.0235957
0.0235926
0.0235934
0.0235992
0.0235947
0.0236078
0.0236152
0.0236242
0.0236146
0.0236225
0.0236249
0.0236137
0.0236089
0.0236059
0.0236006
0.0236019
0.0235989
0.0236007
0.0236078
0.0236122
0.0236087
0.0236155
0.0236161
0.0236182
0.0236211
0.0236224
0.0236246
0.0236228
0.0236225
0.023648
0.0236617
0.023663
0.0236539
0.0236555
0.0236507
0.0236525
0.0236538
0.0236508
0.0236548
0.0236507
0.0236515
0.0236594
0.0236556
0.0236557
0.0236509
0.0236458
0.0236376
0.0236337
0.0236349
0.0236403
0.0236354
0.0236328
0.0236272
0.0236179
0.0236354
0.0236368
0.0236492
0.0236605
0.0236561
0.0236519
0.023648
0.0236425
0.0236401
0.0236412
0.0236355
0.0236344
0.0236326
0.0236301
0.0236361
0.0236424
0.0236401
0.0236523
0.0236479
0.0236486
0.0236433
0.0236343
0.0236517
0.0236538
0.0236662
0.0236775
0.0236737
0.0236697
0.0236929
0.0236895
0.0236918
0.0236991
0.0236897
0.023691
0.023681
0.0236777
0.0236901
0.023708
0.0237027
0.0237065
0.0237178
0.0237142
0.0237324
0.0237206
0.0237177
0.023714
0.023711
0.0237175
0.0237192
0.023727
0.0237281
0.0237251
0.0237251
0.0237328
0.0237333
0.0237241
0.0237206
0.0237376
0.023726
0.0237147
0.0237159
0.0237079
0.0237147
0.0237226
0.0237342
0.0237322
0.0237439
0.0237356
0.0237479
0.0237457
0.0237472
0.0237539
0.0237488
0.0237555
0.0237616
0.0237571
0.0237543
0.0237506
0.0237482
0.023755
0.0237501
0.0237473
0.0237432
0.0237548
0.0237577
0.0237605
0.0237676
0.0237561
0.0237575
0.0237543
0.0237481
0.023761
0.0237784
0.0237688
0.0237607
0.0237563
0.0237651
0.0237595
0.0237674
0.0237669
0.0237695
0.0237666
0.0237897
0.0237809
0.0237822
0.0237883
0.0237826
0.0237837
0.0237899
0.0237973
0.0237889
0.0237808
0.0237819
0.0237823
0.0237836
0.0237813
0.0237872
0.023799
0.0237953
0.0237915
0.0237881
0.0238013
0.0238034
0.0238057
0.0237999
0.023797
0.0237997
0.0237909
0.0237976
0.0237946
0.0237906
0.0237884
0.0237907
0.02379
0.0237914
0.0238081
0.0238109
0.0238066
0.0237969
0.0238041
0.023806
0.0238022
0.0237929
0.0237878
0.0237819
0.023788
0.0237901
0.0237907
0.0237863
0.0237775
0.0237725
0.0237642
0.0237609
0.0237676
0.0237735
0.0237642
0.0237649
0.0237715
0.0237728
0.0237677
0.0237741
0.0237697
0.0237763
0.0237876
0.0237846
0.0237754
0.0237673
0.0237633
0.0237655
0.0237614
0.0237572
0.023762
0.0237642
0.0237592
0.0237597
0.0237558
0.0237682
0.0237647
0.0237563
0.0237533
0.0237637
0.0237589
0.0237714
0.0237783
0.0237795
0.0237912
0.0237939
0.0238119
0.0238088
0.0238088
0.0238016
0.0237968
0.0237974
0.0237924
0.0237878
0.0237967
0.0237936
0.02379
0.0237967
0.023798
0.0237987
0.0238053
0.023801
0.0237921
0.0237895
0.0237957
0.0238067
0.0238089
0.0238005
0.0237891
0.0237954
0.0237968
0.0237985
0.023809
0.0238149
0.0238137
0.0238347
0.0238405
0.0238411
0.0238475
0.0238738
0.0238654
0.0238665
0.0238686
0.0238606
0.023856
0.0238553
0.0238576
0.0238589
0.0238546
0.0238512
0.0238574
0.0238484
0.0238449
0.0238461
0.0238554
0.0238499
0.023846
0.0238409
0.0238331
0.0238234
0.0238316
0.0238222
0.0238289
0.0238352
0.0238262
0.0238221
0.02382
0.0238226
0.0238247
0.0238388
0.0238399
0.0238356
0.0238321
0.0238274
0.023823
0.0238194
0.0238159
0.0238197
0.0238208
0.0238118
0.0238144
0.0238066
0.0238064
0.0237973
0.0238086
0.0238194
0.023819
0.0238117
0.0238122
0.0238095
0.0238056
0.0238057
0.0238175
0.0238343
0.0238457
0.0238516
0.0238519
0.0238445
0.0238508
0.0238469
0.0238417
0.0238378
0.0238332
0.0238329
0.0238393
0.0238461
0.0238512
0.0238476
0.0238449
0.0238504
0.0238519
0.0238485
0.0238394
0.0238438
0.0238356
0.0238298
0.023836
0.0238356
0.023831
0.0238359
0.0238334
0.0238294
0.0238257
0.0238228
0.0238231
0.023821
0.0238193
0.023812
0.0238078
0.0238233
0.0238191
0.0238148
0.0238158
0.0238199
0.0238259
0.0238218
0.023818
0.0238136
0.0238135
0.0238096
0.0238103
0.0237999
0.0237954
0.0237913
0.0238057
0.0238106
0.0238128
0.0238102
0.0238018
0.0238085
0.0238099
0.0238163
0.0238078
0.0238048
0.0237994
0.023791
0.0237912
0.0237977
0.023801
0.0238047
0.0238061
0.0238028
0.0237995
0.0238009
0.0237945
0.0237904
0.0237913
0.0237827
0.0237937
0.0237901
0.0237914
0.023792
0.023792
0.0237921
0.0237977
0.0237987
0.0238058
0.0238116
0.0238035
0.0238025
0.0238027
0.0237992
0.0238002
0.0238048
0.0237952
0.0237998
0.0238003
0.0237917
0.0237843
0.0237762
0.0237777
0.0237779
0.023785
0.0237959
0.023788
0.023792
0.0237879
0.023784
0.0237802
0.0237855
0.0237868
0.0237876
0.0237844
0.0237851
0.0237862
0.023782
0.0237835
0.0237843
0.0237858
0.0237921
0.0237916
0.0238015
0.0238033
0.0238155
0.0238158
0.0238099
0.0238063
0.0238086
0.023801
0.0238018
0.0237947
0.0237915
0.0237978
0.0237943
0.0238043
0.0238042
0.0238016
0.0238133
0.0238132
0.0238185
0.0238202
0.023818
0.0238104
0.023816
0.0238157
0.0238103
0.023824
0.0238164
0.0238136
0.0238146
0.0238201
0.023827
0.0238342
0.0238265
0.0238234
0.0238298
0.0238231
0.0238238
0.0238337
0.0238303
0.0238228
0.023816
0.0238126
0.0238096
0.0238107
0.0238136
0.0238193
0.0238155
0.0238122
0.0238084
0.0238045
0.0238005
0.0237915
0.0237924
0.0237984
0.0237991
0.0238092
0.0238106
0.023808
0.0238095
0.0238069
0.023804
0.0238044
0.0237957
0.0238102
0.023808
0.0238085
0.0238185
0.0238212
0.0238186
0.0238208
0.0238296
0.0238205
0.0238118
0.0238176
0.023814
0.02381
0.0238068
0.0238031
0.0238083
0.02381
0.0238021
0.0238041
0.0237997
0.0238015
0.0238073
0.023809
0.0238093
0.0238065
0.0238077
0.0238032
0.0237952
0.0237918
0.0237976
0.0237888
0.0237958
0.023787
0.0237843
0.0237802
0.0237911
0.0237969
0.0237884
0.0237928
0.0237937
0.023798
0.0237955
0.0237916
0.0237936
0.0237912
0.0237913
0.0237924
0.0237897
0.0237916
0.0237914
0.0237954
0.0237915
0.0237967
0.0237995
0.0238044
0.0238013
0.0238103
0.0238156
0.0238133
0.0238193
0.0238159
0.0238274
0.023828
0.023838
0.0238358
0.023833
0.0238325
0.0238284
0.0238249
0.0238222
0.0238238
0.0238164
0.0238091
0.0238251
0.0238224
0.0238185
0.0238153
0.023821
0.0238252
0.0238273
0.023836
0.0238288
0.0238296
0.0238254
0.0238266
0.0238236
0.0238246
0.0238247
0.0238354
0.0238371
0.0238302
0.0238261
0.0238314
0.0238324
0.0238338
0.0238311
0.0238403
0.0238319
0.0238382
0.0238389
0.0238491
0.0238414
0.0238432
0.0238426
0.0238494
0.0238414
0.0238372
0.0238334
0.0238296
0.0238279
0.0238368
0.0238471
0.0238397
0.023858
0.0238539
0.0238558
0.0238614
0.0238617
0.0238586
0.0238553
0.023857
0.0238591
0.0238681
0.0238688
0.0238656
0.023871
0.0238635
0.0238619
0.0238671
0.0238624
0.0238598
0.0238592
0.0238642
0.0238575
0.0238579
0.0238562
0.0238536
0.0238556
0.0238526
0.0238482
0.023839
0.0238317
0.0238359
0.0238366
0.0238417
0.023848
0.0238464
0.0238428
0.0238397
0.0238422
0.0238387
0.023843
0.0238394
0.0238363
0.0238293
0.023835
0.0238398
0.0238461
0.0238472
0.0238444
0.0238416
0.0238419
0.0238437
0.0238439
0.0238461
0.0238433
0.0238449
0.0238512
0.0238523
0.023845
0.0238381
0.0238394
0.0238449
0.0238512
0.023843
0.0238448
0.0238581
0.0238629
0.0238598
0.0238661
0.0238669
0.0238681
0.0238651
0.0238742
0.0238749
0.0238696
0.0238762
0.0238723
0.0238726
0.023869
0.0238653
0.023866
0.0238642
0.0238557
0.0238533
0.0238632
0.0238716
0.0238686
0.0238654
0.0238707
0.0238802
0.0238852
0.02389
0.0238867
0.0238868
0.0238834
0.0238846
0.0238816
0.0238799
0.0238719
0.0238759
0.0238768
0.0238827
0.0238834
0.0238892
0.0238809
0.0238776
0.0238791
0.0238724
0.023874
0.0238702
0.0238726
0.0238733
0.0238699
0.0238908
0.023892
0.0238975
0.023894
0.0238992
0.0239094
0.0239073
0.023917
0.023917
0.0239089
0.023909
0.0239097
0.0239156
0.0239127
0.0239183
0.0239235
0.0239201
0.0239217
0.0239228
0.0239195
0.0239247
0.0239256
0.0239175
0.0239139
0.0239096
0.0239072
0.0239034
0.0239031
0.0239036
0.0239041
0.0239012
0.0239018
0.023912
0.0239119
0.0239095
0.023907
0.0239
0.0238967
0.0238984
0.0238993
0.0239171
0.0239104
0.0239162
0.0239215
0.0239263
0.0239309
0.023937
0.0239288
0.0239261
0.0239264
0.023924
0.023917
0.0239094
0.0239137
0.0239135
0.0239231
0.0239203
0.0239334
0.0239353
0.0239359
0.0239329
0.0239346
0.0239326
0.0239411
0.0239329
0.0239367
0.0239283
0.0239294
0.0239262
0.0239285
0.0239374
0.0239339
0.0239314
0.0239288
0.0239389
0.0239327
0.0239399
0.0239382
0.0239319
0.0239318
0.0239448
0.0239514
0.0239455
0.0239458
0.0239426
0.0239517
0.0239476
0.0239594
0.0239557
0.0239616
0.0239589
0.0239697
0.0239706
0.0239684
0.0239649
0.0239703
0.0239667
0.0239684
0.0239602
0.0239609
0.0239618
0.0239707
0.0239666
0.0239633
0.0239601
0.0239606
0.0239578
0.02395
0.0239523
0.0239505
0.0239444
0.0239402
0.0239423
0.0239347
0.0239355
0.0239338
0.0239308
0.0239352
0.0239363
0.0239367
0.0239278
0.0239288
0.0239339
0.0239361
0.0239365
0.023934
0.0239314
0.0239335
0.023934
0.0239349
0.0239407
0.0239364
0.0239294
0.0239268
0.0239276
0.0239361
0.0239316
0.0239324
0.023939
0.0239437
0.0239482
0.023955
0.0239565
0.0239623
0.0239673
0.0239691
0.0239621
0.0239665
0.0239653
0.0239619
0.0239629
0.0239638
0.0239727
0.0239786
0.0239798
0.0239763
0.02398
0.0239735
0.0239661
0.0239661
0.023971
0.0239724
0.023965
0.0239583
0.0239594
0.0239566
0.0239568
0.0239499
0.0239592
0.0239528
0.0239455
0.0239411
0.0239476
0.0239484
0.0239568
0.0239535
0.0239473
0.0239494
0.0239502
0.0239462
0.0239471
0.0239417
0.0239397
0.0239357
0.0239467
0.0239556
0.0239544
0.0239514
0.0239455
0.0239427
0.0239437
0.0239346
0.0239279
0.0239384
0.0239367
0.0239336
0.023934
0.0239302
0.0239391
0.0239318
0.0239241
0.0239176
0.0239149
0.023907
0.0239014
0.0239035
0.0239045
0.0239215
0.0239256
0.0239244
0.0239168
0.0239136
0.0239103
0.0239031
0.0239036
0.023901
0.0239008
0.0238967
0.0238941
0.0238948
0.0239046
0.0239053
0.023899
0.0238922
0.0238892
0.0238858
0.0238822
0.0238836
0.0238806
0.0238774
0.0238821
0.0238864
0.0238862
0.0238872
0.0238977
0.0239023
0.0238991
0.0238973
0.0238944
0.0238861
0.023884
0.0238812
0.0238917
0.0238834
0.0238811
0.0238945
0.0238956
0.0239008
0.0239022
0.0239217
0.0239234
0.0239288
0.0239301
0.0239275
0.0239281
0.0239255
0.0239226
0.0239268
0.0239283
0.0239209
0.0239207
0.0239202
0.0239205
0.023921
0.0239182
0.0239124
0.02391
0.0239069
0.0238978
0.0238949
0.0238986
0.023904
0.0238964
0.0239011
0.0239062
0.023907
0.0239031
0.0239043
0.0239008
0.0239074
0.0239007
0.0239104
0.0239224
0.0239309
0.0239241
0.0239165
0.0239119
0.0239209
0.0239141
0.0239149
0.0239112
0.0239168
0.0239175
0.0239091
0.0239109
0.0239197
0.0239167
0.0239165
0.0239207
0.0239172
0.0239093
0.0239141
0.0239097
0.0239061
0.0239032
0.0239054
0.0239139
0.0239151
0.0239165
0.0239132
0.0239172
0.0239144
0.0239296
0.0239258
0.0239353
0.0239337
0.0239307
0.0239281
0.0239262
0.0239275
0.0239361
0.0239352
0.0239349
0.0239282
0.0239263
0.0239341
0.0239357
0.0239393
0.0239395
0.0239488
0.0239494
0.0239479
0.0239451
0.02395
0.0239561
0.0239534
0.0239468
0.0239431
0.0239464
0.0239557
0.0239483
0.0239452
0.0239492
0.02395
0.0239444
0.0239559
0.0239524
0.0239483
0.0239444
0.0239457
0.0239477
0.0239415
0.0239344
0.0239354
0.0239283
0.0239326
0.0239373
0.0239342
0.0239345
0.0239299
0.0239339
0.0239265
0.0239234
0.0239212
0.0239174
0.0239113
0.0239032
0.0239011
0.0238991
0.0238943
0.023896
0.0238956
0.0238996
0.0239043
0.0239141
0.0239118
0.023909
0.0239173
0.0239149
0.0239081
0.0239083
0.023902
0.023906
0.0239024
0.0239093
0.0239089
0.023909
0.0239052
0.0239043
0.0239003
0.0239075
0.0239044
0.0239137
0.0239064
0.0239036
0.0239124
0.0239254
0.0239302
0.0239268
0.0239236
0.0239187
0.0239141
0.0239096
0.0239145
0.0239167
0.023921
0.0239186
0.0239125
0.0239079
0.0239036
0.0239098
0.0239107
0.023908
0.0239078
0.0239074
0.023907
0.0239106
0.0239131
0.0239136
0.0239147
0.023912
0.023905
0.0239178
0.0239169
0.0239208
0.0239148
0.0239163
0.0239211
0.0239218
0.023922
0.0239229
0.0239357
0.0239334
0.0239371
0.0239379
0.0239308
0.0239354
0.0239354
0.0239364
0.0239454
0.0239455
0.0239393
0.0239427
0.0239402
0.0239443
0.0239527
0.0239534
0.0239514
0.0239475
0.0239551
0.0239608
0.0239621
0.0239589
0.0239644
0.0239691
0.0239648
0.023967
0.0239712
0.0239693
0.0239701
0.0239749
0.0239714
0.0239686
0.0239737
0.0239746
0.0239685
0.0239616
0.0239549
0.0239507
0.0239443
0.0239457
0.023947
0.0239556
0.023952
0.0239483
0.0239448
0.0239479
0.0239452
0.0239427
0.0239391
0.0239445
0.0239535
0.0239622
0.023964
0.0239606
0.0239642
0.0239695
0.0239633
0.0239659
0.0239694
0.0239771
0.0239744
0.023976
0.0239744
0.0239758
0.0239734
0.0239692
0.0239666
0.0239661
0.0239782
0.0239759
0.0239741
0.0239708
0.0239746
0.0239765
0.0239718
0.02397
0.0239902
0.0239827
0.0239784
0.0239751
0.0239723
0.0239767
0.0239706
0.0239756
0.0239836
0.0239811
0.0239817
0.0239789
0.0239861
0.0239912
0.0239885
0.0239916
0.0239957
0.0239967
0.0239979
0.0239983
0.0240025
0.0239996
0.0240036
0.0240051
0.0240029
0.0240002
0.0240008
0.0240009
0.0239988
0.0240082
0.0240207
0.0240147
0.0240167
0.0240207
0.0240281
0.0240336
0.024027
0.0240244
0.0240216
0.024025
0.0240225
0.0240234
0.0240287
0.0240265
0.0240272
0.024025
0.0240296
0.0240313
0.0240247
0.0240278
0.0240367
0.0240344
0.0240312
0.0240241
0.024025
0.0240259
0.0240226
0.0240239
0.024028
0.0240256
0.0240278
0.0240364
0.0240333
0.024034
0.0240372
0.0240389
0.0240393
0.024037
0.0240438
0.0240382
0.0240322
0.0240332
0.0240377
0.0240456
0.0240474
0.0240482
0.0240456
0.024039
0.0240396
0.024041
0.0240388
0.0240397
0.0240405
0.0240372
0.024039
0.0240395
0.0240363
0.0240406
0.0240439
0.0240403
0.0240351
0.0240323
0.0240326
0.0240361
0.0240372
0.0240345
0.0240284
0.0240261
0.0240372
0.0240349
0.0240306
0.0240395
0.0240317
0.0240355
0.0240315
0.024029
0.0240288
0.0240242
0.0240205
0.024021
0.0240223
0.0240267
0.0240271
0.0240388
0.0240388
0.0240405
0.0240522
0.0240601
0.0240629
0.0240704
0.0240717
0.0240729
0.0240694
0.0240704
0.0240647
0.0240628
0.0240579
0.0240525
0.0240554
0.0240539
0.0240615
0.0240586
0.0240672
0.0240714
0.0240781
0.0240816
0.0240832
0.0240878
0.0240956
0.0240935
0.0240887
0.0240885
0.0240859
0.0240897
0.0240924
0.0240889
0.0240906
0.024095
0.0240988
0.0241032
0.0241034
0.0240974
0.0240944
0.0240874
0.0240851
0.0240831
0.0240772
0.0240743
0.0240757
0.0240717
0.0240653
0.0240664
0.0240669
0.0240606
0.0240546
0.0240484
0.0240505
0.0240439
0.0240487
0.0240465
0.0240465
0.0240493
0.0240464
0.0240473
0.0240446
0.0240447
0.0240448
0.0240573
0.0240587
0.0240597
0.024053
0.0240507
0.0240547
0.0240551
0.024059
0.0240523
0.024057
0.0240569
0.0240566
0.0240538
0.0240536
0.0240545
0.0240623
0.0240641
0.0240614
0.0240659
0.0240678
0.0240616
0.0240544
0.0240473
0.0240621
0.0240622
0.0240666
0.0240607
0.0240616
0.0240647
0.0240648
0.024063
0.0240589
0.02406
0.0240608
0.0240659
0.0240636
0.0240601
0.0240636
0.0240648
0.0240666
0.0240609
0.0240582
0.0240546
0.0240548
0.0240569
0.0240576
0.0240607
0.0240609
0.0240543
0.0240521
0.0240586
0.0240554
0.0240527
0.0240503
0.0240465
0.0240485
0.0240603
0.0240583
0.0240632
0.0240581
0.0240657
0.0240659
0.024062
0.0240808
0.0240767
0.0240775
0.0240738
0.0240736
0.0240781
0.0240863
0.02408
0.024088
0.0240922
0.0240893
0.024091
0.0240986
0.0241027
0.0241028
0.0241043
0.0241152
0.0241093
0.0241133
0.0241139
0.0241152
0.0241185
0.0241159
0.0241204
0.0241208
0.0241252
0.0241232
0.0241207
0.0241136
0.02411
0.0241185
0.0241258
0.0241218
0.024128
0.0241289
0.0241296
0.0241265
0.0241265
0.0241252
0.0241359
0.0241351
0.0241381
0.0241327
0.0241369
0.0241371
0.0241447
0.0241383
0.024135
0.0241325
0.0241401
0.0241351
0.0241356
0.0241391
0.0241395
0.0241328
0.0241307
0.0241284
0.0241282
0.0241358
0.0241297
0.0241274
0.0241322
0.0241294
0.0241265
0.024126
0.0241333
0.0241302
0.024135
0.0241356
0.0241298
0.0241228
0.0241206
0.0241251
0.0241297
0.0241233
0.0241271
0.0241196
0.0241268
0.0241279
0.0241249
0.0241189
0.0241196
0.0241134
0.0241273
0.0241228
0.0241272
0.0241238
0.0241314
0.0241326
0.0241277
0.0241219
0.0241389
0.024144
0.024148
0.0241453
0.0241428
0.0241503
0.0241557
0.0241531
0.0241532
0.0241575
0.024155
0.0241593
0.0241602
0.0241654
0.0241657
0.0241699
0.0241737
0.0241781
0.0241759
0.0241727
0.0241728
0.0241763
0.0241775
0.0241779
0.024182
0.0241795
0.0241767
0.0241777
0.0241859
0.0241859
0.0241821
0.0241788
0.0241935
0.024188
0.0241883
0.024186
0.0241845
0.0241779
0.0241791
0.0241828
0.0241768
0.0241771
0.0241713
0.0241664
0.0241587
0.0241557
0.0241571
0.0241613
0.0241538
0.0241513
0.0241448
0.0241446
0.0241418
0.0241452
0.0241431
0.0241473
0.0241509
0.0241504
0.0241474
0.024145
0.0241378
0.0241388
0.0241433
0.0241468
0.0241534
0.0241509
0.0241516
0.0241557
0.0241629
0.0241705
0.0241802
0.0241847
0.0241816
0.024182
0.0241895
0.0241905
0.024187
0.0241808
0.0241832
0.0241815
0.0241821
0.0241799
0.0241782
0.0241822
0.0241805
0.0241826
0.0241803
0.024177
0.0241747
0.0241683
0.0241721
0.0241799
0.0241808
0.0241793
0.0241829
0.0241903
0.0241976
0.0241946
0.024198
0.0242041
0.0242122
0.0242129
0.024217
0.0242151
0.0242168
0.0242221
0.0242148
0.0242157
0.0242226
0.0242333
0.0242378
0.0242379
0.0242387
0.0242421
0.0242377
0.0242487
0.0242523
0.0242537
0.0242514
0.0242578
0.0242523
0.0242558
0.0242591
0.0242645
0.0242617
0.0242584
0.0242558
0.0242582
0.0242524
0.0242495
0.0242497
0.0242507
0.0242513
0.0242489
0.0242462
0.024243
0.0242436
0.0242448
0.0242488
0.024253
0.0242504
0.0242474
0.0242552
0.0242595
0.0242557
0.0242535
0.0242505
0.0242486
0.0242498
0.0242483
0.0242524
0.024254
0.0242518
0.0242594
0.0242764
0.0242735
0.0242731
0.0242806
0.0242748
0.024275
0.0242724
0.0242665
0.0242737
0.0242807
0.0242777
0.0242752
0.024282
0.0242832
0.0242898
0.0242938
0.0243009
0.0242987
0.0242931
0.0242908
0.0242974
0.0242949
0.0242927
0.0242899
0.0242901
0.0242839
0.0242813
0.0242823
0.0242795
0.0242765
0.0242704
0.0242769
0.0242714
0.0242685
0.0242691
0.0242659
0.0242667
0.0242654
0.0242665
0.0242634
0.0242642
0.0242654
0.0242653
0.0242758
0.0242759
0.0242732
0.0242676
0.0242715
0.0242719
0.0242719
0.0242694
0.0242733
0.0242738
0.0242784
0.0242758
0.0242774
0.0242746
0.0242721
0.024272
0.0242759
0.0242734
0.0242683
0.0242668
0.0242653
0.0242664
0.0242642
0.0242619
0.0242598
0.0242607
0.0242648
0.0242659
0.0242627
0.0242705
0.0242705
0.0242648
0.0242593
0.02426
0.0242612
0.0242582
0.024259
0.0242592
0.024259
0.0242569
0.0242581
0.0242558
0.0242534
0.0242517
0.0242497
0.0242479
0.0242542
0.0242512
0.0242461
0.024244
0.0242439
0.0242382
0.0242328
0.0242369
0.0242411
0.0242369
0.0242338
0.0242308
0.0242436
0.0242452
0.0242562
0.0242538
0.0242542
0.0242587
0.0242714
0.0242697
0.0242774
0.0242748
0.0242726
0.0242699
0.0242734
0.024271
0.0242714
0.024271
0.0242713
0.0242699
0.0242649
0.024268
0.0242617
0.0242561
0.0242574
0.0242616
0.0242613
0.0242588
0.0242553
0.0242497
0.0242474
0.0242462
0.0242525
0.0242522
0.0242552
0.0242565
0.0242533
0.024258
0.0242527
0.0242504
0.0242487
0.0242457
0.024249
0.0242436
0.0242439
0.0242416
0.0242416
0.0242373
0.0242319
0.0242266
0.0242207
0.0242209
0.0242193
0.0242195
0.0242177
0.0242281
0.0242304
0.024234
0.0242313
0.0242284
0.0242349
0.0242292
0.0242308
0.0242286
0.0242254
0.0242236
0.0242219
0.0242159
0.0242131
0.0242197
0.0242236
0.0242272
0.0242373
0.0242422
0.024243
0.024247
0.0242446
0.0242448
0.0242429
0.0242434
0.0242437
0.0242485
0.0242491
0.0242469
0.0242452
0.0242487
0.0242497
0.0242527
0.0242495
0.0242459
0.0242429
0.024244
0.0242473
0.0242461
0.0242435
0.0242398
0.0242388
0.0242371
0.0242381
0.0242405
0.0242396
0.0242395
0.0242338
0.0242318
0.0242323
0.0242303
0.0242315
0.0242279
0.0242258
0.0242288
0.024233
0.024233
0.0242303
0.0242279
0.0242291
0.0242268
0.0242309
0.0242263
0.0242235
0.0242277
0.0242259
0.0242265
0.0242309
0.0242314
0.0242315
0.024226
0.0242274
0.0242246
0.0242219
0.0242197
0.0242203
0.0242208
0.0242242
0.0242207
0.0242336
0.024231
0.0242339
0.0242378
0.0242388
0.0242443
0.0242428
0.0242476
0.0242446
0.0242452
0.0242491
0.0242502
0.0242599
0.0242534
0.0242574
0.0242586
0.0242552
0.0242583
0.0242593
0.0242633
0.0242609
0.0242648
0.0242682
0.0242656
0.0242659
0.0242687
0.0242664
0.0242704
0.024277
0.0242843
0.0242791
0.0242836
0.0242807
0.0242778
0.024278
0.024279
0.0242835
0.0242881
0.0242827
0.024281
0.0242817
0.0242788
0.0242801
0.0242773
0.0242775
0.0242773
0.0242711
0.0242803
0.0242844
0.0242908
0.0242879
0.0242922
0.0242983
0.0242951
0.024289
0.0242884
0.024283
0.0242863
0.0242808
0.0242838
0.0242775
0.0242786
0.0242759
0.0242737
0.0242767
0.0242814
0.024279
0.0242809
0.0242757
0.0242769
0.0242862
0.024284
0.0242819
0.0242795
0.0242777
0.0242756
0.0242733
0.0242708
0.0242682
0.0242692
0.0242696
0.0242736
0.024281
0.0242792
0.024282
0.0242864
0.0242839
0.0242774
0.0242792
0.0242742
0.024268
0.0242717
0.0242751
0.0242747
0.0242716
0.0242775
0.024287
0.0242944
0.0242954
0.0242904
0.0242879
0.024294
0.0242915
0.0242887
0.0242856
0.024287
0.0242879
0.0242916
0.0242927
0.0242933
0.0242908
0.0242852
0.0242845
0.0242893
0.0242873
0.0242842
0.0242789
0.0242726
0.0242703
0.024273
0.0242763
0.0242765
0.024274
0.0242808
0.0242843
0.0242788
0.0242856
0.0242801
0.0242849
0.024294
0.0242901
0.0242878
0.0242869
0.024284
0.0242811
0.0242751
0.0242812
0.0242843
0.0242891
0.0242877
0.0242855
0.0242837
0.0242876
0.0242849
0.0242832
0.0242838
0.0242842
0.0242812
0.024284
0.0242813
0.0242878
0.0242851
0.0242794
0.0242777
0.0242755
0.0242791
0.0242767
0.0242723
0.0242665
0.0242641
0.0242645
0.0242666
0.0242643
0.0242713
0.0242669
0.0242684
0.0242716
0.024268
0.0242707
0.0242692
0.0242672
0.0242648
0.0242686
0.0242669
0.0242644
0.0242708
0.0242752
0.0242788
0.0242757
0.0242771
0.0242777
0.0242725
0.0242759
0.0242859
0.024283
0.0242773
0.024278
0.0242847
0.0242918
0.0242891
0.0242956
0.0242926
0.024292
0.0242869
0.0242837
0.0242813
0.0242818
0.0242829
0.0242803
0.0242815
0.0242824
0.024285
0.0242856
0.0242828
0.0242814
0.0242778
0.0242801
0.0242836
0.0242782
0.0242847
0.0242854
0.024283
0.0242813
0.0242788
0.0242757
0.0242775
0.0242814
0.0242787
0.0242791
0.024276
0.0242714
0.0242718
0.0242755
0.0242766
0.0242828
0.0242783
0.0242783
0.0242765
0.0242742
0.0242713
0.0242715
0.0242695
0.0242702
0.0242674
0.0242647
0.024263
0.0242637
0.024273
0.0242742
0.0242806
0.024275
0.0242734
0.0242794
0.024275
0.0242698
0.0242735
0.0242714
0.0242666
0.0242696
0.0242722
0.0242756
0.0242824
0.0242838
0.0242814
0.0242813
0.0242757
0.024279
0.0242794
0.0242848
0.0242852
0.024286
0.0242977
0.0242983
0.024301
0.0242991
0.0243003
0.0243011
0.024299
0.0242971
0.0243035
0.0243133
0.0243135
0.0243114
0.0243116
0.0243145
0.0243235
0.024326
0.024323
0.024324
0.0243215
0.0243254
0.0243227
0.0243177
0.0243154
0.0243134
0.0243138
0.0243144
0.0243184
0.0243254
0.0243235
0.0243209
0.0243151
0.0243131
0.0243117
0.0243122
0.0243094
0.0243097
0.0243044
0.0243046
0.0243064
0.0243032
0.0243017
0.0242992
0.0242966
0.0242976
0.0243063
0.0243063
0.0243068
0.0243129
0.0243073
0.0243113
0.0243118
0.0243159
0.0243165
0.0243208
0.0243164
0.0243147
0.0243099
0.024305
0.0243118
0.0243184
0.0243194
0.0243153
0.0243128
0.0243076
0.0243043
0.0243011
0.0242964
0.0242946
0.0242924
0.0242928
0.0242899
0.0242953
0.0242943
0.0242952
0.0242953
0.0242992
0.0242999
0.0242979
0.0242961
0.0242959
0.0243087
0.0243061
0.0243093
0.0243036
0.0242991
0.0242972
0.0242999
0.0242943
0.0242895
0.0242892
0.0242847
0.0242848
0.0242827
0.0242771
0.0242772
0.0242746
0.0242717
0.0242685
0.0242697
0.0242635
0.0242585
0.0242583
0.0242614
0.0242677
0.0242661
0.0242614
0.0242587
0.0242565
0.0242498
0.0242441
0.0242413
0.0242413
0.0242378
0.0242409
0.024248
0.0242515
0.0242519
0.0242527
0.0242512
0.0242515
0.0242487
0.0242427
0.0242375
0.0242384
0.0242408
0.0242359
0.0242374
0.0242435
0.0242471
0.0242472
0.0242471
0.0242456
0.024251
0.0242486
0.0242495
0.0242591
0.0242535
0.024257
0.0242546
0.0242574
0.0242558
0.0242538
0.0242513
0.0242497
0.0242465
0.024245
0.024246
0.0242428
0.024243
0.0242467
0.0242568
0.0242538
0.0242602
0.0242603
0.0242593
0.0242625
0.0242736
0.0242716
0.0242696
0.0242647
0.0242614
0.0242647
0.0242658
0.0242697
0.0242676
0.0242679
0.0242687
0.0242688
0.0242727
0.0242757
0.0242724
0.0242696
0.0242698
0.0242736
0.0242743
0.0242744
0.0242733
0.0242712
0.0242777
0.0242752
0.0242758
0.024273
0.0242765
0.0242796
0.0242828
0.0242766
0.0242766
0.0242775
0.0242789
0.0242744
0.0242746
0.0242783
0.0242786
0.0242739
0.0242679
0.0242693
0.0242637
0.0242725
0.0242704
0.0242714
0.0242686
0.0242659
0.0242722
0.0242729
0.0242735
0.0242712
0.0242751
0.0242786
0.0242762
0.024277
0.0242741
0.0242719
0.0242696
0.0242653
0.0242628
0.0242607
0.0242579
0.0242625
0.0242694
0.0242659
0.0242744
0.0242698
0.0242735
0.0242755
0.0242711
0.0242657
0.0242658
0.0242691
0.0242698
0.0242633
0.0242661
0.0242659
0.0242747
0.0242754
0.0242734
0.0242706
0.0242656
0.0242629
0.0242621
0.0242654
0.0242627
0.024261
0.0242563
0.0242591
0.0242598
0.0242567
0.024252
0.0242525
0.0242531
0.0242476
0.0242456
0.0242458
0.0242403
0.0242407
0.0242436
0.0242465
0.0242475
0.0242477
0.0242431
0.0242416
0.0242387
0.0242443
0.0242414
0.0242463
0.0242448
0.0242428
0.0242444
0.0242482
0.0242433
0.0242438
0.0242532
0.0242499
0.0242447
0.0242404
0.0242439
0.0242436
0.0242473
0.0242452
0.0242459
0.0242494
0.0242478
0.0242495
0.0242558
0.0242559
0.0242545
0.0242603
0.0242606
0.0242592
0.0242599
0.0242657
0.0242644
0.0242643
0.02426
0.0242639
0.0242649
0.0242702
0.0242662
0.0242619
0.0242624
0.0242679
0.0242686
0.0242709
0.024277
0.0242773
0.0242722
0.0242732
0.0242765
0.0242768
0.0242765
0.0242798
0.0242885
0.0242868
0.024283
0.0242831
0.0242811
0.0242794
0.0242826
0.0242806
0.0242853
0.0242851
0.0242834
0.0242843
0.0242836
0.0242832
0.024287
0.0242815
0.0242797
0.0242783
0.0242833
0.0242847
0.0242845
0.0242908
0.0242973
0.0242959
0.0242968
0.0242922
0.0242948
0.0242986
0.0242961
0.0242907
0.0242899
0.0242885
0.024284
0.0242781
0.0242727
0.0242733
0.0242715
0.0242753
0.024276
0.0242732
0.0242677
0.0242678
0.0242791
0.0242798
0.0242752
0.0242836
0.0242844
0.0242798
0.0242749
0.0242702
0.0242708
0.0242749
0.0242775
0.0242717
0.0242692
0.0242711
0.0242753
0.0242765
0.0242715
0.0242723
0.0242722
0.0242722
0.0242722
0.0242728
0.0242694
0.0242671
0.0242673
0.0242788
0.0242823
0.02428
0.0242836
0.024287
0.0242921
0.0242899
0.0242877
0.0242885
0.0242917
0.024292
0.0242893
0.0242898
0.0242898
0.0242851
0.0242856
0.0242852
0.024285
0.0242851
0.0242855
0.0242858
0.0242837
0.0242809
0.0242864
0.0242816
0.0242881
0.0242841
0.0242827
0.0242833
0.0242838
0.0242811
0.0242765
0.0242773
0.024275
0.0242785
0.0242736
0.0242684
0.0242668
0.024265
0.0242689
0.0242727
0.0242734
0.0242735
0.0242761
0.0242767
0.0242709
0.0242708
0.0242708
0.0242742
0.0242692
0.0242679
0.024267
0.0242678
0.0242654
0.024263
0.0242614
0.0242599
0.0242598
0.0242567
0.02426
0.0242576
0.024258
0.0242529
0.0242588
0.0242536
0.0242489
0.0242467
0.0242502
0.024248
0.0242462
0.0242436
0.0242439
0.0242427
0.0242464
0.0242527
0.0242496
0.0242535
0.0242538
0.0242506
0.0242538
0.0242573
0.0242545
0.0242576
0.024259
0.024263
0.0242685
0.0242693
0.0242688
0.0242641
0.0242724
0.0242702
0.0242791
0.024277
0.0242772
0.0242759
0.0242766
0.0242766
0.0242778
0.0242754
0.0242759
0.0242753
0.0242789
0.0242771
0.0242744
0.0242728
0.0242779
0.0242814
0.0242821
0.0242932
0.0242965
0.0242948
0.0242952
0.0242961
0.0242932
0.0242911
0.0242889
0.0242849
0.0242832
0.0242828
0.0242811
0.0242784
0.0242739
0.0242776
0.0242756
0.0242737
0.0242713
0.0242716
0.024268
0.0242684
0.0242742
0.0242693
0.0242774
0.0242782
0.0242765
0.0242747
0.0242699
0.024273
0.02427
0.0242751
0.0242834
0.0242845
0.0242793
0.0242749
0.0242753
0.0242707
0.0242746
0.0242805
0.0242783
0.0242738
0.0242736
0.0242768
0.0242769
0.024277
0.0242725
0.0242776
0.0242732
0.0242715
0.0242749
0.0242723
0.0242727
0.0242783
0.0242816
0.0242759
0.0242783
0.0242786
0.0242761
0.0242766
0.0242793
0.0242772
0.0242781
0.0242764
0.0242798
0.0242806
0.0242859
0.0242865
0.024292
0.0242969
0.0242945
0.024293
0.0242886
0.0242894
0.0242901
0.0242855
0.0242883
0.0242904
0.0242907
0.0242884
0.024283
0.0242841
0.024285
0.0242955
0.0242918
0.0242868
0.0242815
0.024279
0.0242811
0.024286
0.0242896
0.0242852
0.0242836
0.024284
0.0242848
0.0242851
0.0242813
0.0242797
0.0242777
0.0242785
0.0242776
0.0242798
0.0242768
0.0242744
0.0242752
0.0242757
0.0242742
0.0242712
0.0242693
0.024267
0.0242683
0.0242679
0.0242707
0.0242746
0.0242716
0.0242691
0.024267
0.0242697
0.0242679
0.0242679
0.0242653
0.0242652
0.0242681
0.0242678
0.0242684
0.0242659
0.0242658
0.0242671
0.0242703
0.0242689
0.0242672
0.024267
0.0242629
0.0242662
0.0242618
0.0242649
0.0242684
0.0242691
0.0242725
0.0242735
0.0242714
0.0242712
0.0242667
0.0242665
0.0242678
0.0242684
0.024266
0.0242693
0.0242742
0.02427
0.0242679
0.0242656
0.0242645
0.0242728
0.0242767
0.02428
0.0242832
0.0242891
0.0242884
0.0242864
0.0242907
0.0242968
0.0242942
0.024292
0.0242873
0.0242865
0.0242847
0.0242806
0.0242785
0.0242788
0.0242829
0.0242844
0.0242852
0.0242864
0.0242849
0.0242829
0.0242836
0.0242816
0.0242822
0.0242779
0.0242752
0.0242752
0.0242734
0.0242765
0.024277
0.02428
0.0242775
0.0242803
0.0242785
0.0242779
0.0242737
0.0242745
0.0242729
0.0242757
0.0242816
0.0242852
0.0242981
0.024294
0.0242942
0.024292
0.0242926
0.0242933
0.0242937
0.0242885
0.0242888
0.0242844
0.0242913
0.0242968
0.0242923
0.0242901
0.0242886
0.0242886
0.0242896
0.024285
0.0242867
0.0242903
0.024296
0.024297
0.0242966
0.0242988
0.0242948
0.0243006
0.0243013
0.0243026
0.0243054
0.0243037
0.0243042
0.0243029
0.0243006
0.0242982
0.0242986
0.0243019
0.0243018
0.0243091
0.0243101
0.0243108
0.0243167
0.0243172
0.0243204
0.0243171
0.0243169
0.0243197
0.0243225
0.0243215
0.0243192
0.024317
0.0243169
0.0243177
0.0243136
0.0243193
0.024325
0.0243284
0.0243317
0.0243321
0.024332
0.0243352
0.0243354
0.0243309
0.0243309
0.0243308
0.0243264
0.024331
0.0243343
0.0243348
0.0243406
0.0243388
0.0243371
0.0243372
0.0243377
0.0243454
0.0243489
0.0243514
0.0243469
0.0243442
0.0243491
0.0243446
0.0243454
0.024344
0.0243467
0.024345
0.0243423
0.0243427
0.0243508
0.024357
0.0243553
0.0243578
0.0243593
0.0243625
0.0243676
0.0243682
0.024366
0.0243664
0.0243665
0.024369
0.0243667
0.0243652
0.0243653
0.0243635
0.0243686
0.0243735
0.0243717
0.0243723
0.0243712
0.0243722
0.0243704
0.0243686
0.024369
0.0243666
0.0243693
0.0243675
0.0243652
0.0243656
0.0243687
0.0243674
0.0243686
0.0243664
0.0243638
0.0243609
0.0243665
0.0243667
0.0243628
0.0243631
0.0243611
0.0243566
0.0243522
0.0243495
0.0243475
0.0243462
0.0243502
0.0243457
0.0243415
0.0243372
0.0243359
0.0243332
0.0243341
0.0243372
0.0243329
0.0243306
0.0243286
0.0243268
0.0243277
0.0243278
0.0243233
0.0243232
0.0243212
0.0243197
0.0243209
0.0243189
0.0243196
0.0243175
0.0243158
0.0243113
0.0243089
0.0243049
0.0243073
0.0243048
0.0243007
0.0242965
0.0243008
0.024299
0.0242978
0.0243059
0.024303
0.0243036
0.0243071
0.0243122
0.0243098
0.0243087
0.0243087
0.0243042
0.0243052
0.0243082
0.0243135
0.0243151
0.024318
0.024321
0.0243223
0.024323
0.024333
0.0243342
0.0243365
0.0243352
0.0243331
0.0243359
0.0243444
0.0243403
0.0243408
0.0243411
0.0243412
0.0243411
0.024339
0.024345
0.0243416
0.0243453
0.0243462
0.0243463
0.024344
0.024347
0.0243421
0.0243408
0.0243424
0.0243522
0.0243525
0.0243501
0.0243483
0.0243556
0.0243516
0.0243694
0.0243679
0.0243652
0.0243607
0.0243561
0.0243565
0.0243549
0.0243555
0.0243535
0.0243618
0.0243594
0.0243626
0.0243633
0.024366
0.0243667
0.0243693
0.0243676
0.024363
0.0243583
0.0243642
0.0243603
0.0243635
0.0243614
0.0243594
0.0243613
0.0243576
0.0243601
0.0243652
0.0243728
0.0243735
0.0243737
0.0243695
0.0243676
0.0243702
0.0243675
0.0243639
0.0243622
0.0243653
0.0243691
0.0243694
0.0243677
0.0243655
0.0243655
0.0243657
0.024363
0.0243632
0.0243637
0.0243643
0.0243745
0.0243696
0.0243693
0.024365
0.0243634
0.0243619
0.024358
0.0243539
0.0243519
0.0243506
0.0243488
0.024349
0.0243489
0.0243515
0.0243547
0.0243504
0.024349
0.0243545
0.0243574
0.024363
0.024362
0.02436
0.0243585
0.0243543
0.0243549
0.0243517
0.024355
0.0243529
0.0243529
0.0243574
0.0243583
0.0243559
0.0243558
0.0243535
0.0243559
0.0243592
0.024355
0.0243512
0.0243472
0.0243451
0.024353
0.0243564
0.0243572
0.0243532
0.024351
0.0243545
0.0243615
0.024362
0.0243626
0.024363
0.0243638
0.0243624
0.0243656
0.0243711
0.0243694
0.0243747
0.0243753
0.0243728
0.0243731
0.0243756
0.02438
0.0243803
0.0243781
0.0243809
0.0243826
0.0243792
0.024377
0.0243789
0.0243809
0.0243772
0.0243778
0.0243781
0.0243808
0.0243781
0.0243759
0.0243713
0.024374
0.0243746
0.0243778
0.0243784
0.0243744
0.024376
0.024375
0.0243808
0.0243819
0.0243825
0.0243806
0.0243802
0.024381
0.0243765
0.0243791
0.0243765
0.0243818
0.0243771
0.0243799
0.0243804
0.0243809
0.0243839
0.024382
0.0243827
0.0243801
0.0243801
0.0243763
0.0243744
0.0243725
0.0243721
0.0243774
0.0243734
0.0243736
0.0243753
0.0243752
0.024378
0.0243809
0.0243778
0.0243755
0.0243712
0.0243684
0.024371
0.0243719
0.0243671
0.0243625
0.0243608
0.0243621
0.0243579
0.0243624
0.0243628
0.0243604
0.0243583
0.0243593
0.0243574
0.0243572
0.0243577
0.0243557
0.0243539
0.0243542
0.024356
0.0243548
0.0243532
0.0243532
0.0243512
0.0243493
0.02435
0.0243483
0.0243489
0.0243513
0.0243522
0.02435
0.0243506
0.0243505
0.0243479
0.0243433
0.0243441
0.0243445
0.024345
0.0243401
0.0243451
0.0243434
0.0243437
0.0243419
0.0243493
0.0243472
0.0243476
0.0243508
0.0243517
0.0243562
0.024354
0.0243543
0.0243507
0.0243513
0.0243473
0.0243446
0.0243474
0.0243461
0.0243467
0.0243426
0.0243453
0.0243437
0.0243438
0.0243401
0.0243379
0.024333
0.024334
0.0243343
0.0243345
0.024333
0.0243398
0.0243397
0.0243408
0.0243392
0.0243378
0.0243391
0.0243437
0.0243423
0.0243385
0.0243453
0.0243434
0.0243433
0.0243389
0.0243434
0.0243414
0.0243416
0.0243421
0.0243446
0.0243479
0.0243466
0.0243453
0.0243432
0.0243415
0.0243399
0.0243415
0.0243391
0.0243396
0.0243405
0.0243406
0.024342
0.0243422
0.0243428
0.0243401
0.0243392
0.0243416
0.0243422
0.024341
0.0243371
0.024335
0.0243353
0.0243311
0.0243286
0.024334
0.0243347
0.0243362
0.0243339
0.0243334
0.0243336
0.0243337
0.0243318
0.0243306
0.0243255
0.0243216
0.0243237
0.0243247
0.0243285
0.0243281
0.0243304
0.0243331
0.0243313
0.02433
0.0243283
0.024328
0.0243285
0.0243269
0.0243272
0.0243261
0.0243305
0.0243309
0.0243316
0.02433
0.024328
0.0243266
0.0243275
0.0243292
0.0243278
0.024329
0.0243293
0.0243276
0.0243287
0.0243334
0.0243363
0.0243362
0.0243326
0.0243301
0.0243312
0.024336
0.0243319
0.0243304
0.0243272
0.024325
0.0243251
0.0243277
0.0243305
0.0243343
0.0243321
0.0243305
0.0243335
0.0243321
0.0243315
0.0243396
0.0243365
0.0243371
0.024335
0.0243397
0.0243379
0.0243339
0.0243397
0.02434
0.0243419
0.02435
0.0243501
0.0243501
0.0243485
0.0243507
0.0243515
0.0243497
0.0243522
0.0243479
0.0243461
0.024349
0.0243472
0.0243521
0.0243525
0.0243549
0.0243564
0.0243548
0.0243535
0.0243492
0.0243468
0.0243479
0.024348
0.0243488
0.024345
0.024348
0.0243503
0.0243461
0.0243489
0.0243474
0.0243456
0.0243443
0.0243428
0.0243481
0.0243494
0.0243517
0.0243494
0.0243528
0.0243513
0.0243513
0.0243469
0.0243473
0.0243482
0.0243487
0.0243443
0.0243472
0.0243451
0.0243438
0.0243463
0.0243509
0.0243512
0.0243537
0.0243549
0.0243536
0.0243565
0.0243567
0.0243548
0.0243568
0.0243546
0.0243537
0.0243561
0.0243522
0.0243504
0.0243533
0.0243558
0.0243582
0.0243629
0.0243638
0.0243647
0.0243651
0.0243682
0.0243714
0.0243721
0.0243728
0.0243771
0.0243799
0.0243867
0.0243849
0.024383
0.024381
0.0243806
0.0243814
0.0243778
0.0243833
0.0243859
0.0243838
0.024382
0.0243831
0.0243795
0.0243812
0.0243792
0.024375
0.0243739
0.0243725
0.0243729
0.0243781
0.0243807
0.0243788
0.024375
0.0243709
0.0243704
0.0243689
0.0243734
0.0243744
0.0243743
0.024373
0.0243693
0.0243698
0.0243684
0.0243682
0.0243666
0.024362
0.0243601
0.0243557
0.0243512
0.0243499
0.024355
0.024361
0.0243611
0.0243616
0.0243685
0.0243714
0.0243748
0.0243793
0.0243797
0.0243776
0.0243798
0.0243806
0.0243811
0.0243799
0.0243782
0.0243742
0.0243726
0.0243732
0.0243722
0.0243705
0.024371
0.024369
0.0243697
0.0243676
0.0243687
0.0243646
0.0243625
0.0243603
0.0243558
0.024357
0.0243555
0.0243559
0.0243534
0.0243528
0.024356
0.0243546
0.0243546
0.0243505
0.0243464
0.0243496
0.0243584
0.0243632
0.0243651
0.0243676
0.0243691
0.0243639
0.0243593
0.02436
0.0243584
0.0243569
0.0243556
0.0243563
0.0243549
0.0243551
0.0243535
0.0243572
0.0243572
0.0243538
0.0243526
0.0243594
0.0243642
0.0243626
0.0243608
0.0243639
0.0243642
0.0243619
0.0243602
0.0243605
0.0243677
0.024368
0.0243655
0.0243611
0.0243605
0.0243604
0.0243602
0.0243604
0.0243562
0.0243524
0.0243593
0.0243723
0.0243732
0.024372
0.0243724
0.0243729
0.0243735
0.024369
0.0243674
0.0243657
0.0243631
0.0243665
0.0243648
0.0243637
0.0243659
0.0243712
0.0243759
0.0243793
0.0243861
0.0243854
0.0243817
0.0243863
0.0243933
0.0243925
0.0243907
0.0243921
0.0243925
0.0243883
0.0243917
0.0243916
0.0243882
0.0243865
0.0243889
0.0243955
0.0243938
0.0243941
0.024397
0.0243981
0.0243938
0.024392
0.0243875
0.0243867
0.0243889
0.0243917
0.0243923
0.0243899
0.0243881
0.0243849
0.0243899
0.0243931
0.0243952
0.0243912
0.0243941
0.0243947
0.0243928
0.0243953
0.0243992
0.0244002
0.0244001
0.0244003
0.0244014
0.0243993
0.0244011
0.0243999
0.0243999
0.0243982
0.0243964
0.0243971
0.024395
0.0243932
0.0243978
0.0243942
0.0243937
0.0243964
0.024405
0.0244013
0.0244018
0.0244016
0.0243998
0.0243975
0.0244045
0.0244028
0.0243986
0.0243993
0.0243993
0.0244003
0.0243961
0.0244006
0.0243991
0.0244
0.0243987
0.02441
0.0244108
0.0244155
0.0244186
0.0244193
0.0244177
0.0244149
0.0244156
0.0244155
0.0244135
0.0244156
0.0244119
0.024412
0.0244078
0.0244063
0.0244067
0.024407
0.024409
0.0244054
0.0244059
0.0244036
0.0244086
0.0244048
0.0244053
0.0244042
0.0244072
0.0244109
0.0244114
0.0244097
0.0244149
0.0244111
0.0244096
0.0244061
0.0244117
0.0244081
0.0244066
0.0244095
0.0244075
0.0244064
0.0244071
0.0244098
0.0244103
0.0244134
0.0244123
0.0244147
0.0244173
0.0244206
0.0244232
0.0244195
0.0244197
0.0244155
0.024421
0.0244238
0.0244213
0.0244215
0.0244222
0.0244268
0.0244289
0.024427
0.0244225
0.0244264
0.0244242
0.0244289
0.0244316
0.0244323
0.0244372
0.0244359
0.0244319
0.0244346
0.0244324
0.0244309
0.024438
0.024436
0.0244385
0.0244371
0.0244331
0.0244316
0.02443
0.024428
0.0244284
0.0244266
0.0244267
0.0244266
0.0244274
0.0244281
0.0244267
0.0244289
0.0244327
0.0244327
0.0244328
0.0244313
0.0244271
0.0244298
0.024432
0.0244297
0.0244278
0.0244259
0.0244215
0.0244195
0.0244198
0.0244197
0.0244174
0.0244127
0.0244202
0.0244226
0.0244253
0.0244242
0.0244223
0.0244244
0.0244275
0.0244254
0.0244212
0.0244194
0.024419
0.0244286
0.0244292
0.0244282
0.0244305
0.0244292
0.0244278
0.0244257
0.0244267
0.0244265
0.0244279
0.0244265
0.0244272
0.0244282
0.0244241
0.0244224
0.0244272
0.0244316
0.0244342
0.024435
0.024431
0.0244403
0.0244413
0.0244392
0.024439
0.0244351
0.0244332
0.0244338
0.02443
0.0244301
0.0244328
0.0244308
0.0244314
0.0244324
0.0244371
0.0244379
0.0244337
0.0244345
0.0244474
0.0244481
0.0244443
0.0244426
0.0244407
0.0244432
0.024441
0.0244411
0.024442
0.0244446
0.0244468
0.0244473
0.0244482
0.024453
0.0244593
0.0244555
0.0244594
0.0244612
0.024462
0.0244618
0.0244641
0.0244671
0.024465
0.0244678
0.0244659
0.0244669
0.0244637
0.0244645
0.0244649
0.0244655
0.0244636
0.0244637
0.0244621
0.0244628
0.0244674
0.0244659
0.0244658
0.0244706
0.0244683
0.0244648
0.0244605
0.0244607
0.0244657
0.0244616
0.0244666
0.0244664
0.0244669
0.024469
0.0244715
0.0244733
0.02447
0.0244666
0.024465
0.0244656
0.0244629
0.0244678
0.0244664
0.0244692
0.024471
0.0244774
0.0244791
0.0244806
0.0244784
0.0244846
0.0244871
0.0244842
0.0244819
0.0244845
0.0244854
0.0244856
0.0244839
0.0244844
0.0244829
0.0244834
0.0244858
0.0244835
0.0244898
0.0244899
0.0244902
0.0244911
0.0244893
0.0244862
0.0244823
0.0244792
0.0244798
0.0244757
0.0244744
0.0244769
0.0244757
0.0244719
0.0244683
0.0244643
0.0244669
0.0244713
0.0244698
0.0244669
0.0244629
0.0244635
0.0244599
0.0244582
0.0244553
0.0244557
0.0244642
0.0244652
0.0244681
0.02447
0.0244688
0.0244692
0.0244683
0.0244701
0.0244683
0.0244678
0.0244641
0.0244604
0.0244625
0.0244632
0.0244692
0.0244738
0.0244693
0.0244719
0.0244719
0.024471
0.0244688
0.0244646
0.0244686
0.0244704
0.0244684
0.0244686
0.0244771
0.0244777
0.0244758
0.0244825
0.0244825
0.0244789
0.0244792
0.0244779
0.0244771
0.024475
0.0244759
0.0244721
0.0244678
0.0244653
0.0244684
0.0244728
0.0244735
0.0244741
0.0244727
0.0244713
0.0244719
0.024472
0.0244707
0.024471
0.0244714
0.0244679
0.0244707
0.0244718
0.0244764
0.0244775
0.0244776
0.0244777
0.0244799
0.0244841
0.024486
0.024487
0.0244857
0.0244855
0.0244839
0.0244825
0.0244809
0.0244869
0.0244854
0.0244901
0.0244903
0.024497
0.0245005
0.024499
0.0244955
0.0244948
0.0244931
0.0244894
0.0244988
0.0245001
0.0245047
0.0245008
0.0244996
0.0244999
0.024504
0.0245083
0.0245044
0.0245046
0.0245066
0.0245096
0.024506
0.0245048
0.0245043
0.0245026
0.0245019
0.0244988
0.0245039
0.0245034
0.0244998
0.0245022
0.0245006
0.0244971
0.0244937
0.024492
0.0244907
0.0244892
0.0244893
0.0244876
0.0244885
0.0244903
0.0244907
0.0244865
0.0244824
0.0244785
0.0244811
0.0244774
0.0244756
0.024476
0.0244727
0.0244745
0.0244748
0.0244774
0.0244758
0.024472
0.0244741
0.0244728
0.0244732
0.0244691
0.0244654
0.0244658
0.0244685
0.0244668
0.0244635
0.0244602
0.0244577
0.02446
0.0244626
0.0244609
0.0244594
0.0244667
0.0244748
0.0244772
0.0244812
0.0244831
0.0244791
0.0244845
0.0244845
0.0244851
0.0244857
0.0244844
0.0244825
0.024481
0.0244833
0.0244812
0.0244768
0.0244756
0.024472
0.0244723
0.0244711
0.0244693
0.0244701
0.0244687
0.0244687
0.0244696
0.0244718
0.0244702
0.0244671
0.0244696
0.0244681
0.0244728
0.0244732
0.0244753
0.0244736
0.0244713
0.0244674
0.0244656
0.0244636
0.0244614
0.0244677
0.0244667
0.0244633
0.0244614
0.0244597
0.0244605
0.0244606
0.0244604
0.0244687
0.0244663
0.0244673
0.0244696
0.0244746
0.0244756
0.0244739
0.0244755
0.0244737
0.0244737
0.0244741
0.0244742
0.0244807
0.0244793
0.0244795
0.0244781
0.0244741
0.0244728
0.0244732
0.0244695
0.0244661
0.0244663
0.0244674
0.0244679
0.0244648
0.0244618
0.0244622
0.0244624
0.0244606
0.024461
0.0244572
0.0244597
0.0244575
0.0244538
0.0244583
0.0244587
0.0244571
0.0244556
0.0244558
0.0244541
0.0244503
0.0244465
0.0244444
0.0244428
0.0244429
0.0244436
0.0244435
0.0244424
0.0244385
0.0244346
0.0244355
0.0244379
0.0244366
0.0244352
0.0244372
0.0244356
0.0244327
0.024431
0.0244313
0.0244301
0.0244328
0.0244292
0.0244277
0.0244286
0.0244275
0.0244275
0.0244266
0.0244266
0.0244269
0.0244273
0.0244248
0.0244252
0.0244339
0.0244304
0.0244294
0.0244284
0.024427
0.0244278
0.0244263
0.0244267
0.0244288
0.0244275
0.0244262
0.024426
0.0244246
0.024427
0.0244236
0.0244295
0.0244265
0.0244248
0.0244254
0.0244278
0.024428
0.0244285
0.0244298
0.0244282
0.0244287
0.0244291
0.0244267
0.0244247
0.0244258
0.0244222
0.0244225
0.0244232
0.0244213
0.0244181
0.0244179
0.0244163
0.0244154
0.0244155
0.0244164
0.0244149
0.0244127
0.0244126
0.0244108
0.024411
0.0244113
0.024416
0.0244159
0.0244175
0.0244159
0.0244113
0.0244155
0.0244153
0.0244138
0.0244125
0.0244146
0.0244122
0.0244132
0.0244111
0.0244136
0.0244145
0.0244123
0.0244134
0.0244126
0.0244135
0.0244155
0.0244197
0.0244184
0.0244199
0.0244159
0.0244141
0.0244132
0.024411
0.0244073
0.0244083
0.0244139
0.0244156
0.0244142
0.0244112
0.0244096
0.0244145
0.0244148
0.0244193
0.0244159
0.0244162
0.0244145
0.0244127
0.024413
0.0244161
0.0244147
0.024416
0.0244157
0.024416
0.0244126
0.0244148
0.0244129
0.0244089
0.0244054
0.0244077
0.024404
0.0244002
0.024399
0.0244015
0.0244017
0.0244029
0.0244065
0.0244047
0.0244074
0.0244062
0.0244085
0.0244045
0.0244078
0.0244062
0.0244065
0.0244104
0.0244132
0.0244096
0.0244099
0.0244114
0.0244094
0.0244064
0.0244063
0.0244127
0.0244086
0.0244049
0.0244034
0.0244071
0.0244041
0.0244068
0.0244112
0.0244099
0.0244097
0.0244082
0.0244087
0.0244116
0.0244136
0.0244132
0.0244116
0.0244097
0.0244096
0.0244054
0.024405
0.0244035
0.0244016
0.0244024
0.0243988
0.0243966
0.0244027
0.0243989
0.0243995
0.0243982
0.0243941
0.0243923
0.0243886
0.0243849
0.0243831
0.0243814
0.024382
0.024383
0.024389
0.0243952
0.0243952
0.0243956
0.0243943
0.0243935
0.0244
0.0243987
0.024397
0.0244027
0.0244017
0.0244005
0.0243989
0.0244013
0.0244013
0.0243975
0.0243958
0.0244036
0.0244023
0.0243991
0.0244033
0.0244022
0.024402
0.0244019
0.0244006
0.0243987
0.0243951
0.0243933
0.0243941
0.0243946
0.0243966
0.0243996
0.0244006
0.0244032
0.0244018
0.0244025
0.0244026
0.0244146
0.0244131
0.0244137
0.0244125
0.0244132
0.0244141
0.0244168
0.0244128
0.0244111
0.0244095
0.0244142
0.0244112
0.0244154
0.0244138
0.024416
0.0244185
0.0244152
0.0244153
0.024413
0.0244152
0.024414
0.0244114
0.0244094
0.0244096
0.0244098
0.0244084
0.0244068
0.0244086
0.0244092
0.0244099
0.0244103
0.0244102
0.0244069
0.0244053
0.0244018
0.0244001
0.0244022
0.0244004
0.0244004
0.0244005
0.0244009
0.0244067
0.0244055
0.024404
0.0244048
0.0244041
0.024402
0.0244021
0.0244002
0.0243964
0.0243967
0.0243931
0.0243915
0.0243954
0.0243997
0.0244003
0.0243985
0.0243959
0.024394
0.024394
0.0243983
0.0243988
0.0243988
0.0244016
0.0244037
0.0244002
0.0243967
0.0243987
0.0243996
0.0244006
0.0244003
0.0243967
0.0243949
0.0243956
0.0243954
0.0243939
0.0243903
0.024389
0.0243872
0.0243887
0.0243874
0.0243958
0.0243928
0.024393
0.0243899
0.0243945
0.0243949
0.0243937
0.0243942
0.0243902
0.0243913
0.024392
0.0243886
0.0243853
0.0243856
0.024384
0.0243819
0.0243846
0.0243829
0.0243851
0.0243823
0.0243826
0.0243793
0.0243841
0.0243827
0.0243833
0.0243854
0.0243877
0.0243837
0.0243822
0.0243784
0.024381
0.024379
0.0243774
0.0243756
0.0243739
0.0243718
0.0243704
0.0243742
0.0243769
0.0243769
0.0243769
0.0243771
0.024376
0.0243773
0.0243761
0.0243749
0.0243718
0.0243702
0.0243729
0.0243732
0.0243788
0.0243794
0.0243878
0.0243912
0.024395
0.0243938
0.0243926
0.0243952
0.0243939
0.0243926
0.0243915
0.0243904
0.0243931
0.0243937
0.0243901
0.0243879
0.0243864
0.0243829
0.0243836
0.0243826
0.0243855
0.0243857
0.0243958
0.0243944
0.0243986
0.0243947
0.0243925
0.0243943
0.024391
0.0243899
0.0243905
0.0243889
0.0243912
0.0243958
0.0243958
0.0243983
0.0244004
0.0244007
0.0244018
0.0244042
0.0244029
0.0244008
0.0243994
0.0243984
0.0243949
0.0243989
0.0243972
0.0244016
0.0244001
0.0244013
0.0244001
0.0244023
0.0243994
0.024405
0.024402
0.0243985
0.0243969
0.024395
0.0243954
0.0243918
0.0243903
0.0243939
0.0243924
0.0243925
0.0243902
0.0243901
0.0243942
0.0243911
0.0243893
0.0243901
0.0243886
0.0243894
0.0243904
0.0243971
0.024397
0.0244049
0.0244012
0.0244058
0.0244045
0.0244048
0.0244072
0.0244062
0.0244084
0.0244067
0.0244036
0.0244024
0.0244025
0.0244065
0.0244063
0.024405
0.0244017
0.0244042
0.0244067
0.0244054
0.0244038
0.024404
0.024403
0.0244035
0.0244059
0.0244045
0.0244041
0.0244028
0.0244031
0.0244016
0.0244016
0.0244019
0.0244042
0.0244027
0.0244016
0.0244039
0.0244062
0.0244048
0.0244051
0.0244035
0.0244018
0.0243985
0.0243989
0.0243977
0.0243959
0.0244023
0.0244014
0.0244094
0.0244072
0.0244076
0.0244063
0.0244072
0.0244082
0.0244068
0.0244071
0.0244066
0.0244071
0.0244097
0.0244072
0.0244031
0.0244033
0.0244052
0.0244054
0.0244035
0.024404
0.0244025
0.0244047
0.0244016
0.0244001
0.0243967
0.0243963
0.0244023
0.0243987
0.024401
0.0244051
0.024407
0.0244056
0.0244044
0.0244011
0.0244016
0.0244113
0.0244149
0.0244134
0.024411
0.0244113
0.0244123
0.0244143
0.0244146
0.0244132
0.0244099
0.0244098
0.0244139
0.0244144
0.0244148
0.0244171
0.0244179
0.0244163
0.0244134
0.0244229
0.0244238
0.0244243
0.0244226
0.0244212
0.0244179
0.0244186
0.0244174
0.0244199
0.0244223
0.0244216
0.0244201
0.0244225
0.0244261
0.0244258
0.0244277
0.024428
0.0244324
0.0244289
0.0244272
0.0244292
0.0244277
0.0244261
0.024423
0.0244248
0.0244214
0.0244234
0.0244204
0.0244212
0.0244197
0.0244217
0.0244224
0.0244207
0.0244214
0.0244201
0.0244188
0.024417
0.0244175
0.0244233
0.0244252
0.0244279
0.0244319
0.0244286
0.0244286
0.024426
0.0244279
0.0244322
0.0244333
0.0244317
0.024431
0.0244278
0.0244285
0.0244306
0.0244305
0.0244326
0.0244289
0.0244275
0.0244263
0.0244269
0.0244332
0.0244301
0.0244283
0.0244308
0.0244308
0.0244294
0.0244329
0.0244337
0.0244311
0.0244328
0.024437
0.0244374
0.0244374
0.0244343
0.0244369
0.0244357
0.0244348
0.0244429
0.0244429
0.0244416
0.02444
0.0244386
0.0244374
0.0244377
0.0244379
0.0244367
0.0244372
0.0244377
0.0244416
0.0244399
0.0244421
0.024439
0.0244354
0.0244323
0.0244306
0.0244364
0.0244347
0.0244386
0.0244387
0.0244367
0.0244387
0.0244354
0.0244377
0.0244354
0.0244376
0.0244379
0.0244356
0.0244344
0.0244401
0.0244386
0.0244372
0.0244371
0.024443
0.0244413
0.0244456
0.0244491
0.0244511
0.0244518
0.0244498
0.0244539
0.0244506
0.024449
0.0244478
0.0244443
0.0244426
0.0244482
0.0244464
0.0244447
0.0244454
0.024441
0.0244382
0.0244347
0.0244316
0.0244322
0.024431
0.0244309
0.0244315
0.0244322
0.0244329
0.0244347
0.0244392
0.0244377
0.0244418
0.0244398
0.0244396
0.0244398
0.0244382
0.0244369
0.0244372
0.0244395
0.0244358
0.0244328
0.0244301
0.0244328
0.0244326
0.0244312
0.0244297
0.0244322
0.0244329
0.0244314
0.02443
0.024427
0.024426
0.0244262
0.024423
0.0244239
0.0244241
0.0244263
0.0244233
0.024426
0.0244262
0.0244248
0.0244253
0.0244273
0.0244257
0.0244221
0.0244244
0.0244234
0.0244221
0.0244203
0.0244228
0.0244231
0.0244214
0.0244252
0.0244276
0.0244282
0.0244273
0.0244278
0.0244258
0.0244269
0.0244256
0.0244241
0.0244227
0.0244192
0.0244194
0.024423
0.0244271
0.0244281
0.0244288
0.0244353
0.0244373
0.0244361
0.0244326
0.0244296
0.0244339
0.0244385
0.0244392
0.0244351
0.024436
0.0244359
0.0244343
0.0244323
0.0244331
0.0244334
0.0244338
0.0244303
0.024428
0.0244273
0.0244274
0.0244264
0.0244265
0.0244339
0.0244398
0.0244375
0.024439
0.0244409
0.0244411
0.0244416
0.0244408
0.0244375
0.0244338
0.0244358
0.0244359
0.0244344
0.0244365
0.024436
0.024432
0.0244377
0.0244414
0.0244421
0.0244429
0.0244412
0.0244439
0.0244478
0.0244496
0.024446
0.0244458
0.0244451
0.0244469
0.0244442
0.0244446
0.0244443
0.0244435
0.0244438
0.0244443
0.0244446
0.024445
0.0244412
0.0244375
0.0244377
0.0244356
0.0244343
0.0244329
0.0244334
0.0244318
0.0244398
0.0244383
0.0244389
0.0244427
0.0244429
0.0244433
0.0244463
0.0244533
0.0244572
0.0244558
0.0244543
0.0244527
0.0244531
0.0244556
0.0244572
0.024461
0.0244594
0.0244623
0.0244649
0.0244628
0.0244644
0.0244616
0.0244615
0.0244605
0.0244615
0.0244634
0.02446
0.0244572
0.0244576
0.0244575
0.0244547
0.024453
0.0244514
0.0244514
0.0244517
0.0244516
0.0244515
0.0244477
0.0244443
0.0244441
0.0244433
0.0244454
0.0244482
0.0244465
0.0244458
0.0244463
0.0244467
0.0244453
0.0244478
0.0244478
0.024447
0.0244473
0.0244482
0.0244481
0.024447
0.0244455
0.0244491
0.0244496
0.0244499
0.0244544
0.0244508
0.0244523
0.0244514
0.0244519
0.0244545
0.0244578
0.0244548
0.024457
0.0244552
0.0244578
0.0244608
0.0244569
0.0244579
0.0244616
0.0244602
0.0244612
0.0244588
0.0244574
0.0244536
0.0244539
0.0244556
0.024452
0.0244506
0.0244492
0.0244473
0.0244462
0.0244502
0.0244486
0.0244466
0.024445
0.0244433
0.0244423
0.0244465
0.0244471
0.0244493
0.0244496
0.0244464
0.024447
0.0244471
0.0244492
0.0244459
0.0244431
0.0244437
0.0244424
0.0244447
0.0244483
0.0244506
0.0244475
0.0244469
0.0244474
0.0244494
0.0244506
0.0244488
0.0244492
0.0244494
0.0244471
0.0244524
0.0244512
0.0244529
0.0244532
0.0244498
0.0244464
0.0244482
0.0244506
0.0244511
0.024454
0.024452
0.0244545
0.0244564
0.0244566
0.0244574
0.0244562
0.024455
0.024452
0.0244525
0.0244562
0.0244528
0.024455
0.0244568
0.0244541
0.0244563
0.0244564
0.0244549
0.0244516
0.0244525
0.0244567
0.0244554
0.0244524
0.024449
0.0244458
0.0244433
0.0244439
0.0244425
0.0244416
0.02444
0.0244427
0.0244431
0.0244433
0.0244414
0.0244433
0.0244437
0.024444
0.0244546
0.0244564
0.0244534
0.0244558
0.0244594
0.0244647
0.0244686
0.0244676
0.0244663
0.0244663
0.0244627
0.0244639
0.0244611
0.0244654
0.0244643
0.0244614
0.0244615
0.0244622
0.0244642
0.0244612
0.0244577
0.0244542
0.0244596
0.0244582
0.0244569
0.0244552
0.024452
0.0244521
0.0244512
0.0244504
0.0244492
0.0244496
0.0244478
0.0244553
0.0244537
0.0244541
0.0244533
0.0244556
0.0244559
0.024463
0.0244655
0.0244674
0.0244645
0.024463
0.0244618
0.0244659
0.0244696
0.0244679
0.0244664
0.024469
0.024468
0.0244681
0.0244681
0.0244668
0.0244686
0.0244656
0.0244643
0.0244615
0.0244652
0.024467
0.024469
0.0244701
0.0244761
0.0244749
0.0244789
0.0244779
0.0244747
0.0244767
0.0244772
0.0244778
0.0244777
0.0244808
0.0244777
0.0244761
0.0244764
0.0244789
0.0244791
0.0244845
0.0244899
0.0244939
0.0244976
0.0244995
0.0244984
0.0244975
0.0244995
0.0244996
0.0245
0.0245037
0.0245072
0.0245087
0.0245055
0.0245058
0.0245064
0.0245033
0.0245022
0.0245007
0.0244996
0.0244999
0.0245022
0.0245007
0.0244993
0.0245002
0.0244971
0.0244935
0.0244937
0.0244908
0.0244927
0.0244915
0.0244897
0.0244911
0.0244879
0.0244886
0.0244891
0.0244878
0.0244883
0.0244905
0.0244908
0.0244879
0.0244918
0.0244926
0.0244909
0.0244892
0.0244909
0.0244933
0.0244922
0.0244927
0.0244961
0.0245006
0.0244988
0.0244974
0.0245008
0.0244994
0.0244982
0.0245012
0.0244983
0.0244943
0.024493
0.0244931
0.0244949
0.0244945
0.0244947
0.0244908
0.0244879
0.0244867
0.0244862
0.0244865
0.024485
0.0244853
0.0244908
0.0244909
0.0244891
0.0244916
0.0244885
0.0244876
0.0244881
0.0244882
0.0244884
0.0244893
0.0244914
0.0244917
0.02449
0.0244935
0.0244953
0.024496
0.0244931
0.0244917
0.0244908
0.0244875
0.0244929
0.024495
0.0244951
0.0244974
0.0244958
0.0244923
0.0244921
0.024497
0.024499
0.0244989
0.0244962
0.0244948
0.0244914
0.0244906
0.0244889
0.0244916
0.0244955
0.0245009
0.0244997
0.0244999
0.0245003
0.0244994
0.0245032
0.0245035
0.0245023
0.0245109
0.0245132
0.0245098
0.0245136
0.0245156
0.0245163
0.0245171
0.0245207
0.0245208
0.0245224
0.0245216
0.0245208
0.0245211
0.0245199
0.0245204
0.0245223
0.0245191
0.0245194
0.0245185
0.0245208
0.0245189
0.0245194
0.0245303
0.024531
0.0245294
0.0245296
0.0245301
0.0245271
0.0245292
0.0245314
0.0245311
0.0245294
0.0245274
0.0245293
0.0245282
0.02453
0.0245286
0.0245293
0.0245269
0.0245311
0.0245302
0.0245324
0.0245295
0.0245282
0.0245302
0.0245287
0.024532
0.0245326
0.0245328
0.0245308
0.0245277
0.0245316
0.0245332
0.0245337
0.0245324
0.024534
0.0245326
0.0245398
0.0245366
0.0245371
0.0245361
0.0245361
0.024538
0.0245361
0.0245347
0.0245347
0.0245368
0.0245356
0.0245371
0.0245389
0.0245404
0.0245407
0.0245422
0.0245417
0.02454
0.0245387
0.0245407
0.0245375
0.0245408
0.0245373
0.0245409
0.024542
0.0245492
0.0245456
0.0245482
0.024547
0.0245476
0.0245475
0.0245457
0.0245431
0.0245403
0.0245381
0.0245404
0.0245391
0.0245364
0.0245414
0.0245423
0.0245406
0.0245422
0.0245421
0.0245422
0.0245422
0.024542
0.0245438
0.0245444
0.0245427
0.0245453
0.0245452
0.0245442
0.024546
0.0245466
0.0245439
0.0245419
0.0245409
0.02454
0.0245405
0.024542
0.0245389
0.0245412
0.0245382
0.0245402
0.0245407
0.0245409
0.0245409
0.0245394
0.0245395
0.0245394
0.0245381
0.0245387
0.0245377
0.024539
0.0245381
0.0245406
0.0245424
0.0245404
0.0245421
0.0245444
0.0245424
0.0245461
0.0245501
0.0245505
0.0245507
0.0245544
0.0245542
0.0245548
0.0245544
0.0245546
0.024552
0.0245513
0.0245495
0.0245499
0.0245489
0.0245496
0.0245469
0.0245453
0.0245422
0.0245406
0.0245377
0.0245357
0.0245327
0.0245298
0.0245282
0.0245249
0.0245253
0.0245222
0.024522
0.0245211
0.0245208
0.0245198
0.024517
0.0245178
0.0245184
0.0245178
0.0245197
0.0245231
0.0245249
0.0245234
0.0245235
0.024527
0.0245286
0.0245305
0.0245309
0.0245297
0.0245332
0.024535
0.0245319
0.0245341
0.0245348
0.0245336
0.0245322
0.0245326
0.0245313
0.0245283
0.0245301
0.0245314
0.0245293
0.0245329
0.0245313
0.0245316
0.0245299
0.0245302
0.0245323
0.0245328
0.024535
0.0245354
0.0245354
0.0245344
0.024533
0.0245335
0.0245301
0.0245308
0.0245275
0.024531
0.0245296
0.0245303
0.0245289
0.024526
0.0245258
0.0245248
0.024523
0.0245244
0.0245244
0.0245228
0.0245216
0.0245198
0.024517
0.0245158
0.0245161
0.0245162
0.0245145
0.0245144
0.0245127
0.024515
0.0245124
0.0245161
0.0245147
0.0245148
0.0245149
0.0245167
0.0245175
0.0245176
0.0245159
0.0245163
0.0245168
0.0245186
0.0245209
0.0245208
0.0245243
0.024522
0.0245207
0.0245198
0.0245168
0.0245139
0.024511
0.0245116
0.024513
0.0245149
0.024517
0.0245155
0.0245126
0.0245109
0.0245089
0.0245074
0.0245094
0.0245078
0.0245063
0.0245097
0.0245089
0.0245052
0.0245053
0.024507
0.0245072
0.0245044
0.0245058
0.0245047
0.0245068
0.0245091
0.0245058
0.0245049
0.0245056
0.0245027
0.0244999
0.0245007
0.0245027
0.0245016
0.024504
0.0245056
0.0245057
0.0245063
0.0245053
0.0245049
0.0245034
0.0245005
0.0245044
0.0245017
0.0245019
0.0245019
0.0244994
0.0244991
0.0244955
0.0244959
0.0244946
0.0244915
0.0244904
0.0244928
0.0244977
0.0244958
0.0244931
0.0244935
0.0244956
0.0244977
0.0244965
0.0244969
0.0244992
0.0244964
0.0244941
0.0244928
0.0244895
0.0244857
0.0244848
0.0244854
0.0244875
0.0244882
0.0244885
0.0244908
0.0244911
0.0244917
0.0244958
0.0244932
0.024493
0.0244954
0.024494
0.0244921
0.0244923
0.0244925
0.0244978
0.0244981
0.024502
0.0245039
0.0245059
0.0245095
0.0245083
0.0245136
0.0245129
0.0245121
0.0245126
0.0245129
0.0245129
0.0245117
0.0245119
0.024514
0.0245158
0.0245143
0.0245145
0.0245168
0.0245155
0.0245155
0.0245126
0.0245096
0.0245082
0.0245084
0.0245121
0.0245109
0.0245083
0.0245055
0.0245035
0.0245006
0.0245023
0.0245029
0.0245033
0.0245002
0.0244985
0.0245005
0.0244969
0.0244946
0.024493
0.0244916
0.0244882
0.0244873
0.0244839
0.0244805
0.0244823
0.0244793
0.0244767
0.0244755
0.0244768
0.0244753
0.0244773
0.0244824
0.024487
0.0244873
0.024491
0.0244882
0.0244909
0.024491
0.0244882
0.0244851
0.0244849
0.024482
0.0244823
0.0244813
0.02448
0.0244852
0.0244856
0.0244874
0.0244846
0.0244837
0.0244844
0.0244859
0.0244846
0.0244851
0.0244822
0.0244821
0.024484
0.0244835
0.0244823
0.024481
0.0244796
0.024478
0.0244743
0.0244777
0.024476
0.0244734
0.0244737
0.0244711
0.0244724
0.0244763
0.0244766
0.0244757
0.024478
0.0244787
0.0244827
0.0244809
0.0244818
0.0244821
0.0244864
0.0244866
0.0244895
0.0244883
0.024487
0.0244873
0.0244894
0.0244913
0.0244907
0.0244889
0.0244876
0.0244898
0.0244894
0.0244878
0.0244867
0.024485
0.0244854
0.0244853
0.0244839
0.0244844
0.0244814
0.0244824
0.0244805
0.0244788
0.024481
0.0244806
0.0244789
0.0244778
0.0244782
0.0244768
0.024476
0.0244761
0.0244763
0.0244736
0.0244774
0.0244797
0.024477
0.024474
0.0244741
0.0244747
0.0244766
0.0244768
0.0244738
0.0244776
0.0244797
0.0244763
0.0244763
0.0244834
0.0244822
0.0244798
0.0244767
0.0244736
0.0244708
0.0244678
0.0244696
0.0244714
0.0244732
0.0244718
0.0244723
0.0244747
0.0244736
0.0244743
0.0244746
0.024476
0.0244764
0.0244768
0.0244775
0.0244745
0.0244719
0.0244684
0.0244701
0.0244719
0.024472
0.0244723
0.0244707
0.0244711
0.0244701
0.0244738
0.0244771
0.0244758
0.0244761
0.0244731
0.0244733
0.0244716
0.0244735
0.0244727
0.0244706
0.0244729
0.024475
0.0244735
0.024471
0.0244713
0.0244736
0.0244755
0.0244759
0.0244753
0.0244768
0.0244778
0.0244769
0.0244806
0.0244787
0.0244763
0.0244756
0.0244774
0.024476
0.0244758
0.024474
0.0244725
0.0244707
0.024474
0.024478
0.0244863
0.0244833
0.0244857
0.024483
0.0244816
0.0244847
0.0244852
0.0244846
0.0244847
0.024485
0.0244838
0.024486
0.0244864
0.0244869
0.0244885
0.024487
0.0244877
0.0244875
0.0244905
0.0244907
0.0244896
0.0244913
0.024488
0.0244864
0.0244837
0.024481
0.0244815
0.02448
0.0244804
0.0244789
0.0244808
0.0244776
0.0244785
0.0244769
0.0244786
0.0244808
0.0244843
0.0244817
0.0244806
0.0244833
0.0244819
0.0244865
0.0244865
0.0244901
0.0244886
0.0244871
0.024487
0.0244921
0.024493
0.0244962
0.0244994
0.0244997
0.0244998
0.0245047
0.0245053
0.0245076
0.0245112
0.0245088
0.0245076
0.0245065
0.0245037
0.0245056
0.0245092
0.0245132
0.0245184
0.0245198
0.0245186
0.0245239
0.0245255
0.0245243
0.0245213
0.0245225
0.0245235
0.0245237
0.0245235
0.0245239
0.0245223
0.02452
0.024519
0.0245237
0.024521
0.0245181
0.0245169
0.0245176
0.0245179
0.0245198
0.0245194
0.0245196
0.0245167
0.024517
0.0245173
0.0245173
0.0245146
0.0245134
0.0245137
0.0245126
0.0245125
0.0245115
0.0245106
0.0245175
0.024518
0.0245185
0.0245187
0.0245175
0.0245146
0.0245136
0.0245106
0.0245121
0.0245124
0.0245128
0.0245118
0.0245103
0.0245123
0.0245094
0.0245093
0.0245112
0.0245178
0.0245177
0.0245179
0.0245166
0.0245187
0.0245175
0.0245182
0.0245202
0.0245185
0.0245201
0.0245207
0.0245259
0.0245327
0.0245324
0.0245311
0.0245295
0.0245286
0.0245287
0.0245257
0.0245239
0.0245208
0.0245226
0.0245246
0.0245231
0.024522
0.0245234
0.024527
0.024526
0.0245267
0.0245285
0.0245333
0.0245342
0.0245341
0.0245308
0.024533
0.0245317
0.0245318
0.0245313
0.0245297
0.0245282
0.024535
0.0245358
0.0245394
0.0245389
0.024538
0.0245366
0.0245401
0.0245401
0.0245367
0.0245343
0.0245333
0.0245325
0.0245296
0.0245312
0.0245333
0.0245355
0.0245327
0.0245312
0.0245283
0.0245314
0.0245308
0.0245298
0.0245283
0.0245272
0.0245238
0.0245242
0.024526
0.0245245
0.0245252
0.0245266
0.024525
0.0245265
0.0245268
0.0245238
0.0245212
0.02452
0.0245212
0.0245216
0.02452
0.0245174
0.0245145
0.0245135
0.0245127
0.0245162
0.0245133
0.0245119
0.0245119
0.0245125
0.0245115
0.0245121
0.0245126
0.0245173
0.0245178
0.0245202
0.0245223
0.0245208
0.0245203
0.0245206
0.0245178
0.0245184
0.0245172
0.0245171
0.0245204
0.0245187
0.0245161
0.0245183
0.0245212
0.0245203
0.0245204
0.0245192
0.0245194
0.0245176
0.0245196
0.0245197
0.0245227
0.0245233
0.02453
0.0245334
0.0245317
0.0245285
0.024535
0.0245356
0.0245347
0.0245336
0.0245322
0.02453
0.0245318
0.0245308
0.0245329
0.0245305
0.0245292
0.0245312
0.0245284
0.0245287
0.0245261
0.0245249
0.0245265
0.0245267
0.024527
0.0245272
0.0245305
0.0245332
0.02453
0.02453
0.0245289
0.0245294
0.0245278
0.0245301
0.024529
0.0245276
0.0245313
0.0245347
0.0245348
0.0245336
0.0245323
0.0245292
0.0245281
0.0245271
0.0245238
0.0245272
0.0245276
0.0245296
0.0245297
0.0245287
0.0245291
0.0245308
0.0245326
0.0245323
0.0245308
0.0245329
0.0245305
0.0245292
0.0245299
0.0245305
0.0245317
0.0245354
0.0245356
0.0245362
0.0245354
0.0245389
0.0245424
0.0245428
0.0245444
0.0245463
0.0245462
0.0245458
0.0245476
0.0245461
0.0245453
0.0245475
0.0245477
0.0245498
0.0245471
0.0245458
0.0245476
0.0245509
0.0245505
0.0245511
0.024556
0.0245533
0.0245511
0.0245516
0.0245535
0.0245532
0.0245541
0.0245544
0.024554
0.0245516
0.024552
0.0245488
0.0245526
0.0245531
0.024553
0.0245517
0.0245506
0.0245511
0.0245525
0.024551
0.0245519
0.0245521
0.0245634
0.0245619
0.02456
0.0245637
0.0245609
0.0245602
0.0245651
0.0245633
0.0245636
0.0245622
0.0245609
0.0245579
0.0245547
0.0245583
0.0245587
0.0245604
0.0245626
0.0245606
0.0245606
0.0245595
0.0245568
0.0245613
0.0245684
0.0245664
0.0245668
0.0245655
0.0245644
0.0245668
0.0245751
0.0245765
0.0245787
0.0245759
0.024575
0.0245798
0.0245769
0.0245839
0.0245825
0.0245832
0.0245823
0.0245855
0.0245843
0.0245815
0.0245829
0.0245831
0.0245819
0.0245818
0.0245815
0.0245813
0.0245847
0.0245881
0.0245886
0.0245904
0.0245905
0.0245936
0.0245914
0.0245906
0.0245927
0.0245901
0.0245904
0.0245905
0.0245893
0.0245893
0.0245877
0.0245896
0.0245912
0.0245902
0.0245874
0.0245863
0.0245864
0.0245865
0.0245837
0.0245808
0.0245827
0.0245803
0.0245837
0.0245835
0.0245838
0.0245819
0.0245854
0.0245856
0.0245831
0.0245823
0.0245837
0.0245812
0.0245818
0.0245874
0.0245862
0.0245848
0.0245851
0.0245859
0.0245848
0.0245867
0.0245867
0.0245831
0.024583
0.0245817
0.024583
0.02458
0.0245785
0.024577
0.0245804
0.0245788
0.0245777
0.0245784
0.0245757
0.0245747
0.0245747
0.0245766
0.0245785
0.0245769
0.0245769
0.0245746
0.0245717
0.0245687
0.0245723
0.0245728
0.0245731
0.0245701
0.0245677
0.0245662
0.0245686
0.0245702
0.0245677
0.0245692
0.0245724
0.0245724
0.0245707
0.0245696
0.0245696
0.024568
0.0245683
0.0245744
0.0245715
0.0245747
0.0245724
0.0245722
0.0245743
0.0245711
0.0245684
0.0245686
0.0245656
0.0245647
0.0245651
0.0245652
0.0245701
0.0245702
0.0245687
0.0245721
0.0245735
0.0245725
0.0245714
0.0245723
0.024569
0.0245677
0.0245675
0.0245676
0.0245667
0.0245683
0.0245655
0.024563
0.0245652
0.0245657
0.0245649
0.0245636
0.0245624
0.0245634
0.0245665
0.0245656
0.024564
0.024561
0.0245598
0.0245573
0.0245603
0.024559
0.0245586
0.0245604
0.0245625
0.0245592
0.0245606
0.0245581
0.0245611
0.0245631
0.0245619
0.0245621
0.0245624
0.0245647
0.0245645
0.0245629
0.0245666
0.0245666
0.0245651
0.0245625
0.0245604
0.0245597
0.0245596
0.0245613
0.0245606
0.0245584
0.0245561
0.0245549
0.0245536
0.0245527
0.0245561
0.0245623
0.024561
0.024564
0.0245673
0.0245701
0.024569
0.0245675
0.0245712
0.024571
0.0245695
0.0245698
0.0245671
0.0245658
0.0245633
0.0245651
0.024564
0.0245658
0.024566
0.0245667
0.0245638
0.0245628
0.0245629
0.0245601
0.0245589
0.0245565
0.0245587
0.0245577
0.0245567
0.0245543
0.0245556
0.024554
0.0245531
0.024552
0.0245514
0.0245503
0.024549
0.0245506
0.0245477
0.0245448
0.0245477
0.0245449
0.0245429
0.0245413
0.0245388
0.0245404
0.0245396
0.0245385
0.024542
0.0245405
0.0245409
0.0245381
0.0245386
0.0245389
0.0245388
0.0245373
0.024539
0.0245396
0.0245381
0.0245412
0.0245413
0.0245399
0.0245365
0.0245368
0.024535
0.0245337
0.0245383
0.0245383
0.0245431
0.0245433
0.0245421
0.0245467
0.024547
0.0245459
0.0245511
0.0245481
0.0245453
0.0245424
0.024543
0.0245401
0.0245386
0.0245374
0.0245344
0.0245346
0.024535
0.024537
0.0245372
0.0245369
0.0245363
0.0245351
0.0245371
0.0245352
0.0245322
0.0245351
0.024537
0.0245374
0.0245376
0.0245345
0.0245354
0.0245375
0.0245378
0.0245381
0.0245382
0.0245388
0.0245361
0.0245348
0.0245333
0.0245332
0.0245352
0.0245341
0.0245339
0.024535
0.024532
0.0245363
0.0245368
0.024534
0.0245321
0.0245306
0.0245306
0.0245338
0.0245359
0.024535
0.0245337
0.0245326
0.0245373
0.0245392
0.0245366
0.0245384
0.024536
0.0245365
0.024535
0.0245342
0.0245333
0.0245305
0.0245298
0.0245302
0.024528
0.024528
0.0245275
0.0245279
0.0245284
0.0245288
0.0245252
0.0245226
0.0245213
0.0245204
0.0245215
0.0245219
0.0245221
0.0245216
0.024525
0.0245256
0.0245235
0.0245255
0.0245244
0.0245229
0.0245246
0.0245215
0.0245187
0.0245158
0.0245161
0.0245149
0.0245154
0.0245127
0.0245096
0.0245082
0.0245057
0.0245028
0.0245027
0.0245016
0.024502
0.0245042
0.0245036
0.0245043
0.0245078
0.0245052
0.0245055
0.0245044
0.0245017
0.0245011
0.0245014
0.0245036
0.024507
0.024506
0.0245094
0.0245081
0.0245079
0.0245067
0.0245066
0.0245085
0.0245089
0.0245064
0.0245063
0.024505
0.0245068
0.0245071
0.0245077
0.0245077
0.0245068
0.0245047
0.0245052
0.0245048
0.0245063
0.0245035
0.0245038
0.0245041
0.0245031
0.0245047
0.0245039
0.0245014
0.0245032
0.024505
0.0245025
0.0244997
0.0245012
0.0244998
0.0245011
0.0245028
0.0245008
0.0244993
0.0244994
0.0244993
0.024501
0.0245014
0.0245007
0.0244997
0.024501
0.0244983
0.0244986
0.0244986
0.0244962
0.0244979
0.0244982
0.0244983
0.0244983
0.0244989
0.0244961
0.0244973
0.0244961
0.0244947
0.0244916
0.0244919
0.0244891
0.0244874
0.0244862
0.0244851
0.0244827
0.0244815
0.0244844
0.0244862
0.0244853
0.0244827
0.0244823
0.024484
0.0244827
0.024483
0.0244862
0.024487
0.0244842
0.0244829
0.0244808
0.0244785
0.0244801
0.0244795
0.0244786
0.0244792
0.0244797
0.0244798
0.0244795
0.0244803
0.024479
0.0244778
0.024478
0.0244782
0.0244787
0.0244819
0.024482
0.0244807
0.0244826
0.0244811
0.0244787
0.0244801
0.0244851
0.0244838
0.0244868
0.0244901
0.0244901
0.0244898
0.0244914
0.0244898
0.0244889
0.0244904
0.0244907
0.0244885
0.0244885
0.0244907
0.0244879
0.0244886
0.0244871
0.0244875
0.0244861
0.0244871
0.0244855
0.0244859
0.0244849
0.0244834
0.0244821
0.0244838
0.024487
0.02449
0.0244907
0.0244912
0.0244886
0.0244887
0.0244903
0.0244921
0.0244891
0.0244874
0.0244854
0.024487
0.0244862
0.0244869
0.0244876
0.0244862
0.0244851
0.0244855
0.0244832
0.0244808
0.024478
0.0244799
0.02448
0.0244807
0.0244777
0.0244779
0.0244753
0.0244785
0.0244772
0.0244745
0.0244728
0.0244746
0.0244751
0.0244778
0.0244746
0.0244738
0.0244729
0.0244734
0.0244738
0.0244728
0.024474
0.0244757
0.0244774
0.0244778
0.0244808
0.0244816
0.0244787
0.0244771
0.0244772
0.0244809
0.0244792
0.0244827
0.0244802
0.0244818
0.0244793
0.0244794
0.0244798
0.0244804
0.024482
0.0244822
0.0244805
0.0244773
0.0244765
0.0244784
0.0244788
0.0244795
0.0244777
0.0244752
0.0244729
0.0244699
0.0244673
0.0244661
0.0244654
0.0244656
0.0244642
0.0244616
0.0244648
0.0244651
0.0244632
0.0244624
0.0244628
0.0244631
0.0244676
0.0244665
0.024464
0.0244615
0.0244631
0.0244616
0.0244604
0.0244577
0.0244578
0.0244568
0.0244588
0.02446
0.0244603
0.0244603
0.0244663
0.0244694
0.0244684
0.02447
0.0244706
0.024469
0.0244709
0.0244695
0.0244689
0.024466
0.0244637
0.0244668
0.0244697
0.0244673
0.02447
0.0244701
0.0244676
0.024467
0.0244641
0.0244674
0.0244708
0.0244709
0.0244693
0.0244668
0.024465
0.0244639
0.0244647
0.0244638
0.0244614
0.024462
0.0244611
0.0244596
0.0244568
0.0244572
0.024459
0.0244595
0.0244568
0.0244557
0.0244575
0.0244583
0.0244573
0.0244547
0.0244516
0.0244505
0.0244509
0.02445
0.0244516
0.0244546
0.0244522
0.0244525
0.0244525
0.0244499
0.0244531
0.0244539
0.024456
0.0244552
0.0244544
0.0244514
0.0244533
0.024451
0.0244484
0.0244475
0.0244482
0.0244497
0.0244483
0.0244453
0.0244473
0.0244466
0.0244474
0.0244477
0.0244468
0.024447
0.0244504
0.0244512
0.0244516
0.02445
0.0244503
0.0244497
0.0244474
0.0244461
0.024445
0.0244437
0.0244427
0.0244397
0.024439
0.0244366
0.0244339
0.0244339
0.0244341
0.0244371
0.0244371
0.0244383
0.0244378
0.0244385
0.0244403
0.0244377
0.0244388
0.0244389
0.0244395
0.0244386
0.0244375
0.0244354
0.0244327
0.0244358
0.024439
0.0244378
0.0244366
0.0244352
0.0244341
0.0244346
0.0244333
0.0244338
0.0244338
0.0244357
0.0244331
0.0244337
0.0244322
0.0244312
0.0244344
0.0244359
0.0244362
0.024433
0.0244359
0.0244363
0.0244349
0.0244325
0.0244341
0.0244311
0.0244329
0.0244321
0.0244328
0.0244319
0.0244319
0.0244324
0.0244314
0.0244289
0.0244266
0.0244254
0.0244247
0.0244236
0.024421
0.0244244
0.0244276
0.0244296
0.0244312
0.0244362
0.0244367
0.0244367
0.0244359
0.0244357
0.0244379
0.0244381
0.0244366
0.0244358
0.0244345
0.0244363
0.0244371
0.0244384
0.0244391
0.0244411
0.0244445
0.0244461
0.0244466
0.0244464
0.0244435
0.0244429
0.0244475
0.0244502
0.0244491
0.0244485
0.0244486
0.0244461
0.0244446
0.024445
0.0244466
0.0244488
0.0244491
0.0244481
0.0244482
0.024451
0.0244529
0.0244526
0.0244544
0.0244559
0.0244529
0.0244503
0.0244491
0.0244478
0.0244468
0.0244457
0.0244462
0.0244451
0.0244427
0.02444
0.0244378
0.0244368
0.0244355
0.0244373
0.0244405
0.0244391
0.0244394
0.0244395
0.0244385
0.0244379
0.0244357
0.0244443
0.0244434
0.0244421
0.0244414
0.0244445
0.0244445
0.0244461
0.0244502
0.0244504
0.024456
0.0244545
0.0244536
0.024454
0.0244542
0.0244516
0.0244506
0.0244509
0.0244499
0.0244519
0.0244523
0.0244515
0.0244511
0.0244502
0.0244501
0.0244504
0.024452
0.0244511
0.0244538
0.0244539
0.024454
0.0244528
0.0244531
0.0244537
0.0244572
0.024456
0.0244552
0.0244526
0.0244545
0.0244548
0.0244551
0.0244554
0.0244538
0.0244542
0.0244533
0.0244563
0.0244599
0.0244603
0.0244578
0.0244585
0.0244558
0.0244546
0.0244571
0.0244598
0.0244574
0.0244591
0.0244591
0.0244582
0.0244598
0.0244587
0.0244592
0.024458
0.0244597
0.0244602
0.0244592
0.0244586
0.0244564
0.0244568
0.0244584
0.0244556
0.0244533
0.0244537
0.0244551
0.0244537
0.0244551
0.0244557
0.0244546
0.0244549
0.0244591
0.0244592
0.0244582
0.0244584
0.0244629
0.0244647
0.0244667
0.0244685
0.0244726
0.0244753
0.0244739
0.0244743
0.0244743
0.0244724
0.0244734
0.0244722
0.0244739
0.0244739
0.0244729
0.0244726
0.0244702
0.0244687
0.0244662
0.0244651
0.0244664
0.0244677
0.0244653
0.0244653
0.0244685
0.0244701
0.0244692
0.0244696
0.02447
0.0244711
0.0244732
0.0244749
0.0244759
0.0244747
0.0244764
0.0244735
0.0244712
0.0244705
0.0244732
0.0244732
0.0244731
0.0244734
0.0244734
0.0244732
0.0244719
0.0244709
0.0244705
0.0244691
0.0244721
0.024472
0.0244694
0.0244707
0.0244681
0.0244704
0.0244682
0.0244723
0.0244725
0.0244712
0.0244701
0.0244705
0.024468
0.024467
0.0244646
0.0244635
0.0244637
0.0244645
0.0244635
0.0244607
0.024459
0.024458
0.024458
0.0244567
0.0244582
0.0244603
0.0244579
0.0244557
0.0244568
0.0244546
0.0244556
0.024457
0.0244557
0.0244546
0.0244535
0.0244547
0.0244553
0.0244543
0.0244565
0.0244551
0.0244549
0.0244539
0.0244542
0.0244548
0.0244596
0.0244589
0.0244665
0.0244645
0.0244665
0.0244638
0.0244652
0.0244652
0.0244668
0.0244665
0.0244697
0.02447
0.0244699
0.0244718
0.0244704
0.0244722
0.024471
0.0244725
0.0244744
0.0244764
0.024477
0.024477
0.0244757
0.0244786
0.0244797
0.0244796
0.0244798
0.0244771
0.0244772
0.0244777
0.0244781
0.0244815
0.0244828
0.0244829
0.0244822
0.0244824
0.0244812
0.0244816
0.024482
0.0244808
0.0244798
0.0244816
0.0244817
0.0244834
0.0244824
0.0244809
0.0244795
0.0244795
0.0244797
0.0244794
0.0244802
0.0244816
0.0244788
0.0244776
0.0244776
0.0244763
0.0244757
0.0244744
0.0244724
0.0244725
0.0244709
0.0244714
0.0244734
0.0244704
0.0244694
0.0244679
0.0244669
0.0244643
0.0244667
0.0244662
0.0244678
0.0244669
0.0244659
0.0244637
0.0244629
0.0244646
0.0244677
0.0244679
0.0244679
0.0244693
0.0244712
0.0244686
0.024469
0.024467
0.0244685
0.0244673
0.0244703
0.0244747
0.0244749
0.0244753
0.0244764
0.0244752
0.0244749
0.0244734
0.0244709
0.02447
0.0244687
0.0244667
0.0244653
0.0244644
0.0244636
0.0244613
0.0244617
0.024462
0.024461
0.0244602
0.0244591
0.0244632
0.0244625
0.0244639
0.024461
0.0244597
0.0244602
0.0244604
0.0244591
0.0244608
0.0244641
0.0244632
0.0244623
0.0244604
0.0244606
0.0244594
0.0244571
0.0244587
0.0244564
0.0244582
0.0244597
0.0244596
0.0244618
0.0244603
0.0244594
0.0244601
0.0244591
0.0244602
0.0244608
0.024461
0.0244613
0.0244619
0.0244598
0.0244584
0.0244585
0.0244575
0.0244552
0.0244581
0.0244639
0.0244667
0.0244681
0.0244685
0.0244688
0.0244688
0.024468
0.0244697
0.0244689
0.0244679
0.024471
0.0244728
0.0244783
0.0244811
0.0244801
0.0244816
0.0244824
0.0244826
0.0244831
0.0244829
0.0244819
0.0244794
0.0244808
0.0244823
0.0244816
0.0244818
0.024482
0.0244826
0.0244814
0.0244814
0.0244803
0.0244795
0.0244808
0.0244797
0.0244785
0.0244761
0.0244752
0.0244733
0.0244708
0.02447
0.0244721
0.0244729
0.0244787
0.0244788
0.0244755
0.0244736
0.0244712
0.0244725
0.0244703
0.0244716
0.0244715
0.024472
0.0244714
0.0244717
0.0244707
0.0244701
0.0244692
0.0244664
0.0244683
0.0244711
0.0244728
0.0244759
0.0244735
0.0244724
0.0244699
0.0244701
0.0244705
0.0244693
0.0244699
0.0244714
0.0244717
0.0244717
0.0244724
0.0244715
0.0244732
0.024474
0.0244756
0.0244748
0.0244749
0.0244731
0.0244736
0.0244725
0.0244728
0.024472
0.0244749
0.0244755
0.024478
0.0244756
0.0244757
0.0244785
0.0244777
0.0244796
0.0244768
0.0244759
0.0244746
0.0244733
0.024475
0.024477
0.0244773
0.0244784
0.0244774
0.0244797
0.0244773
0.024475
0.0244782
0.0244795
0.0244762
0.0244765
0.0244757
0.0244762
0.0244792
0.024479
0.0244779
0.0244795
0.0244785
0.0244787
0.0244801
0.0244782
0.0244756
0.0244797
0.0244811
0.0244783
0.0244785
0.0244785
0.0244758
0.0244731
0.0244746
0.024479
0.0244776
0.024475
0.0244774
0.0244762
0.024478
0.0244798
0.0244825
0.0244826
0.024482
0.0244837
0.024488
0.0244908
0.02449
0.0244891
0.0244868
0.0244859
0.0244873
0.0244874
0.0244886
0.0244904
0.024489
0.0244896
0.0244954
0.0244957
0.0244957
0.0244955
0.024501
0.0245021
0.0245026
0.0245058
0.0245077
0.0245082
0.024511
0.0245093
0.0245072
0.0245059
0.0245074
0.0245061
0.0245057
0.0245076
0.0245066
0.0245044
