0.955193
0.793103
0.682274
0.5965
0.545199
0.512228
0.495846
0.493113
0.486139
0.480136
0.475435
0.466726
0.463543
0.460477
0.458237
0.456089
0.454751
0.453125
0.449432
0.444137
0.442454
0.440747
0.436572
0.436389
0.436928
0.433766
0.43164
0.431014
0.430934
0.430507
0.429524
0.427411
0.425561
0.424936
0.425128
0.423769
0.422519
0.421481
0.423513
0.423
0.42151
0.421302
0.420429
0.420127
0.418407
0.418525
0.418287
0.418735
0.418704
0.418694
0.417504
0.415382
0.414207
0.414193
0.41499
0.414785
0.413808
0.413854
0.414158
0.414644
0.414327
0.413603
0.414162
0.413659
0.41332
0.411922
0.4124
0.412798
0.412677
0.412344
0.411486
0.41154
0.411868
0.411711
0.411808
0.412167
0.412151
0.412444
0.413015
0.412848
0.412041
0.411611
0.411152
0.410909
0.411546
0.412259
0.412692
0.411972
0.411841
0.412114
0.411857
0.411846
0.412561
0.412845
0.41272
0.412778
0.412655
0.412577
0.412496
0.412045
0.411812
0.411535
0.411381
0.410727
0.410008
0.410026
0.409929
0.4102
0.410096
0.409968
0.409607
0.409861
0.410294
0.409581
0.409616
0.409873
0.409787
0.409859
0.410448
0.410617
0.411021
0.411091
0.411577
0.411304
0.41145
0.410781
0.411311
0.411579
0.411475
0.410889
0.410658
0.410657
0.411149
0.410975
0.410961
0.41104
0.410612
0.41051
0.410676
0.410553
0.410508
0.410983
0.410988
0.410993
0.410954
0.411108
0.411241
0.41135
0.410993
0.411076
0.411069
0.411313
0.410989
0.410961
0.410992
0.411311
0.411555
0.411513
0.411336
0.411458
0.411579
0.41178
0.411685
0.411769
0.412009
0.411838
0.411919
0.411814
0.411835
0.41182
0.411934
0.411963
0.412112
0.412091
0.412167
0.412024
0.412503
0.412567
0.412617
0.412721
0.412793
0.41304
0.413099
0.413201
0.413567
0.413574
0.41367
0.413319
0.413398
0.413143
0.413456
0.413355
0.413344
0.413348
0.41321
0.4134
0.413382
0.413092
0.413105
0.413003
0.413073
0.41304
0.412851
0.412747
0.413044
0.413017
0.413041
0.413042
0.412749
0.412853
0.413125
0.413142
0.413219
0.41303
0.413037
0.413351
0.413296
0.413352
0.413276
0.413289
0.413395
0.413511
0.413545
0.413429
0.413256
0.413224
0.413302
0.413141
0.413283
0.413419
0.413581
0.413794
0.413607
0.413409
0.413467
0.413585
0.4135
0.413416
0.413496
0.413288
0.41307
0.41308
0.41334
0.413267
0.413399
0.413298
0.413362
0.413745
0.413898
0.413925
0.41415
0.414178
0.414204
0.414444
0.414356
0.414417
0.414514
0.414386
0.41451
0.414303
0.414574
0.414595
0.414494
0.41445
0.414467
0.41436
0.414367
0.414395
0.41437
0.414379
0.414526
0.414657
0.414895
0.414966
0.415152
0.415208
0.415187
0.415144
0.415426
0.415471
0.415532
0.415556
0.415594
0.415745
0.415884
0.416022
0.416001
0.416154
0.416362
0.416495
0.416601
0.416835
0.416711
0.416736
0.416867
0.416904
0.416942
0.416969
0.416948
0.416981
0.41696
0.416939
0.416871
0.416946
0.416866
0.417022
0.417098
0.417058
0.417182
0.417252
0.417175
0.417173
0.417199
0.417396
0.417328
0.417472
0.417435
0.417413
0.417547
0.417785
0.4179
0.418182
0.418167
0.418422
0.418334
0.418343
0.418494
0.418531
0.418803
0.4188
0.419032
0.419249
0.4191
0.419188
0.419223
0.419326
0.419364
0.419517
0.419715
0.419553
0.419614
0.419559
0.419608
0.419726
0.419883
0.420086
0.420192
0.420286
0.420393
0.420503
0.420566
0.420731
0.420882
0.421042
0.421236
0.42126
0.42121
0.421381
0.421363
0.421495
0.421556
0.421567
0.421422
0.421445
0.42136
0.421355
0.421443
0.421507
0.421561
0.421755
0.421898
0.421958
0.421782
0.421871
0.422058
0.422016
0.422154
0.422254
0.42233
0.422423
0.422541
0.422627
0.422645
0.42261
0.422543
0.422632
0.422793
0.42283
0.422846
0.423051
0.423076
0.423032
0.423096
0.423187
0.423172
0.423424
0.423608
0.423756
0.423804
0.42381
0.423892
0.424002
0.424118
0.424184
0.424358
0.42455
0.424627
0.424791
0.424818
0.424746
0.424812
0.424909
0.425034
0.425087
0.42521
0.425307
0.425287
0.425304
0.425477
0.425526
0.425505
0.425591
0.425648
0.425679
0.425732
0.425734
0.42598
0.426004
0.426028
0.426077
0.426052
0.426377
0.426351
0.426604
0.426786
0.426937
0.427077
0.427148
0.427117
0.427218
0.427208
0.427247
0.427322
0.427264
0.427408
0.427462
0.42741
0.427324
0.427427
0.427425
0.427428
0.427323
0.427438
0.42745
0.427488
0.427513
0.427557
0.427656
0.427788
0.427801
0.427727
0.427822
0.427843
0.427787
0.427917
0.427951
0.428071
0.428097
0.428162
0.428094
0.428175
0.428273
0.428243
0.428284
0.428352
0.42835
0.428345
0.42833
0.428291
0.428396
0.428381
0.428509
0.428616
0.428741
0.429064
0.429014
0.429027
0.429068
0.429235
0.429344
0.429236
0.429239
0.429452
0.429547
0.429689
0.429655
0.429707
0.429708
0.429771
0.429902
0.430098
0.430196
0.430175
0.430239
0.430317
0.430372
0.430447
0.430347
0.430441
0.430379
0.430426
0.43046
0.430525
0.430504
0.430663
0.430826
0.430878
0.430961
0.430934
0.430824
0.430824
0.43081
0.430793
0.430856
0.430761
0.430838
0.430856
0.430949
0.43104
0.431201
0.431297
0.431382
0.431419
0.431422
0.431515
0.431433
0.431493
0.431488
0.431555
0.431505
0.431487
0.43159
0.431637
0.43163
0.431724
0.431639
0.43167
0.431677
0.431795
0.431806
0.431819
0.43179
0.431908
0.431891
0.431968
0.432
0.432039
0.432083
0.432106
0.432187
0.432197
0.432266
0.432259
0.432396
0.432464
0.43249
0.432428
0.432539
0.432678
0.432781
0.432787
0.432845
0.432997
0.432957
0.433084
0.4331
0.433225
0.433291
0.433383
0.433429
0.433548
0.433555
0.433617
0.433699
0.433701
0.433782
0.433945
0.434063
0.434166
0.434152
0.433988
0.43394
0.43404
0.434123
0.434186
0.434347
0.434385
0.434409
0.434414
0.434464
0.434452
0.434574
0.434632
0.434698
0.434757
0.434676
0.434843
0.434989
0.435137
0.435137
0.435263
0.435199
0.435225
0.435221
0.435219
0.435217
0.435386
0.435426
0.435491
0.435528
0.435529
0.435695
0.435726
0.435727
0.435663
0.435711
0.43576
0.435783
0.435818
0.435771
0.435893
0.436044
0.436125
0.436214
0.436288
0.436271
0.43627
0.436319
0.436427
0.436503
0.436542
0.436506
0.436548
0.43659
0.436666
0.436697
0.436736
0.436791
0.436767
0.436731
0.436841
0.436879
0.436945
0.436908
0.436942
0.436999
0.437056
0.437142
0.437175
0.437087
0.43709
0.437176
0.437186
0.437175
0.437192
0.437164
0.437234
0.437215
0.43723
0.437314
0.437328
0.437354
0.437403
0.437543
0.437508
0.437499
0.437627
0.437727
0.437762
0.437865
0.437951
0.43793
0.437989
0.438065
0.438034
0.438146
0.438237
0.438231
0.438297
0.438313
0.43829
0.43841
0.438393
0.438437
0.438447
0.438502
0.438443
0.438483
0.43854
0.43861
0.438697
0.438707
0.438788
0.4388
0.43876
0.438898
0.438872
0.43893
0.438964
0.438914
0.438927
0.439036
0.439106
0.43909
0.439198
0.439178
0.439166
0.439246
0.439314
0.439311
0.439314
0.439381
0.439445
0.439498
0.439533
0.439519
0.439535
0.439589
0.439621
0.439553
0.439672
0.439741
0.439763
0.43984
0.439813
0.439861
0.439817
0.439775
0.439875
0.439893
0.439863
0.439857
0.439924
0.439965
0.440072
0.440165
0.440271
0.440353
0.440322
0.440421
0.440455
0.440495
0.440547
0.440699
0.440786
0.440799
0.440826
0.440911
0.440984
0.441024
0.441037
0.441019
0.44101
0.440988
0.441055
0.441144
0.441195
0.441223
0.441217
0.441332
0.441362
0.441411
0.44145
0.441507
0.441561
0.441565
0.441642
0.441668
0.44162
0.441733
0.441786
0.441822
0.441905
0.441943
0.442036
0.442158
0.442234
0.442234
0.442353
0.442408
0.44247
0.442455
0.442524
0.442554
0.44251
0.442588
0.442629
0.442692
0.44278
0.442881
0.442913
0.442999
0.443072
0.443079
0.443074
0.443081
0.443069
0.443052
0.443032
0.443086
0.443164
0.443189
0.443238
0.443232
0.443282
0.4433
0.443341
0.443386
0.443385
0.443431
0.44349
0.443567
0.443578
0.443627
0.443645
0.443697
0.443747
0.443711
0.443762
0.443799
0.443867
0.443915
0.443982
0.443993
0.444056
0.444106
0.444162
0.444124
0.444127
0.444063
0.444081
0.444123
0.444162
0.444161
0.44414
0.444223
0.444239
0.444309
0.444335
0.444397
0.444389
0.444456
0.444509
0.444563
0.444598
0.444629
0.444658
0.444723
0.444766
0.444733
0.444759
0.444783
0.444824
0.444876
0.444933
0.444956
0.444986
0.445049
0.44514
0.445187
0.445241
0.445363
0.445428
0.445451
0.445529
0.445609
0.445652
0.445661
0.445704
0.445688
0.445713
0.445734
0.445748
0.445779
0.445809
0.445867
0.445908
0.445955
0.446011
0.446046
0.44613
0.446183
0.446201
0.44617
0.446237
0.446273
0.446295
0.44638
0.446401
0.446429
0.446486
0.44656
0.44661
0.446629
0.446702
0.446728
0.446776
0.446849
0.446891
0.446915
0.446994
0.44705
0.447178
0.447238
0.447255
0.447329
0.447399
0.447422
0.447407
0.447465
0.447495
0.447451
0.447492
0.447479
0.447523
0.447538
0.447509
0.44753
0.447547
0.447604
0.447659
0.44766
0.44769
0.447672
0.447732
0.447713
0.447742
0.447753
0.447792
0.447801
0.447801
0.44782
0.447838
0.447856
0.447852
0.447856
0.447891
0.44791
0.447904
0.447961
0.448065
0.448108
0.448132
0.448129
0.448168
0.448209
0.448221
0.448231
0.448211
0.448203
0.448265
0.448359
0.44841
0.448422
0.448436
0.448482
0.448535
0.448562
0.448605
0.448575
0.448602
0.448638
0.44861
0.448643
0.448603
0.448606
0.448598
0.448666
0.448707
0.448722
0.44865
0.448619
0.448656
0.448688
0.448712
0.448723
0.448713
0.448709
0.448738
0.448853
0.448892
0.448952
0.448988
0.448995
0.449071
0.449105
0.449193
0.449163
0.44918
0.449206
0.449241
0.449355
0.449391
0.449423
0.449459
0.449539
0.449506
0.449536
0.449602
0.4496
0.449637
0.449636
0.44964
0.449662
0.449697
0.44971
0.449787
0.449865
0.44982
0.44975
0.449882
0.449885
0.449896
0.449931
0.449965
0.449954
0.449979
0.45002
0.449997
0.45004
0.450053
0.450105
0.450153
0.45018
0.450197
0.450253
0.45031
0.450353
0.450443
0.450455
0.45046
0.450486
0.450493
0.450537
0.45049
0.450518
0.450532
0.450594
0.450587
0.450647
0.450641
0.450632
0.450659
0.45068
0.450694
0.450708
0.450731
0.450793
0.450835
0.450862
0.450906
0.450913
0.450911
0.450857
0.450879
0.45089
0.450945
0.450994
0.451056
0.451103
0.451124
0.45117
0.451178
0.451216
0.45126
0.451279
0.451274
0.451306
0.45138
0.451437
0.451458
0.451532
0.451587
0.451567
0.451578
0.451631
0.451654
0.451671
0.451748
0.451788
0.451792
0.451856
0.451887
0.451899
0.451925
0.451892
0.451859
0.451914
0.451945
0.45192
0.452069
0.452146
0.45215
0.452183
0.452215
0.452193
0.45219
0.452188
0.452128
0.452121
0.452141
0.452165
0.452223
0.452259
0.452253
0.452279
0.452281
0.452302
0.452256
0.452253
0.452266
0.452295
0.452354
0.452399
0.452378
0.452368
0.452396
0.452373
0.452351
0.452324
0.452399
0.452386
0.452375
0.452411
0.452461
0.452456
0.452353
0.452365
0.452383
0.452419
0.452435
0.452465
0.452449
0.452439
0.452452
0.452413
0.452416
0.452438
0.452456
0.45245
0.45248
0.452463
0.452486
0.452437
0.452449
0.452472
0.45245
0.452453
0.452471
0.452516
0.452504
0.452516
0.452535
0.452548
0.452549
0.452618
0.452669
0.452649
0.452684
0.452701
0.452711
0.452719
0.452747
0.452705
0.452699
0.452699
0.452691
0.45269
0.452729
0.452765
0.452824
0.452781
0.452794
0.45278
0.452827
0.452865
0.45289
0.452924
0.452969
0.453034
0.453034
0.453027
0.453023
0.453055
0.453094
0.453119
0.453107
0.453144
0.453234
0.453257
0.453253
0.45332
0.453299
0.453289
0.453309
0.453275
0.453209
0.453196
0.453251
0.453284
0.453295
0.453336
0.453394
0.453422
0.453378
0.453422
0.453409
0.453432
0.453419
0.45343
0.453454
0.453448
0.453505
0.453507
0.453485
0.453529
0.453517
0.453501
0.453525
0.453542
0.453549
0.4536
0.453643
0.453689
0.453717
0.453773
0.453816
0.453815
0.453817
0.453851
0.453871
0.453872
0.453898
0.453875
0.453888
0.45391
0.453972
0.453998
0.453943
0.453911
0.453922
0.453933
0.454006
0.454024
0.454037
0.454111
0.454113
0.45411
0.454117
0.45417
0.454171
0.454216
0.454193
0.454239
0.45434
0.454326
0.454395
0.454419
0.454423
0.45443
0.454451
0.454501
0.454533
0.454588
0.454534
0.454565
0.45459
0.454572
0.454598
0.454624
0.454649
0.454689
0.454734
0.454788
0.454816
0.454843
0.454875
0.454922
0.454971
0.454954
0.455009
0.455011
0.455032
0.455052
0.455095
0.455104
0.455141
0.455202
0.455254
0.45527
0.455303
0.455309
0.455308
0.45535
0.455397
0.455467
0.455452
0.455426
0.455431
0.455448
0.45546
0.455476
0.455507
0.455507
0.455556
0.455554
0.455591
0.455599
0.455654
0.455673
0.455744
0.455743
0.455726
0.455729
0.455765
0.455769
0.45574
0.455764
0.455797
0.455818
0.455851
0.455859
0.45592
0.455936
0.455931
0.455954
0.455952
0.456002
0.456035
0.456063
0.456078
0.456059
0.456049
0.456066
0.456104
0.456149
0.456185
0.456152
0.456189
0.456229
0.456225
0.456253
0.456301
0.456319
0.456317
0.456312
0.456301
0.456349
0.456375
0.4564
0.456469
0.456464
0.456506
0.45653
0.456597
0.456622
0.45659
0.456619
0.456591
0.456577
0.456587
0.456623
0.456638
0.456643
0.456666
0.456717
0.456736
0.456769
0.456797
0.456842
0.456837
0.456854
0.456836
0.456829
0.456824
0.456839
0.456886
0.456862
0.456892
0.456886
0.456896
0.456921
0.456927
0.456916
0.456976
0.456968
0.457006
0.457003
0.45699
0.457057
0.457064
0.457058
0.457045
0.457035
0.457079
0.457118
0.457109
0.45714
0.457199
0.457262
0.457283
0.457335
0.457354
0.45737
0.457361
0.457354
0.457332
0.457367
0.457326
0.457364
0.457385
0.457428
0.457437
0.457498
0.457499
0.457492
0.457474
0.457452
0.457427
0.457408
0.457442
0.457448
0.457425
0.457498
0.457538
0.457512
0.457536
0.457547
0.457518
0.45752
0.457506
0.457498
0.457516
0.457565
0.457541
0.457543
0.457578
0.457623
0.457649
0.457668
0.457659
0.457727
0.457753
0.457773
0.457768
0.457811
0.457832
0.457884
0.45789
0.457901
0.457961
0.457965
0.457976
0.458026
0.458053
0.458053
0.458048
0.458088
0.458079
0.458077
0.45816
0.458196
0.458214
0.458242
0.458242
0.458259
0.45825
0.458252
0.458228
0.458233
0.458227
0.458227
0.458223
0.458245
0.458242
0.458256
0.458299
0.458354
0.458405
0.458421
0.458372
0.458393
0.458394
0.458389
0.458403
0.458415
0.458468
0.458492
0.458499
0.458519
0.45854
0.458521
0.45853
0.458569
0.45859
0.458602
0.458653
0.458677
0.458698
0.458727
0.458751
0.458775
0.458791
0.458814
0.45885
0.458814
0.458824
0.458864
0.45889
0.458936
0.458919
0.458949
0.45895
0.458936
0.458941
0.458963
0.458967
0.459046
0.459038
0.459026
0.459042
0.459095
0.459186
0.459225
0.459222
0.459187
0.459207
0.459226
0.459223
0.459236
0.45928
0.459343
0.459335
0.459315
0.459327
0.459356
0.459396
0.459392
0.459426
0.459422
0.459453
0.459421
0.459437
0.459432
0.459467
0.459507
0.459534
0.459539
0.45957
0.459597
0.459596
0.459597
0.4596
0.459606
0.459608
0.459661
0.459676
0.459658
0.459666
0.459659
0.459663
0.459673
0.459686
0.459717
0.459723
0.459745
0.45976
0.459777
0.459776
0.459836
0.459882
0.459905
0.459904
0.459901
0.459903
0.45992
0.45996
0.459972
0.459962
0.459944
0.459938
0.459951
0.459963
0.45998
0.460015
0.460038
0.460052
0.460065
0.4601
0.460105
0.46015
0.460174
0.460204
0.460246
0.460257
0.460255
0.460267
0.460267
0.460237
0.46023
0.460265
0.460307
0.460302
0.460284
0.460308
0.460316
0.46029
0.460289
0.460262
0.460322
0.460322
0.460331
0.460317
0.460303
0.460353
0.460327
0.46033
0.460351
0.460379
0.460423
0.460411
0.460397
0.460483
0.460517
0.460511
0.460486
0.4605
0.460511
0.460504
0.4605
0.460552
0.460592
0.460569
0.460579
0.460603
0.460633
0.460602
0.460617
0.46062
0.460653
0.46071
0.460722
0.460747
0.460766
0.460773
0.460774
0.460742
0.46072
0.460732
0.460743
0.460791
0.460835
0.460876
0.460895
0.460898
0.460892
0.460932
0.460938
0.460937
0.46098
0.461002
0.460987
0.46099
0.460997
0.461041
0.461059
0.461014
0.461017
0.461057
0.461129
0.461151
0.46118
0.46116
0.461164
0.461175
0.461154
0.461191
0.461162
0.461168
0.461188
0.461224
0.461239
0.46126
0.461278
0.461262
0.461273
0.461273
0.461275
0.461284
0.461289
0.461285
0.461308
0.461311
0.461317
0.461342
0.461339
0.4614
0.46142
0.461401
0.461432
0.461451
0.461455
0.461456
0.461437
0.461441
0.461441
0.461436
0.461434
0.461445
0.461432
0.461472
0.461473
0.461493
0.461494
0.461518
0.461561
0.461582
0.4616
0.461584
0.461598
0.461598
0.461606
0.46159
0.461596
0.461611
0.461626
0.461637
0.46164
0.461663
0.461709
0.461734
0.46175
0.461763
0.461764
0.46174
0.461763
0.461796
0.461852
0.461857
0.46187
0.461837
0.461836
0.461846
0.461803
0.461851
0.461896
0.461908
0.461887
0.461883
0.461924
0.461972
0.461966
0.462003
0.462004
0.462024
0.462016
0.462001
0.462012
0.461987
0.462011
0.462025
0.462041
0.462057
0.462043
0.462086
0.462086
0.462093
0.462112
0.46212
0.46214
0.462158
0.462187
0.462205
0.462207
0.462202
0.462177
0.462197
0.462218
0.462218
0.462221
0.462232
0.462279
0.462304
0.46231
0.462348
0.462332
0.462309
0.46233
0.462347
0.462344
0.46234
0.462369
0.462412
0.462428
0.46244
0.462414
0.462423
0.462423
0.462437
0.462424
0.462433
0.462416
0.462429
0.462415
0.462437
0.462474
0.462457
0.462435
0.46244
0.462469
0.462488
0.462508
0.462507
0.462534
0.462546
0.46256
0.462568
0.462584
0.462584
0.462577
0.462605
0.462616
0.462619
0.46262
0.462629
0.462619
0.462651
0.462655
0.46268
0.462693
0.462708
0.462735
0.462767
0.462783
0.462787
0.4628
0.462809
0.462819
0.462844
0.462846
0.462841
0.46286
0.462878
0.462846
0.462856
0.462886
0.462895
0.462965
0.462989
0.46298
0.462993
0.462971
0.462993
0.462994
0.463
0.462986
0.463029
0.463049
0.463029
0.463034
0.463018
0.463019
0.463019
0.463031
0.46303
0.463053
0.463099
0.463129
0.46318
0.46321
0.463161
0.463146
0.463136
0.463144
0.463126
0.46313
0.463113
0.463124
0.463158
0.463162
0.463178
0.463201
0.463191
0.463207
0.463181
0.463204
0.463192
0.463224
0.463213
0.463212
0.463205
0.463226
0.463245
0.463261
0.46331
0.463313
0.463327
0.463337
0.463334
0.463356
0.463351
0.463342
0.463347
0.463342
0.463349
0.463389
0.463397
0.463385
0.463412
0.463443
0.463475
0.463519
0.463538
0.463558
0.463577
0.463568
0.463549
0.463562
0.463549
0.463564
0.463587
0.463586
0.46361
0.463646
0.463626
0.463643
0.463661
0.463692
0.463683
0.463708
0.46372
0.463672
0.463683
0.463723
0.463779
0.463788
0.463815
0.463802
0.463795
0.463855
0.463884
0.46389
0.463896
0.463909
0.463937
0.463896
0.463929
0.463923
0.463929
0.463948
0.463962
0.463985
0.464007
0.464007
0.464008
0.464002
0.464016
0.463989
0.464011
0.464015
0.464058
0.464085
0.464093
0.464122
0.464114
0.464134
0.464152
0.464182
0.464216
0.464268
0.464282
0.464287
0.464316
0.464296
0.464328
0.464285
0.464302
0.464312
0.464305
0.464291
0.464298
0.464281
0.464275
0.464318
0.464341
0.464325
0.464327
0.464359
0.464403
0.464395
0.4644
0.464397
0.464423
0.46445
0.464474
0.464508
0.464488
0.464518
0.464534
0.464532
0.464556
0.464566
0.464591
0.464591
0.464624
0.464648
0.46466
0.464689
0.464703
0.464727
0.464736
0.464748
0.464772
0.464797
0.464792
0.464819
0.464778
0.464789
0.464804
0.464842
0.464849
0.464875
0.464866
0.464876
0.46486
0.464873
0.464911
0.464922
0.464954
0.464981
0.465016
0.465022
0.465039
0.465061
0.465079
0.465074
0.465071
0.465051
0.465055
0.465056
0.465069
0.465109
0.465101
0.465115
0.465128
0.465162
0.465194
0.465211
0.46521
0.465235
0.465254
0.465257
0.46528
0.465309
0.465327
0.465326
0.465308
0.465333
0.465326
0.465319
0.46529
0.465283
0.465291
0.465287
0.465279
0.465275
0.465303
0.465309
0.46528
0.465284
0.465292
0.46531
0.465305
0.465327
0.46533
0.465344
0.465372
0.465398
0.465387
0.465367
0.465385
0.465405
0.465383
0.46538
0.465402
0.465435
0.465463
0.465472
0.465449
0.465459
0.465483
0.465505
0.46551
0.465516
0.465512
0.465514
0.465496
0.465547
0.465565
0.465582
0.465594
0.465616
0.465621
0.465619
0.465629
0.465628
0.465652
0.465674
0.465708
0.465736
0.465771
0.465782
0.465825
0.465843
0.46583
0.465835
0.465847
0.465858
0.465846
0.465833
0.465846
0.465885
0.46588
0.465922
0.465903
0.465936
0.465964
0.465953
0.465946
0.465977
0.465986
0.466008
0.465993
0.465998
0.466009
0.466051
0.466055
0.466052
0.466052
0.466052
0.466053
0.466043
0.466035
0.466045
0.466068
0.466105
0.466108
0.46612
0.466112
0.466129
0.46614
0.46613
0.466165
0.466183
0.46618
0.466191
0.466206
0.466251
0.466239
0.466236
0.466252
0.466284
0.466299
0.466308
0.46633
0.466348
0.466362
0.466355
0.466379
0.466393
0.466355
0.466345
0.466329
0.466364
0.466388
0.466383
0.466395
0.466399
0.466425
0.466446
0.466434
0.466463
0.466472
0.466467
0.466517
0.466559
0.466556
0.466581
0.466613
0.466612
0.466633
0.466635
0.466641
0.466642
0.466658
0.466684
0.466718
0.466742
0.466739
0.466777
0.466802
0.466817
0.466846
0.466863
0.466876
0.46688
0.466893
0.466895
0.466911
0.466929
0.466903
0.466929
0.466935
0.466948
0.466965
0.466958
0.466981
0.46696
0.466979
0.466993
0.467013
0.467023
0.467043
0.467025
0.467035
0.467049
0.467054
0.467072
0.467084
0.467064
0.467078
0.467077
0.467106
0.467116
0.467109
0.467113
0.46711
0.467128
0.467132
0.467125
0.467123
0.467113
0.467105
0.4671
0.467073
0.467093
0.467095
0.467083
0.467091
0.467106
0.467097
0.467096
0.467081
0.467082
0.467085
0.467106
0.467101
0.467107
0.467104
0.467115
0.467136
0.467151
0.467168
0.467194
0.467234
0.467251
0.467269
0.467268
0.467279
0.467288
0.467304
0.467299
0.467302
0.46732
0.467319
0.467331
0.467347
0.467337
0.467347
0.467338
0.467346
0.467344
0.467381
0.467374
0.467361
0.467368
0.467378
0.467416
0.467399
0.467418
0.467446
0.467478
0.467473
0.467472
0.467474
0.467481
0.467512
0.46752
0.467553
0.46754
0.467532
0.467522
0.467527
0.467539
0.467563
0.467593
0.467612
0.467665
0.46768
0.467712
0.467731
0.467741
0.467777
0.467789
0.467808
0.467828
0.467851
0.467873
0.467874
0.467868
0.467869
0.467863
0.467887
0.467914
0.467921
0.46796
0.467991
0.467975
0.46797
0.467994
0.468007
0.467994
0.468019
0.468021
0.468034
0.468047
0.468072
0.468082
0.468077
0.468045
0.468042
0.468083
0.468105
0.468137
0.468167
0.468186
0.468179
0.468172
0.468193
0.468198
0.468204
0.468243
0.468248
0.468282
0.468299
0.468307
0.468324
0.468336
0.468331
0.468347
0.46834
0.46836
0.468373
0.468391
0.468404
0.468381
0.468372
0.468372
0.468373
0.468382
0.468381
0.468389
0.468403
0.468405
0.468431
0.468463
0.468472
0.468472
0.46848
0.46847
0.468479
0.468506
0.46852
0.468519
0.468514
0.468519
0.468531
0.468532
0.46852
0.468546
0.468572
0.468573
0.46861
0.468615
0.468641
0.468643
0.468636
0.468676
0.468688
0.4687
0.468722
0.46873
0.46873
0.468742
0.468751
0.468756
0.468774
0.46878
0.468784
0.468801
0.468809
0.468838
0.468854
0.468888
0.468887
0.46889
0.468894
0.468916
0.468931
0.468944
0.468941
0.468951
0.46894
0.468981
0.468996
0.469021
0.469037
0.469018
0.469027
0.469037
0.469044
0.469043
0.469048
0.469029
0.469046
0.46905
0.469075
0.469109
0.469138
0.469159
0.469155
0.469185
0.469194
0.469215
0.469241
0.469256
0.469272
0.469286
0.469293
0.469331
0.469363
0.469369
0.469379
0.469379
0.469385
0.469394
0.469401
0.469392
0.46941
0.469423
0.469439
0.469433
0.469437
0.469453
0.469477
0.469486
0.46951
0.469508
0.469505
0.469513
0.469534
0.469543
0.469582
0.469592
0.469627
0.469629
0.469645
0.469666
0.469689
0.469702
0.469698
0.46968
0.469678
0.469703
0.469718
0.469744
0.469758
0.469784
0.469824
0.469837
0.469858
0.469859
0.469904
0.469936
0.469949
0.469972
0.469988
0.470013
0.470006
0.470017
0.470031
0.470047
0.470038
0.470034
0.470048
0.470059
0.470083
0.470094
0.470092
0.470119
0.470114
0.470113
0.470154
0.470191
0.470202
0.470239
0.470252
0.470276
0.470278
0.470303
0.470303
0.470314
0.470348
0.470362
0.470395
0.470421
0.470411
0.470431
0.470457
0.470472
0.470476
0.470492
0.4705
0.470535
0.470585
0.470608
0.470638
0.470674
0.470685
0.470707
0.470721
0.470735
0.470753
0.470776
0.470803
0.470817
0.470811
0.470831
0.470868
0.470895
0.470907
0.470915
0.470937
0.470934
0.470958
0.470989
0.471007
0.471015
0.471041
0.471064
0.471054
0.471062
0.47107
0.471101
0.471136
0.471124
0.471144
0.471151
0.471155
0.471166
0.471171
0.471188
0.47118
0.471219
0.471215
0.471217
0.47121
0.471222
0.471249
0.471265
0.471251
0.471254
0.471267
0.471264
0.471282
0.471292
0.471319
0.471335
0.471347
0.471349
0.471345
0.471355
0.471378
0.471371
0.47139
0.471414
0.471422
0.47142
0.471425
0.471456
0.471452
0.471474
0.471494
0.471483
0.471518
0.471536
0.471542
0.471544
0.471564
0.471595
0.471598
0.471631
0.471627
0.471626
0.471643
0.471647
0.471659
0.47166
0.471662
0.471677
0.471689
0.471713
0.47174
0.471738
0.471738
0.471739
0.471747
0.471729
0.471736
0.471763
0.47176
0.471779
0.471767
0.471777
0.471768
0.471784
0.471806
0.471797
0.471792
0.471805
0.471832
0.47184
0.47182
0.471845
0.471877
0.471881
0.471915
0.471941
0.471964
0.471985
0.471999
0.472004
0.47202
0.47202
0.472033
0.472039
0.472055
0.472071
0.472074
0.472071
0.472087
0.472091
0.472094
0.472117
0.472147
0.472165
0.47218
0.4722
0.472227
0.472229
0.472268
0.472301
0.47231
0.472325
0.472343
0.472352
0.472351
0.472364
0.472358
0.472407
0.47242
0.472427
0.472449
0.472462
0.472465
0.472444
0.472463
0.472489
0.472496
0.472489
0.472491
0.472495
0.472505
0.472509
0.472506
0.47252
0.472514
0.472521
0.472548
0.47255
0.472582
0.472601
0.472617
0.472628
0.472618
0.472597
0.472577
0.472584
0.47261
0.47262
0.472641
0.472671
0.472672
0.472669
0.472685
0.472696
0.472696
0.472703
0.472721
0.472748
0.472721
0.472732
0.472743
0.472765
0.472776
0.472781
0.472781
0.472804
0.47282
0.472855
0.472874
0.472868
0.472873
0.472874
0.472898
0.472905
0.472906
0.472907
0.472922
0.472928
0.472941
0.472921
0.472924
0.472923
0.472919
0.472929
0.47295
0.472971
0.47298
0.472978
0.472973
0.472979
0.473006
0.472997
0.473001
0.472988
0.473013
0.473022
0.473033
0.473019
0.47302
0.473014
0.473008
0.473005
0.473008
0.473031
0.473033
0.47304
0.473058
0.473079
0.47307
0.473095
0.473106
0.473131
0.473161
0.473174
0.473191
0.47321
0.47321
0.473212
0.473225
0.473199
0.47322
0.473209
0.473221
0.473212
0.473234
0.473235
0.47323
0.47328
0.473296
0.473294
0.473324
0.473345
0.473344
0.473342
0.473365
0.473397
0.473403
0.473419
0.473437
0.473437
0.473444
0.473475
0.473489
0.473499
0.473484
0.473476
0.473496
0.473515
0.473515
0.473533
0.473544
0.473569
0.473583
0.473568
0.473554
0.473564
0.473592
0.473575
0.473582
0.47359
0.473591
0.473599
0.47361
0.473636
0.473661
0.473681
0.473706
0.473714
0.473753
0.47376
0.47376
0.473772
0.473788
0.473787
0.473809
0.473818
0.473829
0.473815
0.473839
0.473855
0.473873
0.47389
0.473883
0.473897
0.473913
0.473903
0.473914
0.473925
0.473915
0.473931
0.473928
0.47394
0.473935
0.473928
0.473937
0.473961
0.473961
0.473941
0.473945
0.473962
0.473974
0.473992
0.474006
0.474019
0.474032
0.474038
0.474062
0.474078
0.474111
0.474107
0.474114
0.474118
0.474135
0.474149
0.47417
0.474184
0.474197
0.474201
0.474198
0.474216
0.474216
0.474216
0.47425
0.474263
0.474278
0.474281
0.474299
0.474282
0.474301
0.474321
0.474315
0.474337
0.474339
0.474358
0.47436
0.474341
0.474341
0.474339
0.474354
0.474387
0.474395
0.474429
0.47445
0.474449
0.474473
0.474477
0.474483
0.474486
0.474501
0.474526
0.474541
0.47455
0.474551
0.474558
0.474578
0.474602
0.474587
0.474595
0.474588
0.474576
0.474601
0.474581
0.474588
0.474597
0.474597
0.474608
0.474594
0.474597
0.474595
0.47462
0.474633
0.474639
0.474639
0.474654
0.474673
0.474681
0.474681
0.474701
0.474702
0.47472
0.474731
0.474758
0.474758
0.474781
0.474799
0.474808
0.474812
0.474809
0.47482
0.474827
0.474837
0.474875
0.474892
0.474902
0.474903
0.474913
0.47492
0.474938
0.47494
0.474978
0.475009
0.475033
0.475047
0.475054
0.475069
0.475085
0.475116
0.47511
0.475123
0.475123
0.475134
0.475144
0.475158
0.475169
0.47517
0.475186
0.475219
0.475226
0.475227
0.475246
0.475254
0.475288
0.475295
0.475309
0.475324
0.475327
0.475341
0.475332
0.475348
0.475369
0.475376
0.475381
0.475377
0.475369
0.47537
0.475384
0.475395
0.475406
0.475412
0.475421
0.475448
0.475468
0.475486
0.475497
0.475509
0.475495
0.475519
0.475539
0.475538
0.475564
0.475587
0.475603
0.475613
0.475618
0.475617
0.47565
0.475654
0.475663
0.475679
0.47567
0.47568
0.475707
0.475709
0.475717
0.475726
0.475743
0.475746
0.475748
0.475748
0.47576
0.475773
0.475759
0.475756
0.475762
0.475773
0.475796
0.475794
0.475806
0.475809
0.475818
0.475837
0.475861
0.475882
0.475891
0.475913
0.475913
0.475917
0.475907
0.475908
0.475915
0.475926
0.475949
0.475941
0.475963
0.475959
0.47596
0.475972
0.475978
0.475988
0.475995
0.476007
0.476016
0.476034
0.47606
0.476047
0.476059
0.476052
0.476069
0.476089
0.476099
0.476106
0.476105
0.476132
0.476154
0.476159
0.476162
0.476181
0.476191
0.476188
0.476195
0.476206
0.476216
0.476252
0.476258
0.476252
0.476247
0.476271
0.476269
0.476302
0.4763
0.476312
0.476333
0.476355
0.476376
0.47639
0.4764
0.476413
0.476425
0.476444
0.476428
0.47643
0.476441
0.476421
0.476421
0.476431
0.476429
0.476437
0.476437
0.476449
0.476464
0.476471
0.476454
0.476466
0.476482
0.476505
0.476512
0.476521
0.476548
0.476563
0.476593
0.476599
0.476602
0.47661
0.476635
0.476632
0.47663
0.476636
0.476658
0.476672
0.47668
0.476689
0.476685
0.476691
0.476712
0.476713
0.476719
0.476728
0.476731
0.476735
0.47674
0.476744
0.476731
0.476749
0.476758
0.47677
0.476798
0.476807
0.476821
0.476835
0.476847
0.476849
0.476863
0.47688
0.476911
0.476922
0.476932
0.476935
0.476941
0.476961
0.476962
0.476969
0.476975
0.476969
0.476982
0.476975
0.476979
0.476993
0.47701
0.477003
0.477015
0.477025
0.477037
0.477071
0.477091
0.477103
0.477102
0.477115
0.477124
0.477134
0.477134
0.477161
0.477162
0.477157
0.47714
0.47715
0.477154
0.477159
0.477162
0.477163
0.477172
0.477181
0.477189
0.477182
0.477199
0.477219
0.477235
0.477251
0.477251
0.477247
0.477265
0.477276
0.47728
0.477284
0.477293
0.477306
0.477341
0.47736
0.477366
0.477383
0.47739
0.477393
0.477412
0.477425
0.477419
0.477432
0.477449
0.477451
0.477461
0.477456
0.477455
0.477477
0.477483
0.477482
0.477501
0.477493
0.477507
0.477527
0.477525
0.477534
0.477549
0.477555
0.477556
0.477584
0.477598
0.477612
0.477618
0.477626
0.477625
0.477658
0.477673
0.47769
0.477699
0.477718
0.477736
0.477756
0.477772
0.477786
0.477784
0.477799
0.477819
0.477822
0.477827
0.477837
0.477842
0.477839
0.477853
0.477865
0.477903
0.477919
0.477933
0.477934
0.477937
0.477938
0.477938
0.477938
0.477953
0.477973
0.477992
0.477994
0.477988
0.478019
0.478
0.478015
0.478034
0.478043
0.478064
0.478057
0.478055
0.478071
0.478084
0.478087
0.478091
0.478088
0.478081
0.478084
0.478074
0.478062
0.478066
0.478078
0.478093
0.478071
0.47808
0.478093
0.478095
0.478119
0.478127
0.478124
0.478134
0.478144
0.478163
0.478168
0.47818
0.478165
0.478174
0.478191
0.478213
0.478224
0.478223
0.478229
0.478247
0.478258
0.478282
0.478284
0.478295
0.478312
0.478315
0.478322
0.478328
0.478354
0.478356
0.47835
0.478355
0.478348
0.478347
0.478339
0.478348
0.478343
0.478342
0.478349
0.478363
0.478374
0.478386
0.478401
0.478404
0.47841
0.478408
0.478409
0.478422
0.478438
0.478451
0.478446
0.478455
0.478462
0.478492
0.478506
0.478507
0.478523
0.478517
0.478543
0.478551
0.47856
0.478572
0.478568
0.478587
0.478608
0.47861
0.47863
0.478629
0.478625
0.478638
0.478654
0.47866
0.478664
0.478673
0.478663
0.478682
0.478696
0.478712
0.47873
0.478739
0.478736
0.478753
0.478779
0.478791
0.478807
0.478817
0.478816
0.47883
0.478853
0.478867
0.478887
0.478894
0.478894
0.478903
0.478929
0.478942
0.478945
0.478939
0.478948
0.478942
0.478936
0.478941
0.478952
0.47895
0.478969
0.478966
0.478984
0.478976
0.478987
0.478966
0.478991
0.479004
0.479017
0.479041
0.47906
0.47907
0.479085
0.479117
0.479131
0.479142
0.479138
0.479139
0.47915
0.479155
0.479162
0.479156
0.479175
0.479188
0.479209
0.479212
0.47922
0.47923
0.479242
0.479257
0.479259
0.479263
0.479275
0.479295
0.479296
0.479321
0.479335
0.47934
0.479341
0.479353
0.479362
0.47939
0.479389
0.479397
0.479414
0.479442
0.479458
0.479452
0.479441
0.479459
0.479461
0.479453
0.479487
0.479491
0.479495
0.479501
0.479505
0.479515
0.479533
0.479537
0.479532
0.479541
0.479542
0.47954
0.479559
0.479568
0.479584
0.479599
0.479627
0.479643
0.479662
0.479667
0.479664
0.479668
0.47968
0.4797
0.479724
0.479735
0.47975
0.479751
0.479753
0.479761
0.47976
0.479773
0.479778
0.479792
0.479801
0.4798
0.479803
0.479806
0.479812
0.47983
0.479844
0.479874
0.479876
0.479891
0.479896
0.479913
0.479917
0.479906
0.479914
0.47993
0.47995
0.479971
0.479996
0.47999
0.479988
0.479995
0.479999
0.480017
0.480023
0.480034
0.480044
0.480045
0.480059
0.48007
0.480083
0.480098
0.480109
0.480112
0.480104
0.480118
0.480147
0.480152
0.480157
0.48016
0.480181
0.480176
0.480196
0.480196
0.480202
0.480199
0.480207
0.48022
0.480233
0.480246
0.480257
0.480265
0.480259
0.480273
0.480302
0.48032
0.480321
0.480339
0.48035
0.480362
0.480381
0.480388
0.480393
0.480403
0.480405
0.48042
0.480418
0.480409
0.480425
0.480418
0.480435
0.480441
0.480444
0.480436
0.480438
0.480441
0.480449
0.480452
0.48048
0.4805
0.480508
0.480518
0.480513
0.480514
0.48053
0.480525
0.480533
0.480541
0.480558
0.48056
0.480568
0.480574
0.480565
0.480575
0.480587
0.480604
0.480611
0.480628
0.480637
0.480661
0.48066
0.480664
0.480657
0.480655
0.480671
0.48068
0.480681
0.4807
0.480687
0.480694
0.480711
0.480724
0.480727
0.480723
0.480723
0.480739
0.480754
0.480757
0.480762
0.480767
0.480772
0.480779
0.480801
0.480812
0.480828
0.480842
0.480841
0.480851
0.480863
0.480865
0.480872
0.480875
0.480884
0.480906
0.480908
0.480924
0.480926
0.480932
0.480944
0.480974
0.480984
0.480997
0.481008
0.481019
0.481026
0.48102
0.481031
0.481042
0.481048
0.481062
0.481068
0.481075
0.481083
0.48107
0.481059
0.48104
0.481052
0.481062
0.481083
0.481105
0.481114
0.481125
0.481133
0.481138
0.481152
0.481163
0.481158
0.481164
0.481154
0.481164
0.481197
0.481213
0.481227
0.481238
0.481247
0.481254
0.481245
0.481243
0.481263
0.481279
0.481295
0.4813
0.481307
0.48131
0.481323
0.481324
0.481336
0.481347
0.481361
0.481378
0.481372
0.481383
0.481389
0.481383
0.481399
0.481398
0.481409
0.481411
0.481406
0.481408
0.481421
0.481434
0.481442
0.481457
0.481464
0.481477
0.481501
0.481515
0.481517
0.481529
0.481537
0.48156
0.48158
0.481596
0.481598
0.481614
0.481615
0.48163
0.481639
0.481656
0.481657
0.481646
0.48165
0.481667
0.481672
0.481691
0.481705
0.481714
0.481713
0.481725
0.481724
0.48174
0.481752
0.481766
0.481766
0.481767
0.481783
0.48179
0.481797
0.481809
0.481809
0.481814
0.481833
0.481831
0.481837
0.481829
0.481851
0.481857
0.481875
0.481888
0.481901
0.48192
0.481921
0.481931
0.481935
0.481939
0.48197
0.48198
0.482
0.482018
0.482025
0.482028
0.482028
0.482038
0.482051
0.482067
0.482071
0.482093
0.482099
0.482094
0.482093
0.482104
0.482125
0.482139
0.482157
0.482174
0.48219
0.482194
0.482198
0.482208
0.482235
0.482278
0.482285
0.482299
0.482311
0.482318
0.482338
0.482355
0.482372
0.482397
0.482398
0.482406
0.482416
0.482424
0.482419
0.48243
0.482443
0.482467
0.482471
0.482478
0.48249
0.482506
0.482527
0.482551
0.482556
0.482576
0.482575
0.482591
0.482588
0.482594
0.482576
0.482575
0.482581
0.482574
0.482592
0.482596
0.4826
0.482603
0.482605
0.48263
0.482645
0.482649
0.482669
0.482674
0.482679
0.482684
0.482693
0.482691
0.482702
0.48271
0.482713
0.482727
0.482734
0.482752
0.482754
0.482763
0.482777
0.48278
0.482793
0.482809
0.482826
0.482828
0.482852
0.482858
0.48287
0.482875
0.482883
0.482894
0.482916
0.482915
0.48291
0.482917
0.482914
0.482925
0.482928
0.482934
0.482956
0.482949
0.482962
0.482957
0.482957
0.482966
0.482971
0.48299
0.482989
0.482977
0.482993
0.483
0.483001
0.483006
0.483016
0.483029
0.48304
0.483059
0.483054
0.483058
0.48308
0.483085
0.483094
0.483099
0.483108
0.483129
0.483131
0.483136
0.483145
0.483148
0.483159
0.483164
0.483171
0.483178
0.483192
0.4832
0.483197
0.48319
0.483212
0.483204
0.483214
0.483222
0.483227
0.483224
0.48323
0.483233
0.483233
0.483247
0.48326
0.483265
0.483276
0.483297
0.483303
0.483319
0.483323
0.483341
0.483339
0.483342
0.48336
0.483381
0.483401
0.483417
0.483412
0.483413
0.483427
0.483434
0.483428
0.483432
0.483469
0.483465
0.483467
0.483471
0.483492
0.483502
0.483506
0.483513
0.483506
0.48352
0.483542
0.483562
0.483564
0.483562
0.483568
0.483568
0.483585
0.483588
0.483598
0.48361
0.483626
0.483641
0.48366
0.48367
0.483683
0.483691
0.483702
0.483707
0.483717
0.483736
0.483734
0.483749
0.483751
0.48376
0.483781
0.483789
0.483803
0.483839
0.483846
0.483858
0.483856
0.483857
0.483868
0.483873
0.483875
0.483896
0.483911
0.483917
0.483938
0.483941
0.483951
0.483967
0.483988
0.484003
0.484003
0.484014
0.484034
0.484033
0.484046
0.484065
0.484088
0.484088
0.484095
0.484103
0.484106
0.484114
0.484127
0.484139
0.484138
0.484144
0.484143
0.484149
0.484147
0.484154
0.484163
0.484165
0.484168
0.48417
0.484167
0.484186
0.484189
0.484202
0.484221
0.484232
0.484255
0.484239
0.484241
0.484264
0.484271
0.484276
0.48428
0.484276
0.484288
0.484304
0.484312
0.484319
0.48432
0.484337
0.484343
0.48435
0.484364
0.484385
0.484384
0.484392
0.484398
0.484411
0.484425
0.484433
0.484442
0.484452
0.484464
0.484467
0.484453
0.484463
0.484469
0.484475
0.484473
0.484491
0.484502
0.484508
0.484511
0.484512
0.484525
0.484535
0.484543
0.484538
0.484538
0.484551
0.484569
0.484568
0.484565
0.484569
0.484579
0.484584
0.484593
0.484596
0.484607
0.484617
0.484631
0.484642
0.48466
0.484674
0.484674
0.484674
0.484682
0.484681
0.484686
0.48469
0.484683
0.484693
0.484705
0.484707
0.484706
0.484712
0.484703
0.484701
0.484706
0.484717
0.48474
0.48474
0.48475
0.484761
0.48477
0.484776
0.484788
0.484797
0.48479
0.484793
0.484801
0.484804
0.484811
0.484798
0.484806
0.484807
0.484821
0.484828
0.484839
0.484869
0.484878
0.484903
0.484897
0.484907
0.484921
0.484927
0.484922
0.484932
0.484933
0.484929
0.484932
0.484949
0.484947
0.484951
0.48496
0.484957
0.484959
0.484972
0.484973
0.484982
0.484988
0.484997
0.485011
0.485017
0.485023
0.485026
0.485033
0.485035
0.485049
0.485063
0.485065
0.485066
0.485081
0.485083
0.485086
0.485089
0.485095
0.485122
0.485129
0.485131
0.485151
0.485165
0.485176
0.485193
0.485202
0.485218
0.485211
0.48522
0.485223
0.485227
0.485247
0.485259
0.48526
0.485279
0.485277
0.485296
0.485296
0.485316
0.485311
0.485319
0.485316
0.485325
0.485325
0.485331
0.485333
0.485352
0.485364
0.485359
0.485373
0.485384
0.485399
0.485402
0.485408
0.485423
0.48544
0.485453
0.485466
0.485473
0.485482
0.485479
0.485483
0.485499
0.485509
0.485514
0.485521
0.485534
0.485544
0.485553
0.485557
0.485575
0.485572
0.485569
0.485566
0.485589
0.485593
0.485598
0.485599
0.485612
0.48562
0.485627
0.485637
0.485638
0.485639
0.485657
0.485662
0.485673
0.485687
0.485679
0.485683
0.485695
0.485703
0.485712
0.485723
0.485739
0.485742
0.485747
0.485752
0.485758
0.485759
0.485759
0.485774
0.485779
0.48578
0.485789
0.485792
0.485817
0.485822
0.485817
0.485835
0.48585
0.485865
0.485885
0.485892
0.485893
0.485907
0.48591
0.485916
0.485932
0.485931
0.485943
0.485971
0.485982
0.485999
0.485993
0.485997
0.486013
0.486012
0.486009
0.486011
0.486008
0.486028
0.486042
0.486065
0.486065
0.486073
0.486081
0.486097
0.486097
0.486093
0.486117
0.486135
0.486155
0.486157
0.486178
0.48618
0.486186
0.48619
0.486198
0.486217
0.48623
0.486258
0.48625
0.486254
0.486253
0.486264
0.48627
0.486272
0.48626
0.486272
0.486282
0.486285
0.486294
0.486306
0.486308
0.486331
0.486315
0.486317
0.486321
0.486339
0.486339
0.486346
0.486365
0.486378
0.486381
0.486386
0.486393
0.486399
0.486408
0.486422
0.486438
0.486459
0.486468
0.48647
0.486469
0.486468
0.486472
0.486483
0.486492
0.486505
0.486523
0.48653
0.486544
0.486561
0.48655
0.486562
0.486574
0.486572
0.486581
0.48659
0.486599
0.486608
0.486618
0.486611
0.486613
0.486632
0.486627
0.486635
0.486647
0.486651
0.486661
0.486667
0.486658
0.486674
0.486678
0.486691
0.486697
0.486709
0.486715
0.486717
0.486722
0.486738
0.486755
0.486764
0.486764
0.486782
0.486792
0.486799
0.486803
0.486817
0.486818
0.486821
0.486825
0.486838
0.486836
0.486834
0.486834
0.48684
0.486853
0.486859
0.486874
0.486882
0.486874
0.486869
0.486867
0.486874
0.486877
0.486882
0.486896
0.486921
0.486931
0.486938
0.486933
0.486941
0.486956
0.486954
0.486958
0.486959
0.48696
0.486959
0.486958
0.486972
0.486982
0.487006
0.487015
0.487014
0.487017
0.487023
0.487043
0.487053
0.487076
0.487081
0.487081
0.487089
0.487099
0.487099
0.487102
0.487097
0.487113
0.48713
0.487126
0.487134
0.487126
0.48713
0.487143
0.487152
0.487162
0.487165
0.487179
0.48719
0.487194
0.487188
0.487198
0.487199
0.487198
0.487194
0.487207
0.487212
0.48722
0.487232
0.487235
0.487249
0.487258
0.48726
0.487264
0.487281
0.487296
0.487315
0.48733
0.487333
0.487341
0.487355
0.487352
0.487373
0.487379
0.487381
0.487382
0.487396
0.487415
0.487433
0.48745
0.487458
0.487458
0.487468
0.487472
0.487486
0.487484
0.487491
0.487493
0.487489
0.487503
0.487511
0.487518
0.48753
0.487535
0.487544
0.487549
0.487567
0.487575
0.487589
0.487604
0.4876
0.487608
0.487616
0.487615
0.487618
0.487629
0.487641
0.487661
0.487673
0.487678
0.487683
0.487689
0.487701
0.487693
0.487708
0.487717
0.487725
0.487739
0.487737
0.487736
0.48774
0.487752
0.487761
0.487765
0.487773
0.487787
0.487794
0.487812
0.487811
0.487821
0.487821
0.487838
0.487839
0.487842
0.48785
0.487853
0.487858
0.487851
0.487866
0.487877
0.487886
0.4879
0.487891
0.487898
0.487901
0.487892
0.4879
0.487913
0.487916
0.487919
0.487928
0.487934
0.487929
0.48793
0.48794
0.487944
0.487951
0.487968
0.487974
0.487986
0.487992
0.487992
0.487983
0.487998
0.488003
0.488006
0.488017
0.488021
0.488035
0.488049
0.488048
0.488062
0.488064
0.48808
0.488094
0.488089
0.488092
0.488097
0.488103
0.488102
0.488108
0.488117
0.488125
0.488129
0.488144
0.488157
0.488163
0.488177
0.48818
0.488191
0.488201
0.488218
0.488222
0.488222
0.48822
0.488235
0.488233
0.488229
0.48824
0.488238
0.488247
0.488255
0.488263
0.488272
0.488265
0.48828
0.488291
0.488292
0.4883
0.488307
0.488309
0.488306
0.488321
0.488333
0.488332
0.488333
0.488332
0.488343
0.488351
0.488363
0.488374
0.488379
0.488392
0.488407
0.488404
0.48842
0.488424
0.488435
0.48846
0.488459
0.488463
0.488468
0.48847
0.488484
0.488503
0.488513
0.488518
0.488521
0.488536
0.488534
0.488538
0.488535
0.488536
0.488549
0.488553
0.488554
0.488554
0.488564
0.488571
0.488578
0.488577
0.48858
0.488594
0.488613
0.488624
0.488626
0.488635
0.488645
0.48866
0.488666
0.488681
0.488684
0.48869
0.488703
0.488715
0.488705
0.488713
0.488716
0.488717
0.488726
0.488732
0.488745
0.488752
0.488759
0.488765
0.488771
0.488777
0.488783
0.48878
0.488785
0.488802
0.488814
0.488821
0.488819
0.488826
0.488825
0.488824
0.488837
0.488844
0.488853
0.488858
0.488875
0.488884
0.488893
0.488894
0.488896
0.488904
0.488908
0.488913
0.488922
0.488936
0.488942
0.48894
0.488959
0.488971
0.488984
0.48901
0.489009
0.489017
0.489028
0.489033
0.489052
0.489064
0.489063
0.489076
0.489078
0.489082
0.489094
0.489093
0.489098
0.489101
0.489099
0.489103
0.489114
0.489125
0.489136
0.489137
0.489147
0.489155
0.489158
0.489158
0.489163
0.489161
0.489172
0.489188
0.489191
0.489192
0.489199
0.489198
0.489197
0.489215
0.48922
0.489227
0.489236
0.489248
0.489257
0.489259
0.489254
0.489258
0.489274
0.489277
0.489293
0.489311
0.489326
0.489329
0.489341
0.489357
0.489368
0.489374
0.489381
0.489393
0.489402
0.489405
0.489413
0.489413
0.489412
0.489436
0.489443
0.489445
0.489452
0.489464
0.489478
0.489489
0.489502
0.489509
0.489521
0.489528
0.489532
0.48954
0.489544
0.48955
0.489567
0.489567
0.489581
0.489587
0.489598
0.48961
0.489616
0.489627
0.489631
0.489629
0.489641
0.489639
0.489647
0.489653
0.489657
0.489659
0.489657
0.489657
0.489661
0.489664
0.489683
0.489695
0.489693
0.489704
0.489709
0.489714
0.489716
0.489722
0.489733
0.489737
0.48974
0.489744
0.48974
0.489738
0.489727
0.489743
0.489747
0.489734
0.489733
0.489734
0.489727
0.489721
0.48972
0.489729
0.48975
0.489752
0.489751
0.489751
0.489763
0.489754
0.489753
0.489754
0.489768
0.489781
0.489787
0.489794
0.489778
0.489782
0.48979
0.489799
0.489815
0.489827
0.489834
0.489841
0.489861
0.489869
0.489871
0.489876
0.489871
0.489877
0.489881
0.489896
0.489895
0.4899
0.489901
0.48991
0.48993
0.489934
0.489941
0.489955
0.489967
0.489965
0.489965
0.489964
0.489971
0.489988
0.489988
0.489985
0.489995
0.490014
0.490023
0.490037
0.490039
0.490041
0.490048
0.490047
0.490058
0.490061
0.490064
0.490076
0.490094
0.490096
0.490102
0.490102
0.490113
0.490123
0.490132
0.490142
0.490152
0.490152
0.490165
0.490172
0.490172
0.490183
0.490191
0.490189
0.490195
0.490204
0.490217
0.490224
0.490229
0.490222
0.490235
0.490239
0.490242
0.490241
0.490238
0.490242
0.490245
0.490265
0.490269
0.490268
0.490272
0.490274
0.490272
0.490271
0.49029
0.490301
0.490295
0.490299
0.490305
0.490313
0.490318
0.490313
0.49032
0.490334
0.490338
0.490341
0.490354
0.490382
0.49039
0.4904
0.490414
0.490407
0.490418
0.490411
0.490428
0.490431
0.490448
0.490453
0.490462
0.490471
0.490473
0.490487
0.490505
0.490499
0.490517
0.490515
0.49052
0.490529
0.490539
0.490543
0.490552
0.490557
0.490566
0.490576
0.49058
0.490586
0.490595
0.490607
0.490608
0.490608
0.490623
0.490628
0.490633
0.490633
0.490639
0.49064
0.490645
0.490652
0.490676
0.49068
0.490705
0.490717
0.490721
0.490723
0.490727
0.490736
0.490747
0.490742
0.490747
0.490742
0.490752
0.490751
0.490758
0.490772
0.490794
0.490807
0.490809
0.49082
0.490828
0.490835
0.490851
0.490857
0.490865
0.490861
0.49087
0.490881
0.490904
0.490919
0.490925
0.490931
0.49094
0.490944
0.49094
0.490946
0.49095
0.49095
0.490955
0.490966
0.490957
0.49096
0.490963
0.49096
0.490961
0.490974
0.490993
0.490994
0.491001
0.491002
0.491016
0.491023
0.491031
0.491038
0.491025
0.491027
0.491027
0.491016
0.49102
0.491038
0.491049
0.491062
0.491066
0.491072
0.491073
0.491088
0.491098
0.491103
0.491113
0.491118
0.491121
0.491115
0.491117
0.491127
0.491131
0.491137
0.491143
0.491149
0.491134
0.491143
0.491144
0.491146
0.491138
0.491158
0.491164
0.491176
0.491189
0.49119
0.491203
0.491205
0.491215
0.491212
0.491222
0.491234
0.491241
0.491245
0.491259
0.491261
0.491269
0.491278
0.491281
0.491298
0.491306
0.491298
0.491314
0.491329
0.491339
0.491352
0.491361
0.491373
0.49139
0.491393
0.491398
0.491403
0.49141
0.491421
0.491422
0.491431
0.49144
0.491439
0.491446
0.491451
0.491448
0.491459
0.491469
0.491471
0.491485
0.491496
0.491506
0.491514
0.491517
0.491516
0.491528
0.491539
0.491549
0.491557
0.491562
0.491568
0.49158
0.49158
0.491581
0.491583
0.491595
0.491603
0.491614
0.491621
0.491625
0.491624
0.491625
0.491633
0.491642
0.491646
0.49165
0.491655
0.491662
0.491678
0.491681
0.491689
0.491697
0.491707
0.491723
0.491734
0.491746
0.491749
0.491754
0.491767
0.491772
0.491776
0.491792
0.49179
0.491792
0.491798
0.491816
0.491815
0.491818
0.491827
0.491847
0.491855
0.491871
0.491882
0.491895
0.491906
0.491911
0.491919
0.491927
0.491936
0.491944
0.491966
0.491972
0.491976
0.491979
0.491986
0.49199
0.491988
0.49199
0.491996
0.492
0.491992
0.492004
0.492007
0.492029
0.492035
0.492051
0.492053
0.492057
0.492052
0.492059
0.492068
0.492084
0.492086
0.492105
0.492111
0.492106
0.492121
0.492126
0.492149
0.492147
0.492161
0.492167
0.49218
0.49219
0.492202
0.492201
0.492211
0.492223
0.492232
0.492247
0.49226
0.492269
0.492283
0.492304
0.492328
0.492331
0.492341
0.492357
0.49237
0.492383
0.492393
0.4924
0.492407
0.492419
0.492433
0.492434
0.492451
0.492454
0.492457
0.492467
0.492474
0.492481
0.492493
0.492502
0.492504
0.49251
0.492516
0.492527
0.492532
0.492532
0.49254
0.492543
0.492558
0.492566
0.492574
0.492588
0.492587
0.492594
0.492596
0.492603
0.492602
0.492616
0.492623
0.492629
0.492641
0.492644
0.492651
0.49267
0.492675
0.492681
0.492684
0.492698
0.492706
0.492718
0.492713
0.492721
0.492729
0.492725
0.492734
0.492744
0.492743
0.492758
0.492766
0.492783
0.492794
0.492805
0.49281
0.492808
0.492811
0.492823
0.492826
0.492831
0.49285
0.492858
0.492873
0.492882
0.492887
0.492905
0.492911
0.492915
0.492925
0.492937
0.492941
0.492958
0.492963
0.492969
0.49297
0.49298
0.492992
0.493003
0.493006
0.493016
0.493028
0.493037
0.49304
0.493032
0.49304
0.493049
0.493053
0.493073
0.493081
0.493082
0.493081
0.493091
0.493103
0.493107
0.493113
0.493115
0.49313
0.493145
0.493151
0.493171
0.493171
0.493173
0.493184
0.493193
0.493205
0.493206
0.493209
0.49322
0.493227
0.493227
0.493226
0.49324
0.493247
0.493255
0.493266
0.493261
0.493272
0.493275
0.493282
0.493284
0.493291
0.493301
0.493312
0.493333
0.493349
0.493356
0.493356
0.493368
0.493383
0.493384
0.493392
0.493396
0.493409
0.493401
0.493414
0.493412
0.49342
0.49343
0.49344
0.493446
0.493453
0.49345
0.493465
0.493469
0.493481
0.493477
0.493479
0.493487
0.493497
0.4935
0.4935
0.493517
0.493526
0.493535
0.493539
0.49354
0.493549
0.493553
0.493548
0.493547
0.493553
0.493564
0.493568
0.493574
0.493582
0.493579
0.49359
0.493602
0.493609
0.493617
0.493625
0.493627
0.493635
0.493633
0.493637
0.493645
0.493649
0.493664
0.49368
0.493684
0.493691
0.493711
0.493715
0.493732
0.493735
0.493741
0.493744
0.493752
0.49375
0.493759
0.493772
0.493777
0.493783
0.493794
0.493801
0.493826
0.493832
0.49384
0.493843
0.493854
0.493867
0.493882
0.493896
0.493909
0.493905
0.493916
0.493924
0.493933
0.493941
0.493942
0.49395
0.493957
0.493965
0.493975
0.493984
0.493993
0.493994
0.493994
0.494011
0.494025
0.494026
0.494034
0.494046
0.494048
0.494054
0.494059
0.494051
0.494067
0.494071
0.494078
0.49409
0.494092
0.494097
0.494097
0.494103
0.494114
0.494118
0.49412
0.494132
0.49413
0.494131
0.494148
0.494167
0.494175
0.494186
0.494205
0.494213
0.494214
0.494219
0.494226
0.494224
0.494219
0.494231
0.494241
0.494246
0.494258
0.494265
0.494275
0.494274
0.494278
0.494284
0.494285
0.494288
0.494302
0.494315
0.494333
0.494337
0.49435
0.49435
0.494359
0.494372
0.494377
0.494382
0.494384
0.494383
0.494402
0.494399
0.494416
0.494426
0.494426
0.494431
0.494431
0.49443
0.494433
0.494439
0.494448
0.494455
0.494464
0.494474
0.494479
0.494481
0.494481
0.494495
0.4945
0.494512
0.494523
0.494526
0.494529
0.49454
0.494551
0.494555
0.494571
0.494578
0.494578
0.494582
0.494586
0.494596
0.494602
0.494605
0.494601
0.494604
0.494602
0.494608
0.494608
0.494616
0.494624
0.494627
0.494628
0.494627
0.494634
0.494653
0.494664
0.494672
0.494676
0.494677
0.494677
0.494684
0.494697
0.49471
0.494706
0.494708
0.494712
0.494715
0.494718
0.494741
0.49474
0.494754
0.494756
0.494768
0.494778
0.494785
0.494792
0.4948
0.494797
0.494821
0.494823
0.494832
0.49484
0.494841
0.494848
0.494845
0.494846
0.494847
0.494846
0.494857
0.494859
0.494872
0.49489
0.494894
0.494896
0.494901
0.494911
0.494914
0.49491
0.494907
0.49492
0.494923
0.494922
0.494926
0.494936
0.494947
0.494952
0.494951
0.494969
0.494973
0.494988
0.494992
0.494991
0.495001
0.495012
0.495017
0.495022
0.495032
0.495036
0.495036
0.495037
0.495053
0.495065
0.495064
0.495071
0.495074
0.495074
0.495082
0.495085
0.495091
0.495092
0.495102
0.495103
0.4951
0.495098
0.495105
0.495103
0.495102
0.495102
0.495115
0.495118
0.49512
0.495128
0.495128
0.495137
0.495142
0.495156
0.495163
0.495174
0.495181
0.495182
0.495187
0.495196
0.495204
0.49521
0.495219
0.495237
0.495237
0.495244
0.495255
0.495271
0.49528
0.495273
0.495283
0.495284
0.495287
0.495298
0.495308
0.495305
0.495316
0.49532
0.495322
0.495322
0.495329
0.495333
0.495343
0.495347
0.495353
0.495359
0.495353
0.495363
0.495368
0.495372
0.495371
0.495377
0.495387
0.495396
0.495399
0.495398
0.495396
0.495398
0.495398
0.495408
0.495409
0.495403
0.495405
0.495418
0.495426
0.495432
0.495433
0.495448
0.495456
0.495459
0.49546
0.495464
0.495469
0.495477
0.495482
0.495478
0.495489
0.495498
0.4955
0.49551
0.495524
0.495529
0.495531
0.495532
0.495547
0.495554
0.495568
0.49557
0.49558
0.495594
0.495604
0.495607
0.495621
0.495626
0.495635
0.495634
0.495645
0.495651
0.495664
0.495674
0.495685
0.495704
0.495709
0.495715
0.495718
0.495735
0.49574
0.495743
0.495742
0.495756
0.495766
0.495772
0.495777
0.495783
0.495791
0.495795
0.495803
0.495807
0.495813
0.495825
0.495832
0.495843
0.495851
0.495853
0.495857
0.495863
0.495878
0.495878
0.495881
0.495895
0.495906
0.495904
0.495909
0.495923
0.495921
0.495933
0.495942
0.495943
0.495943
0.495952
0.495959
0.495972
0.495983
0.495985
0.495991
0.495996
0.496005
0.496016
0.49602
0.496034
0.49604
0.496037
0.496048
0.496054
0.496053
0.496051
0.496056
0.496053
0.496056
0.496057
0.496059
0.496067
0.496078
0.496097
0.496112
0.496117
0.49612
0.496121
0.496138
0.496146
0.49615
0.496153
0.496172
0.496174
0.496179
0.496189
0.496184
0.496188
0.496193
0.496201
0.49622
0.496226
0.496228
0.49622
0.496226
0.496231
0.496237
0.49624
0.496245
0.496245
0.496255
0.496266
0.496274
0.496276
0.496287
0.496295
0.496297
0.496298
0.496303
0.496317
0.496325
0.496323
0.496319
0.496333
0.496324
0.496334
0.496344
0.496344
0.496347
0.496348
0.496358
0.496365
0.496371
0.496377
0.496392
0.496397
0.496412
0.496418
0.496428
0.496434
0.496438
0.496454
0.496453
0.496464
0.49647
0.496477
0.496488
0.496488
0.496495
0.496504
0.496503
0.496511
0.49652
0.496528
0.496532
0.496539
0.496543
0.496548
0.496554
0.496555
0.496562
0.496556
0.496554
0.496563
0.496566
0.496575
0.496587
0.496595
0.496599
0.496607
0.49661
0.496623
0.496631
0.496635
0.496649
0.496652
0.496655
0.496659
0.496662
0.496661
0.496677
0.49668
0.496689
0.496694
0.496705
0.49671
0.496717
0.496732
0.496739
0.496746
0.496741
0.496753
0.496762
0.496767
0.496778
0.49679
0.496798
0.496809
0.496817
0.496824
0.496827
0.496828
0.496841
0.496848
0.496852
0.496865
0.496872
0.496882
0.496884
0.496887
0.496891
0.496888
0.496891
0.496896
0.496906
0.496907
0.496903
0.496913
0.496922
0.496926
0.496932
0.496935
0.496953
0.496965
0.496975
0.496973
0.496989
0.496997
0.497005
0.497002
0.497008
0.497015
0.497023
0.497027
0.497039
0.497056
0.497066
0.497079
0.497092
0.497097
0.497103
0.49711
0.497121
0.497132
0.497125
0.497121
0.497138
0.497143
0.497145
0.497157
0.497165
0.497175
0.49718
0.49718
0.497181
0.497179
0.49718
0.49719
0.497194
0.497201
0.497211
0.497222
0.497225
0.497236
0.497248
0.497265
0.497271
0.497281
0.497287
0.497285
0.497288
0.497296
0.497301
0.497306
0.497321
0.497326
0.497326
0.497321
0.497324
0.497334
0.497345
0.497346
0.497352
0.497356
0.497351
0.497352
0.497366
0.497364
0.497372
0.497368
0.497376
0.497378
0.497386
0.497395
0.497408
0.497421
0.497433
0.49744
0.497434
0.497429
0.497424
0.497437
0.497451
0.497448
0.497448
0.497452
0.497465
0.497471
0.497477
0.497483
0.497481
0.497484
0.497493
0.497504
0.497512
0.497518
0.497532
0.497535
0.49755
0.497549
0.497547
0.49755
0.497558
0.497566
0.497572
0.497584
0.497586
0.497595
0.497603
0.49761
0.497617
0.497623
0.497629
0.497633
0.497639
0.497647
0.49765
0.497656
0.497662
0.497658
0.49766
0.497668
0.497679
0.497682
0.497692
0.497687
0.497687
0.4977
0.497706
0.497705
0.497715
0.49772
0.49773
0.497735
0.497753
0.497765
0.497767
0.497781
0.497785
0.497794
0.497793
0.497796
0.497806
0.497811
0.497814
0.497829
0.497837
0.497848
0.497856
0.497865
0.497882
0.497886
0.497892
0.497876
0.497874
0.497878
0.497884
0.497891
0.4979
0.497906
0.497913
0.497924
0.497931
0.497934
0.497937
0.497937
0.497934
0.497941
0.497951
0.497958
0.497954
0.497955
0.497965
0.497969
0.497981
0.497985
0.497985
0.497987
0.497993
0.498006
0.498017
0.498024
0.498026
0.498033
0.498036
0.498044
0.498048
0.498049
0.49805
0.498063
0.498075
0.498083
0.498093
0.498097
0.498101
0.498106
0.498112
0.498117
0.498117
0.498123
0.498123
0.498127
0.498138
0.49815
0.49815
0.498153
0.498169
0.498162
0.498165
0.498181
0.498186
0.498192
0.498198
0.498205
0.498206
0.498219
0.49822
0.49823
0.498227
0.498232
0.498234
0.498247
0.498258
0.498255
0.49827
0.49828
0.498291
0.498305
0.498314
0.498316
0.498314
0.498329
0.498335
0.498346
0.498354
0.49837
0.498375
0.498381
0.498388
0.498396
0.498405
0.498412
0.498415
0.498428
0.49844
0.498438
0.498436
0.498436
0.498447
0.498452
0.498456
0.498456
0.498463
0.498462
0.498462
0.498472
0.498473
0.498472
0.498476
0.498473
0.498467
0.498476
0.498479
0.49849
0.498491
0.49849
0.498499
0.498505
0.498515
0.498509
0.498513
0.498508
0.498514
0.498525
0.498534
0.498533
0.49854
0.49854
0.498544
0.49855
0.498557
0.49857
0.498566
0.49858
0.498588
0.498597
0.498601
0.498595
0.498601
0.498615
0.498622
0.498622
0.498627
0.498623
0.49863
0.498633
0.498641
0.498644
0.498648
0.498655
0.498661
0.498667
0.498671
0.498678
0.49869
0.498697
0.498698
0.498705
0.498707
0.498706
0.49871
0.498718
0.49872
0.498725
0.498737
0.498736
0.498752
0.498746
0.498747
0.498752
0.498751
0.498758
0.498761
0.498768
0.498778
0.498789
0.498798
0.498815
0.49883
0.498836
0.498827
0.498833
0.49884
0.498837
0.498843
0.498852
0.498859
0.498857
0.498852
0.49886
0.498863
0.498868
0.498876
0.49888
0.498881
0.498895
0.498902
0.498904
0.49891
0.498911
0.498922
0.498937
0.49894
0.498944
0.498956
0.498954
0.498961
0.498969
0.498979
0.498989
0.49899
0.498993
0.498991
0.499004
0.499013
0.499019
0.499028
0.49903
0.499027
0.499024
0.499025
0.499035
0.499041
0.499055
0.49905
0.49905
0.499043
0.499057
0.499063
0.499065
0.499067
0.499075
0.499082
0.499081
0.499083
0.499096
0.499099
0.499108
0.499107
0.499118
0.499115
0.499125
0.499127
0.499131
0.499135
0.499132
0.499142
0.499145
0.499153
0.499158
0.499161
0.49916
0.49916
0.499169
0.499162
0.499158
0.499161
0.499171
0.499175
0.499183
0.499185
0.499198
0.499194
0.499192
0.499198
0.499214
0.499217
0.499224
0.49923
0.499225
0.499234
0.499247
0.499248
0.499262
0.499269
0.499272
0.499276
0.499285
0.499297
0.499299
0.499301
0.499303
0.499309
0.499312
0.499323
0.499329
0.49934
0.499345
0.499349
0.499358
0.499366
0.499367
0.499376
0.499381
0.499387
0.499391
0.499391
0.499399
0.499409
0.499421
0.499425
0.499428
0.499431
0.499427
0.499432
0.499439
0.499438
0.499447
0.499454
0.499457
0.499459
0.499462
0.499468
0.499465
0.499461
0.49947
0.499481
0.499493
0.499506
0.499512
0.499523
0.49954
0.499549
0.499563
0.499574
0.499585
0.499595
0.499603
0.499605
0.499599
0.4996
0.499608
0.499607
0.499614
0.499615
0.499613
0.49961
0.49962
0.499624
0.499634
0.499644
0.499644
0.499642
0.499647
0.499654
0.499657
0.499661
0.499671
0.499668
0.499676
0.499684
0.499691
0.499703
0.499697
0.499699
0.4997
0.499699
0.499706
0.499714
0.499714
0.499712
0.499717
0.499717
0.499727
0.499725
0.499732
0.499728
0.49973
0.49975
0.499762
0.499767
0.499774
0.499777
0.499772
0.499773
0.49978
0.499791
0.499803
0.49981
0.499803
0.499814
0.499816
0.499823
0.49983
0.49984
0.499849
0.499851
0.499855
0.499865
0.499869
0.49987
0.499867
0.499869
0.499875
0.49988
0.499876
0.499871
0.499881
0.499888
0.499894
0.499895
0.499897
0.499904
0.499912
0.499912
0.499931
0.499938
0.49994
0.49994
0.499944
0.499946
0.499952
0.499961
0.499963
0.499962
0.499966
0.499971
0.499971
0.499971
0.499978
0.499984
0.49999
0.500003
0.500006
0.500013
0.500017
0.500027
0.500033
0.500049
0.500054
0.500056
0.500059
0.50006
0.500057
0.500068
0.500076
0.500079
0.500089
0.500092
0.500093
0.500107
0.50011
0.500125
0.500139
0.500153
0.50016
0.500167
0.500175
0.500186
0.500194
0.500198
0.500199
0.50022
0.500227
0.500237
0.500236
0.500237
0.500242
0.500245
0.500252
0.500246
0.500253
0.500255
0.500264
0.500275
0.50028
0.500279
0.50028
0.500294
0.500295
0.500299
0.50031
0.500313
0.500314
0.500317
0.500323
0.500324
0.500328
0.500343
0.50035
0.500355
0.50036
0.500369
0.500378
0.500376
0.500383
0.500385
0.500389
0.500395
0.500397
0.500397
0.500399
0.500399
0.500401
0.500408
0.500409
0.500408
0.50041
0.500408
0.500411
0.500417
0.500418
0.500422
0.500426
0.500432
0.500423
0.500416
0.500417
0.500428
0.500437
0.500433
0.500437
0.500441
0.500443
0.500456
0.500469
0.50047
0.500473
0.500479
0.50049
0.500493
0.500497
0.500494
0.500498
0.500506
0.500506
0.500511
0.500515
0.500516
0.500525
0.500524
0.500523
0.500528
0.500531
0.500526
0.500528
0.500531
0.500537
0.500541
0.500545
0.500545
0.500549
0.500551
0.500553
0.500561
0.500565
0.500571
0.500577
0.500575
0.500572
0.500575
0.500585
0.50059
0.500591
0.500597
0.500599
0.500605
0.500611
0.500618
0.500623
0.500631
0.500636
0.50064
0.500637
0.500645
0.500653
0.50066
0.500663
0.500673
0.500682
0.50068
0.500673
0.500684
0.500693
0.500693
0.500695
0.500697
0.500699
0.500701
0.500708
0.500716
0.500722
0.500731
0.500736
0.500733
0.500735
0.500739
0.500744
0.500746
0.500753
0.500758
0.500769
0.500781
0.500785
0.500794
0.500794
0.500794
0.500795
0.500794
0.500798
0.500804
0.500808
0.500819
0.500832
0.500838
0.500848
0.500852
0.500859
0.500863
0.50087
0.500878
0.500885
0.500886
0.500889
0.500894
0.500901
0.500903
0.500907
0.500926
0.500932
0.500934
0.500938
0.500945
0.500947
0.500951
0.500961
0.500963
0.500963
0.500971
0.500975
0.500979
0.500982
0.500985
0.500997
0.501002
0.501014
0.501025
0.501026
0.50103
0.501037
0.501042
0.501048
0.501053
0.50105
0.501055
0.501062
0.50107
0.501074
0.501081
0.501087
0.501088
0.501097
0.501101
0.501113
0.501117
0.501129
0.501135
0.501141
0.501154
0.501161
0.501174
0.501173
0.501175
0.501171
0.501175
0.50118
0.501183
0.501194
0.5012
0.501207
0.50121
0.501216
0.501217
0.501223
0.501233
0.501234
0.50124
0.501239
0.501248
0.501247
0.501251
0.501261
0.501269
0.501271
0.50127
0.501277
0.501276
0.50128
0.50129
0.501293
0.501293
0.501298
0.501299
0.501296
0.501305
0.501306
0.501312
0.501314
0.501319
0.501322
0.50133
0.501333
0.501329
0.501325
0.501338
0.501349
0.501352
0.501357
0.501362
0.501367
0.501372
0.501371
0.501377
0.501372
0.501378
0.501385
0.501388
0.501386
0.50139
0.501389
0.501393
0.501392
0.501397
0.501397
0.501399
0.5014
0.501411
0.501417
0.501425
0.50143
0.501438
0.501444
0.501451
0.501453
0.501461
0.501463
0.50147
0.501474
0.501474
0.501486
0.501496
0.5015
0.501507
0.501513
0.501517
0.501532
0.501539
0.501547
0.501548
0.501554
0.501564
0.501567
0.501581
0.50159
0.501596
0.501595
0.501599
0.501606
0.50161
0.501618
0.501622
0.501624
0.501622
0.501629
0.501632
0.501637
0.501637
0.501652
0.501656
0.501653
0.501662
0.501664
0.501661
0.501659
0.501663
0.501662
0.501669
0.501677
0.501669
0.501671
0.501667
0.501662
0.501671
0.501679
0.501688
0.501697
0.501701
0.501701
0.501707
0.501715
0.501719
0.501718
0.501725
0.501729
0.501735
0.501746
0.501755
0.50176
0.501762
0.501769
0.501775
0.501778
0.501785
0.50179
0.5018
0.50181
0.501815
0.501822
0.501828
0.501838
0.501843
0.501844
0.501845
0.501856
0.501859
0.501858
0.501861
0.501865
0.501869
0.501861
0.501865
0.501874
0.501878
0.501887
0.501891
0.501897
0.501896
0.501901
0.501906
0.501897
0.501902
0.5019
0.501902
0.501904
0.501914
0.501922
0.501931
0.501936
0.501942
0.501947
0.501947
0.501953
0.501967
0.501973
0.501974
0.501979
0.501989
0.501986
0.501989
0.501993
0.501997
0.501998
0.502001
0.502002
0.502012
0.50201
0.502014
0.502022
0.502028
0.502041
0.502046
0.502048
0.502059
0.502062
0.50207
0.502078
0.50208
0.502082
0.502088
0.502089
0.502095
0.50209
0.502094
0.502094
0.502102
0.502101
0.502103
0.5021
0.502104
0.502105
0.502106
0.502114
0.502117
0.502119
0.502131
0.50213
0.50214
0.502144
0.502139
0.50214
0.502142
0.50214
0.502143
0.502144
0.502147
0.502153
0.502158
0.502156
0.502161
0.502162
0.502167
0.502174
0.502178
0.502184
0.502193
0.5022
0.502202
0.502201
0.502204
0.502212
0.50221
0.502214
0.502217
0.502217
0.502227
0.502228
0.502237
0.502241
0.502242
0.502254
0.502253
0.502253
0.502261
0.502261
0.502265
0.502265
0.502268
0.502278
0.50228
0.502281
0.502283
0.502286
0.502282
0.502279
0.502286
0.502286
0.502294
0.502293
0.502309
0.502317
0.50232
0.502313
0.502323
0.502324
0.50233
0.502335
0.502337
0.502339
0.502343
0.502349
0.50235
0.502359
0.502368
0.502375
0.502386
0.502384
0.502386
0.502391
0.502399
0.502398
0.5024
0.502408
0.502414
0.502423
0.502431
0.502437
0.502435
0.502441
0.502453
0.502458
0.502465
0.502473
0.502477
0.50248
0.502483
0.502482
0.502491
0.5025
0.502504
0.502511
0.50252
0.502532
0.502533
0.502542
0.502546
0.502553
0.502551
0.502552
0.502558
0.502563
0.502571
0.502575
0.502583
0.502583
0.502582
0.502588
0.502589
0.502589
0.50259
0.502593
0.502599
0.5026
0.502611
0.502611
0.502619
0.502624
0.502624
0.502641
0.502648
0.502651
0.502657
0.502655
0.50266
0.502659
0.502652
0.502657
0.502666
0.502673
0.502678
0.502688
0.502702
0.502708
0.502711
0.502704
0.502711
0.502705
0.502701
0.502702
0.502714
0.502713
0.502717
0.502725
0.502731
0.502745
0.502744
0.50275
0.502754
0.502754
0.502763
0.502764
0.502766
0.502765
0.502768
0.502767
0.502772
0.502775
0.502779
0.502785
0.502779
0.502783
0.502783
0.502786
0.502801
0.502798
0.502808
0.502808
0.502813
0.50282
0.502828
0.502828
0.502831
0.502839
0.502845
0.502843
0.50285
0.50286
0.502859
0.502857
0.502857
0.502867
0.502867
0.502872
0.50287
0.502868
0.502874
0.502876
0.502885
0.502888
0.502895
0.502904
0.502907
0.502912
0.502918
0.502923
0.502926
0.502924
0.502936
0.502941
0.502948
0.502946
0.502953
0.502962
0.502965
0.50297
0.502979
0.502984
0.502993
0.503
0.503001
0.50301
0.503018
0.503027
0.503029
0.503036
0.503032
0.503034
0.503037
0.503048
0.503049
0.503057
0.503063
0.503064
0.503065
0.503065
0.503073
0.503069
0.503082
0.50308
0.503081
0.503086
0.503082
0.503086
0.503081
0.503092
0.503103
0.503108
0.503114
0.503122
0.503125
0.503135
0.503147
0.503155
0.503163
0.503167
0.503174
0.50318
0.503182
0.503196
0.503206
0.503206
0.503206
0.503207
0.503216
0.50322
0.503232
0.503238
0.503236
0.503246
0.503242
0.503257
0.503263
0.503269
0.503272
0.503274
0.503276
0.503273
0.50328
0.50328
0.503276
0.503283
0.503293
0.503295
0.5033
0.503313
0.503319
0.503325
0.503333
0.503329
0.503335
0.503338
0.503346
0.503349
0.503356
0.503359
0.503356
0.503357
0.503362
0.503368
0.503378
0.503384
0.503379
0.503373
0.503379
0.50339
0.503392
0.503388
0.503391
0.503402
0.503405
0.503406
0.503414
0.503414
0.503423
0.50342
0.503422
0.503426
0.503423
0.503422
0.503419
0.503419
0.503431
0.503445
0.503444
0.503448
0.503457
0.503458
0.503472
0.503472
0.503472
0.503489
0.503491
0.503489
0.503496
0.503504
0.503514
0.503511
0.50351
0.503509
0.503509
0.503518
0.503516
0.503522
0.503522
0.503522
0.503525
0.503526
0.503536
0.503546
0.503549
0.503557
0.503561
0.503568
0.503573
0.50358
0.503586
0.503589
0.503598
0.503592
0.503604
0.503607
0.503611
0.50362
0.503623
0.503628
0.503633
0.503645
0.503656
0.50366
0.503666
0.503658
0.503663
0.503667
0.503663
0.503666
0.503658
0.503667
0.503672
0.503683
0.503681
0.503682
0.50369
0.503694
0.503697
0.503693
0.503706
0.503707
0.503706
0.503713
0.503714
0.503723
0.503735
0.503738
0.503753
0.503762
0.503763
0.503763
0.503764
0.503764
0.503766
0.503769
0.503772
0.503776
0.503781
0.503781
0.503795
0.503798
0.503805
0.503809
0.503802
0.503802
0.5038
0.503803
0.503801
0.503803
0.503802
0.503803
0.503814
0.503817
0.503823
0.503829
0.503831
0.50383
0.503829
0.50383
0.503833
0.503835
0.503837
0.503839
0.503845
0.503844
0.503855
0.503852
0.50386
0.503858
0.50386
0.503857
0.503861
0.503863
0.503874
0.503877
0.503892
0.503897
0.503895
0.503898
0.503909
0.503908
0.503909
0.50391
0.503915
0.503922
0.503923
0.503929
0.50394
0.503945
0.503957
0.50396
0.503961
0.503961
0.503969
0.503972
0.503978
0.503983
0.503986
0.503989
0.503991
0.503994
0.504011
0.504013
0.504016
0.504023
0.504033
0.504031
0.504036
0.504034
0.504035
0.504031
0.504039
0.504044
0.504043
0.504053
0.50406
0.50406
0.504066
0.504071
0.504076
0.504085
0.504088
0.504085
0.504089
0.504095
0.504097
0.504102
0.504105
0.504102
0.504104
0.504109
0.504113
0.50412
0.504124
0.504128
0.504132
0.504143
0.504143
0.504141
0.504153
0.504159
0.504165
0.504167
0.504169
0.504178
0.504179
0.504181
0.504183
0.504183
0.50419
0.50419
0.504192
0.5042
0.504202
0.504198
0.504203
0.504199
0.5042
0.504202
0.504212
0.504211
0.504217
0.504216
0.504212
0.504217
0.504222
0.50422
0.504225
0.50423
0.504237
0.504251
0.504254
0.504254
0.504258
0.50427
0.504275
0.504282
0.504285
0.504296
0.504302
0.504312
0.504316
0.504322
0.504331
0.504323
0.504327
0.504325
0.504323
0.504325
0.504327
0.504329
0.50433
0.504338
0.504343
0.504341
0.504343
0.504351
0.504347
0.504342
0.504343
0.504351
0.504353
0.504351
0.504357
0.50437
0.504377
0.50438
0.50439
0.5044
0.504407
0.504415
0.504418
0.504412
0.504411
0.504414
0.50442
0.504433
0.504443
0.504441
0.504448
0.504457
0.504464
0.504476
0.504476
0.504487
0.50449
0.504494
0.504496
0.504497
0.504497
0.504501
0.504501
0.504509
0.504517
0.504514
0.504515
0.504519
0.504523
0.504528
0.504535
0.504541
0.504544
0.504548
0.504553
0.504559
0.504561
0.504563
0.504569
0.504575
0.504579
0.504584
0.504579
0.504586
0.504587
0.504588
0.504597
0.504606
0.504605
0.504615
0.50462
0.504623
0.504633
0.504634
0.504634
0.504637
0.504633
0.504638
0.504644
0.504662
0.504666
0.504672
0.504672
0.504677
0.504685
0.504685
0.504686
0.50469
0.504694
0.504698
0.504702
0.504697
0.504698
0.504702
0.504708
0.504711
0.504711
0.504719
0.504721
0.504726
0.504732
0.504731
0.504738
0.504751
0.50476
0.50476
0.504767
0.504776
0.504776
0.50478
0.504779
0.504781
0.50478
0.504788
0.504797
0.504802
0.504808
0.504812
0.504812
0.504808
0.504809
0.504809
0.504812
0.504817
0.504816
0.504818
0.504827
0.50483
0.504831
0.504836
0.504834
0.504841
0.504845
0.504858
0.504863
0.504866
0.504873
0.504876
0.504881
0.504889
0.504894
0.504903
0.504912
0.504916
0.50492
0.504919
0.504919
0.504929
0.504936
0.504928
0.504936
0.504932
0.504935
0.504935
0.504936
0.504936
0.504942
0.50494
0.504945
0.504948
0.504959
0.504959
0.504964
0.504974
0.504975
0.504974
0.504972
0.504974
0.504981
0.504985
0.504991
0.504992
0.504993
0.504992
0.504991
0.505
0.505004
0.50501
0.505015
0.505004
0.505007
0.505013
0.505021
0.505023
0.505026
0.505021
0.505021
0.505025
0.505032
0.505039
0.505042
0.505049
0.505057
0.50505
0.505049
0.505048
0.505045
0.505047
0.505055
0.505061
0.505069
0.505072
0.505075
0.505077
0.505086
0.505095
0.505092
0.505097
0.505103
0.505109
0.505114
0.505121
0.505128
0.505127
0.505134
0.505131
0.50513
0.505137
0.505141
0.505145
0.505148
0.505157
0.505167
0.505168
0.505177
0.505183
0.505186
0.505195
0.505205
0.50521
0.505217
0.505218
0.505231
0.505237
0.505245
0.505252
0.505262
0.505265
0.50527
0.505279
0.505284
0.50529
0.505296
0.505303
0.505306
0.505313
0.505316
0.505314
0.505318
0.505328
0.505335
0.50534
0.505344
0.50535
0.505357
0.505363
0.505364
0.505362
0.505373
0.505378
0.505382
0.505389
0.505395
0.505401
0.505406
0.505413
0.505422
0.505421
0.505423
0.505424
0.505427
0.505429
0.505435
0.50544
0.505446
0.505449
0.505454
0.505451
0.505456
0.505462
0.505469
0.505467
0.505474
0.505473
0.505475
0.505473
0.505479
0.505481
0.505488
0.505488
0.505494
0.505499
0.505497
0.505497
0.505506
0.505514
0.50552
0.505522
0.505524
0.50553
0.505535
0.50554
0.505548
0.505549
0.505539
0.505547
0.50555
0.505556
0.505559
0.505568
0.505574
0.505582
0.505585
0.50559
0.505592
0.505602
0.505606
0.505608
0.505612
0.505617
0.505624
0.505633
0.505641
0.505645
0.505658
0.505656
0.505655
0.505669
0.505667
0.505667
0.50567
0.505676
0.505682
0.505691
0.50569
0.505695
0.505698
0.505692
0.505698
0.505706
0.50571
0.505714
0.505722
0.505722
0.50573
0.505739
0.505744
0.505751
0.505744
0.505748
0.505758
0.505755
0.50576
0.505762
0.505772
0.505778
0.50579
0.505792
0.505807
0.505818
0.505817
0.505825
0.505831
0.505829
0.505836
0.505843
0.505846
0.505842
0.50585
0.505849
0.505849
0.505853
0.505863
0.505867
0.505874
0.505875
0.50588
0.505874
0.505869
0.505874
0.505877
0.50588
0.505882
0.505889
0.505897
0.505901
0.505907
0.505913
0.50592
0.50592
0.505922
0.505933
0.505933
0.505932
0.505932
0.505939
0.505937
0.505943
0.505949
0.505957
0.505964
0.505975
0.505974
0.505967
0.505964
0.505969
0.505975
0.505976
0.505977
0.505977
0.505984
0.505991
0.505991
0.505992
0.505991
0.505991
0.506
0.50601
0.506008
0.506015
0.506019
0.506024
0.506027
0.506033
0.506038
0.506038
0.506043
0.506045
0.506044
0.506049
0.506054
0.506051
0.50606
0.506066
0.506071
0.506072
0.506075
0.506077
0.506082
0.506088
0.506091
0.506095
0.506102
0.506103
0.506108
0.506115
0.506123
0.506118
0.506122
0.506126
0.506132
0.506141
0.506147
0.50615
0.506152
0.506158
0.506164
0.506168
0.506177
0.506179
0.506183
0.506186
0.506189
0.506197
0.506202
0.506206
0.506214
0.506212
0.506216
0.506215
0.506217
0.506216
0.506229
0.506232
0.506237
0.506239
0.506246
0.506253
0.506261
0.506269
0.506276
0.506282
0.506287
0.50629
0.506286
0.506291
0.506295
0.506301
0.506306
0.506303
0.506307
0.506315
0.506317
0.506323
0.506327
0.506332
0.506332
0.506337
0.506346
0.506346
0.506347
0.506345
0.506347
0.506349
0.506353
0.506355
0.506363
0.506366
0.50637
0.506376
0.506372
0.506381
0.506383
0.506386
0.506391
0.506394
0.5064
0.506405
0.506411
0.506419
0.506419
0.506429
0.50643
0.506434
0.506434
0.506444
0.506445
0.506445
0.506453
0.506463
0.50647
0.50648
0.506486
0.506489
0.506491
0.506498
0.506501
0.506505
0.506508
0.506506
0.506514
0.50652
0.506519
0.506525
0.506536
0.506539
0.506542
0.506538
0.506543
0.506544
0.506547
0.506552
0.506562
0.506565
0.506568
0.506574
0.50658
0.506579
0.506581
0.50659
0.506591
0.506587
0.506592
0.506601
0.506594
0.506595
0.506598
0.5066
0.506596
0.506598
0.506607
0.506614
0.506618
0.506615
0.506615
0.506624
0.506628
0.506629
0.506632
0.506629
0.506637
0.506649
0.506655
0.506657
0.506657
0.506659
0.506662
0.506667
0.506673
0.506673
0.506683
0.506684
0.506684
0.50669
0.5067
0.506708
0.506704
0.506701
0.506702
0.506704
0.506704
0.506709
0.506712
0.506718
0.506727
0.506729
0.506737
0.50674
0.506751
0.50676
0.506761
0.506758
0.506763
0.506756
0.506757
0.506764
0.506765
0.506764
0.506766
0.506767
0.506771
0.506774
0.506778
0.506781
0.506785
0.506784
0.506778
0.506785
0.506789
0.506783
0.506787
0.506786
0.506785
0.506791
0.506799
0.506804
0.506805
0.506812
0.506811
0.506819
0.506826
0.506829
0.506844
0.506849
0.506856
0.506857
0.506865
0.506868
0.506873
0.506882
0.506885
0.506892
0.506901
0.506912
0.506906
0.506915
0.506924
0.506927
0.506926
0.506933
0.506933
0.506931
0.50694
0.506938
0.506938
0.506937
0.50694
0.506948
0.506954
0.506959
0.506962
0.506965
0.506972
0.506975
0.506979
0.506989
0.506989
0.506997
0.506998
0.507004
0.507007
0.507017
0.507023
0.507029
0.507035
0.507035
0.50704
0.507046
0.507053
0.507061
0.507067
0.50707
0.507071
0.507074
0.507082
0.507082
0.507083
0.507084
0.507091
0.507098
0.507106
0.507104
0.507109
0.507113
0.507109
0.507114
0.507113
0.507112
0.507101
0.507105
0.507116
0.507113
0.50712
0.507126
0.507131
0.507135
0.507144
0.507144
0.507147
0.507148
0.507152
0.507152
0.507158
0.507158
0.507165
0.50717
0.507171
0.507173
0.507176
0.507177
0.507185
0.507185
0.507193
0.507197
0.507208
0.507212
0.507214
0.507218
0.507229
0.507237
0.507239
0.507239
0.507247
0.507252
0.507253
0.507256
0.507267
0.507276
0.507285
0.507283
0.50729
0.507298
0.507298
0.507305
0.507304
0.507309
0.507308
0.507308
0.50731
0.507314
0.507313
0.507313
0.507325
0.507333
0.507335
0.50734
0.507338
0.507339
0.507341
0.50734
0.507345
0.507355
0.507361
0.507362
0.507367
0.507367
0.507375
0.507377
0.507381
0.507385
0.507385
0.50738
0.50738
0.50738
0.507381
0.507378
0.507381
0.507382
0.507389
0.50739
0.507392
0.507393
0.507397
0.507401
0.507408
0.507407
0.507407
0.507409
0.507416
0.507421
0.507428
0.507435
0.507435
0.507439
0.507436
0.507435
0.507438
0.507443
0.507443
0.507444
0.507453
0.507458
0.507462
0.507471
0.507478
0.507477
0.507486
0.507492
0.507493
0.507498
0.50751
0.507513
0.507522
0.507525
0.50753
0.507534
0.507537
0.507537
0.507537
0.507538
0.507541
0.507543
0.507546
0.507551
0.507557
0.507553
0.507551
0.507552
0.507548
0.507549
0.507554
0.507554
0.507552
0.507558
0.507558
0.507555
0.507564
0.507566
0.507568
0.507575
0.507579
0.50758
0.507589
0.507586
0.507581
0.507586
0.507585
0.507591
0.5076
0.507602
0.507607
0.507614
0.507613
0.507624
0.507626
0.507635
0.507634
0.507635
0.507633
0.507639
0.507641
0.507646
0.507647
0.507651
0.507659
0.507664
0.507667
0.507677
0.507675
0.507672
0.507678
0.507679
0.507679
0.50768
0.507686
0.50769
0.507691
0.507695
0.507696
0.507696
0.507709
0.507711
0.507715
0.50772
0.50772
0.507725
0.50773
0.507724
0.507726
0.507733
0.507739
0.507742
0.507746
0.507753
0.507757
0.507754
0.507761
0.507767
0.507768
0.507775
0.507775
0.50778
0.507782
0.507787
0.507789
0.507793
0.507798
0.507802
0.507807
0.507813
0.507818
0.507823
0.507826
0.507828
0.507838
0.507842
0.50784
0.507847
0.507848
0.507852
0.507852
0.507855
0.507857
0.507861
0.50786
0.507868
0.507865
0.507863
0.507866
0.507866
0.507872
0.507872
0.507882
0.507879
0.507887
0.507899
0.507904
0.507906
0.507912
0.507919
0.507926
0.507925
0.507923
0.507927
0.50793
0.507938
0.507938
0.50794
0.507938
0.507942
0.507952
0.507958
0.507954
0.507958
0.507968
0.50797
0.507975
0.50798
0.50798
0.507988
0.507993
0.507991
0.507991
0.507991
0.507996
0.507994
0.508001
0.508001
0.508003
0.508005
0.508007
0.508009
0.508006
0.508006
0.508014
0.50802
0.508027
0.508036
0.508043
0.508045
0.508054
0.508055
0.508056
0.508061
0.508069
0.50807
0.50808
0.50809
0.508099
0.508104
0.508106
0.508109
0.508111
0.508109
0.508102
0.508108
0.50811
0.508116
0.508119
0.508122
0.508117
0.508122
0.508123
0.508129
0.508139
0.508146
0.508149
0.508154
0.508157
0.508151
0.508156
0.508162
0.508166
0.508166
0.50817
0.508176
0.508182
0.508187
0.508191
0.508194
0.508196
0.508195
0.508195
0.508193
0.508197
0.508199
0.508199
0.508198
0.508201
0.508207
0.508207
0.508211
0.508213
0.50822
0.508224
0.508226
0.508229
0.508234
0.508241
0.508253
0.508254
0.508259
0.508268
0.50828
0.508289
0.508297
0.508296
0.508304
0.508314
0.508316
0.508322
0.508323
0.508332
0.508333
0.50834
0.508345
0.508348
0.508349
0.508359
0.50836
0.508364
0.508362
0.508364
0.508358
0.508363
0.508365
0.508369
0.50837
0.508379
0.508381
0.50838
0.508383
0.508384
0.508387
0.508391
0.508395
0.508402
0.508405
0.508413
0.508412
0.508411
0.508408
0.508416
0.508418
0.508424
0.50843
0.508436
0.508433
0.508446
0.508452
0.508451
0.508449
0.508455
0.508456
0.508454
0.508464
0.508475
0.508481
0.508481
0.508483
0.508485
0.508487
0.508488
0.508492
0.508492
0.50849
0.508494
0.508495
0.508494
0.508496
0.508496
0.508496
0.508496
0.508504
0.508501
0.508509
0.508514
0.508514
0.508518
0.508518
0.50852
0.508525
0.508531
0.508534
0.508544
0.508545
0.508543
0.508542
0.508542
0.508547
0.508553
0.508556
0.508565
0.508566
0.508567
0.508569
0.508573
0.508573
0.508574
0.508581
0.508587
0.50859
0.508591
0.508597
0.508602
0.508608
0.508613
0.508613
0.508617
0.508619
0.508622
0.508621
0.508626
0.508636
0.508635
0.508641
0.508648
0.508655
0.508657
0.508663
0.508665
0.508671
0.508677
0.508679
0.508687
0.508693
0.508692
0.508694
0.508696
0.508699
0.508702
0.508695
0.508703
0.508708
0.508709
0.508712
0.508718
0.508722
0.508723
0.508727
0.50873
0.508735
0.508741
0.50874
0.50874
0.508744
0.508755
0.508763
0.508766
0.508767
0.508768
0.508775
0.508782
0.508785
0.508785
0.508785
0.508787
0.50879
0.508795
0.5088
0.508808
0.508813
0.508818
0.508825
0.508827
0.508827
0.508831
0.508826
0.508835
0.508838
0.508842
0.508845
0.508846
0.508853
0.508856
0.508859
0.50887
0.508867
0.508869
0.508869
0.508861
0.508865
0.508867
0.508868
0.50887
0.508873
0.50888
0.508879
0.508883
0.508883
0.508888
0.508891
0.508898
0.508902
0.508905
0.508907
0.508909
0.508904
0.508906
0.508903
0.508904
0.508907
0.508908
0.508909
0.508913
0.508911
0.50891
0.508912
0.508916
0.508921
0.508925
0.508925
0.508925
0.508924
0.508931
0.508934
0.508945
0.50895
0.508951
0.508953
0.508955
0.508955
0.508959
0.508971
0.508978
0.508988
0.508988
0.508991
0.508994
0.508995
0.508997
0.509002
0.509007
0.509013
0.509016
0.509023
0.509024
0.509027
0.509028
0.509033
0.50904
0.509043
0.509039
0.509038
0.509039
0.509043
0.509052
0.509058
0.509064
0.509065
0.509066
0.509071
0.509072
0.509074
0.509073
0.50908
0.509087
0.509089
0.5091
0.509099
0.509106
0.509106
0.509114
0.509111
0.509115
0.509114
0.509127
0.50913
0.509127
0.50912
0.509116
0.509127
0.509124
0.509127
0.50913
0.509133
0.509138
0.509143
0.509137
0.509137
0.509142
0.509147
0.509152
0.509156
0.509155
0.509159
0.509163
0.509175
0.509174
0.509178
0.509179
0.509181
0.509184
0.50919
0.509188
0.509191
0.509196
0.509197
0.509205
0.509206
0.50921
0.509212
0.509215
0.509215
0.50922
0.509225
0.509226
0.509227
0.509231
0.509223
0.509233
0.509238
0.509241
0.509246
0.509248
0.50925
0.509245
0.509242
0.509243
0.509247
0.509246
0.509248
0.509249
0.50925
0.509253
0.50926
0.509266
0.509267
0.509272
0.509281
0.509286
0.509292
0.509292
0.509293
0.509292
0.509295
0.509297
0.509295
0.509301
0.509305
0.509315
0.509317
0.509323
0.509323
0.509325
0.509326
0.50933
0.509337
0.509339
0.509339
0.509338
0.509337
0.509332
0.509335
0.509335
0.509338
0.509341
0.509341
0.509351
0.509355
0.509355
0.509356
0.509357
0.509359
0.509363
0.509367
0.509371
0.509374
0.509382
0.509384
0.509391
0.509392
0.509398
0.509404
0.509411
0.509418
0.509419
0.509425
0.50943
0.509426
0.50943
0.509434
0.509437
0.509437
0.50944
0.509443
0.509442
0.509446
0.509451
0.509455
0.509455
0.509458
0.509458
0.509458
0.509463
0.509464
0.50947
0.509472
0.50947
0.509473
0.509477
0.509482
0.509478
0.509481
0.509486
0.509489
0.509487
0.509493
0.509494
0.509496
0.509504
0.5095
0.509501
0.509505
0.509508
0.509509
0.509513
0.509519
0.50953
0.509534
0.509538
0.509542
0.509543
0.50954
0.50954
0.50954
0.509553
0.509556
0.509561
0.509561
0.509565
0.509564
0.509564
0.509571
0.50957
0.50958
0.509585
0.509583
0.509589
0.509599
0.509603
0.509609
0.509616
0.509625
0.509628
0.509623
0.509629
0.50963
0.509631
0.509626
0.509627
0.509632
0.509631
0.50963
0.509631
0.509635
0.50964
0.509646
0.509643
0.509646
0.509643
0.509641
0.509634
0.509634
0.509634
0.509638
0.50964
0.509644
0.509648
0.509655
0.509664
0.50967
0.509672
0.509679
0.50968
0.509685
0.509685
0.509692
0.509699
0.509704
0.509704
0.509714
0.509718
0.509718
0.509719
0.509721
0.509721
0.509726
0.509728
0.509727
0.509731
0.509731
0.509739
0.509745
0.509751
0.509749
0.509756
0.509753
0.509757
0.509758
0.509763
0.509763
0.509768
0.509773
0.509773
0.509773
0.509775
0.50978
0.509785
0.509786
0.509789
0.509792
0.509794
0.509791
0.509792
0.509798
0.509805
0.509807
0.509811
0.509816
0.509821
0.50983
0.509826
0.509831
0.50983
0.509832
0.509836
0.509834
0.509832
0.509845
0.509849
0.509858
0.50986
0.509862
0.509871
0.509872
0.509866
0.509866
0.509867
0.509872
0.509877
0.50988
0.509881
0.509888
0.509891
0.509894
0.509893
0.509893
0.509897
0.509898
0.509899
0.509909
0.509912
0.509912
0.509913
0.50992
0.509924
0.509928
0.509932
0.509937
0.509939
0.50994
0.509942
0.509946
0.509948
0.509946
0.509952
0.509958
0.509966
0.509968
0.509975
0.509974
0.509977
0.509982
0.509982
0.509985
0.509989
0.509989
0.509993
0.509992
0.509997
0.510001
0.510007
0.510009
0.510016
0.51002
0.510028
0.510028
0.510033
0.510039
0.510044
0.510053
0.510058
0.510068
0.510077
0.510078
0.510075
0.510074
0.510071
0.510071
0.51007
0.510077
0.510078
0.510081
0.510079
0.510083
0.510091
0.510093
0.510093
0.5101
0.510104
0.510105
0.510109
0.510116
0.510119
0.510118
0.510125
0.510124
0.510125
0.510121
0.510124
0.510127
0.510128
0.510132
0.510141
0.510145
0.510151
0.510156
0.510164
0.510169
0.510171
0.510179
0.510185
0.510184
0.510194
0.5102
0.510205
0.510207
0.510214
0.510225
0.510233
0.510239
0.510244
0.510248
0.510252
0.510262
0.510265
0.510267
0.510271
0.510276
0.510277
0.510275
0.510281
0.510285
0.51029
0.510291
0.510288
0.510292
0.510296
0.510309
0.510312
0.510316
0.51032
0.51032
0.510324
0.510329
0.510332
0.51033
0.510333
0.510336
0.510336
0.510342
0.510343
0.510347
0.510351
0.510359
0.510359
0.51036
0.510358
0.510352
0.510353
0.510356
0.510355
0.510355
0.510356
0.51036
0.510364
0.510363
0.510359
0.510364
0.510365
0.510365
0.510367
0.510368
0.510363
0.510356
0.51036
0.510361
0.510363
0.510363
0.510358
0.510367
0.510368
0.510373
0.510374
0.510374
0.510371
0.510376
0.510376
0.510381
0.510379
0.510382
0.510382
0.510388
0.51039
0.510396
0.510402
0.510404
0.510399
0.510401
0.510405
0.510407
0.510411
0.510416
0.510425
0.510428
0.510428
0.510435
0.510436
0.510438
0.510437
0.510439
0.51044
0.510438
0.510442
0.510443
0.510445
0.510449
0.510456
0.510458
0.510457
0.510453
0.510451
0.510449
0.510451
0.51045
0.510461
0.510461
0.510469
0.510472
0.510478
0.510485
0.510488
0.510489
0.510496
0.510501
0.510502
0.510506
0.510513
0.510521
0.51052
0.510517
0.510519
0.510522
0.510518
0.510525
0.510527
0.51053
0.510534
0.51054
0.510544
0.51054
0.510543
0.510545
0.510545
0.510554
0.510559
0.510566
0.510568
0.510572
0.510577
0.510572
0.510571
0.51057
0.510568
0.510572
0.510576
0.510573
0.510573
0.510573
0.510581
0.510581
0.510577
0.51058
0.510583
0.510586
0.51059
0.510589
0.510592
0.510596
0.510598
0.510607
0.510608
0.510613
0.510615
0.510616
0.510615
0.510621
0.510625
0.510625
0.510626
0.510627
0.510628
0.510634
0.510632
0.510629
0.510635
0.51064
0.510644
0.510646
0.510647
0.510649
0.510654
0.510653
0.510661
0.510665
0.510668
0.510664
0.510667
0.51067
0.510672
0.510677
0.510681
0.510686
0.510688
0.510689
0.510699
0.510699
0.5107
0.510704
0.510714
0.510714
0.510718
0.510726
0.510732
0.51073
0.510734
0.510731
0.510733
0.510737
0.510741
0.51074
0.510738
0.510738
0.510744
0.510751
0.510752
0.51076
0.510769
0.510774
0.510786
0.510792
0.510796
0.510801
0.5108
0.510798
0.510802
0.510806
0.510811
0.510811
0.510815
0.510821
0.510823
0.510825
0.510826
0.510826
0.510831
0.510831
0.510828
0.510832
0.510842
0.510842
0.510846
0.510853
0.510861
0.510864
0.510864
0.510867
0.510872
0.510874
0.51088
0.510886
0.510891
0.510888
0.510894
0.510899
0.510902
0.5109
0.510902
0.510906
0.510916
0.510922
0.51093
0.510931
0.510938
0.510939
0.51094
0.510942
0.510948
0.510954
0.51096
0.510956
0.510962
0.510965
0.510968
0.51097
0.510969
0.51097
0.510971
0.510978
0.510982
0.510982
0.510987
0.510994
0.510992
0.510991
0.510996
0.510999
0.510999
0.511001
0.511
0.511002
0.511003
0.511007
0.51101
0.511009
0.511009
0.511016
0.511014
0.511017
0.511027
0.511026
0.511034
0.511037
0.51104
0.511044
0.511034
0.511037
0.511043
0.511039
0.51104
0.511046
0.511052
0.511057
0.511059
0.511059
0.511067
0.511067
0.511072
0.511073
0.511077
0.511083
0.511086
0.511088
0.511091
0.511091
0.5111
0.511106
0.51111
0.511117
0.511116
0.511125
0.51113
0.511132
0.511134
0.511133
0.511135
0.511138
0.511144
0.511145
0.511148
0.511155
0.511156
0.511156
0.51116
0.511158
0.511156
0.511157
0.511158
0.511158
0.51116
0.511163
0.511165
0.511162
0.511165
0.511169
0.511169
0.511172
0.511172
0.511178
0.511179
0.511181
0.511189
0.511187
0.511191
0.511193
0.511194
0.511197
0.511198
0.511198
0.5112
0.511197
0.511197
0.511197
0.511206
0.51121
0.51122
0.511222
0.511228
0.511233
0.511237
0.511234
0.511235
0.511236
0.511237
0.511241
0.511239
0.511243
0.511242
0.511243
0.511247
0.51125
0.511251
0.511258
0.511256
0.51126
0.511261
0.511267
0.511278
0.511274
0.511274
0.51127
0.51127
0.511273
0.511274
0.511277
0.511274
0.511275
0.511275
0.511271
0.511277
0.511283
0.511286
0.511289
0.511291
0.511293
0.5113
0.511302
0.511308
0.511307
0.51131
0.511311
0.511313
0.511313
0.51132
0.511325
0.51133
0.511333
0.511338
0.511336
0.51134
0.511344
0.511347
0.511354
0.51136
0.511361
0.511364
0.511368
0.511365
0.511364
0.511371
0.511369
0.511366
0.511365
0.511367
0.511372
0.511376
0.511383
0.511388
0.51139
0.511397
0.511402
0.511402
0.511401
0.511402
0.511405
0.511409
0.511412
0.511411
0.511413
0.511417
0.511424
0.511423
0.511428
0.511429
0.511433
0.511432
0.511433
0.511438
0.511444
0.511449
0.511453
0.51146
0.51146
0.51146
0.511463
0.511465
0.511468
0.511471
0.511475
0.511476
0.511478
0.511484
0.511489
0.51149
0.511491
0.51149
0.511497
0.511501
0.511502
0.511512
0.511515
0.511517
0.511517
0.511522
0.51152
0.51152
0.511518
0.511525
0.511533
0.511534
0.511534
0.51154
0.511543
0.511546
0.511546
0.511541
0.51154
0.511544
0.511549
0.51155
0.511549
0.511556
0.511564
0.511562
0.511559
0.511566
0.51157
0.511569
0.511574
0.511576
0.511579
0.511584
0.511585
0.511587
0.511586
0.511585
0.511585
0.511589
0.511589
0.511591
0.511591
0.511592
0.511593
0.511595
0.511595
0.511597
0.511595
0.511598
0.511604
0.511602
0.511611
0.511608
0.51161
0.511616
0.511623
0.511625
0.511627
0.511628
0.511631
0.511634
0.511635
0.511642
0.511645
0.511648
0.51165
0.511655
0.511659
0.511668
0.511671
0.511672
0.511676
0.511678
0.511675
0.511679
0.51168
0.51168
0.511676
0.511672
0.511677
0.511683
0.511681
0.511677
0.511677
0.511683
0.511686
0.511683
0.511687
0.511696
0.511703
0.511706
0.511709
0.511714
0.511714
0.511718
0.511721
0.511721
0.511724
0.511726
0.511734
0.511739
0.51174
0.511746
0.511749
0.511747
0.511748
0.511748
0.51175
0.511755
0.511753
0.511751
0.511757
0.511766
0.511771
0.51177
0.511773
0.511781
0.51178
0.511777
0.51178
0.511784
0.511779
0.511775
0.511777
0.511781
0.511772
0.511775
0.511779
0.511782
0.511792
0.511798
0.511799
0.511798
0.511805
0.511805
0.511809
0.51181
0.511818
0.511823
0.511825
0.511829
0.511837
0.511838
0.511842
0.511842
0.511843
0.511847
0.511848
0.51185
0.511851
0.511858
0.511863
0.511863
0.511865
0.511868
0.511874
0.511877
0.511877
0.51188
0.511882
0.511884
0.511884
0.511887
0.511894
0.511896
0.511897
0.511893
0.511897
0.511894
0.511897
0.511895
0.511891
0.511891
0.511891
0.511893
0.511897
0.511901
0.511901
0.5119
0.511907
0.51191
0.511909
0.51191
0.511916
0.511911
0.511912
0.511919
0.511923
0.511923
0.511927
0.511927
0.511932
0.511928
0.51193
0.511937
0.511942
0.511941
0.511942
0.511943
0.511948
0.51195
0.511954
0.511953
0.511961
0.511967
0.51197
0.511974
0.511976
0.511975
0.511977
0.51198
0.511982
0.511978
0.511974
0.511984
0.51199
0.511995
0.511996
0.512002
0.512003
0.512008
0.512009
0.512009
0.512011
0.512011
0.512012
0.51201
0.512007
0.512017
0.512018
0.512021
0.512024
0.512028
0.512032
0.512037
0.51204
0.51204
0.512045
0.512048
0.512051
0.512053
0.51205
0.51205
0.512048
0.512045
0.512053
0.512058
0.512066
0.512071
0.512075
0.512079
0.512081
0.512078
0.512079
0.512083
0.512079
0.512081
0.512088
0.512085
0.512086
0.512086
0.512084
0.512084
0.512083
0.512088
0.51209
0.512088
0.512089
0.512097
0.512098
0.512101
0.512099
0.512108
0.51211
0.512105
0.51211
0.512112
0.512114
0.512113
0.512118
0.512121
0.512123
0.512126
0.512125
0.512124
0.512129
0.512126
0.512129
0.512128
0.512129
0.512129
0.512135
0.51214
0.512142
0.512145
0.51215
0.51215
0.512151
0.512157
0.512157
0.51216
0.512159
0.512156
0.512156
0.512164
0.512162
0.512162
0.512164
0.512166
0.512167
0.512168
0.512168
0.512169
0.512173
0.512178
0.512183
0.512187
0.512192
0.512195
0.5122
0.512207
0.512204
0.512208
0.512209
0.512208
0.512206
0.512209
0.512209
0.512211
0.51222
0.512227
0.512232
0.51223
0.512228
0.512235
0.512235
0.512233
0.512237
0.51224
0.512247
0.512251
0.512256
0.512261
0.512258
0.512266
0.512275
0.512276
0.512282
0.512286
0.512286
0.512289
0.512287
0.512292
0.512293
0.512292
0.512298
0.5123
0.512298
0.512295
0.5123
0.512303
0.512303
0.512306
0.512311
0.512314
0.512308
0.512308
0.51231
0.512317
0.512318
0.512324
0.512325
0.512326
