3.179681211055445794e-09	6.684299401619774337e-17	3.158814655031577212e-16	1.000000000000000000e+00
6.359362422110891589e-09	-3.870681342080314630e-16	3.158687877478327965e-16	1.000000000000000000e+00
9.539043633166336970e-09	-1.275820776555390786e-16	3.589769109744479587e-16	1.000000000000000000e+00
1.271872484422178318e-08	-2.530871135375539045e-16	3.158628036797781730e-16	1.000000000000000000e+00
1.589840605527722939e-08	5.511912396795008642e-16	3.449183171143798409e-16	1.000000000000000000e+00
1.907808726633267394e-08	-3.659159838903411863e-16	4.549673428799474206e-16	1.000000000000000000e+00
2.225776847738811849e-08	2.694930505604390219e-15	5.964573969430294990e-16	1.000000000000000000e+00
2.543744968844356636e-08	-2.797790866611061826e-16	3.158622404479341645e-16	1.000000000000000000e+00
2.861713089949901091e-08	-2.830911240580073639e-16	3.158733652530709948e-16	1.000000000000000000e+00
3.179681211055445877e-08	3.241243921554004877e-17	3.159857862313516265e-16	1.000000000000000000e+00
3.497649332160990332e-08	-6.801887913251522496e-17	3.159096898924462569e-16	1.000000000000000000e+00
3.815617453266534788e-08	4.326026981914488859e-16	3.158627909043577440e-16	1.000000000000000000e+00
4.133585574372079243e-08	-4.395255785360224381e-16	4.643982666466214441e-16	1.000000000000000000e+00
4.451553695477623699e-08	-6.754086098013435878e-19	3.496788011137745815e-16	1.000000000000000000e+00
4.769521816583168816e-08	9.787625828108461839e-17	3.577075245748270468e-16	1.000000000000000000e+00
5.087489937688713271e-08	-4.716194706880533133e-16	3.167057270005423845e-16	1.000000000000000000e+00
5.405458058794257726e-08	-1.202783428494213840e-16	3.158627955713324699e-16	1.000000000000000000e+00
5.723426179899802182e-08	-1.557773702555058539e-16	3.197039063171019730e-16	1.000000000000000000e+00
6.041394301005346637e-08	1.500002229231720881e-16	3.158901192502203680e-16	1.000000000000000000e+00
6.359362422110891754e-08	-3.453645551122720877e-16	3.158640875810452745e-16	1.000000000000000000e+00
