0.609272
0.299517
0.20671
0.158109
0.132013
0.112507
0.0989317
0.0894608
0.0845122
0.0791108
0.0774931
0.0747227
0.0725561
0.070922
0.0702756
0.0702754
0.0702196
0.0703142
0.0689364
0.0688531
0.0684851
0.068711
0.0697419
0.069228
0.0694516
0.0689655
0.0693614
0.0688788
0.0680845
0.0681413
0.0672451
0.0672186
0.0672959
0.0665245
0.0678956
0.0682251
0.0693979
0.0699479
0.070591
0.0712708
0.0713961
0.0719473
0.0725604
0.072988
0.0732781
0.0737015
0.0740369
0.0737818
0.0739269
0.0740988
0.0745318
0.0751541
0.0757822
0.0760011
0.0765262
0.0766845
0.0769884
0.0775084
0.0777522
0.0787026
0.0787772
0.0790943
0.0791228
0.0796028
0.0795112
0.0798929
0.0809126
0.0811554
0.0815773
0.0817765
0.0827136
0.0832876
0.0841369
0.0844304
0.0849582
0.0854018
0.0857791
0.086419
0.0871382
0.0875305
0.0883353
0.0890248
0.0898754
0.0903654
0.0907102
0.0915373
0.0922372
0.0924418
0.0932357
0.0932637
0.0937952
0.0946043
0.0948826
0.0954565
0.0962073
0.0965371
0.0975444
0.0978869
0.0980966
0.0986431
0.0990378
0.0992507
0.0994606
0.0999117
0.10055
0.101292
0.101845
0.102306
0.102712
0.103057
0.103087
0.104088
0.104415
0.10477
0.105651
0.106257
0.10651
0.107042
0.107725
0.108165
0.108421
0.108498
0.108917
0.108985
0.108925
0.109256
0.109591
0.109892
0.11037
0.11079
0.111133
0.111705
0.111705
0.112026
0.112287
0.112821
0.11294
0.113313
0.113447
0.113785
0.114273
0.114547
0.114637
0.114834
0.114853
0.115274
0.115206
0.115545
0.115752
0.116108
0.11637
0.116367
0.116491
0.116941
0.117239
0.117553
0.117968
0.11811
0.118442
0.118836
0.119181
0.119711
0.120034
0.120121
0.120633
0.120773
0.120973
0.121326
0.121633
0.122085
0.122516
0.122883
0.123153
0.123621
0.123848
0.12421
0.124355
0.124655
0.125124
0.125287
0.12548
0.126128
0.126437
0.126516
0.126887
0.127371
0.127814
0.128008
0.128471
0.128808
0.129178
0.129456
0.129899
0.130161
0.130406
0.130738
0.131007
0.13146
0.131921
0.13208
0.132367
0.132751
0.132904
0.133121
0.133439
0.133887
0.134414
0.13461
0.134986
0.135257
0.135602
0.13586
0.136253
0.136376
0.136793
0.137024
0.137403
0.137589
0.137919
0.138197
0.138455
0.138634
0.138936
0.139287
0.1396
0.139874
0.140067
0.140377
0.140702
0.14096
0.141031
0.14101
0.141498
0.141819
0.141852
0.141917
0.142001
0.142283
0.142565
0.143079
0.14387
0.144145
0.144756
0.144997
0.145095
0.14523
0.145489
0.145783
0.146327
0.146449
0.146667
0.146975
0.147347
0.147433
0.1475
0.147754
0.147945
0.148017
0.148173
0.148378
0.148577
0.148662
0.149093
0.149474
0.149837
0.150058
0.150347
0.150657
0.150803
0.151159
0.15119
0.151624
0.151967
0.152264
0.152539
0.152768
0.153116
0.15329
0.153459
0.153887
0.154096
0.154575
0.154859
0.155096
0.155414
0.155655
0.155828
0.156249
0.156552
0.156737
0.156924
0.157278
0.15761
0.157972
0.158257
0.158682
0.158847
0.159112
0.159309
0.159387
0.159604
0.159727
0.159804
0.159994
0.16032
0.160811
0.16102
0.161345
0.161714
0.162016
0.162244
0.162652
0.162911
0.163145
0.163318
0.163581
0.163727
0.163924
0.163972
0.164323
0.164284
0.164338
0.164603
0.164848
0.164981
0.165151
0.165365
0.165527
0.165694
0.165952
0.165944
0.1662
0.166453
0.166559
0.166593
0.166737
0.166965
0.167294
0.167547
0.167726
0.167963
0.168021
0.168109
0.168266
0.168331
0.168632
0.168915
0.168969
0.169139
0.16933
0.169574
0.170013
0.170145
0.170208
0.1704
0.170481
0.170754
0.171039
0.171283
0.171406
0.17155
0.171776
0.171979
0.172169
0.172366
0.172513
0.172735
0.172852
0.172977
0.173144
0.173448
0.173662
0.173799
0.173994
0.17415
0.174272
0.174524
0.174809
0.175012
0.175184
0.175516
0.175619
0.17581
0.176103
0.176474
0.176635
0.176746
0.176901
0.176933
0.177059
0.177187
0.177381
0.177498
0.177518
0.177862
0.177921
0.17816
0.178345
0.178496
0.178719
0.179105
0.179395
0.179623
0.179862
0.179965
0.180133
0.18042
0.180588
0.180714
0.181
0.181203
0.181412
0.18158
0.181748
0.182031
0.182286
0.182407
0.182706
0.182811
0.183131
0.183213
0.183447
0.183618
0.183864
0.183992
0.184129
0.184353
0.184489
0.184564
0.184729
0.184901
0.185124
0.185181
0.185284
0.185375
0.185595
0.185827
0.186033
0.186126
0.186332
0.1865
0.18673
0.18682
0.186987
0.187137
0.187292
0.187299
0.187367
0.187506
0.187715
0.187872
0.188028
0.188131
0.188357
0.188682
0.188892
0.189106
0.189315
0.189376
0.189478
0.189734
0.189853
0.190257
0.190402
0.190626
0.190927
0.191159
0.191421
0.191459
0.191727
0.191872
0.192077
0.192166
0.192349
0.192534
0.19257
0.19273
0.192954
0.193156
0.19343
0.193624
0.193717
0.193852
0.193953
0.194117
0.194243
0.194497
0.194661
0.194773
0.194916
0.195068
0.195166
0.195305
0.195417
0.195478
0.195663
0.195808
0.195925
0.196052
0.196191
0.196337
0.19661
0.196766
0.196943
0.197221
0.19736
0.19759
0.197798
0.197881
0.198027
0.198147
0.198342
0.198367
0.198416
0.198617
0.198758
0.198935
0.199165
0.199345
0.199507
0.199637
0.199778
0.2
0.200245
0.200318
0.200469
0.20053
0.200684
0.2008
0.201019
0.201253
0.201317
0.201468
0.201601
0.201682
0.201833
0.201879
0.20203
0.202173
0.202361
0.20247
0.202542
0.202805
0.202998
0.203104
0.203266
0.203444
0.203591
0.203735
0.203894
0.20408
0.204268
0.204501
0.204603
0.204737
0.204895
0.205159
0.205254
0.205358
0.205528
0.205676
0.205819
0.205897
0.206078
0.206164
0.2063
0.206507
0.206671
0.206781
0.206881
0.207067
0.207169
0.207261
0.207314
0.207383
0.207461
0.20746
0.207573
0.207737
0.207933
0.208082
0.208228
0.208342
0.20842
0.208601
0.208739
0.208883
0.209086
0.209251
0.209427
0.209662
0.209788
0.209986
0.210049
0.210173
0.210309
0.210562
0.21066
0.210903
0.210965
0.211071
0.211245
0.211352
0.211542
0.211616
0.211732
0.211886
0.212061
0.212156
0.212258
0.212403
0.212545
0.212598
0.212807
0.212953
0.213042
0.213166
0.21331
0.213446
0.213581
0.21368
0.213825
0.214002
0.214165
0.214174
0.214391
0.214442
0.214654
0.21487
0.215107
0.215325
0.215533
0.215749
0.215835
0.216041
0.21611
0.216271
0.21636
0.216402
0.216485
0.216625
0.216761
0.216839
0.216966
0.217208
0.217365
0.217432
0.217597
0.217804
0.217933
0.218003
0.218003
0.218031
0.218283
0.218352
0.218445
0.21858
0.218751
0.218887
0.218989
0.219125
0.219198
0.219438
0.219549
0.219623
0.219868
0.220007
0.220244
0.220374
0.220441
0.220475
0.220662
0.220773
0.220952
0.221102
0.221121
0.221277
0.221403
0.221513
0.221619
0.221665
0.221855
0.222039
0.222245
0.222357
0.222402
0.222531
0.222574
0.222724
0.222778
0.222981
0.223092
0.223232
0.22334
0.22344
0.223608
0.223714
0.223772
0.22384
0.224001
0.224132
0.224187
0.224215
0.224336
0.224509
0.224543
0.224635
0.224784
0.224921
0.225028
0.225167
0.225366
0.225339
0.225442
0.225467
0.225559
0.225674
0.225786
0.225827
0.225941
0.226067
0.226162
0.226277
0.226331
0.226502
0.226544
0.226695
0.226775
0.226968
0.227137
0.227218
0.227254
0.227412
0.227551
0.227662
0.227716
0.227792
0.227883
0.227957
0.228059
0.228184
0.228295
0.228392
0.228443
0.228633
0.228739
0.22892
0.229008
0.229198
0.229309
0.229485
0.229628
0.229718
0.229896
0.230078
0.230249
0.230374
0.230532
0.230682
0.23074
0.23077
0.230824
0.230929
0.230978
0.23108
0.23123
0.231381
0.231455
0.231541
0.231602
0.231653
0.231711
0.231819
0.231856
0.231974
0.232026
0.232166
0.232151
0.232299
0.232378
0.232561
0.232685
0.232711
0.232828
0.232983
0.233125
0.233221
0.233313
0.233382
0.233523
0.233626
0.233751
0.233872
0.233967
0.234134
0.234196
0.234293
0.234468
0.234523
0.234581
0.234644
0.234745
0.234762
0.234835
0.23499
0.235102
0.235179
0.235304
0.235415
0.235485
0.235609
0.235684
0.235738
0.235853
0.236012
0.236131
0.236219
0.236327
0.236444
0.236491
0.236547
0.236694
0.236813
0.236911
0.236968
0.237065
0.237118
0.237248
0.237344
0.237486
0.237615
0.237722
0.237789
0.237895
0.237899
0.237943
0.238044
0.238202
0.238293
0.23834
0.238424
0.238541
0.238597
0.238654
0.238755
0.238846
0.238967
0.239021
0.239046
0.239104
0.239199
0.23933
0.239424
0.239465
0.239606
0.239694
0.239797
0.239751
0.23988
0.239911
0.239961
0.240045
0.240113
0.240198
0.240218
0.240356
0.24048
0.240621
0.240678
0.240855
0.240925
0.241024
0.241101
0.241149
0.241308
0.241463
0.241531
0.241583
0.241713
0.24187
0.241961
0.242036
0.24208
0.242143
0.242213
0.242298
0.24246
0.242517
0.242577
0.242673
0.242727
0.242801
0.242941
0.242946
0.243106
0.243266
0.243281
0.24334
0.243452
0.243532
0.243646
0.243679
0.243794
0.243909
0.243898
0.24395
0.244088
0.244155
0.244274
0.244375
0.24446
0.244581
0.244624
0.244726
0.244843
0.244905
0.245026
0.245088
0.245216
0.245258
0.245339
0.245464
0.245525
0.245614
0.245649
0.245768
0.245885
0.245985
0.24607
0.24621
0.246331
0.246412
0.246526
0.246612
0.246624
0.246676
0.246685
0.246765
0.246932
0.247036
0.247078
0.247188
0.247261
0.247355
0.247412
0.247525
0.247665
0.247771
0.247878
0.247935
0.247965
0.248025
0.248054
0.248161
0.248248
0.24837
0.248427
0.248565
0.248657
0.248762
0.248766
0.24886
0.248968
0.249057
0.249148
0.249243
0.249352
0.249405
0.249482
0.249644
0.249699
0.249904
0.249963
0.250066
0.250077
0.250173
0.250264
0.250261
0.250319
0.250329
0.250341
0.25045
0.250512
0.250621
0.250691
0.250808
0.250849
0.250949
0.251019
0.251178
0.251335
0.251452
0.251506
0.251577
0.251637
0.251737
0.251807
0.251853
0.251919
0.251962
0.252004
0.252056
0.252137
0.252228
0.252274
0.25237
0.25247
0.252519
0.252647
0.252726
0.252859
0.252889
0.252984
0.253069
0.253166
0.253244
0.25333
0.253389
0.253531
0.25367
0.253748
0.253811
0.253923
0.254041
0.254082
0.254153
0.254266
0.254308
0.254382
0.254414
0.254424
0.254437
0.254504
0.254612
0.254672
0.254688
0.254765
0.254851
0.254981
0.254993
0.255075
0.255138
0.255208
0.255311
0.255409
0.2555
0.255589
0.255623
0.255744
0.255832
0.255921
0.255973
0.256014
0.256047
0.256173
0.256257
0.256258
0.256311
0.256422
0.256541
0.256602
0.256711
0.256805
0.256848
0.25691
0.256919
0.257007
0.257053
0.257154
0.257274
0.257418
0.257561
0.257597
0.257714
0.257798
0.257906
0.257927
0.258022
0.258105
0.258176
0.258293
0.258366
0.258419
0.258461
0.258469
0.258487
0.258579
0.258656
0.258743
0.258871
0.258932
0.258962
0.259036
0.259075
0.259094
0.259202
0.259268
0.25938
0.259462
0.259514
0.259588
0.259653
0.259703
0.259764
0.259794
0.259923
0.260039
0.260026
0.260096
0.260152
0.260264
0.260303
0.260401
0.26051
0.26056
0.260589
0.260658
0.260745
0.260797
0.260852
0.260918
0.260997
0.261027
0.261097
0.261122
0.26118
0.261254
0.261267
0.261307
0.261357
0.261351
0.26141
0.261504
0.261543
0.261627
0.261697
0.26172
0.261774
0.261846
0.261921
0.261976
0.262054
0.262135
0.262224
0.26231
0.262399
0.262501
0.262574
0.262653
0.262721
0.262744
0.262818
0.262913
0.262929
0.263039
0.263079
0.263178
0.263304
0.263385
0.263477
0.263513
0.263569
0.263677
0.263787
0.263853
0.263897
0.263926
0.264019
0.264158
0.264227
0.264325
0.264356
0.264361
0.26441
0.264415
0.264456
0.264492
0.264559
0.264589
0.26466
0.264742
0.264765
0.264816
0.264874
0.264934
0.264955
0.264969
0.265048
0.265131
0.265179
0.265267
0.26533
0.265406
0.265513
0.265619
0.265666
0.265742
0.265773
0.265783
0.265853
0.265944
0.266078
0.26616
0.266241
0.266328
0.266374
0.266421
0.266483
0.266564
0.266635
0.266721
0.266784
0.266861
0.266927
0.267007
0.267153
0.267217
0.267328
0.26742
0.267508
0.267592
0.267694
0.267759
0.267824
0.267957
0.267979
0.268058
0.268077
0.268137
0.268205
0.268278
0.268368
0.268428
0.268582
0.268596
0.268614
0.268736
0.268816
0.268864
0.268948
0.268971
0.269004
0.269127
0.269203
0.269288
0.269331
0.26937
0.269429
0.269561
0.269618
0.269692
0.269757
0.269814
0.269821
0.269843
0.269916
0.269963
0.270033
0.270095
0.270151
0.270245
0.270259
0.27032
0.270401
0.270446
0.270495
0.270556
0.270633
0.270714
0.270783
0.270853
0.270908
0.270946
0.271001
0.271034
0.271071
0.271129
0.271223
0.271268
0.271346
0.271408
0.27146
0.271532
0.271557
0.271596
0.271634
0.271671
0.271768
0.271818
0.271842
0.271933
0.272032
0.272077
0.272131
0.272179
0.272234
0.272327
0.27242
0.272509
0.27257
0.272664
0.272714
0.272725
0.272798
0.272873
0.272942
0.272965
0.273062
0.273153
0.273203
0.273247
0.273321
0.273345
0.273404
0.273442
0.273471
0.273546
0.273655
0.273753
0.273757
0.273809
0.273852
0.273909
0.273975
0.27403
0.274093
0.274172
0.274226
0.274281
0.274302
0.274389
0.274398
0.274474
0.274538
0.274626
0.274667
0.274717
0.274776
0.274819
0.274912
0.275
0.275002
0.275071
0.275177
0.275262
0.275278
0.275302
0.27536
0.27538
0.275449
0.275464
0.275547
0.275589
0.275641
0.275711
0.275787
0.275854
0.275929
0.275994
0.276013
0.276099
0.276164
0.276211
0.276241
0.2763
0.276417
0.276456
0.276527
0.276602
0.276701
0.276818
0.276899
0.276959
0.27705
0.277151
0.277205
0.277284
0.277334
0.277392
0.277477
0.277534
0.277581
0.27763
0.277694
0.277789
0.277805
0.277869
0.277902
0.277973
0.277998
0.278039
0.278078
0.278171
0.278263
0.27831
0.278373
0.278429
0.278478
0.278521
0.278614
0.278641
0.27875
0.278814
0.278828
0.278906
0.278967
0.278967
0.279015
0.279064
0.279127
0.27916
0.279194
0.279233
0.279317
0.279389
0.279419
0.279468
0.2795
0.279596
0.279675
0.279734
0.279815
0.27985
0.27994
0.279997
0.280051
0.280065
0.280075
0.280071
0.280118
0.28018
0.28025
0.280323
0.280395
0.280448
0.28053
0.280602
0.280667
0.280738
0.280799
0.280881
0.28094
0.28101
0.28104
0.2811
0.281182
0.281205
0.281261
0.281309
0.28138
0.281444
0.28149
0.281517
0.281563
0.281568
0.281573
0.281653
0.281702
0.281774
0.281825
0.281904
0.281958
0.281999
0.282069
0.282086
0.282125
0.282212
0.282278
0.282271
0.28229
0.282325
0.282401
0.282426
0.282488
0.282563
0.282651
0.282695
0.282725
0.282778
0.282786
0.282793
0.282859
0.282931
0.282939
0.282984
0.283006
0.283043
0.283057
0.283127
0.283178
0.283225
0.283292
0.283367
0.283419
0.283455
0.283486
0.283553
0.283624
0.283668
0.28374
0.283804
0.283853
0.283889
0.283936
0.283958
0.284034
0.284102
0.284205
0.284279
0.284323
0.284368
0.284435
0.284495
0.28456
0.284626
0.284697
0.284745
0.28479
0.284854
0.284923
0.284986
0.285067
0.285097
0.28518
0.285198
0.285291
0.285335
0.285379
0.285432
0.2855
0.285575
0.285669
0.285699
0.285734
0.2858
0.285792
0.285845
0.285901
0.285922
0.285996
0.286059
0.286113
0.286143
0.286183
0.28618
0.286245
0.286319
0.286339
0.286369
0.286397
0.286465
0.286543
0.286612
0.286652
0.286688
0.286747
0.28681
0.28689
0.286954
0.286975
0.286985
0.287022
0.287061
0.287103
0.287122
0.287164
0.287202
0.287287
0.287315
0.287358
0.287408
0.287469
0.287549
0.287584
0.287627
0.287679
0.287748
0.287818
0.287866
0.287935
0.287974
0.287994
0.288072
0.288094
0.288141
0.28817
0.28825
0.288309
0.288397
0.288451
0.288498
0.28855
0.288573
0.28862
0.288654
0.288704
0.288725
0.288774
0.288863
0.288898
0.28893
0.288952
0.288981
0.289019
0.289076
0.289128
0.289193
0.289273
0.289308
0.289322
0.28935
0.289389
0.289447
0.289509
0.289557
0.289611
0.289633
0.289647
0.2897
0.289726
0.289788
0.289846
0.28989
0.28995
0.289994
0.290046
0.29011
0.29017
0.290213
0.290245
0.290307
0.290387
0.29041
0.290445
0.290482
0.290516
0.290566
0.290634
0.290631
0.290686
0.290727
0.290761
0.290821
0.290841
0.290884
0.290957
0.291015
0.291042
0.291105
0.291129
0.291189
0.291246
0.291314
0.291358
0.291431
0.29146
0.291483
0.291552
0.291609
0.29166
0.291681
0.291721
0.291761
0.291786
0.291851
0.29187
0.29193
0.291968
0.292021
0.29207
0.292149
0.292242
0.292295
0.292351
0.29235
0.292407
0.292443
0.29252
0.292551
0.292559
0.292627
0.292632
0.29264
0.292725
0.292752
0.29279
0.292854
0.292892
0.292921
0.292983
0.293006
0.293044
0.293112
0.293187
0.293244
0.293307
0.293366
0.293399
0.293473
0.29349
0.293522
0.293549
0.293599
0.293659
0.293661
0.293731
0.293777
0.293858
0.293957
0.293989
0.294056
0.294123
0.294166
0.294186
0.294231
0.294285
0.29432
0.294353
0.294417
0.294424
0.294495
0.294553
0.294593
0.294614
0.29464
0.294659
0.294681
0.294706
0.294757
0.294812
0.29487
0.294913
0.294965
0.29499
0.295037
0.295096
0.295099
0.295096
0.295103
0.295137
0.29519
0.295247
0.295287
0.295278
0.295337
0.295389
0.295445
0.295476
0.295493
0.295539
0.295592
0.295654
0.295702
0.295768
0.295778
0.295813
0.295855
0.295936
0.295984
0.296014
0.29603
0.29606
0.296105
0.296158
0.296179
0.296243
0.296303
0.296357
0.296397
0.296432
0.296467
0.29652
0.296552
0.296607
0.296617
0.296649
0.296688
0.296719
0.296768
0.296824
0.296881
0.296931
0.29693
0.297027
0.297064
0.29711
0.297164
0.297231
0.297288
0.297311
0.29732
0.297348
0.297402
0.297463
0.297497
0.297529
0.29757
0.297609
0.297623
0.297697
0.297751
0.297758
0.2978
0.297827
0.297898
0.297963
0.297956
0.298
0.298037
0.298075
0.29809
0.298108
0.298144
0.298168
0.298217
0.298274
0.298306
0.298331
0.298381
0.298435
0.298496
0.298524
0.29856
0.298607
0.298659
0.298721
0.298738
0.298742
0.298787
0.298818
0.298846
0.298898
0.298938
0.298986
0.299033
0.299088
0.299143
0.299188
0.299231
0.299267
0.299292
0.299345
0.299397
0.299412
0.299443
0.299493
0.299544
0.299596
0.299653
0.299686
0.299733
0.299758
0.299782
0.29984
0.299903
0.299938
0.299974
0.300014
0.300074
0.300147
0.30019
0.300238
0.300301
0.300326
0.300357
0.300398
0.300421
0.300431
0.300491
0.30055
0.300579
0.300588
0.300615
0.300656
0.300709
0.300735
0.300781
0.300797
0.30086
0.300902
0.300963
0.30104
0.301087
0.301111
0.301113
0.301162
0.301209
0.301255
0.301308
0.301332
0.301352
0.301423
0.301455
0.301485
0.301512
0.301535
0.301556
0.301599
0.301618
0.301656
0.301702
0.301721
0.301759
0.301792
0.301834
0.3019
0.30194
0.301958
0.302021
0.302061
0.302168
0.302169
0.302222
0.302236
0.302266
0.302327
0.302364
0.302391
0.302429
0.302474
0.302511
0.302532
0.302587
0.302624
0.302634
0.302673
0.302721
0.302776
0.30281
0.302864
0.302897
0.302952
0.303008
0.303062
0.303114
0.303169
0.303189
0.303243
0.30326
0.303285
0.303305
0.303378
0.303408
0.303464
0.303521
0.303568
0.303639
0.303669
0.303701
0.303705
0.303764
0.303785
0.303798
0.303815
0.303835
0.303869
0.303925
0.303936
0.303967
0.304007
0.304053
0.3041
0.304115
0.304156
0.304222
0.304247
0.304271
0.304279
0.304314
0.304362
0.304398
0.304453
0.30446
0.304521
0.304586
0.304607
0.304661
0.304688
0.304722
0.304752
0.304751
0.304792
0.304813
0.304862
0.304901
0.304924
0.304996
0.30502
0.305071
0.305106
0.305126
0.305155
0.305192
0.305236
0.305292
0.305313
0.305319
0.305372
0.305425
0.305441
0.305464
0.305505
0.305519
0.305552
0.30559
0.305619
0.30565
0.305656
0.305677
0.305719
0.305751
0.305769
0.305788
0.305799
0.305841
0.30588
0.305938
0.305967
0.305993
0.306038
0.306074
0.306138
0.306197
0.306225
0.306252
0.306307
0.306356
0.306383
0.306394
0.306458
0.306522
0.306515
0.306519
0.306588
0.306643
0.30666
0.3067
0.306728
0.306739
0.306771
0.3068
0.306822
0.306829
0.306845
0.306893
0.30692
0.30696
0.307001
0.307044
0.307069
0.307088
0.307137
0.307185
0.307231
0.307294
0.307357
0.307406
0.307448
0.307473
0.307485
0.307525
0.307572
0.307604
0.307617
0.307661
0.307705
0.307745
0.307772
0.307788
0.307777
0.30779
0.307827
0.307895
0.307941
0.307991
0.308016
0.308048
0.308086
0.308141
0.308177
0.308241
0.308247
0.308247
0.308266
0.308297
0.308319
0.308359
0.308378
0.30842
0.308442
0.30847
0.308513
0.308559
0.308602
0.308634
0.308641
0.308674
0.308688
0.308736
0.308752
0.308785
0.308831
0.308874
0.308943
0.309005
0.30902
0.309032
0.309041
0.309096
0.309114
0.309157
0.309201
0.309233
0.30927
0.309291
0.309322
0.309389
0.3094
0.309453
0.309456
0.309488
0.309527
0.309584
0.309608
0.309657
0.309667
0.309703
0.309732
0.309757
0.309811
0.309856
0.309897
0.309947
0.309964
0.310014
0.310017
0.310042
0.310056
0.310114
0.310123
0.310185
0.310198
0.310249
0.310281
0.310287
0.310327
0.310327
0.310369
0.310405
0.310437
0.310463
0.310461
0.31047
0.310527
0.310554
0.310584
0.310654
0.310701
0.310714
0.310749
0.310814
0.31086
0.310912
0.310922
0.310924
0.310936
0.310962
0.310996
0.311011
0.311033
0.311076
0.311073
0.311122
0.311137
0.311158
0.311175
0.311202
0.311261
0.311338
0.311366
0.3114
0.311444
0.311463
0.311501
0.311523
0.31157
0.311602
0.311619
0.311663
0.311715
0.311762
0.311796
0.311839
0.311868
0.3119
0.311969
0.312006
0.312065
0.312116
0.312153
0.312206
0.312274
0.312319
0.312348
0.312371
0.312422
0.312455
0.312511
0.312532
0.312576
0.312615
0.31263
0.312656
0.312684
0.312702
0.312721
0.312752
0.312795
0.31281
0.31284
0.312857
0.312867
0.312929
0.312956
0.312978
0.312996
0.313029
0.313065
0.3131
0.313121
0.313159
0.313212
0.313246
0.313264
0.313277
0.313311
0.313332
0.313387
0.313411
0.31346
0.31348
0.313502
0.313521
0.313528
0.313582
0.313613
0.313647
0.313687
0.313716
0.313747
0.313744
0.313763
0.313771
0.313787
0.313797
0.313822
0.313811
0.313811
0.313829
0.313878
0.31393
0.313984
0.314023
0.314054
0.314072
0.314084
0.3141
0.314134
0.314153
0.314194
0.314227
0.314248
0.314285
0.31434
0.314369
0.314383
0.314414
0.314436
0.31446
0.314481
0.314492
0.31452
0.314564
0.314582
0.314635
0.314695
0.314718
0.314751
0.314782
0.314801
0.31485
0.314841
0.314899
0.314948
0.314949
0.315008
0.315051
0.315067
0.31511
0.315122
0.315139
0.315169
0.315177
0.31522
0.315251
0.315282
0.315316
0.31533
0.315357
0.315408
0.315449
0.315488
0.315511
0.315559
0.315611
0.315641
0.31568
0.315731
0.315804
0.31585
0.315896
0.315895
0.315884
0.315929
0.315958
0.316
0.315997
0.316027
0.316061
0.316091
0.316119
0.31617
0.316209
0.316258
0.31628
0.316312
0.316371
0.316388
0.316406
0.316439
0.316464
0.316519
0.316537
0.316573
0.316592
0.316623
0.316644
0.316657
0.316706
0.31674
0.316762
0.316781
0.316833
0.316862
0.316904
0.316922
0.316944
0.316991
0.317025
0.317064
0.317091
0.317143
0.317151
0.317189
0.317231
0.317285
0.317289
0.317343
0.317357
0.31739
0.317403
0.317426
0.317463
0.317525
0.317557
0.317607
0.317624
0.317653
0.317695
0.317732
0.317754
0.317796
0.317834
0.317864
0.317911
0.317922
0.317952
0.318009
0.318037
0.318071
0.318102
0.318124
0.31816
0.3182
0.318238
0.318289
0.31833
0.318344
0.318373
0.318398
0.318426
0.318436
0.318442
0.318472
0.3185
0.318539
0.318578
0.318612
0.318637
0.318672
0.318721
0.318744
0.318775
0.318764
0.318792
0.318825
0.318844
0.318857
0.318881
0.31896
0.318984
0.319039
0.319075
0.319114
0.319137
0.31918
0.319216
0.319238
0.319244
0.319273
0.319313
0.319346
0.319358
0.319374
0.31941
0.319426
0.319476
0.319472
0.319482
0.319475
0.319498
0.319529
0.319544
0.319569
0.319597
0.319646
0.319657
0.319677
0.319727
0.319751
0.319771
0.319785
0.319796
0.319813
0.319834
0.319839
0.319862
0.319893
0.319897
0.319924
0.319944
0.319966
0.319987
0.320008
0.320039
0.320065
0.320087
0.32012
0.320177
0.320201
0.320224
0.320241
0.320287
0.320293
0.320322
0.320354
0.320376
0.320402
0.320436
0.32045
0.320465
0.320495
0.320512
0.320555
0.320596
0.320637
0.320677
0.320706
0.32073
0.320758
0.320791
0.320812
0.320835
0.320862
0.320893
0.320889
0.320914
0.320946
0.320964
0.320977
0.321002
0.321027
0.321031
0.321058
0.321082
0.321121
0.321151
0.321192
0.32123
0.321258
0.321279
0.321289
0.321292
0.321313
0.321326
0.321363
0.321401
0.321411
0.321434
0.321452
0.321489
0.321525
0.321564
0.321587
0.321618
0.321641
0.321651
0.32167
0.321689
0.321691
0.321724
0.32173
0.321748
0.321783
0.321827
0.321852
0.321891
0.321924
0.321971
0.321964
0.322002
0.322025
0.322049
0.32207
0.322085
0.322099
0.322107
0.322122
0.322145
0.322158
0.322202
0.322213
0.322246
0.322294
0.322317
0.322331
0.322398
0.322418
0.322457
0.322475
0.322496
0.32252
0.322547
0.32259
0.322613
0.322623
0.322648
0.322691
0.322724
0.322736
0.322759
0.32279
0.322822
0.322827
0.322834
0.322856
0.322884
0.322927
0.322963
0.322997
0.323008
0.323041
0.323051
0.323072
0.323112
0.323132
0.323163
0.323196
0.323198
0.323217
0.323214
0.32322
0.323257
0.323265
0.323287
0.323324
0.323365
0.323376
0.3234
0.323431
0.323434
0.323464
0.323481
0.323528
0.32357
0.323596
0.323615
0.32365
0.323676
0.323705
0.323721
0.323731
0.323767
0.3238
0.323795
0.32383
0.323838
0.323846
0.323864
0.323885
0.323917
0.323956
0.323985
0.324002
0.324043
0.324055
0.324077
0.324112
0.324139
0.324158
0.324187
0.324205
0.324235
0.324246
0.324261
0.324302
0.324344
0.32435
0.324364
0.324357
0.324392
0.324422
0.32446
0.324482
0.324492
0.324513
0.324535
0.324551
0.324564
0.324612
0.324636
0.324672
0.324713
0.324733
0.324741
0.324737
0.324742
0.324755
0.32479
0.324799
0.324841
0.32488
0.324885
0.324912
0.324946
0.324973
0.325005
0.325024
0.325027
0.325089
0.325138
0.32514
0.325184
0.325208
0.32524
0.325274
0.325295
0.325328
0.32537
0.325418
0.325455
0.325458
0.325479
0.325488
0.325535
0.325549
0.325551
0.325605
0.325646
0.325649
0.325671
0.325685
0.32569
0.325713
0.325764
0.325783
0.325802
0.325822
0.325818
0.325831
0.32586
0.32589
0.325923
0.325964
0.325987
0.325991
0.326024
0.326028
0.32605
0.326087
0.326093
0.326122
0.326154
0.326209
0.326205
0.326241
0.326267
0.326283
0.326296
0.326315
0.326337
0.326392
0.326421
0.326439
0.326471
0.326518
0.326529
0.326537
0.326575
0.3266
0.326624
0.32665
0.326664
0.326701
0.326729
0.326772
0.326781
0.326799
0.326802
0.326802
0.326824
0.326854
0.32689
0.326923
0.326943
0.326961
0.326981
0.326974
0.32698
0.327005
0.327006
0.327013
0.327055
0.327043
0.327081
0.327122
0.327172
0.327206
0.327236
0.327242
0.327239
0.327264
0.327304
0.327315
0.327333
0.32738
0.327412
0.327432
0.327426
0.32746
0.327461
0.327485
0.327523
0.327517
0.327528
0.327554
0.327554
0.327557
0.327601
0.327626
0.327631
0.327655
0.327673
0.327702
0.327733
0.32775
0.327769
0.327781
0.327807
0.327827
0.327864
0.327866
0.327888
0.327904
0.327939
0.327944
0.327974
0.327998
0.328037
0.328086
0.328109
0.328148
0.328162
0.328196
0.328206
0.328223
0.328261
0.328276
0.328303
0.328329
0.328342
0.328363
0.328393
0.328386
0.328408
0.328425
0.328453
0.32848
0.328514
0.328515
0.328547
0.328574
0.3286
0.328607
0.328613
0.328617
0.328628
0.328647
0.32867
0.328698
0.328725
0.328752
0.328784
0.328782
0.3288
0.328826
0.328845
0.328884
0.328909
0.328941
0.328978
0.329002
0.329023
0.329045
0.329059
0.329074
0.329088
0.329101
0.329119
0.32912
0.329137
0.329173
0.329183
0.329201
0.329251
0.329247
0.329254
0.329273
0.329323
0.329323
0.329327
0.329358
0.329372
0.32937
0.329392
0.329414
0.32944
0.329447
0.32949
0.329519
0.329555
0.329579
0.329611
0.329633
0.329662
0.329671
0.329716
0.329741
0.329783
0.329808
0.329809
0.32982
0.329837
0.32986
0.329888
0.329922
0.329962
0.33
0.330007
0.330017
0.330045
0.330092
0.330107
0.330147
0.330165
0.330204
0.330221
0.330238
0.330256
0.330263
0.330273
0.330324
0.330348
0.330374
0.330409
0.33045
0.330479
0.33051
0.330522
0.330541
0.330571
0.33059
0.330618
0.330639
0.330648
0.330665
0.330672
0.330717
0.330743
0.330774
0.330815
0.330827
0.330856
0.33086
0.330894
0.33093
0.330943
0.330973
0.331001
0.331016
0.331032
0.331067
0.331069
0.331087
0.331105
0.331126
0.331163
0.331161
0.331174
0.331206
0.33122
0.331255
0.331286
0.331294
0.331339
0.331332
0.331344
0.331358
0.331388
0.331428
0.331445
0.331461
0.331477
0.331505
0.331518
0.331557
0.331596
0.331614
0.331616
0.33165
0.331663
0.331689
0.331697
0.331715
0.331724
0.331752
0.331779
0.3318
0.33184
0.331863
0.331886
0.33191
0.331906
0.331943
0.331982
0.331993
0.332022
0.332037
0.332049
0.332075
0.33209
0.332116
0.332131
0.332134
0.332151
0.332178
0.332168
0.33218
0.332182
0.332221
0.332237
0.332238
0.332262
0.332278
0.33229
0.332307
0.332323
0.332341
0.332377
0.332384
0.332375
0.332372
0.332415
0.332432
0.332457
0.332461
0.332488
0.332515
0.332538
0.332563
0.332597
0.332632
0.332646
0.33268
0.332696
0.332711
0.332747
0.332758
0.33276
0.332772
0.332794
0.332814
0.332827
0.332863
0.332901
0.332919
0.332946
0.332965
0.332989
0.333003
0.333041
0.333047
0.333072
0.333091
0.333109
0.333129
0.333151
0.333186
0.333224
0.333236
0.333267
0.333268
0.333271
0.333298
0.333332
0.333348
0.333356
0.33339
0.333414
0.333424
0.33347
0.333473
0.333492
0.333531
0.333563
0.333593
0.333618
0.333652
0.333677
0.333704
0.333744
0.333768
0.33379
0.333828
0.333856
0.333881
0.333917
0.333946
0.333988
0.334002
0.334018
0.334036
0.334043
0.334079
0.334089
0.334109
0.334121
0.334151
0.33416
0.334187
0.334212
0.334267
0.334292
0.334295
0.334323
0.334337
0.334371
0.334383
0.334406
0.334428
0.334442
0.334467
0.334476
0.334521
0.334542
0.334564
0.3346
0.334604
0.334627
0.334649
0.33465
0.334678
0.334704
0.334712
0.334747
0.334774
0.334792
0.3348
0.334819
0.334835
0.334856
0.334869
0.334877
0.334895
0.334904
0.334919
0.334945
0.334976
0.334997
0.335023
0.335046
0.335065
0.335088
0.335084
0.335095
0.335096
0.335122
0.335159
0.335186
0.335235
0.335259
0.335265
0.335269
0.335298
0.335314
0.33532
0.335347
0.33537
0.335362
0.335375
0.335377
0.335392
0.33541
0.33542
0.335435
0.335447
0.335464
0.335501
0.335528
0.335567
0.335581
0.335611
0.335644
0.33567
0.335699
0.335724
0.33573
0.335743
0.335751
0.335748
0.335742
0.335756
0.335791
0.33581
0.335823
0.335829
0.335859
0.335879
0.335912
0.335954
0.335959
0.335993
0.336009
0.33604
0.336064
0.336095
0.336135
0.33617
0.336174
0.336168
0.336173
0.336173
0.336181
0.336193
0.336225
0.33624
0.336265
0.336275
0.3363
0.336314
0.336318
0.33633
0.336345
0.336353
0.336362
0.336369
0.336379
0.336404
0.336424
0.336462
0.336484
0.336507
0.33654
0.336563
0.336588
0.336603
0.336603
0.336618
0.336646
0.336662
0.336675
0.336686
0.336711
0.336726
0.336729
0.336751
0.336774
0.336794
0.336829
0.336846
0.336848
0.336862
0.336874
0.336887
0.3369
0.336917
0.336921
0.336933
0.336966
0.336979
0.33699
0.337007
0.337027
0.337059
0.337102
0.337103
0.337131
0.337142
0.337178
0.33718
0.337219
0.337245
0.337256
0.337293
0.337329
0.33734
0.337371
0.337388
0.337424
0.337452
0.337456
0.337473
0.337512
0.337515
0.337532
0.337556
0.33757
0.337611
0.337641
0.337669
0.337688
0.337706
0.33773
0.337748
0.337771
0.337803
0.337828
0.337835
0.33786
0.337887
0.337921
0.337941
0.33796
0.337979
0.338003
0.338025
0.338045
0.338066
0.338065
0.338076
0.338101
0.338126
0.338154
0.338188
0.338193
0.338205
0.338231
0.338252
0.338287
0.338294
0.338339
0.338357
0.338372
0.338384
0.338412
0.338442
0.33848
0.338486
0.338498
0.338517
0.338545
0.338559
0.338584
0.338618
0.338634
0.338656
0.338675
0.338704
0.338721
0.338734
0.338726
0.338752
0.338776
0.338791
0.33883
0.338846
0.338856
0.338876
0.338895
0.338911
0.338928
0.338944
0.338933
0.338947
0.33895
0.338977
0.338989
0.338998
0.339025
0.339036
0.339049
0.339076
0.339092
0.339115
0.33913
0.339176
0.339202
0.339204
0.339218
0.339246
0.339274
0.339296
0.339293
0.339328
0.339346
0.339377
0.339387
0.339406
0.339427
0.339434
0.339461
0.339487
0.339517
0.339542
0.33956
0.339575
0.339569
0.339595
0.339609
0.339643
0.339646
0.339668
0.339674
0.339698
0.339719
0.339728
0.339757
0.339767
0.33979
0.339808
0.339822
0.339857
0.339886
0.339905
0.339953
0.339974
0.340027
0.340063
0.340085
0.340103
0.340128
0.340148
0.340172
0.340191
0.340201
0.340216
0.340234
0.340252
0.340283
0.34031
0.34031
0.340344
0.340361
0.340392
0.340415
0.340439
0.340452
0.340475
0.340479
0.3405
0.340523
0.340546
0.340572
0.340585
0.340621
0.340617
0.340628
0.340634
0.340652
0.340673
0.340682
0.340696
0.340709
0.340718
0.340734
0.340743
0.340769
0.340784
0.340789
0.340783
0.340795
0.34082
0.340861
0.340877
0.34092
0.340958
0.340984
0.340982
0.340985
0.341006
0.341028
0.341035
0.341047
0.341058
0.341081
0.341092
0.341117
0.341121
0.341144
0.341151
0.341166
0.341178
0.341196
0.34121
0.341205
0.341214
0.34123
0.341254
0.341259
0.341281
0.341291
0.341313
0.341338
0.341355
0.341371
0.341374
0.341378
0.341398
0.341403
0.341421
0.341441
0.341454
0.341468
0.341505
0.34151
0.341531
0.341559
0.341585
0.341626
0.341629
0.341655
0.341668
0.341699
0.341711
0.341719
0.341742
0.34176
0.341781
0.341803
0.341825
0.341846
0.341854
0.341865
0.34187
0.341884
0.341899
0.341925
0.341929
0.341951
0.341966
0.341987
0.341992
0.342022
0.342032
0.342049
0.342079
0.342104
0.342122
0.342141
0.34217
0.342181
0.3422
0.34221
0.342241
0.342253
0.342268
0.342284
0.342303
0.342301
0.342297
0.342321
0.342339
0.34236
0.342386
0.342386
0.342403
0.342427
0.342464
0.342494
0.342518
0.342521
0.342534
0.342525
0.34253
0.342548
0.34256
0.34259
0.3426
0.342625
0.342641
0.342652
0.342664
0.342691
0.342711
0.342739
0.342762
0.342779
0.342809
0.342818
0.342856
0.342867
0.342881
0.342901
0.342931
0.342937
0.342973
0.342992
0.342998
0.34301
0.343037
0.343058
0.343062
0.343095
0.343121
0.343159
0.343181
0.343198
0.343193
0.343213
0.343222
0.34325
0.343268
0.343292
0.343298
0.343321
0.343311
0.343321
0.343352
0.343364
0.343396
0.343433
0.343452
0.343463
0.343485
0.343508
0.343533
0.343541
0.343571
0.343593
0.343594
0.343607
0.34362
0.34364
0.343641
0.343675
0.343708
0.343731
0.343756
0.343772
0.343821
0.343836
0.34388
0.343889
0.343919
0.343942
0.343952
0.343991
0.344011
0.344015
0.34403
0.344027
0.344053
0.344076
0.344095
0.344132
0.344154
0.344182
0.344215
0.344217
0.344215
0.344242
0.344271
0.344282
0.344305
0.344316
0.344323
0.344353
0.344369
0.344382
0.344387
0.34442
0.344446
0.344469
0.344513
0.344521
0.344532
0.344547
0.344574
0.344607
0.344625
0.34466
0.344675
0.344702
0.344729
0.34474
0.344761
0.344776
0.344795
0.34479
0.344829
0.344818
0.344853
0.344862
0.344875
0.344885
0.344918
0.344929
0.344937
0.344962
0.344977
0.344988
0.345012
0.345037
0.34504
0.345057
0.345069
0.345087
0.345104
0.345124
0.345145
0.345172
0.345186
0.34519
0.345218
0.345246
0.345255
0.34526
0.345283
0.34529
0.345305
0.345331
0.345354
0.345352
0.34537
0.34538
0.345413
0.345452
0.345474
0.345502
0.345539
0.345557
0.34558
0.345605
0.345612
0.345641
0.345664
0.345697
0.345719
0.345725
0.345745
0.345757
0.345764
0.345786
0.345809
0.345805
0.345807
0.345815
0.345828
0.345844
0.345843
0.345868
0.345891
0.345919
0.345936
0.345947
0.345946
0.345982
0.346
0.346023
0.346036
0.346056
0.346085
0.346117
0.346127
0.346127
0.346162
0.346174
0.346193
0.346198
0.346211
0.346213
0.346233
0.346244
0.346302
0.346322
0.346338
0.346375
0.346388
0.346396
0.346398
0.346406
0.346431
0.346447
0.346455
0.34647
0.346482
0.346495
0.346524
0.346529
0.346552
0.346572
0.346576
0.346599
0.346607
0.346629
0.346631
0.346657
0.346682
0.346687
0.346697
0.346698
0.346716
0.346737
0.346747
0.346757
0.346779
0.346799
0.346824
0.346837
0.346851
0.346871
0.346872
0.346877
0.346907
0.346921
0.346951
0.346961
0.346982
0.346999
0.34701
0.347004
0.347033
0.347049
0.347058
0.347076
0.347082
0.347101
0.347104
0.347125
0.347151
0.347174
0.347184
0.347202
0.347223
0.347242
0.347257
0.347298
0.347296
0.3473
0.347321
0.347343
0.347358
0.347373
0.347384
0.347406
0.347415
0.347442
0.34745
0.347466
0.34747
0.34749
0.347487
0.347505
0.347525
0.34753
0.347578
0.347598
0.347605
0.347614
0.347614
0.347621
0.347639
0.34764
0.347651
0.347667
0.347693
0.347717
0.347734
0.347757
0.347774
0.347779
0.34779
0.347804
0.347814
0.347838
0.347844
0.347889
0.347906
0.347935
0.347943
0.347986
0.347995
0.348007
0.348024
0.348043
0.348068
0.348076
0.34809
0.348112
0.348141
0.348144
0.348175
0.348174
0.348205
0.348214
0.348242
0.348246
0.34828
0.348282
0.348298
0.348309
0.348306
0.348326
0.348335
0.348342
0.348359
0.348378
0.348399
0.34842
0.348442
0.348488
0.348504
0.348528
0.348529
0.348547
0.348571
0.348592
0.348603
0.348634
0.348641
0.34866
0.348673
0.348696
0.348716
0.348719
0.348749
0.348746
0.348753
0.348767
0.348768
0.348774
0.348764
0.348786
0.348791
0.348805
0.34882
0.348833
0.348852
0.348866
0.348896
0.348904
0.348922
0.348928
0.348952
0.348969
0.348971
0.348982
0.348989
0.349011
0.349021
0.349037
0.349032
0.349049
0.34907
0.349081
0.349099
0.349114
0.349119
0.349129
0.349152
0.349162
0.349173
0.349188
0.349195
0.349229
0.349246
0.349268
0.349278
0.349306
0.349314
0.349333
0.349361
0.349378
0.349387
0.349387
0.349381
0.349388
0.34938
0.349409
0.349435
0.349443
0.349462
0.34947
0.3495
0.349515
0.349539
0.349554
0.34957
0.349588
0.34961
0.349619
0.349626
0.349642
0.349656
0.349669
0.349675
0.349688
0.349691
0.349722
0.349719
0.349737
0.349738
0.349735
0.34975
0.349776
0.349784
0.349805
0.34982
0.349823
0.349854
0.349863
0.349891
0.349902
0.349923
0.349944
0.349948
0.349951
0.349975
0.349998
0.350006
0.35004
0.350034
0.350043
0.350049
0.350072
0.350096
0.350121
0.350141
0.350162
0.350174
0.350196
0.350229
0.350235
0.350239
0.350263
0.350265
0.35027
0.350279
0.350314
0.350342
0.350332
0.350351
0.350359
0.350379
0.350375
0.350378
0.350403
0.350403
0.350417
0.350412
0.350415
0.350419
0.350438
0.350456
0.350465
0.3505
0.350499
0.350501
0.350513
0.350526
0.350546
0.35056
0.350571
0.350584
0.350598
0.350603
0.350608
0.350642
0.350665
0.350681
0.350696
0.35071
0.350729
0.350741
0.350755
0.350767
0.350797
0.350795
0.350824
0.350843
0.350859
0.350879
0.350879
0.350887
0.350912
0.350928
0.350947
0.350968
0.350976
0.350994
0.351013
0.351044
0.351053
0.351071
0.351082
0.3511
0.351122
0.351127
0.351146
0.351155
0.351168
0.351199
0.351222
0.35122
0.351233
0.351233
0.351251
0.351248
0.351253
0.351278
0.351283
0.351297
0.351316
0.351324
0.351349
0.351368
0.351367
0.351366
0.351384
0.351392
0.351392
0.351423
0.351451
0.351471
0.35148
0.351505
0.35152
0.351536
0.351547
0.351555
0.351576
0.351606
0.351627
0.351639
0.351649
0.351674
0.351684
0.351713
0.351727
0.351743
0.351749
0.351772
0.35179
0.351813
0.351824
0.351851
0.351864
0.351892
0.351916
0.351929
0.351939
0.351939
0.351963
0.351967
0.351979
0.35199
0.352009
0.352026
0.352043
0.352064
0.352082
0.352103
0.352124
0.352143
0.352147
0.352158
0.352179
0.352211
0.352235
0.352251
0.352255
0.352277
0.352301
0.352303
0.35232
0.352326
0.352335
0.352344
0.352353
0.352379
0.352393
0.35241
0.352425
0.352459
0.352466
0.35249
0.352492
0.352503
0.352536
0.352543
0.352555
0.35258
0.352597
0.352611
0.352632
0.352639
0.352651
0.352663
0.352688
0.352691
0.352704
0.352726
0.35275
0.352776
0.3528
0.352831
0.352827
0.352843
0.352854
0.352861
0.352882
0.352904
0.352922
0.352951
0.352963
0.352975
0.352982
0.353006
0.353029
0.353044
0.353046
0.353077
0.353086
0.353106
0.353113
0.353125
0.35314
0.353138
0.353155
0.353159
0.35318
0.353212
0.353221
0.353237
0.353246
0.353259
0.353267
0.353281
0.353292
0.353305
0.353329
0.353346
0.353348
0.353359
0.353362
0.353371
0.353382
0.353395
0.353397
0.353416
0.353438
0.353434
0.353462
0.353468
0.353486
0.353493
0.353513
0.353522
0.353527
0.353538
0.35355
0.353566
0.353571
0.35357
0.353589
0.353603
0.353619
0.353633
0.353633
0.353647
0.353664
0.353681
0.353695
0.353722
0.353726
0.353744
0.353758
0.353757
0.353778
0.353795
0.353803
0.353824
0.353835
0.353834
0.353837
0.353853
0.353882
0.353898
0.353914
0.353938
0.35397
0.353983
0.353982
0.353986
0.354004
0.354018
0.354044
0.354055
0.354089
0.35411
0.354129
0.354144
0.354153
0.354167
0.35419
0.354203
0.354208
0.354206
0.354227
0.354226
0.354242
0.354253
0.354274
0.354296
0.354303
0.354323
0.354333
0.354344
0.354369
0.354379
0.354391
0.354418
0.354428
0.35445
0.354452
0.354467
0.354491
0.354513
0.354531
0.354552
0.354565
0.354571
0.354595
0.354598
0.354618
0.354633
0.354642
0.354646
0.354643
0.354657
0.35466
0.354693
0.3547
0.354711
0.354707
0.354729
0.354741
0.354752
0.354754
0.354753
0.35477
0.354797
0.354815
0.354823
0.354823
0.354812
0.354835
0.354862
0.354854
0.354866
0.354886
0.3549
0.354901
0.354909
0.354919
0.354935
0.354963
0.354961
0.354975
0.354988
0.354997
0.354997
0.355028
0.355029
0.35505
0.355048
0.355062
0.355079
0.355087
0.355111
0.355131
0.355135
0.355154
0.355189
0.355183
0.355208
0.355223
0.355232
0.355253
0.355271
0.355294
0.355324
0.355346
0.355352
0.355387
0.355396
0.355411
0.355431
0.355433
0.355456
0.355474
0.355497
0.355519
0.355539
0.355557
0.355575
0.355572
0.355601
0.355614
0.355627
0.355632
0.355639
0.355645
0.355661
0.355671
0.355696
0.355716
0.35573
0.355737
0.355739
0.355739
0.355744
0.355764
0.355772
0.355774
0.355802
0.355808
0.355821
0.355828
0.355837
0.355855
0.35587
0.355884
0.355899
0.35592
0.355946
0.355958
0.355972
0.355967
0.355971
0.355963
0.355979
0.355994
0.356012
0.356019
0.356033
0.356041
0.356061
0.356084
0.356108
0.356116
0.356129
0.356147
0.356157
0.356177
0.356179
0.356197
0.356211
0.356227
0.35623
0.356237
0.356258
0.356267
0.356272
0.356284
0.356295
0.356289
0.356305
0.356303
0.356312
0.356318
0.356331
0.356351
0.356359
0.35637
0.356376
0.356384
0.356399
0.356414
0.356432
0.356446
0.356452
0.356457
0.356489
0.356499
0.356511
0.356523
0.356532
0.356547
0.356578
0.356585
0.356597
0.356616
0.356629
0.356637
0.356659
0.356677
0.356694
0.356709
0.356741
0.356756
0.356749
0.356754
0.356758
0.356774
0.356789
0.356794
0.356806
0.356809
0.356824
0.356843
0.356847
0.356854
0.356867
0.356876
0.356887
0.356894
0.356918
0.356933
0.356933
0.356948
0.356936
0.356962
0.356971
0.356967
0.356976
0.357001
0.356994
0.357011
0.357021
0.35704
0.357047
0.357069
0.357098
0.357121
0.357118
0.357135
0.357137
0.357146
0.357159
0.357179
0.357188
0.3572
0.357209
0.357221
0.357229
0.357248
0.357259
0.35727
0.35728
0.357296
0.357313
0.357335
0.357336
0.357342
0.357352
0.357363
0.357385
0.357404
0.357414
0.357422
0.357418
0.357432
0.357426
0.357433
0.357438
0.357456
0.357465
0.357483
0.3575
0.357509
0.357532
0.357554
0.357569
0.357588
0.357597
0.357636
0.357646
0.357664
0.357662
0.357663
0.357679
0.357696
0.357712
0.357722
0.357723
0.357718
0.357732
0.357745
0.357763
0.357782
0.357801
0.357809
0.357821
0.357843
0.357846
0.35787
0.357886
0.357895
0.357903
0.357926
0.357954
0.357964
0.357974
0.358001
0.358008
0.358026
0.358039
0.358048
0.358056
0.358083
0.358081
0.358091
0.358103
0.358114
0.358139
0.358161
0.358173
0.358174
0.358182
0.358192
0.358206
0.358207
0.358231
0.358242
0.358267
0.358274
0.358297
0.358304
0.358333
0.358352
0.358353
0.35836
0.358382
0.358393
0.358405
0.358415
0.358423
0.358431
0.358434
0.358439
0.35846
0.35846
0.358473
0.358468
0.358488
0.358509
0.358523
0.358538
0.358549
0.358563
0.358572
0.358584
0.358599
0.358589
0.358615
0.358623
0.358628
0.358635
0.358648
0.358648
0.358656
0.358666
0.358683
0.358704
0.358736
0.358747
0.358756
0.358777
0.358797
0.358816
0.358832
0.358858
0.358875
0.358891
0.358914
0.358922
0.358932
0.358965
0.358979
0.358986
0.358988
0.359013
0.35901
0.359026
0.359049
0.359059
0.359072
0.359084
0.3591
0.359096
0.359103
0.359111
0.359122
0.359128
0.35913
0.359148
0.359162
0.359168
0.359176
0.359189
0.359184
0.359198
0.359205
0.359204
0.359219
0.359223
0.359229
0.359242
0.359253
0.359257
0.359271
0.359276
0.359283
0.3593
0.359325
0.359346
0.359355
0.359356
0.359367
0.35938
0.359409
0.359428
0.359441
0.359456
0.359465
0.359494
0.359501
0.359521
0.359529
0.359542
0.359559
0.359576
0.359603
0.359609
0.359613
0.35962
0.359607
0.359621
0.359616
0.359634
0.359646
0.359645
0.359651
0.359665
0.359684
0.359696
0.359703
0.35971
0.359721
0.359742
0.359765
0.359773
0.359803
0.359837
0.359863
0.359868
0.359865
0.359872
0.359869
0.359877
0.359879
0.359874
0.359899
0.359907
0.359934
0.359945
0.35997
0.359994
0.36001
0.360016
0.360018
0.360042
0.360065
0.36008
0.360087
0.360101
0.360115
0.360126
0.36013
0.36015
0.360163
0.360165
0.360187
0.360196
0.360213
0.360206
0.360221
0.360227
0.360232
0.36024
0.360258
0.360285
0.360291
0.360296
0.360307
0.360315
0.360339
0.360339
0.36035
0.360365
0.360382
0.360386
0.3604
0.360418
0.360437
0.360447
0.360461
0.360476
0.360486
0.360502
0.360505
0.360505
0.360522
0.360549
0.360578
0.360602
0.360617
0.360627
0.360645
0.360666
0.360693
0.360706
0.36071
0.360733
0.360741
0.360741
0.36075
0.360759
0.360759
0.360778
0.360792
0.3608
0.360809
0.360825
0.360826
0.360842
0.36085
0.36085
0.36086
0.360873
0.360882
0.360893
0.36091
0.360926
0.360944
0.360956
0.360973
0.360967
0.360985
0.361005
0.361017
0.361031
0.361046
0.361069
0.361081
0.361094
0.361101
0.361106
0.361114
0.361115
0.361129
0.361141
0.361152
0.361162
0.361168
0.361179
0.361189
0.361196
0.361218
0.361229
0.361234
0.361243
0.361263
0.36128
0.361291
0.361295
0.361304
0.361317
0.361329
0.361336
0.361346
0.361361
0.361374
0.361396
0.361414
0.361426
0.36143
0.361443
0.361456
0.36147
0.361493
0.361505
0.361517
0.361523
0.361536
0.361568
0.361576
0.361584
0.361587
0.361595
0.361608
0.361628
0.361633
0.361627
0.36164
0.361631
0.36164
0.361636
0.361654
0.36167
0.361693
0.361707
0.361721
0.361731
0.36174
0.361759
0.361765
0.361789
0.361801
0.361814
0.361816
0.361821
0.361829
0.361837
0.361836
0.361847
0.36187
0.361875
0.361886
0.361892
0.3619
0.361905
0.361911
0.361933
0.361951
0.361951
0.361964
0.361978
0.361985
0.361995
0.362002
0.362009
0.362017
0.362029
0.362036
0.362036
0.362046
0.362067
0.362078
0.362086
0.362092
0.362117
0.362118
0.362113
0.362121
0.36213
0.362137
0.362168
0.3622
0.362213
0.362217
0.36224
0.362251
0.362263
0.362275
0.362289
0.362302
0.362317
0.362319
0.362333
0.362346
0.362357
0.36237
0.362373
0.362386
0.362395
0.362429
0.362447
0.362448
0.362457
0.362462
0.362482
0.36249
0.362512
0.362521
0.362539
0.362547
0.362569
0.362583
0.362595
0.362617
0.362641
0.362635
0.362652
0.36266
0.362674
0.362684
0.362695
0.362708
0.362714
0.362743
0.362754
0.362762
0.362765
0.362778
0.362782
0.362797
0.362804
0.362814
0.362836
0.362854
0.362876
0.362886
0.362906
0.362912
0.362919
0.362919
0.362934
0.362936
0.36295
0.362953
0.362963
0.362973
0.362974
0.362974
0.36299
0.363012
0.363019
0.363027
0.363049
0.363049
0.363054
0.36307
0.363078
0.363099
0.363103
0.363125
0.363151
0.36316
0.363173
0.363171
0.36319
0.363203
0.363217
0.363217
0.363231
0.363244
0.363244
0.363254
0.363271
0.363284
0.363297
0.363299
0.363308
0.363331
0.363341
0.363358
0.363363
0.363376
0.363369
0.363377
0.363386
0.363404
0.363405
0.363415
0.363427
0.363444
0.36345
0.363453
0.363462
0.363459
0.363471
0.363498
0.3635
0.363506
0.363525
0.363548
0.363558
0.363582
0.363592
0.363606
0.363595
0.363613
0.363624
0.363624
0.363642
0.363643
0.363665
0.363669
0.36367
0.363686
0.363696
0.363715
0.363722
0.363734
0.363756
0.363753
0.363759
0.363781
0.363787
0.363797
0.363806
0.363819
0.363836
0.363856
0.363862
0.363878
0.363887
0.363902
0.363899
0.363918
0.363922
0.36393
0.36395
0.363955
0.363961
0.363962
0.363977
0.36396
0.363967
0.363973
0.363975
0.36398
0.363986
0.364008
0.364017
0.364023
0.364021
0.364024
0.364039
0.364059
0.364067
0.364069
0.364093
0.364108
0.364119
0.364144
0.364141
0.364133
0.364136
0.364158
0.364176
0.364182
0.3642
0.364221
0.364229
0.364249
0.364262
0.364267
0.364277
0.364289
0.364304
0.364303
0.364323
0.364331
0.364343
0.364353
0.364357
0.364371
0.364378
0.364392
0.364391
0.364401
0.364413
0.36441
0.364434
0.364436
0.364441
0.364457
0.364461
0.364461
0.364468
0.36448
0.364496
0.364498
0.364506
0.364522
0.36454
0.364553
0.36457
0.364585
0.364607
0.36462
0.364627
0.364646
0.364649
0.364668
0.364682
0.364685
0.364696
0.364696
0.364701
0.364705
0.364723
0.36473
0.364734
0.364741
0.364748
0.364762
0.364761
0.36477
0.364787
0.364793
0.36481
0.364817
0.36482
0.364826
0.364841
0.364845
0.36485
0.364853
0.364871
0.364886
0.364904
0.364912
0.364916
0.364926
0.364938
0.364939
0.364946
0.364951
0.364958
0.364964
0.364966
0.364975
0.364982
0.365011
0.365017
0.365022
0.365034
0.36504
0.365049
0.365058
0.365068
0.365075
0.365085
0.365074
0.365097
0.365102
0.365112
0.365112
0.365131
0.365155
0.365164
0.365179
0.365188
0.365201
0.365202
0.365217
0.365234
0.365244
0.365252
0.365255
0.365281
0.365299
0.365312
0.365328
0.365341
0.365357
0.365386
0.365406
0.365414
0.365422
0.365423
0.365416
0.365426
0.365449
0.365453
0.36545
0.365453
0.365464
0.365464
0.365473
0.365482
0.365501
0.365506
0.365519
0.365528
0.365539
0.365537
0.365545
0.365554
0.365564
0.365582
0.365587
0.365593
0.365609
0.36561
0.365621
0.365636
0.365644
0.36565
0.365654
0.36566
0.365668
0.365672
0.365683
0.365701
0.365719
0.365738
0.365748
0.365758
0.365762
0.365762
0.365771
0.365778
0.365771
0.365779
0.365791
0.365801
0.365804
0.365806
0.365818
0.365829
0.365838
0.365847
0.365855
0.365876
0.365888
0.365889
0.365916
0.365931
0.365947
0.365962
0.365967
0.365977
0.365981
0.36599
0.366002
0.366009
0.36602
0.366039
0.366043
0.366052
0.366067
0.366073
0.366091
0.366099
0.366106
0.366115
0.366129
0.366142
0.366149
0.366148
0.366159
0.366168
0.366183
0.366191
0.366191
0.366205
0.366215
0.366226
0.366244
0.366249
0.366257
0.366258
0.366276
0.366288
0.366317
0.366328
0.366328
0.366351
0.366369
0.36638
0.366387
0.3664
0.366409
0.366422
0.366426
0.366439
0.36645
0.366449
0.366454
0.366455
0.366462
0.366463
0.366477
0.366477
0.366491
0.366505
0.366516
0.366526
0.366534
0.366532
0.366534
0.366544
0.366558
0.366579
0.366583
0.366591
0.366608
0.366625
0.366624
0.36663
0.366632
0.366649
0.36667
0.366676
0.366673
0.366676
0.366688
0.366701
0.366704
0.366721
0.366727
0.366737
0.366745
0.366766
0.366782
0.366794
0.366808
0.366807
0.366821
0.366834
0.366844
0.366872
0.366895
0.366907
0.366915
0.366928
0.366928
0.366938
0.366951
0.366961
0.366974
0.366995
0.367006
0.367026
0.367051
0.367074
0.367085
0.367085
0.367094
0.367105
0.367115
0.367123
0.367128
0.367154
0.367158
0.367162
0.367175
0.36719
0.367205
0.367219
0.367238
0.367248
0.367259
0.367266
0.367263
0.367273
0.367287
0.367297
0.367306
0.367311
0.367319
0.36733
0.367348
0.367342
0.367351
0.367371
0.367381
0.367392
0.367394
0.367394
0.367409
0.367416
0.367438
0.367432
0.367451
0.367459
0.367465
0.367471
0.367471
0.367489
0.367489
0.367494
0.367505
0.36752
0.36752
0.367535
0.367543
0.36755
0.367562
0.367572
0.367578
0.367583
0.367598
0.367604
0.36762
0.367627
0.367636
0.367645
0.367645
0.367649
0.367666
0.367682
0.367686
0.367693
0.367692
0.367681
0.367699
0.367699
0.367708
0.36771
0.367726
0.367734
0.367733
0.367746
0.367757
0.367773
0.367775
0.367785
0.367789
0.367796
0.367801
0.367812
0.367829
0.367844
0.367844
0.367853
0.367864
0.367876
0.367885
0.3679
0.367914
0.367921
0.367922
0.367924
0.367926
0.367938
0.36794
0.36795
0.367959
0.367964
0.367985
0.367997
0.368008
0.368016
0.368027
0.368025
0.368032
0.368038
0.368049
0.368057
0.368065
0.368077
0.368074
0.368077
0.368093
0.368102
0.368116
0.368144
0.368151
0.36816
0.36817
0.368178
0.368189
0.368195
0.3682
0.368193
0.368198
0.368202
0.368213
0.368216
0.368232
0.36824
0.368264
0.368281
0.36829
0.368308
0.368317
0.368317
0.368322
0.36832
0.368325
0.368331
0.368326
0.36834
0.36834
0.368352
0.368363
0.368369
0.368371
0.368386
0.36839
0.3684
0.368415
0.368428
0.36844
0.368461
0.368472
0.368478
0.368495
0.368501
0.368515
0.368533
0.368542
0.368549
0.368566
0.368569
0.368586
0.368598
0.36861
0.368618
0.368632
0.368644
0.368655
0.368671
0.368674
0.36869
0.368699
0.368708
0.368724
0.368724
0.368742
0.36876
0.368777
0.368774
0.36879
0.368799
0.368812
0.368826
0.368832
0.368842
0.368845
0.368841
0.368854
0.368855
0.368865
0.368884
0.368894
0.368912
0.368919
0.368926
0.368924
0.368927
0.368934
0.368936
0.368938
0.368944
0.368949
0.368961
0.368977
0.368993
0.369005
0.369022
0.369028
0.369029
0.369034
0.369041
0.369049
0.369047
0.369064
0.369072
0.369078
0.369084
0.369081
0.369092
0.369098
0.369101
0.369101
0.369101
0.369098
0.369118
0.369123
0.369131
0.369146
0.369153
0.369175
0.369187
0.369196
0.369204
0.369219
0.369221
0.369234
0.369246
0.369255
0.36926
0.36927
0.36927
0.369272
0.369295
0.369292
0.369305
0.369322
0.369339
0.369335
0.369348
0.369362
0.369367
0.369385
0.369393
0.369394
0.369403
0.369421
0.369428
0.369437
0.369463
0.369458
0.369481
0.369487
0.369489
0.369497
0.369513
0.369518
0.369537
0.369535
0.369545
0.369543
0.369553
0.36956
0.369575
0.369595
0.369602
0.369603
0.369616
0.369619
0.36964
0.369656
0.369667
0.369675
0.369679
0.369687
0.369704
0.369713
0.369711
0.369713
0.369727
0.36973
0.369752
0.369754
0.36977
0.36978
0.36978
0.369787
0.369791
0.369814
0.369817
0.369821
0.369826
0.369829
0.369835
0.369841
0.369847
0.369859
0.369875
0.369882
0.369889
0.369894
0.369909
0.369911
0.369914
0.369923
0.369936
0.369934
0.369947
0.369954
0.369974
0.369996
0.369988
0.369991
0.370005
0.370024
0.370043
0.37006
0.370071
0.370069
0.370076
0.370084
0.370094
0.370101
0.370114
0.370122
0.370136
0.370152
0.370155
0.370151
0.370162
0.370174
0.370183
0.370191
0.370193
0.370206
0.370209
0.370214
0.370227
0.370241
0.370248
0.370264
0.370273
0.370291
0.370295
0.370301
0.370309
0.370325
0.37034
0.370345
0.370355
0.370369
0.370376
0.370387
0.370391
0.370389
0.370397
0.370399
0.370409
0.370423
0.370433
0.370435
0.370437
0.370425
0.370435
0.370437
0.370439
0.370457
0.370463
0.37047
0.370482
0.370496
0.370503
0.370513
0.370518
0.370527
0.370535
0.370549
0.370551
0.370562
0.370575
0.370594
0.370595
0.370597
0.3706
0.370605
0.370612
0.37062
0.370632
0.370646
0.370649
0.370652
0.370661
0.370667
0.370674
0.370682
0.370699
0.370721
0.370733
0.370747
0.370768
0.37077
0.370777
0.370786
0.370798
0.370805
0.370813
0.370816
0.370819
0.370828
0.370818
0.370827
0.37082
0.370826
0.370839
0.370849
0.370852
0.37087
0.370878
0.370886
0.370897
0.370895
0.370904
0.370929
0.370947
0.370949
0.370956
0.370965
0.370968
0.370971
0.370984
0.371001
0.370996
0.371
0.371004
0.371
0.371
0.371013
0.371011
0.371016
0.371027
0.371046
0.371048
0.371059
0.371056
0.371068
0.371081
0.371088
0.371097
0.371108
0.371115
0.371133
0.37114
0.371152
0.371161
0.37117
0.371176
0.371182
0.371194
0.371193
0.371209
0.371216
0.371219
0.371228
0.37124
0.371245
0.371253
0.371253
0.371261
0.37127
0.371277
0.371278
0.371291
0.371295
0.371307
0.371314
0.371324
0.371332
0.37134
0.371355
0.371345
0.371352
0.371365
0.371378
0.371394
0.371401
0.371406
0.371405
0.371419
0.371433
0.37144
0.371454
0.371461
0.371474
0.371504
0.371511
0.371523
0.371528
0.371541
0.37155
0.371556
0.371555
0.371568
0.371573
0.371589
0.371593
0.371593
0.371593
0.371598
0.3716
0.371608
0.371624
0.371632
0.371647
0.371656
0.371661
0.371669
0.371673
0.371692
0.371715
0.371723
0.371725
0.371737
0.371747
0.371759
0.371759
0.371771
0.371774
0.371779
0.371776
0.371794
0.371805
0.371817
0.371816
0.371821
0.371837
0.371835
0.371843
0.371845
0.371847
0.371848
0.371865
0.371866
0.37187
0.371877
0.371892
0.3719
0.371908
0.371911
0.371919
0.37192
0.371934
0.371936
0.371936
0.371952
0.371954
0.371961
0.371977
0.371984
0.371992
0.372001
0.37201
0.372023
0.372034
0.372038
0.372052
0.372056
0.372073
0.372079
0.372086
0.372098
0.372123
0.372128
0.372138
0.372152
0.372161
0.372175
0.372185
0.372203
0.37221
0.372206
0.372212
0.372217
0.372226
0.372241
0.372245
0.372255
0.372265
0.372275
0.372285
0.372288
0.372289
0.372298
0.372317
0.372333
0.372339
0.372364
0.372381
0.372391
0.372397
0.372413
0.372423
0.372438
0.372439
0.372448
0.372462
0.372472
0.372477
0.372484
0.372503
0.372504
0.372498
0.372503
0.372509
0.372511
0.372516
0.372531
0.372528
0.372531
0.372531
0.372546
0.372553
0.372556
0.372565
0.372574
0.372581
0.372593
0.372607
0.372624
0.372628
0.372639
0.372651
0.372653
0.372665
0.372671
0.372679
0.372686
0.372676
0.372693
0.372701
0.372706
0.372724
0.372731
0.372726
0.372731
0.372735
0.372736
0.372752
0.372752
0.372755
0.372768
0.372774
0.372782
0.372797
0.372805
0.372804
0.372817
0.372819
0.372831
0.372841
0.372845
0.372851
0.37286
0.372872
0.372878
0.37289
0.372905
0.372905
0.372908
0.372919
0.372929
0.372943
0.372959
0.372971
0.372983
0.372992
0.37301
0.373017
0.373037
0.373049
0.373056
0.373073
0.373078
0.3731
0.373102
0.373108
0.373122
0.373134
0.373136
0.37315
0.373159
0.373172
0.37317
0.373177
0.37319
0.373209
0.373227
0.373242
0.373251
0.37325
0.373251
0.37326
0.373267
0.373274
0.373289
0.373295
0.373305
0.373316
0.373321
0.373345
0.373356
0.373365
0.373374
0.373378
0.37338
0.373387
0.373398
0.373411
0.37342
0.373418
0.373422
0.373434
0.373436
0.373464
0.373469
0.373486
0.373494
0.373497
0.373497
0.373511
0.373522
0.373529
0.373534
0.373545
0.373552
0.373559
0.373563
0.373573
0.373587
0.373593
0.373596
0.373613
0.373625
0.373639
0.373651
0.373644
0.373635
0.373641
0.373639
0.373645
0.373647
0.373657
0.373664
0.373685
0.373695
0.373706
0.373713
0.373728
0.373729
0.373717
0.373724
0.373729
0.373744
0.373763
0.373767
0.373789
0.373791
0.373789
0.373807
0.373811
0.373814
0.373817
0.373825
0.373825
0.373834
0.373826
0.373832
0.373841
0.373851
0.373855
0.373857
0.37387
0.373875
0.373882
0.373895
0.373912
0.373915
0.373927
0.373941
0.373953
0.37396
0.373965
0.37397
0.373974
0.373982
0.373998
0.374002
0.374019
0.374025
0.37404
0.374049
0.374071
0.374088
0.374096
0.374109
0.374119
0.374134
0.374149
0.374142
0.374151
0.374156
0.374151
0.374169
0.374175
0.374176
0.374191
0.374201
0.374207
0.374221
0.374237
0.374231
0.374242
0.374251
0.374258
0.374261
0.374266
0.374276
0.374279
0.374287
0.374292
0.374307
0.374316
0.374328
0.374342
0.374355
0.374361
0.374367
0.374373
0.374382
0.37438
0.374387
0.374396
0.374402
0.37442
0.374425
0.37443
0.374436
0.374443
0.374459
0.374458
0.374468
0.374484
0.37449
0.374483
0.374493
0.374508
0.374517
0.374533
0.374531
0.374536
0.374542
0.37455
0.374558
0.374578
0.374586
0.374588
0.374595
0.374614
0.374632
0.374638
0.374656
0.374657
0.374657
0.374667
0.374674
0.374678
0.374689
0.374695
0.374695
0.3747
0.374709
0.374719
0.374719
0.374726
0.374743
0.374742
0.374748
0.374756
0.374756
0.37476
0.374758
0.374759
0.37477
0.374774
0.374782
0.374788
0.374798
0.374797
0.374799
0.374809
0.374816
0.37483
0.374829
0.37483
0.374843
0.37485
0.374853
0.374861
0.374874
0.374878
0.374887
0.374905
0.374915
0.374922
0.374928
0.374925
0.374919
0.374933
0.374936
0.374938
0.374932
0.374941
0.374939
0.374944
0.374948
0.374948
0.374955
0.374964
0.374973
0.374979
0.374988
0.375006
0.375009
0.375021
0.375027
0.375042
0.37505
0.375056
0.375063
0.375073
0.375082
0.375088
0.375103
0.37511
0.375121
0.37514
0.375145
0.375153
0.375163
0.375172
0.375176
0.375178
0.37518
0.375181
0.375193
0.375209
0.375219
0.375227
0.375236
0.37524
0.375238
0.375241
0.375249
0.375249
0.375266
0.375267
0.375274
0.375288
0.3753
0.375307
0.375306
0.375324
0.375335
0.375341
0.375355
0.375371
0.375387
0.375395
0.375416
0.375427
0.375432
0.375434
0.375444
0.375455
0.375465
0.375469
0.375476
0.375478
0.375485
0.375492
0.375493
0.375498
0.375502
0.375512
0.375522
0.37553
0.375531
0.375536
0.375543
0.375558
0.375568
0.375582
0.375587
0.375594
0.375603
0.375607
0.375614
0.375607
0.37561
0.375622
0.375628
0.375633
0.375642
0.375656
0.375655
0.375657
0.375672
0.375685
0.375696
0.375708
0.375721
0.375735
0.37574
0.375745
0.375755
0.375757
0.375759
0.375765
0.375769
0.375774
0.37577
0.375774
0.375777
0.375784
0.375781
0.375795
0.3758
0.375804
0.375808
0.375811
0.375806
0.37582
0.375833
0.375848
0.375851
0.37586
0.375876
0.375887
0.375894
0.375891
0.375902
0.375896
0.375906
0.375914
0.375927
0.375932
0.375931
0.375933
0.375933
0.375936
0.375942
0.375947
0.375947
0.375944
0.37595
0.375959
0.375969
0.375974
0.375982
0.375991
0.375995
0.376003
0.376016
0.376025
0.376032
0.376036
0.376052
0.37606
0.376061
0.376058
0.376075
0.376077
0.376082
0.376084
0.376082
0.376087
0.376093
0.376103
0.376112
0.376119
0.376122
0.376119
0.376126
0.376133
0.376137
0.37615
0.376167
0.376169
0.376178
0.376187
0.376193
0.376204
0.376208
0.37622
0.37623
0.376231
0.376237
0.37626
0.376267
0.376275
0.376289
0.3763
0.376298
0.37632
0.376333
0.376339
0.376346
0.376356
0.376363
0.376367
0.376378
0.376375
0.376379
0.376395
0.376398
0.376409
0.376417
0.376418
0.376429
0.376432
0.376428
0.376427
0.376435
0.376443
0.376454
0.376463
0.376475
0.376489
0.376493
0.376499
0.376516
0.376523
0.376534
0.376536
0.376542
0.376537
0.376542
0.376547
0.376554
0.376565
0.376574
0.376582
0.376588
0.376608
0.376611
0.376618
0.376618
0.376622
0.376621
0.376632
0.376639
0.376654
0.376647
0.37665
0.376643
0.376655
0.376655
0.376662
0.376669
0.376675
0.376678
0.376692
0.376696
0.376715
0.376723
0.376727
0.376725
0.376732
0.376737
0.376742
0.376755
0.376759
0.376768
0.376776
0.376778
0.376792
0.376799
0.376806
0.376822
0.376825
0.37683
0.376836
0.37684
0.37685
0.376853
0.376857
0.37687
0.376883
0.376901
0.376897
0.376908
0.376912
0.376922
0.376933
0.376936
0.376936
0.376937
0.376945
0.37696
0.376968
0.376973
0.376979
0.37699
0.376999
0.377001
0.377006
0.377018
0.377025
0.377032
0.377046
0.377053
0.377058
0.377066
0.377067
0.377078
0.377082
0.377087
0.377095
0.377097
0.377106
0.377119
0.37713
0.377133
0.377143
0.377146
0.377149
0.377156
0.377156
0.377176
0.377176
0.377178
0.377199
0.377205
0.377209
0.377206
0.377211
0.377214
0.377209
0.377218
0.377224
0.377232
0.377242
0.377249
0.37726
0.377271
0.377287
0.377296
0.377298
0.377301
0.377296
0.377303
0.377312
0.377321
0.377334
0.377337
0.377348
0.377354
0.377357
0.377356
0.377361
0.377372
0.377385
0.377388
0.377402
0.377414
0.377431
0.377434
0.377448
0.377449
0.377464
0.377469
0.377476
0.377484
0.377493
0.377496
0.377505
0.377511
0.37752
0.377523
0.377523
0.377526
0.37753
0.377534
0.377544
0.377544
0.377546
0.377557
0.377571
0.377575
0.377586
0.377595
0.377605
0.377608
0.377605
0.377611
0.377613
0.377625
0.377642
0.377641
0.377644
0.377658
0.377661
0.377663
0.377669
0.377676
0.377678
0.377685
0.377697
0.377698
0.377707
0.377722
0.377728
0.377732
0.377729
0.377733
0.377737
0.377743
0.377746
0.377749
0.377745
0.377748
0.377754
0.37776
0.377767
0.377775
0.377781
0.377782
0.377798
0.377797
0.377806
0.377808
0.377817
0.377816
0.377822
0.377826
0.377835
0.377842
0.377842
0.377846
0.377853
0.377859
0.377866
0.377869
0.377877
0.377883
0.377891
0.377896
0.377906
0.377913
0.377923
0.377933
0.377947
0.377954
0.377952
0.377965
0.377977
0.377993
0.378006
0.378016
0.37802
0.378009
0.37802
0.378018
0.378034
0.378039
0.378047
0.378049
0.378045
0.37805
0.378055
0.378059
0.378065
0.378072
0.378078
0.378086
0.378099
0.378106
0.378116
0.378124
0.378147
0.378155
0.378164
0.378169
0.378183
0.378197
0.378204
0.378199
0.378202
0.37821
0.37822
0.378221
0.378223
0.378225
0.378237
0.378249
0.37825
0.378258
0.378264
0.378267
0.378268
0.378279
0.378285
0.378296
0.378307
0.378326
0.378346
0.378362
0.378369
0.378385
0.378395
0.378413
0.378422
0.378432
0.378441
0.378456
0.37846
0.378466
0.378482
0.378491
0.37849
0.378498
0.378498
0.3785
0.378513
0.378523
0.378529
0.378538
0.37854
0.378551
0.378564
0.378572
0.378585
0.378589
0.378599
0.37861
0.378617
0.378616
0.37863
0.378645
0.378649
0.378661
0.378673
0.378675
0.378686
0.378686
0.378695
0.378699
0.378697
0.378706
0.378697
0.378702
0.378703
0.378712
0.37872
0.37873
0.378741
0.378747
0.378753
0.37876
0.378771
0.378781
0.378784
0.378797
0.378805
0.378804
0.378814
0.378822
0.378831
0.378827
0.378834
0.378834
0.37883
0.378832
0.378844
0.378873
0.37888
0.378886
0.378911
0.378919
0.378915
0.378916
0.378929
0.37894
0.378947
0.378953
0.378958
0.378964
0.378966
0.37897
0.37898
0.378987
0.37899
0.379002
0.379015
0.379013
0.379018
0.379023
0.379028
0.379028
0.379038
0.379042
0.379041
0.379052
0.379058
0.379066
0.379074
0.379068
0.379076
0.379087
0.379089
0.379089
0.379092
0.379098
0.379106
0.379106
0.379125
0.37913
0.379135
0.379143
0.379149
0.379154
0.37915
0.37916
0.37916
0.379156
0.379166
0.379177
0.379191
0.379205
0.379217
0.379217
0.379216
0.379223
0.379229
0.379237
0.37924
0.379251
0.379266
0.379278
0.37929
0.3793
0.379309
0.379307
0.379305
0.379316
0.379319
0.379326
0.379333
0.379342
0.379347
0.379356
0.379368
0.379381
0.379384
0.379401
0.379407
0.379406
0.379411
0.37942
0.379426
0.379426
0.379428
0.379423
0.379438
0.379443
0.379452
0.379454
0.379455
0.379454
0.379467
0.379465
0.379472
0.37948
0.379491
0.379493
0.379505
0.379513
0.379522
0.37953
0.379531
0.37953
0.379534
0.379538
0.379538
0.379553
0.379554
0.379564
0.37956
0.379572
0.379569
0.379569
0.379574
0.379572
0.37958
0.379587
0.379589
0.379601
0.379601
0.3796
0.379611
0.379625
0.379631
0.379633
0.379649
0.379656
0.379659
0.379679
0.379686
0.379701
0.379707
0.379719
0.379738
0.37974
0.379759
0.379766
0.37977
0.379776
0.379784
0.379787
0.379792
0.379792
0.37979
0.379798
0.379806
0.37982
0.379819
0.379826
0.379835
0.379832
0.379836
0.379834
0.379847
0.379854
0.379863
0.379864
0.379874
0.37988
0.379883
0.379883
0.379892
0.379913
0.379916
0.379923
0.379933
0.379936
0.379941
0.379946
0.379956
0.379959
0.379958
0.379963
0.379974
0.379981
0.379982
0.379988
0.379995
0.379998
0.380013
0.380025
0.380037
0.380034
0.380037
0.380043
0.380047
0.380051
0.380062
0.380064
0.380064
0.380064
0.380067
0.380078
0.380085
0.3801
0.380109
0.380113
0.380121
0.380133
0.380141
0.38015
0.380152
0.380156
0.380157
0.380163
0.380165
0.38017
0.380171
0.380172
0.38017
0.380175
0.380186
0.380184
0.380196
0.38021
0.380218
0.380236
0.380249
0.380266
0.380268
0.380265
0.380264
0.380269
0.380275
0.380286
0.380288
0.380294
0.380294
0.380298
0.380294
0.380294
0.380297
0.3803
0.380306
0.380309
0.380313
0.380322
0.380335
0.380341
0.380339
0.380348
0.380349
0.38035
0.380359
0.380369
0.380375
0.380391
0.380408
0.380415
0.380426
0.380437
0.380443
0.380447
0.380457
0.38046
0.380465
0.380479
0.380488
0.3805
0.380506
0.380518
0.380524
0.380538
0.38054
0.380546
0.380546
0.380552
0.380557
0.380566
0.380574
0.380569
0.380582
0.380589
0.380585
0.380588
0.380595
0.380604
0.380616
0.380616
0.38062
0.380635
0.380641
0.380647
0.380651
0.380658
0.380666
0.380669
0.380668
0.38067
0.380677
0.380687
0.380698
0.380697
0.380704
0.380713
0.380714
0.380721
0.380723
0.380728
0.380724
0.380733
0.380743
0.380751
0.380773
0.380772
0.380778
0.380783
0.380781
0.38079
0.380797
0.380804
0.380797
0.380794
0.380798
0.380804
0.380807
0.380818
0.380822
0.380823
0.380831
0.380848
0.380849
0.380859
0.380862
0.380871
0.38088
0.380889
0.380891
0.380904
0.380911
0.380921
0.380929
0.380943
0.380953
0.380959
0.380968
0.380981
0.380981
0.380987
0.38099
0.381003
0.381014
0.381015
0.381017
0.381027
0.381033
0.381045
0.381061
0.381066
0.381073
0.38107
0.381074
0.381073
0.381086
0.381084
0.381101
0.381112
0.38113
0.381139
0.381146
0.381152
0.381163
0.381172
0.381173
0.381176
0.381182
0.381181
0.381178
0.381179
0.381189
0.381198
0.381206
0.381206
0.381209
0.381222
0.381228
0.381236
0.381244
0.381248
0.381257
0.381266
0.381267
0.381279
0.381283
0.381286
0.381283
0.381293
0.381291
0.381299
0.381309
0.381317
0.381322
0.381331
0.381331
0.381341
0.38135
0.381358
0.381369
0.381377
0.381387
0.381387
0.381397
0.3814
0.381408
0.381421
0.381422
0.38143
0.381447
0.381452
0.381456
0.381465
0.381469
0.381472
0.381486
0.381497
0.381502
0.381519
0.381516
0.381524
0.381531
0.381533
0.381542
0.381551
0.381551
0.38156
0.381576
0.38159
0.381589
0.381594
0.381591
0.381595
0.381601
0.381608
0.381619
0.381628
0.381631
0.381636
0.381642
0.381651
0.381653
0.381657
0.381661
0.381671
0.381682
0.381688
0.3817
0.381709
0.381718
0.381724
0.381742
0.381749
0.38175
0.381756
0.381762
0.381757
0.381767
0.381779
0.381778
0.381786
0.381793
0.381791
0.3818
0.381811
0.381811
0.381803
0.381819
0.381836
0.38184
0.381842
0.381845
0.381839
0.381841
0.381839
0.381848
0.381863
0.381882
0.381887
0.381892
0.381892
0.381902
0.381907
0.381912
0.381916
0.381923
0.381927
0.381939
0.381956
0.381961
0.381972
0.381977
0.381982
0.381986
0.381987
0.382004
0.382009
0.382021
0.382036
0.382047
0.382057
0.382067
0.382083
0.38209
0.382099
0.382111
0.382116
0.382127
0.382132
0.382133
0.382139
0.382152
0.382156
0.382166
0.382176
0.382173
0.38217
0.382175
0.382178
0.382186
0.3822
0.382203
0.382204
0.382207
0.382217
0.382216
0.382217
0.382231
0.382243
0.382248
0.38225
0.382259
0.382264
0.382265
0.382265
0.382267
0.382268
0.382265
0.38227
0.38227
0.382274
0.382283
0.382294
0.3823
0.382312
0.382316
0.38232
0.38232
0.38233
0.382334
0.38233
0.38234
0.382348
0.382355
0.382359
0.382368
0.382374
0.382376
0.382378
0.382384
0.382388
0.382401
0.38241
0.382422
0.382427
0.382437
0.382444
0.382451
0.382456
0.382466
0.382472
0.382486
0.382495
0.382507
0.382519
0.382521
0.382514
0.382512
0.382523
0.382527
0.38253
0.382542
0.38254
0.382548
0.38255
0.382557
0.382568
0.382581
0.382577
0.38259
0.382601
0.382604
0.382609
0.382609
0.382623
0.382631
0.382636
0.382641
0.382652
0.382661
0.382665
0.382678
0.382682
0.382676
0.38268
0.382683
0.382687
0.382688
0.382698
0.382704
0.382714
0.382712
0.382717
0.382719
0.382719
0.382725
0.382728
0.382737
0.38274
0.382751
0.382762
0.382769
0.382775
0.382776
0.382777
0.382775
0.382791
0.382798
0.382808
0.382817
0.382827
0.382829
0.38284
0.382848
0.382848
0.382864
0.382864
0.382877
0.382889
0.382885
0.382891
0.3829
0.382915
0.382928
0.382934
0.382943
0.382952
0.382959
0.382971
0.382985
0.38299
0.38299
0.382999
0.383003
0.383012
0.38301
0.383014
0.383019
0.383026
0.383036
0.383047
0.38305
0.38306
0.383064
0.383068
0.383076
0.383089
0.38309
0.3831
0.383101
0.383103
0.383109
0.383116
0.383116
0.383126
0.383126
0.383136
0.383145
0.383151
0.383153
0.383155
0.383158
0.383152
0.383149
0.383158
0.383164
0.383173
0.38318
0.383192
0.383201
0.383212
0.383226
0.383231
0.383244
0.383251
0.383266
0.383264
0.383274
0.383276
0.383287
0.383285
0.383296
0.383298
0.383303
0.383308
0.383313
0.383314
0.383318
0.383313
0.383323
0.38332
0.383326
0.383326
0.383339
0.383347
0.383354
0.383357
0.383369
0.383375
0.38338
0.383383
0.383383
0.383391
0.383393
0.383395
0.383408
0.383413
0.383413
0.383413
0.383412
0.383421
0.383436
0.383445
0.383442
0.383457
0.383454
0.38346
0.383468
0.383473
0.383488
0.38349
0.383496
0.383497
0.38351
0.383518
0.383527
0.383528
0.383533
0.383547
0.383549
0.383552
0.383555
0.383564
0.383576
0.383581
0.383597
0.383597
0.383608
0.383617
0.383621
0.383619
0.38363
0.383642
0.383645
0.38365
0.383655
0.383665
0.383676
0.383689
0.383688
0.383688
0.383689
0.383689
0.383691
0.383697
0.383705
0.383701
0.383711
0.383723
0.383737
0.383746
0.383756
0.383761
0.383767
0.383766
0.38378
0.383785
0.383783
0.383789
0.383794
0.383789
0.383794
0.3838
0.38381
0.383813
0.383829
0.383837
0.38385
0.383862
0.383877
0.383889
0.383894
0.383908
0.383904
0.383909
0.383924
0.383934
0.383939
0.383936
0.38394
0.383958
0.383961
0.383965
0.383976
0.383986
0.38399
0.38399
0.383995
0.384003
0.384015
0.384019
0.384025
0.384036
0.384042
0.384049
0.384053
0.38406
0.38406
0.384059
0.384061
0.38406
0.384071
0.384075
0.384089
0.384094
0.384101
0.384096
0.3841
0.384101
0.384102
0.384108
0.384116
0.384125
0.384135
0.384132
0.38414
0.384142
0.384149
0.384157
0.384164
0.384163
0.384164
0.384164
0.384171
0.384181
0.384182
0.384186
0.38419
0.384197
0.384207
0.384206
0.384211
0.384217
0.384221
0.384238
0.38424
0.384247
0.384261
0.384265
0.384266
0.384269
0.384279
0.384282
0.384283
0.38429
0.384304
0.384314
0.384315
0.384318
0.384319
0.384327
0.384333
0.384335
0.384337
0.38434
0.384358
0.384367
0.384365
0.384368
0.384376
0.38439
0.384394
0.384394
0.384398
0.384404
0.384413
0.384419
0.384428
0.384429
0.384441
0.384446
0.384452
0.384449
0.384454
0.384461
0.384468
0.384479
0.384483
0.384485
0.384494
0.384486
0.384488
0.384492
0.384494
0.384499
0.384502
0.38451
0.384512
0.384513
0.384523
0.384526
0.384539
0.38455
0.384559
0.384566
0.384571
0.384574
0.384581
0.384586
0.384589
0.384594
0.384594
0.384601
0.384607
0.384623
0.384631
0.384638
0.384645
0.384656
0.384661
0.384661
0.384669
0.384678
0.384684
0.384684
0.384693
0.384697
0.384706
0.384715
0.384722
0.384722
0.384723
0.384725
0.384732
0.384743
0.384744
0.38475
0.384756
0.384769
0.384773
0.384781
0.384787
0.384801
0.384802
0.384804
0.384817
0.384815
0.384828
0.384845
0.384852
0.38486
0.384871
0.384874
0.384878
0.38489
0.384897
0.384906
0.384917
0.384927
0.384933
0.384946
0.384958
0.38496
0.384958
0.384967
0.384973
0.384976
0.384981
0.384981
0.384987
0.384996
0.385002
0.385004
0.385008
0.385019
0.38502
0.385027
0.385033
0.385039
0.385049
0.385052
0.385049
0.385063
0.385059
0.385067
0.385071
0.385079
0.385081
0.385082
0.385085
0.385086
0.385098
0.385089
0.385096
0.385109
0.385108
0.385109
0.385114
0.385127
0.38513
0.385136
0.385141
0.385155
0.385155
0.385152
0.385152
0.385156
0.385167
0.385167
0.385176
0.385184
0.385189
0.385191
0.3852
0.385202
0.385209
0.385216
0.385218
0.38522
0.38522
0.385226
0.385231
0.385233
0.385239
0.385244
0.385249
0.385253
0.385256
0.385263
0.385265
0.385268
0.385276
0.385282
0.385299
0.385303
0.38531
0.38532
0.385314
0.385321
0.385323
0.385328
0.385325
0.385331
0.385335
0.38534
0.385334
0.385343
0.385344
0.38535
0.385359
0.385359
0.385364
0.385374
0.385377
0.385385
0.385395
0.385398
0.385402
0.385409
0.385417
0.385417
0.385426
0.385423
0.385428
0.385423
0.385427
0.385428
0.385431
0.385442
0.385453
0.385455
0.385466
0.385465
0.385476
0.38548
0.385484
0.385492
0.38549
0.385494
0.385504
0.385518
0.385519
0.385522
0.385528
0.385538
0.385545
0.385561
0.385563
0.385553
0.385557
0.385563
0.385564
0.385564
0.385572
0.385569
0.385578
0.385583
0.385588
0.3856
0.385609
0.385611
0.385614
0.385607
0.385614
0.385614
0.385617
0.385625
0.385623
0.385634
0.385646
0.385656
0.385669
0.385677
0.385668
0.385678
0.385688
0.385687
0.385693
0.385703
0.385716
0.385719
0.385721
0.385727
0.385736
0.385737
0.385731
0.38574
0.385747
0.385753
0.385762
0.385767
0.385764
0.385773
0.385789
0.385792
0.385802
0.385802
0.385807
0.385817
0.385822
0.385833
0.385837
0.385844
0.385843
0.385856
0.385867
0.385872
0.385876
0.38588
0.385881
0.385887
0.38589
0.385895
0.385893
0.385903
0.385905
0.385911
0.385916
0.385914
0.385922
0.385926
0.385929
0.385933
0.385928
0.385934
0.385935
0.385943
0.385945
0.38595
0.385959
0.385967
0.385972
0.385979
0.38598
0.385981
0.38599
0.385999
0.386001
0.386005
0.386011
0.386007
0.386014
0.386013
0.386029
0.386035
0.386047
0.386059
0.386063
0.386072
0.386074
0.386084
0.386088
0.386092
0.386099
0.386112
0.386112
0.386122
0.386122
0.386128
0.386134
0.386133
0.386138
0.386145
0.386144
0.38615
0.386159
0.386162
0.386161
0.386158
0.386156
0.386158
0.386158
0.386157
0.386165
0.386162
0.386169
0.386176
0.386189
0.38619
0.386199
0.386201
0.386212
0.386218
0.386218
0.386225
0.386225
0.386229
0.386237
0.386239
0.386246
0.386255
0.386264
0.386264
0.386272
0.386279
0.386278
0.386284
0.386287
0.386287
0.386293
0.386303
0.38631
0.38632
0.386322
0.386335
0.386339
0.386345
0.386352
0.38636
0.386366
0.386366
0.38637
0.386374
0.386382
0.386384
0.386395
0.386406
0.386412
0.38642
0.386426
0.386435
0.386433
0.386433
0.386435
0.38644
0.386448
0.386457
0.386461
0.386469
0.386474
0.38648
0.386478
0.386484
0.38649
0.386492
0.386506
0.386506
0.386516
0.386523
0.386531
0.386534
0.386534
0.386536
0.386539
0.386539
0.386548
0.38655
0.38656
0.386559
0.386569
0.386574
0.386578
0.386583
0.386588
0.38659
0.386601
0.386602
0.386603
0.386605
0.386603
0.386605
0.386606
0.386616
0.386621
0.38662
0.386633
0.386638
0.386638
0.386646
0.386655
0.386664
0.386666
0.386677
0.38668
0.386684
0.386695
0.386695
0.386699
0.386705
0.3867
0.386701
0.386701
0.386706
0.386708
0.386717
0.386724
0.386723
0.386732
0.38674
0.386754
0.386757
0.386769
0.386785
0.386797
0.386797
0.386803
0.386818
0.386821
0.386837
0.386838
0.386838
0.386842
0.386847
0.386857
0.386865
0.386868
0.386873
0.386882
0.38688
0.386879
0.386882
0.386897
0.386902
0.386901
0.386903
0.386908
0.386911
0.386916
0.386916
0.386921
0.386927
0.386923
0.386929
0.386934
0.386936
0.386932
0.386946
0.386952
0.386959
0.386956
0.386965
0.386971
0.386972
0.386973
0.38698
0.386984
0.386996
0.387001
0.387004
0.387001
0.387
0.387006
0.387013
0.387016
0.387023
0.387034
0.387041
0.387045
0.38705
0.387056
0.387056
0.38706
0.387057
0.387064
0.387074
0.387084
0.38709
0.38709
0.387099
0.387104
0.387107
0.38711
0.387123
0.387133
0.387139
0.387137
0.387148
0.387148
0.387151
0.387155
0.387156
0.387162
0.387163
0.387161
0.387168
0.387171
0.387179
0.387176
0.387185
0.387192
0.387192
0.387208
0.387208
0.387211
0.387213
0.387211
0.387217
0.387223
0.387226
0.387231
0.38723
0.387233
0.387245
0.387255
0.387261
0.38727
0.387275
0.387281
0.387294
0.387306
0.387307
0.387313
0.387319
0.387325
0.387331
0.387341
0.387352
0.387356
0.387369
0.387369
0.387372
0.387375
0.387384
0.38739
0.387391
0.387397
0.3874
0.387407
0.387406
0.387414
0.387417
0.387418
0.387415
0.387422
0.38742
0.387428
0.38744
0.387445
0.387455
0.387465
0.387465
0.387476
0.387484
0.38749
0.387491
0.387498
0.387505
0.387516
0.387526
0.387529
0.38754
0.387547
0.387556
0.387558
0.387561
0.387569
0.38757
0.387574
0.387578
0.387582
0.387585
0.387587
0.387586
0.387592
0.387607
0.387614
0.387613
0.387624
0.387623
0.387618
0.387617
0.387625
0.387628
0.387635
0.387635
0.387642
0.387647
0.387657
0.387666
0.387671
0.387675
0.387683
0.387685
0.387691
0.387693
0.387703
0.387703
0.387707
0.387716
0.38772
0.387724
0.387731
0.387735
0.387733
0.387739
0.387751
0.387757
0.387757
0.38777
0.387773
0.38778
0.387785
0.387796
0.387803
0.387808
0.387819
0.387824
0.387839
0.387846
0.387852
0.387852
0.387858
0.387863
0.387869
0.387871
0.38787
0.387871
0.387869
0.387874
0.387875
0.387878
0.387883
0.38789
0.387894
0.387895
0.387893
0.387902
0.387903
0.38791
0.387921
0.387922
0.38793
0.387942
0.387936
0.387939
0.387941
0.387948
0.387955
0.387959
0.387967
0.387976
0.387978
0.387991
0.38799
0.387988
0.38799
0.387999
0.388007
0.388007
0.388012
0.388018
0.388023
0.388021
0.388023
0.38803
0.388026
0.388036
0.388037
0.388043
0.388048
0.388041
0.388045
0.388048
0.388052
0.388055
0.388066
0.388068
0.388072
0.388079
0.388078
0.388076
0.38809
0.388101
0.388113
0.388114
0.388116
0.388124
0.388131
0.388142
0.38815
0.388149
0.388153
0.388157
0.38816
0.388165
0.388175
0.388177
0.388189
0.388201
0.388207
0.388213
0.38822
0.388228
0.388233
0.388236
0.388236
0.388236
0.38825
0.388253
0.388259
0.388265
0.388264
0.388265
0.388266
0.388267
0.388275
0.388281
0.38828
0.388283
0.388283
0.388288
0.388292
0.388295
0.388299
0.388309
0.38831
0.388312
0.388316
0.388322
0.388326
0.388329
0.388331
0.388333
0.388339
0.388341
0.388338
0.388348
0.388352
0.388356
0.388365
0.388369
0.388371
0.388383
0.388394
0.388393
0.388398
0.388398
0.3884
0.388401
0.388403
0.388414
0.38842
0.388418
0.388416
0.388416
0.388425
0.388433
0.388438
0.388448
0.388457
0.388449
0.388459
0.388467
0.388476
0.38848
0.388485
0.388486
0.388491
0.388502
0.388511
0.388517
0.388526
0.38853
0.388542
0.388547
0.388552
0.388559
0.388559
0.38857
0.388578
0.38859
0.388587
0.388598
0.388601
0.388605
0.388612
0.388614
0.388617
0.388625
0.388632
0.388635
0.388646
0.388648
0.388649
0.388659
0.388671
0.388669
0.388674
0.388679
0.388676
0.388683
0.388685
0.388693
0.388703
0.388706
0.388704
0.388702
0.388707
0.388713
0.388716
0.388724
0.388724
0.388722
0.388727
0.388732
0.38874
0.388734
0.388735
0.388741
0.388747
0.388759
0.388764
0.388772
0.388778
0.388789
0.38879
0.388793
0.388801
0.388806
0.38881
0.388817
0.38882
0.388825
0.388831
0.38883
0.388833
0.388842
0.388842
0.388843
0.388855
0.388859
0.388864
0.388868
0.388876
0.388871
0.388868
0.38887
0.388876
0.388885
0.388883
0.388892
0.388894
0.388898
0.388901
0.388908
0.388909
0.388915
0.388922
0.388927
0.38893
0.388932
0.388933
0.388944
0.38894
0.388936
0.388934
0.388937
0.38894
0.38895
0.388955
0.38895
0.388951
0.388956
0.388965
0.388972
0.38897
0.388974
0.388973
0.388981
0.388979
0.388986
0.388995
0.389001
0.389002
0.389013
0.389015
0.389024
0.389025
0.389027
0.389036
0.389045
0.38905
0.389067
0.38907
0.389071
0.389078
0.389082
0.389091
0.389092
0.389097
0.389101
0.389112
0.389113
0.389117
0.389126
0.38913
0.389135
0.389135
0.389136
0.389138
0.389136
0.389145
0.389152
0.38915
0.389153
0.389157
0.389162
0.389173
0.38918
0.389178
0.389181
0.389178
0.389186
0.389188
0.3892
0.389204
0.389206
0.389214
0.389211
0.389218
0.389226
0.389236
0.389243
0.389245
0.389257
0.389267
0.389264
0.389275
0.389272
0.389286
0.389296
0.389301
0.389301
0.389311
0.389315
0.389322
0.389323
0.389326
0.389331
0.389341
0.389349
0.389347
0.389353
0.389358
0.389355
0.38936
0.389373
0.38939
0.389394
0.389405
0.389416
0.389423
0.389418
0.389427
0.389429
0.389435
0.389443
0.389442
0.389448
0.389445
0.389449
0.389453
0.389465
0.389469
0.389466
0.389471
0.389485
0.389485
0.389487
0.389493
0.389499
0.38951
0.389513
0.389509
0.389513
0.389523
0.389524
0.389525
0.389535
0.389548
0.389557
0.389557
0.389556
0.389557
0.389564
0.389571
0.38958
0.389593
0.389596
0.389594
0.389596
0.3896
0.389604
0.389607
0.389614
0.389618
0.389617
0.389624
0.389626
0.389634
0.389644
0.38964
0.389654
0.38966
0.389664
0.389673
0.389689
0.389696
0.389702
0.389704
0.38971
0.389716
0.389715
0.389724
0.389735
0.389742
0.389751
0.389763
0.38977
0.389773
0.389774
0.389774
0.389777
0.389785
0.389794
0.389801
0.389801
0.389804
0.389811
0.389815
0.389824
0.389833
0.389838
0.389836
0.389841
0.389849
0.389852
0.389852
0.389852
0.389849
0.389851
0.389853
0.389866
0.389868
0.389873
0.389883
0.389884
0.389885
0.389882
0.38989
0.389888
0.389892
0.389893
0.389893
0.389901
0.389906
0.389911
0.389921
0.389926
0.389931
0.389932
0.389943
0.389947
0.389953
0.389956
0.389961
0.389964
0.389973
0.389983
0.389986
0.389984
0.389995
0.389997
0.390003
0.390009
0.390017
0.390023
0.390029
0.390035
0.390041
0.390039
0.390043
0.390047
0.390052
0.390057
0.39006
0.390059
0.390067
0.390077
0.390083
0.390083
0.390081
0.390088
0.390096
0.390094
0.390101
0.390104
0.390097
0.390103
0.390115
0.390118
0.39012
0.390126
0.390125
0.390132
0.390137
0.390138
0.390139
0.390142
0.390143
0.390145
0.390149
0.390149
0.390157
0.390159
0.390172
0.390174
0.390185
0.390186
0.390187
0.390189
0.390191
0.390195
0.390192
0.390197
0.390205
0.390206
0.390208
0.390208
0.390214
0.390216
0.390222
0.390229
0.390237
0.390241
0.390249
0.390252
0.390257
0.390262
0.39026
0.390261
0.390267
0.390278
0.390276
0.390278
0.39029
0.390292
0.390302
0.39031
0.390314
0.390315
0.39032
0.390325
0.390328
0.390332
0.390334
0.390337
0.390338
0.390339
0.390339
0.390345
0.390353
0.39036
0.390363
0.39037
0.390369
0.390377
0.390382
0.390382
0.390387
0.390399
0.390405
0.390404
0.390407
0.390414
0.390417
0.390422
0.39043
0.390432
0.39044
0.390444
0.390449
0.390451
0.390464
0.390468
0.390467
0.390472
0.390483
0.390493
0.390496
0.390506
0.3905
0.390508
0.390517
0.390526
0.39053
0.390536
0.390539
0.390547
0.39055
0.390549
0.390559
0.39056
0.390568
0.390568
0.390576
0.390581
0.39058
0.390581
0.390587
0.39059
0.3906
0.390609
0.390613
0.390611
0.39062
0.390625
0.390627
0.390628
0.390628
0.390637
0.390644
0.390656
0.390657
0.39066
0.390665
0.390674
0.390684
0.390692
0.390701
0.390702
0.390712
0.390718
0.390716
0.390709
0.39072
0.390728
0.390732
0.390735
0.390751
0.390755
0.390765
0.390767
0.390764
0.390772
0.390776
0.390785
0.390792
0.390799
0.390805
0.390804
0.390806
0.390818
0.390828
0.390837
0.390843
0.390842
0.390851
0.390857
0.390868
0.390872
0.390879
0.390891
0.39089
0.390902
0.390909
0.390911
0.390916
0.390929
0.39093
0.390935
0.390944
0.390948
0.390948
0.390957
0.390962
0.39096
0.390969
0.390969
0.390975
0.390978
0.390984
0.390992
0.390995
0.391002
0.391004
0.391004
0.391013
0.391017
0.391019
0.39102
0.391021
0.39102
0.391028
0.391032
0.39103
0.391033
0.391035
0.391041
0.391045
0.391052
0.391056
0.391051
0.391056
0.391057
0.391069
0.391084
0.391095
0.391095
0.391104
0.391098
0.391097
0.391097
0.391107
0.391109
0.391112
0.39112
0.39112
0.391123
0.391122
0.391124
0.391126
0.391129
0.391137
0.391136
0.391143
0.391153
0.391158
0.391165
0.391164
0.39118
0.391184
0.391202
0.391208
0.391208
0.391212
0.391224
0.391223
0.391229
0.391238
0.391246
0.391261
0.391263
0.391266
0.391274
0.391282
0.391286
0.391287
0.391288
0.391287
0.39129
0.391296
0.391301
0.391312
0.391323
0.391331
0.391337
0.39134
0.39134
0.391352
0.391357
0.391363
0.391369
0.391368
0.391368
0.391366
0.39137
0.391372
0.391371
0.391377
0.391386
0.391389
0.391393
0.39139
0.391403
0.391413
0.391416
0.391414
0.391423
0.391416
0.391426
0.391434
0.391436
0.391439
0.391441
0.391447
0.391444
0.391451
0.391453
0.391458
0.391461
0.391464
0.391461
0.391459
0.391466
0.391472
0.391474
0.391477
0.39148
0.39148
0.391488
0.391487
0.391491
0.3915
0.391503
0.391508
0.391521
0.391526
0.391531
0.391535
0.391546
0.391549
0.391546
0.391557
0.391565
0.391574
0.391576
0.391569
0.391576
0.391577
0.391579
0.391591
0.391589
0.391594
0.391598
0.391605
0.391614
0.391619
0.391626
0.391633
0.391634
0.391642
0.391648
0.391653
0.391658
0.39166
0.391676
0.391685
0.391681
0.391682
0.391692
0.391694
0.391694
0.391699
0.391699
0.391704
0.391717
0.391725
0.39173
0.391736
0.391743
0.39174
0.391744
0.391748
0.391753
0.391757
0.391762
0.391767
0.391773
0.391778
0.391787
0.391788
0.391797
0.391805
0.391806
0.39182
0.391823
0.391827
0.391834
0.391836
0.391835
0.391842
0.391847
0.391848
0.391846
0.39185
0.391852
0.391855
0.391862
0.391867
0.391874
0.391881
0.391881
0.391887
0.39189
0.391887
0.39189
0.391893
0.3919
0.391904
0.391906
0.391909
0.39192
0.391928
0.391929
0.391939
0.391942
0.391945
0.391945
0.391957
0.391964
0.391963
0.391973
0.391979
0.391984
0.39199
0.392003
0.392005
0.39201
0.392018
0.392022
0.392031
0.392033
0.392046
0.392046
0.39205
0.392054
0.392057
0.392058
0.39206
0.392064
0.392071
0.392076
0.39208
0.392085
0.392099
0.392099
0.392092
0.392097
0.392104
0.392107
0.392111
0.392119
0.392121
0.392131
0.392125
0.39213
0.392137
0.392136
0.392145
0.39215
0.392156
0.392155
0.392161
0.392172
0.392176
0.392182
0.392192
0.392202
0.392203
0.392209
0.392213
0.392218
0.392221
0.392226
0.392232
0.392244
0.392246
0.392248
0.392249
0.392252
0.392253
0.392259
0.392261
0.392267
0.392269
0.392271
0.392281
0.392281
0.392287
0.392293
0.392301
0.392309
0.392311
0.392315
0.392313
0.392318
0.392321
0.392323
0.392319
0.392324
0.392327
0.392329
0.39233
0.392332
0.392341
0.392348
0.392347
0.392347
0.392347
0.392347
0.392352
0.392356
0.392362
0.392365
0.392375
0.392378
0.392381
0.392382
0.392382
0.392386
0.392396
0.392399
0.392406
0.392415
0.39242
0.392414
0.392423
0.39243
0.392432
0.392429
0.39244
0.392445
0.392454
0.392463
0.392467
0.392474
0.392477
0.39248
0.392483
0.392486
0.392488
0.392491
0.392495
0.3925
0.392505
0.392508
0.392516
0.392528
0.39253
0.392537
0.392537
0.392545
0.392553
0.392557
0.392562
0.392564
0.392573
0.392568
0.392576
0.392574
0.392586
0.392593
0.392598
0.392598
0.392599
0.392608
0.392617
0.392622
0.392628
0.392634
0.392639
0.392644
0.392649
0.392655
0.392661
0.392665
0.392665
0.392675
0.392684
0.392685
0.392685
0.392695
0.392696
0.392698
0.392712
0.392712
0.392719
0.392723
0.39273
0.392734
0.392739
0.392744
0.392742
0.392746
0.392752
0.392762
0.392771
0.392779
0.39278
0.392783
0.392785
0.392788
0.392783
0.392791
0.392799
0.392807
0.392808
0.392808
0.392819
0.392823
0.392829
0.392833
0.392841
0.392852
0.392857
0.392863
0.392871
0.392877
0.392883
0.392886
0.392884
0.392877
0.392884
0.392898
0.392905
0.392906
0.392905
0.392908
0.392916
0.392918
0.392932
0.39293
0.392937
0.392938
0.392942
0.392954
0.392962
0.392963
0.392967
0.39297
0.392966
0.392969
0.392975
0.392983
0.392987
0.392988
0.392995
0.393006
0.393012
0.393014
0.393015
0.393024
0.393018
0.393027
0.393032
0.393038
0.393043
0.393049
0.393055
0.393053
0.39306
0.393068
0.39307
0.393074
0.393073
0.393076
0.393087
0.393083
0.393091
0.393097
0.393103
0.393108
0.393113
0.393124
0.393125
0.393128
0.393138
0.393143
0.393142
0.393151
0.393148
0.393152
0.393158
0.393162
0.393169
0.393171
0.393165
0.393171
0.393172
0.393183
0.393189
0.393192
0.393199
0.393208
0.393208
0.393219
0.393223
0.39322
0.393222
0.393225
0.393242
0.393241
0.393242
0.393246
0.393246
0.393248
0.393248
0.393251
0.393255
0.39326
0.393258
0.393266
0.393269
0.393269
0.393275
0.393275
0.393281
0.393286
0.393288
0.393296
0.393291
0.393293
0.393298
0.393298
0.393303
0.39331
0.393319
0.393321
0.393322
0.39332
0.393325
0.393326
0.393331
0.393338
0.393344
0.393357
0.393355
0.393358
0.393357
0.393366
0.393377
0.393384
0.393387
0.393391
0.393394
0.393397
0.393397
0.393394
0.393394
0.393395
0.39339
0.393398
0.393401
0.393401
0.393406
0.393411
0.393418
0.39342
0.393427
0.393433
0.393436
0.393445
0.393452
0.393458
0.393466
0.39347
0.393474
0.393476
0.393479
0.393487
0.393492
0.393496
0.393504
0.393509
0.393519
0.393519
0.393524
0.393526
0.393528
0.393531
0.393533
0.39354
0.393532
0.393538
0.393549
0.39356
0.393567
0.39357
0.393571
0.39358
0.393578
0.393589
0.39359
0.39359
0.393589
0.393597
0.393602
0.393607
0.393609
0.393603
0.393606
0.393611
0.393617
0.393624
0.393625
0.393632
0.393633
0.393632
0.39364
0.393647
0.393653
0.393653
0.393655
0.393659
0.393664
0.393674
0.393686
0.393685
0.393696
0.393702
0.393709
0.393715
0.393719
0.393723
0.393725
0.393725
0.393734
0.393734
0.393734
0.393738
0.393741
0.39374
0.393753
0.393754
0.393756
0.39376
0.393761
0.393764
0.393769
0.393771
0.393775
0.393777
0.393783
0.393794
0.393799
0.393809
0.393811
0.393815
0.393821
0.393828
0.393834
0.393838
0.393843
0.39384
0.393844
0.39385
0.393852
0.393864
0.393867
0.39387
0.393878
0.393879
0.39388
0.393889
0.393894
0.393898
0.393897
0.393894
0.393894
0.393902
0.393906
0.393908
0.393913
0.393916
0.393929
0.393933
0.393934
0.393935
0.393942
0.393944
0.393955
0.393958
0.39397
0.393972
0.393967
0.393975
0.393981
0.393979
0.393982
0.393986
0.393987
0.393991
0.393996
0.394003
0.394003
0.394005
0.394004
0.394009
0.39401
0.394014
0.394017
0.394021
0.394027
0.394036
0.394048
0.394051
0.394062
0.394061
0.394063
0.394062
0.394063
0.394072
0.394076
0.394083
0.394087
0.394095
0.394101
0.394101
0.394111
0.394119
0.394128
0.394133
0.394136
0.39414
0.394153
0.394151
0.394163
0.394167
0.394176
0.394182
0.394189
0.394188
0.394196
0.394203
0.394201
0.394204
0.394209
0.394213
0.394205
0.394213
0.394212
0.394221
0.394231
0.394236
0.39424
0.394251
0.394251
0.394258
0.39426
0.394267
0.394274
0.394275
0.394276
0.394282
0.394286
0.394287
0.39429
0.394297
0.394303
0.394304
0.394305
0.39431
0.394312
0.394314
0.394318
0.39432
0.394319
0.39432
0.394324
0.394317
0.394324
0.394332
0.394341
0.394348
0.394355
0.39437
0.39438
0.394378
0.394379
0.394386
