3.179681211055455307e-09	8.969292587226681121e-17	3.164911123132922908e-16	1.000000000000000000e+00
6.359362422110910614e-09	6.167904173880863088e-16	4.271450851623342093e-16	1.000000000000000000e+00
9.539043633166366748e-09	1.822917031111878975e-16	4.073767658591391583e-16	1.000000000000000000e+00
1.271872484422182123e-08	-4.341912064323056474e-16	3.672252759239720867e-16	1.000000000000000000e+00
1.589840605527727571e-08	-3.737167738102080588e-16	3.723103803509908998e-16	1.000000000000000000e+00
1.907808726633273019e-08	-9.116910068410164966e-18	3.453500579710653515e-16	1.000000000000000000e+00
2.225776847738818798e-08	-4.670113499055517036e-17	9.942257310849850554e-16	1.000000000000000000e+00
2.543744968844364246e-08	1.039869374494937118e-15	3.158883288673038105e-16	1.000000000000000000e+00
2.861713089949909694e-08	3.136703218435857031e-16	4.192727904910821814e-16	1.000000000000000000e+00
3.179681211055455142e-08	-2.673874483713140049e-17	3.581024526802093014e-16	1.000000000000000000e+00
3.497649332161000920e-08	2.193991294891112784e-16	3.161704834410775629e-16	1.000000000000000000e+00
3.815617453266546699e-08	6.809023216224699274e-17	3.757266495531251428e-16	1.000000000000000000e+00
4.133585574372092478e-08	1.335042877847725174e-16	3.811500249767915015e-16	1.000000000000000000e+00
4.451553695477637595e-08	3.581407558243474185e-16	3.158709596156676256e-16	1.000000000000000000e+00
4.769521816583183374e-08	-1.442665549723277006e-16	3.158741417605845875e-16	1.000000000000000000e+00
5.087489937688728491e-08	-2.156582987376727403e-16	3.159003045921181969e-16	1.000000000000000000e+00
5.405458058794274270e-08	7.174552153181856168e-17	3.378395363451000101e-16	1.000000000000000000e+00
5.723426179899820049e-08	7.710343627767056150e-17	3.343928563871281101e-16	1.000000000000000000e+00
6.041394301005365166e-08	-2.126092559021404719e-16	3.159517521716589498e-16	1.000000000000000000e+00
6.359362422110910283e-08	-2.765737696533118960e-17	3.158787924920917560e-16	1.000000000000000000e+00
