0.746914
0.379345
0.263743
0.214893
0.186774
0.170797
0.155575
0.146593
0.140191
0.134677
0.132793
0.130559
0.128977
0.129299
0.128177
0.125797
0.126598
0.125
0.124331
0.125188
0.125769
0.12583
0.126745
0.127903
0.128954
0.129724
0.131316
0.132535
0.132973
0.13314
0.132868
0.133626
0.133221
0.133873
0.134437
0.134718
0.134801
0.134928
0.137055
0.138843
0.13944
0.140892
0.1416
0.143246
0.144967
0.145801
0.147133
0.147473
0.147661
0.148601
0.148903
0.150367
0.151133
0.151882
0.152295
0.153167
0.154233
0.155245
0.156396
0.157245
0.158391
0.158731
0.159176
0.160405
0.161111
0.16216
0.162823
0.163455
0.163782
0.164661
0.165821
0.166232
0.166913
0.167612
0.168176
0.168707
0.169754
0.170572
0.171684
0.173044
0.17448
0.174961
0.175316
0.17685
0.177614
0.178121
0.178637
0.17916
0.180136
0.180785
0.181343
0.181914
0.182217
0.182948
0.183228
0.18367
0.184164
0.185189
0.185123
0.186123
0.186899
0.187423
0.188127
0.188967
0.18993
0.190668
0.191901
0.192237
0.193027
0.19383
0.194223
0.195295
0.195604
0.196367
0.197189
0.197786
0.198464
0.199049
0.199175
0.199548
0.200084
0.200874
0.201611
0.202388
0.202918
0.203639
0.204461
0.205324
0.206151
0.207074
0.207673
0.20809
0.208462
0.209121
0.209878
0.210585
0.210873
0.211674
0.212347
0.213011
0.213537
0.213964
0.214502
0.21508
0.215778
0.216112
0.216545
0.217255
0.217952
0.21835
0.219018
0.219643
0.22003
0.220456
0.220998
0.221483
0.222039
0.222671
0.223221
0.223728
0.224272
0.225014
0.225588
0.226119
0.226622
0.227573
0.227909
0.228538
0.229102
0.229787
0.230057
0.230528
0.231033
0.231547
0.23172
0.231984
0.23214
0.23245
0.233087
0.233673
0.234048
0.234304
0.234687
0.235233
0.235654
0.236342
0.236909
0.237218
0.237644
0.238349
0.239147
0.23964
0.240218
0.240682
0.240976
0.241573
0.242294
0.242664
0.243205
0.243524
0.243977
0.244412
0.244721
0.245342
0.245734
0.246219
0.246447
0.246751
0.247097
0.247625
0.248058
0.248429
0.248896
0.249454
0.249909
0.250597
0.251088
0.251592
0.252212
0.252792
0.253186
0.253449
0.253672
0.254013
0.254493
0.255033
0.255228
0.255593
0.256041
0.256593
0.256972
0.257447
0.257762
0.258247
0.258382
0.2588
0.259197
0.259492
0.260102
0.260393
0.260616
0.260909
0.261343
0.26164
0.262114
0.262696
0.263076
0.263442
0.263883
0.264103
0.264722
0.265044
0.265172
0.265523
0.265872
0.26634
0.26667
0.266979
0.267367
0.267988
0.268385
0.268735
0.268972
0.269289
0.269722
0.270181
0.270407
0.270648
0.270833
0.271222
0.271609
0.272006
0.272351
0.272694
0.272759
0.273033
0.273348
0.273562
0.273782
0.274077
0.274421
0.274668
0.274909
0.275168
0.275528
0.275951
0.276144
0.276491
0.276957
0.277169
0.277285
0.27765
0.278047
0.27838
0.278523
0.278941
0.279234
0.279469
0.279971
0.280397
0.280797
0.28115
0.281393
0.281697
0.282163
0.282617
0.283051
0.283253
0.283722
0.28399
0.284293
0.284482
0.284769
0.284991
0.285221
0.285474
0.28575
0.28633
0.286604
0.286926
0.28731
0.287665
0.288001
0.288358
0.288581
0.288895
0.289154
0.289624
0.289845
0.290083
0.290335
0.290717
0.291013
0.291184
0.291536
0.291829
0.292094
0.292366
0.292603
0.292902
0.29329
0.293669
0.293956
0.294301
0.294604
0.294951
0.295307
0.295621
0.29593
0.296362
0.296593
0.296915
0.297328
0.2977
0.298013
0.298293
0.298596
0.298942
0.299278
0.299657
0.299987
0.300228
0.300653
0.300839
0.301143
0.301439
0.30174
0.301831
0.30203
0.302289
0.302603
0.302891
0.303133
0.303427
0.303738
0.30397
0.304233
0.304409
0.304625
0.304859
0.305011
0.30519
0.305426
0.305616
0.305887
0.306028
0.306265
0.30639
0.306588
0.306871
0.307111
0.307409
0.307664
0.307925
0.308133
0.308266
0.308485
0.30874
0.309035
0.309305
0.309419
0.309817
0.310146
0.310366
0.310585
0.310818
0.310976
0.31124
0.311475
0.311812
0.312148
0.312344
0.312525
0.312797
0.313125
0.313375
0.313594
0.313937
0.314113
0.314434
0.314674
0.314929
0.315145
0.315392
0.315561
0.315815
0.31603
0.316397
0.316678
0.316872
0.317094
0.317406
0.31754
0.317781
0.318127
0.318522
0.318659
0.318921
0.319233
0.319353
0.319631
0.319872
0.320129
0.320392
0.320564
0.320839
0.32113
0.321364
0.321656
0.32191
0.322243
0.322518
0.322698
0.322974
0.323191
0.323335
0.32349
0.323656
0.323793
0.324014
0.324259
0.324449
0.3246
0.324825
0.325065
0.325353
0.325534
0.325732
0.32581
0.326063
0.326284
0.326456
0.326647
0.326968
0.327142
0.327468
0.32769
0.327985
0.328204
0.32843
0.328756
0.328837
0.329003
0.329223
0.32948
0.32976
0.330017
0.330231
0.330407
0.330583
0.330791
0.331008
0.331213
0.331478
0.331645
0.331791
0.331939
0.332142
0.332363
0.332553
0.332725
0.3329
0.333128
0.333314
0.333483
0.333708
0.333845
0.33403
0.334094
0.334412
0.334618
0.33483
0.334922
0.33507
0.335224
0.335425
0.335526
0.335676
0.335857
0.336008
0.336132
0.336261
0.336503
0.336709
0.336864
0.337105
0.337279
0.337418
0.337577
0.337684
0.33792
0.338094
0.338232
0.338475
0.338511
0.338565
0.338735
0.338884
0.339099
0.339345
0.339604
0.339881
0.340057
0.340205
0.340394
0.340559
0.340753
0.340896
0.341005
0.341189
0.341405
0.341629
0.341729
0.341864
0.342088
0.342163
0.342362
0.342531
0.342707
0.342891
0.34305
0.343159
0.343349
0.34345
0.3437
0.34381
0.343919
0.344075
0.344289
0.344497
0.344674
0.344851
0.344981
0.345207
0.345384
0.345539
0.345707
0.345843
0.34592
0.346107
0.346269
0.346383
0.34652
0.346671
0.346909
0.347023
0.347182
0.347306
0.347465
0.347636
0.347828
0.348043
0.348273
0.348455
0.348665
0.348786
0.349013
0.349157
0.349259
0.349505
0.349715
0.349785
0.349931
0.350106
0.35016
0.350291
0.350458
0.350639
0.350778
0.350972
0.35111
0.351244
0.351405
0.351612
0.351717
0.351894
0.352044
0.352166
0.352336
0.352513
0.352626
0.352829
0.352961
0.353143
0.353216
0.353339
0.353457
0.353589
0.353733
0.353922
0.354147
0.354302
0.354505
0.354679
0.35485
0.354957
0.355099
0.355239
0.355469
0.355609
0.355779
0.355945
0.3561
0.356229
0.356321
0.356508
0.356648
0.356741
0.356847
0.357041
0.357252
0.357387
0.35748
0.357685
0.357838
0.358066
0.358249
0.358456
0.358618
0.358735
0.358901
0.35904
0.359199
0.359368
0.359535
0.359669
0.359769
0.359913
0.360103
0.360236
0.360315
0.360473
0.360691
0.360929
0.361106
0.361264
0.361475
0.361571
0.361709
0.361835
0.362002
0.36221
0.362345
0.362516
0.362662
0.362794
0.362975
0.363064
0.363157
0.363285
0.363447
0.363567
0.363699
0.363773
0.363881
0.363977
0.364175
0.364273
0.364383
0.364509
0.364651
0.364724
0.364894
0.365002
0.365128
0.365259
0.365384
0.365553
0.36559
0.365705
0.365918
0.366059
0.366268
0.36639
0.36653
0.366692
0.366816
0.366986
0.367122
0.36723
0.367354
0.367414
0.367552
0.367673
0.367855
0.368015
0.368083
0.3682
0.36832
0.368442
0.368568
0.36868
0.368786
0.36893
0.369042
0.369188
0.369292
0.369344
0.369476
0.369632
0.369849
0.370002
0.370177
0.370263
0.370379
0.370463
0.370561
0.37074
0.370875
0.371026
0.371173
0.371291
0.371344
0.37154
0.371683
0.371808
0.371914
0.371999
0.372139
0.372296
0.372415
0.372521
0.372652
0.3728
0.372893
0.373027
0.373139
0.373201
0.37334
0.373443
0.373642
0.373781
0.373895
0.373973
0.374081
0.374183
0.374254
0.374401
0.374554
0.374721
0.374854
0.374917
0.37506
0.375188
0.375314
0.37539
0.375507
0.375608
0.375742
0.375859
0.375939
0.376009
0.37612
0.37626
0.37642
0.376513
0.376623
0.376756
0.376931
0.377076
0.377177
0.377294
0.377432
0.37753
0.377632
0.377721
0.377855
0.378009
0.3781
0.378202
0.378255
0.378349
0.378465
0.378539
0.378682
0.378776
0.37891
0.379001
0.37906
0.37915
0.379202
0.379293
0.379407
0.379498
0.379625
0.379639
0.379774
0.379904
0.379987
0.380084
0.38018
0.380295
0.380413
0.380556
0.380584
0.380712
0.380757
0.380882
0.380973
0.381146
0.381218
0.381345
0.381482
0.381572
0.381711
0.381799
0.381836
0.381953
0.382029
0.382127
0.382225
0.382359
0.38247
0.382565
0.382675
0.382844
0.382991
0.383087
0.383245
0.383341
0.383488
0.383592
0.383653
0.38375
0.383822
0.383872
0.383941
0.384014
0.38408
0.384165
0.38424
0.384353
0.384453
0.384583
0.384643
0.384723
0.384824
0.384935
0.385015
0.385126
0.385215
0.385267
0.385347
0.385426
0.385503
0.38556
0.385672
0.385838
0.385944
0.386052
0.386165
0.386269
0.386434
0.386545
0.386658
0.386823
0.386896
0.387016
0.387098
0.387237
0.387299
0.387461
0.387522
0.387632
0.387688
0.387801
0.387889
0.387915
0.388047
0.388182
0.388215
0.388304
0.388396
0.388451
0.388584
0.388672
0.388767
0.388803
0.388889
0.389005
0.389097
0.389211
0.389333
0.38944
0.38957
0.389683
0.389727
0.389874
0.390013
0.390084
0.390182
0.390283
0.390408
0.390535
0.390601
0.390658
0.39078
0.390838
0.390957
0.391046
0.391132
0.391247
0.391366
0.391449
0.391533
0.391595
0.391724
0.391758
0.391843
0.392032
0.392112
0.392167
0.392243
0.392315
0.392331
0.39251
0.392592
0.392686
0.392773
0.392905
0.392958
0.393098
0.393185
0.393245
0.393323
0.393425
0.393548
0.393618
0.393722
0.393787
0.393863
0.39395
0.394024
0.394082
0.394171
0.394244
0.394427
0.394481
0.394558
0.394649
0.394724
0.394797
0.394976
0.395107
0.395217
0.395273
0.395408
0.395461
0.395527
0.395621
0.395733
0.39579
0.395873
0.396009
0.396048
0.396191
0.396282
0.396331
0.396372
0.396424
0.396497
0.39657
0.396661
0.3967
0.396767
0.39686
0.396956
0.39701
0.397068
0.397205
0.397284
0.397414
0.397547
0.397646
0.397725
0.397798
0.397879
0.397974
0.39806
0.39819
0.398259
0.398348
0.398473
0.39857
0.398661
0.398774
0.398847
0.398861
0.398922
0.398976
0.399051
0.399129
0.399223
0.399304
0.399369
0.399461
0.399536
0.399652
0.399697
0.399796
0.399936
0.400046
0.400109
0.400158
0.400232
0.400355
0.400436
0.400585
0.400686
0.400781
0.400879
0.400915
0.401003
0.401056
0.401146
0.401196
0.401293
0.401335
0.401445
0.401547
0.401569
0.401644
0.401702
0.401761
0.401838
0.401945
0.402014
0.402108
0.402188
0.40228
0.402359
0.402458
0.402506
0.402602
0.402687
0.402785
0.402877
0.402961
0.403003
0.403108
0.40314
0.403224
0.403368
0.40345
0.403508
0.403548
0.403593
0.403652
0.403717
0.403826
0.403893
0.403907
0.404005
0.404119
0.404148
0.40421
0.404294
0.404323
0.404411
0.404488
0.404585
0.404661
0.404727
0.404807
0.404866
0.405003
0.405077
0.405135
0.405236
0.405333
0.405456
0.405545
0.405573
0.405635
0.405697
0.405749
0.405823
0.405876
0.405927
0.405972
0.406046
0.406144
0.406181
0.40626
0.406348
0.406385
0.406426
0.406482
0.406563
0.406643
0.406724
0.406797
0.406871
0.406941
0.406987
0.407072
0.407155
0.407258
0.407322
0.40742
0.407452
0.407488
0.407609
0.407669
0.407749
0.407834
0.407862
0.407927
0.408009
0.408125
0.408195
0.408308
0.408412
0.408467
0.408497
0.408554
0.408572
0.408646
0.408727
0.408782
0.408837
0.408875
0.408968
0.409046
0.4091
0.40915
0.409246
0.409319
0.409454
0.409458
0.409537
0.409593
0.409647
0.409677
0.409737
0.409808
0.409861
0.409971
0.410043
0.410107
0.410186
0.410266
0.410285
0.410367
0.410465
0.410562
0.410654
0.410713
0.410813
0.410905
0.410993
0.411028
0.411099
0.411176
0.411289
0.411331
0.411388
0.41147
0.411504
0.411554
0.411625
0.411691
0.41174
0.411776
0.411844
0.411952
0.412012
0.412025
0.412065
0.412123
0.412169
0.41224
0.412352
0.412434
0.412505
0.412535
0.412587
0.412656
0.412676
0.412707
0.412764
0.412836
0.412911
0.412979
0.413051
0.413079
0.413138
0.413219
0.413263
0.413354
0.413436
0.413531
0.413603
0.41366
0.41378
0.413852
0.413944
0.414032
0.414104
0.41416
0.414223
0.414231
0.414276
0.414343
0.414406
0.414501
0.414576
0.414716
0.41476
0.414824
0.414897
0.414991
0.415022
0.415092
0.415165
0.415227
0.41524
0.415326
0.415356
0.415421
0.415475
0.415517
0.415593
0.415684
0.415752
0.415795
0.415813
0.415868
0.415963
0.416006
0.416154
0.416239
0.416316
0.41634
0.416374
0.416443
0.416539
0.416591
0.416614
0.416693
0.416773
0.416826
0.41686
0.416889
0.416952
0.417028
0.417084
0.417153
0.417229
0.417243
0.417332
0.417359
0.417469
0.41754
0.417596
0.417658
0.417748
0.417792
0.417814
0.417875
0.417926
0.417958
0.418054
0.418113
0.41817
0.418236
0.41826
0.418309
0.41839
0.418436
0.418516
0.418603
0.418672
0.418715
0.418803
0.418849
0.418904
0.418985
0.419029
0.419062
0.419074
0.419137
0.419198
0.41929
0.419331
0.419397
0.419446
0.419523
0.41961
0.419651
0.419693
0.419766
0.419827
0.419882
0.419932
0.420003
0.420054
0.420084
0.420143
0.420196
0.420277
0.420331
0.420384
0.420449
0.420497
0.420551
0.420594
0.420626
0.420672
0.420768
0.420806
0.420853
0.420906
0.420992
0.421022
0.421074
0.421128
0.421165
0.421235
0.421304
0.42134
0.421424
0.421512
0.421562
0.421636
0.421672
0.421699
0.421778
0.421806
0.421861
0.421873
0.421925
0.421987
0.42201
0.422045
0.422096
0.422138
0.422159
0.422246
0.422334
0.422341
0.422371
0.422414
0.422491
0.422547
0.422583
0.42265
0.422719
0.422762
0.422817
0.422854
0.422905
0.422964
0.423017
0.423103
0.42318
0.423225
0.423285
0.423348
0.423395
0.423458
0.423499
0.423533
0.423611
0.423628
0.423675
0.423742
0.423819
0.423841
0.423895
0.423958
0.424032
0.424088
0.42414
0.424216
0.424249
0.424296
0.424346
0.424401
0.424496
0.424538
0.424593
0.424656
0.424701
0.424774
0.42482
0.424843
0.424884
0.424924
0.424929
0.424951
0.424984
0.425
0.425081
0.425102
0.425127
0.42519
0.42524
0.425301
0.425351
0.425369
0.425413
0.425478
0.425501
0.425553
0.425636
0.425686
0.425744
0.425794
0.42582
0.425894
0.425943
0.425962
0.426027
0.426102
0.42615
0.426214
0.426288
0.426352
0.426374
0.426414
0.426452
0.4265
0.426554
0.426602
0.42665
0.42671
0.426764
0.426824
0.426839
0.426874
0.426944
0.426966
0.426995
0.427033
0.427076
0.427069
0.427104
0.427193
0.427237
0.427306
0.427338
0.427369
0.427401
0.427474
0.427543
0.427602
0.427648
0.427648
0.427693
0.427754
0.427825
0.427866
0.4279
0.427982
0.428041
0.428072
0.428125
0.428199
0.428259
0.428276
0.428296
0.428366
0.428425
0.428443
0.428519
0.428561
0.428616
0.428674
0.428748
0.428767
0.428834
0.428895
0.428924
0.428994
0.429041
0.429064
0.429123
0.429162
0.429165
0.429233
0.429296
0.429323
0.429393
0.429433
0.429484
0.429524
0.429562
0.429633
0.429676
0.429748
0.429797
0.429815
0.429845
0.429895
0.429952
0.430018
0.430063
0.430112
0.430154
0.430199
0.430279
0.430316
0.430378
0.430428
0.4305
0.430581
0.430643
0.43072
0.430758
0.430801
0.430825
0.430874
0.430913
0.430971
0.431019
0.431067
0.431076
0.43111
0.431136
0.431189
0.431197
0.431231
0.431246
0.431317
0.431332
0.431349
0.4314
0.431436
0.43152
0.431547
0.431608
0.431663
0.431695
0.431753
0.431809
0.431873
0.431937
0.431977
0.432062
0.432091
0.432117
0.432142
0.432219
0.432275
0.432342
0.432422
0.432452
0.432513
0.432555
0.432588
0.432606
0.432633
0.432665
0.432714
0.43276
0.432815
0.432849
0.432883
0.432928
0.432955
0.433012
0.433042
0.433117
0.433196
0.433232
0.433253
0.433299
0.433357
0.433397
0.433424
0.433446
0.433513
0.433542
0.433627
0.433686
0.433723
0.433793
0.43384
0.433888
0.433931
0.433987
0.434037
0.434069
0.434123
0.434176
0.434232
0.43427
0.434271
0.434322
0.434387
0.43438
0.434436
0.434474
0.434509
0.434551
0.434588
0.434628
0.434669
0.434698
0.434762
0.43481
0.434864
0.43489
0.434914
0.434958
0.434959
0.435022
0.435084
0.435101
0.435134
0.435157
0.435194
0.43522
0.435247
0.435307
0.435351
0.435397
0.43547
0.43549
0.435512
0.435574
0.435628
0.435665
0.435695
0.435753
0.435787
0.435814
0.435861
0.435903
0.435961
0.436028
0.436093
0.436163
0.436184
0.436201
0.436255
0.436302
0.436326
0.436372
0.436423
0.436464
0.436489
0.436522
0.43656
0.436608
0.436672
0.436705
0.436751
0.436832
0.436864
0.436932
0.436974
0.437009
0.437056
0.437097
0.437152
0.437191
0.437241
0.437292
0.437341
0.43738
0.437426
0.437477
0.43752
0.437561
0.437586
0.437588
0.437635
0.437672
0.43772
0.437742
0.437785
0.437835
0.437886
0.43793
0.437986
0.438001
0.438025
0.438073
0.438078
0.438107
0.43816
0.438208
0.43824
0.43827
0.438277
0.438339
0.438371
0.438412
0.438478
0.438547
0.438592
0.438631
0.438693
0.438732
0.438789
0.438831
0.438861
0.438882
0.438924
0.438954
0.43899
0.439019
0.439048
0.43909
0.439109
0.43913
0.439134
0.439208
0.439251
0.439271
0.43929
0.439341
0.439386
0.439407
0.439453
0.439472
0.43953
0.439549
0.439597
0.439621
0.439649
0.439696
0.439747
0.439775
0.439791
0.439794
0.439804
0.43982
0.439872
0.439897
0.439931
0.439952
0.439971
0.440048
0.440079
0.440094
0.44013
0.440165
0.4402
0.440234
0.440268
0.440306
0.440333
0.440386
0.440438
0.440465
0.440508
0.440553
0.440579
0.44061
0.440636
0.440682
0.44071
0.440729
0.440756
0.44081
0.440857
0.440885
0.440965
0.441018
0.441058
0.441098
0.441119
0.441166
0.441204
0.441231
0.441259
0.441303
0.441336
0.441377
0.441395
0.441425
0.441466
0.441515
0.44154
0.44159
0.441593
0.441618
0.441644
0.441682
0.44171
0.441786
0.441824
0.441862
0.441913
0.441973
0.442025
0.442045
0.442066
0.442105
0.442141
0.442174
0.442183
0.442206
0.442271
0.442307
0.442375
0.442401
0.442476
0.442492
0.44256
0.442583
0.442638
0.442659
0.442699
0.442759
0.44279
0.442831
0.442882
0.442893
0.44292
0.442972
0.443004
0.443044
0.443076
0.44312
0.443155
0.443202
0.443238
0.443249
0.443264
0.443266
0.443292
0.443315
0.443366
0.443387
0.443426
0.44347
0.443509
0.443543
0.443555
0.443606
0.443646
0.443709
0.443745
0.443754
0.443763
0.443775
0.443817
0.443831
0.443857
0.443885
0.443934
0.443957
0.443977
0.444022
0.444027
0.444072
0.444118
0.444123
0.444166
0.444208
0.444243
0.44428
0.444336
0.444389
0.444431
0.444482
0.444524
0.444581
0.444643
0.44469
0.444739
0.44475
0.444769
0.444816
0.444827
0.4449
0.44493
0.444969
0.444992
0.445038
0.445069
0.445112
0.445165
0.445212
0.445252
0.445313
0.44537
0.445386
0.445418
0.445442
0.44548
0.445517
0.44556
0.445592
0.445638
0.44567
0.445721
0.445769
0.445802
0.445814
0.445847
0.445865
0.445888
0.445912
0.445948
0.445992
0.446032
0.446072
0.446108
0.446154
0.44621
0.446239
0.446289
0.446318
0.446334
0.446374
0.446402
0.446425
0.446479
0.446508
0.446528
0.446581
0.446604
0.446644
0.446698
0.446703
0.446734
0.446769
0.446847
0.44688
0.446923
0.446986
0.447028
0.447072
0.447124
0.447174
0.447206
0.447229
0.447248
0.44729
0.447323
0.447367
0.447403
0.447423
0.44744
0.447484
0.447505
0.447526
0.447539
0.44759
0.447633
0.447681
0.447726
0.447758
0.4478
0.447848
0.44789
0.447947
0.447981
0.448048
0.448089
0.448132
0.448179
0.448209
0.448276
0.448311
0.448329
0.448369
0.448398
0.448433
0.448455
0.448492
0.44854
0.448554
0.448585
0.448611
0.448666
0.448683
0.448719
0.448744
0.448799
0.448844
0.448857
0.448887
0.448906
0.448923
0.448955
0.448978
0.449016
0.449051
0.449091
0.449109
0.449123
0.449128
0.449154
0.449194
0.449254
0.449284
0.449316
0.449325
0.449375
0.449383
0.44941
0.449408
0.449459
0.449477
0.449519
0.449535
0.449565
0.449597
0.449668
0.449715
0.449755
0.449788
0.449806
0.449824
0.449846
0.449871
0.449897
0.449942
0.449961
0.450026
0.450079
0.450101
0.450123
0.45014
0.450184
0.450217
0.450273
0.45032
0.450383
0.450418
0.450445
0.450502
0.450521
0.450563
0.450593
0.450607
0.450644
0.450684
0.450722
0.450722
0.450781
0.450802
0.450808
0.450828
0.450878
0.450904
0.45095
0.450953
0.451002
0.45104
0.451047
0.451068
0.451102
0.451129
0.451164
0.451195
0.451214
0.451239
0.451249
0.451294
0.451329
0.451367
0.45142
0.451452
0.451493
0.451518
0.451543
0.451569
0.451608
0.451667
0.45167
0.451684
0.45172
0.451754
0.451787
0.451823
0.451855
0.451884
0.451925
0.451958
0.451976
0.451982
0.452037
0.452083
0.452132
0.452149
0.452186
0.452216
0.452239
0.452275
0.452305
0.452311
0.452304
0.452344
0.452365
0.452397
0.452428
0.452439
0.452468
0.45251
0.452529
0.452579
0.452611
0.452643
0.452692
0.452719
0.452752
0.452766
0.452789
0.452816
0.45283
0.45285
0.452877
0.452922
0.452955
0.452994
0.453027
0.453071
0.45309
0.453138
0.453146
0.453185
0.453238
0.453256
0.453273
0.453311
0.453349
0.453362
0.453377
0.453415
0.453449
0.453468
0.45349
0.453509
0.453537
0.453555
0.453585
0.453628
0.453657
0.453706
0.453734
0.453752
0.453765
0.453804
0.45384
0.453869
0.453909
0.453943
0.453965
0.453999
0.454035
0.454064
0.454078
0.454093
0.454132
0.454169
0.454199
0.454249
0.454252
0.454285
0.454299
0.454353
0.454381
0.454399
0.45442
0.45442
0.454445
0.454489
0.454521
0.454538
0.454549
0.45457
0.454575
0.454576
0.454616
0.454649
0.454688
0.454704
0.454745
0.454775
0.454815
0.454843
0.454874
0.454906
0.454931
0.454972
0.455
0.455039
0.45505
0.455074
0.455106
0.45512
0.455153
0.455163
0.455219
0.455231
0.455278
0.455296
0.455341
0.455346
0.455378
0.455397
0.455433
0.455467
0.455519
0.455564
0.455574
0.455601
0.45563
0.455653
0.455684
0.455717
0.455736
0.455743
0.455763
0.455765
0.455782
0.455832
0.455876
0.455899
0.45594
0.455962
0.455977
0.455994
0.456029
0.45607
0.456106
0.456141
0.456181
0.456203
0.456217
0.456232
0.456251
0.456274
0.456311
0.456348
0.456391
0.456415
0.456433
0.456469
0.456513
0.456532
0.456566
0.456608
0.456653
0.456691
0.456719
0.456752
0.45677
0.456779
0.456835
0.456872
0.456889
0.45691
0.456933
0.456952
0.456996
0.457034
0.457047
0.457074
0.45712
0.457166
0.457212
0.457222
0.457257
0.457279
0.457329
0.457368
0.457422
0.457442
0.457446
0.457466
0.457488
0.457492
0.457508
0.457536
0.45755
0.457593
0.457619
0.457648
0.457662
0.457682
0.457679
0.457701
0.457746
0.457765
0.457796
0.457791
0.457818
0.457829
0.457823
0.457849
0.457859
0.457857
0.457854
0.457868
0.457899
0.457913
0.457923
0.457948
0.457971
0.458003
0.458022
0.458015
0.458034
0.458082
0.458127
0.458158
0.458184
0.458226
0.458233
0.458243
0.458272
0.458271
0.45829
0.458325
0.458332
0.458363
0.458398
0.45843
0.458467
0.45852
0.458555
0.458566
0.458593
0.458597
0.458627
0.458661
0.458697
0.4587
0.458746
0.458763
0.458781
0.458802
0.458814
0.458831
0.458867
0.458891
0.458905
0.458919
0.458935
0.458941
0.45895
0.458972
0.458991
0.45902
0.459048
0.459077
0.459111
0.459136
0.459169
0.459185
0.459205
0.45922
0.459257
0.459273
0.459303
0.459295
0.459306
0.459333
0.459348
0.459368
0.459378
0.4594
0.459427
0.45944
0.45945
0.459483
0.459506
0.45953
0.459557
0.459576
0.459582
0.45961
0.459631
0.459658
0.459677
0.459726
0.45974
0.459777
0.459815
0.459821
0.459827
0.459843
0.459849
0.459886
0.459908
0.459935
0.459942
0.459965
0.45998
0.460023
0.460056
0.460092
0.460113
0.460122
0.46014
0.460138
0.460171
0.460205
0.460233
0.46026
0.460295
0.460323
0.460379
0.460403
0.460439
0.460456
0.460472
0.460489
0.460515
0.460545
0.460585
0.4606
0.460623
0.460646
0.460657
0.460696
0.46072
0.460745
0.460753
0.46078
0.460815
0.460845
0.460893
0.460933
0.460952
0.460984
0.461013
0.461029
0.461042
0.461049
0.46107
0.461095
0.461138
0.461176
0.46121
0.461231
0.461258
0.461287
0.461317
0.461351
0.461372
0.461395
0.461407
0.46143
0.461459
0.461466
0.461489
0.461502
0.461521
0.461527
0.461555
0.461577
0.461609
0.461651
0.461691
0.461713
0.461748
0.461771
0.461801
0.461824
0.461836
0.461843
0.46188
0.461909
0.461951
0.461964
0.461977
0.461998
0.462028
0.46204
0.462081
0.462105
0.462125
0.462154
0.46216
0.462201
0.462221
0.462236
0.462248
0.462268
0.462285
0.462299
0.462317
0.462332
0.462362
0.462383
0.462411
0.462404
0.462431
0.462468
0.462465
0.462495
0.46252
0.462505
0.462533
0.462547
0.46258
0.462606
0.462628
0.462644
0.462693
0.462715
0.462738
0.462749
0.462773
0.462798
0.462814
0.46286
0.462899
0.46293
0.462956
0.462964
0.462983
0.463009
0.463057
0.463083
0.46309
0.463123
0.463142
0.463156
0.463177
0.463187
0.463247
0.46325
0.46326
0.463302
0.463335
0.463361
0.463389
0.463408
0.46342
0.463438
0.463473
0.46349
0.463509
0.463511
0.463524
0.46354
0.463556
0.463579
0.463605
0.463612
0.463631
0.463646
0.463667
0.463688
0.463709
0.46371
0.463733
0.463743
0.463763
0.463776
0.463801
0.463813
0.463839
0.463873
0.463876
0.463884
0.463914
0.463937
0.463971
0.464002
0.464016
0.464043
0.464079
0.464089
0.464131
0.46417
0.464193
0.464214
0.464225
0.46423
0.464271
0.464307
0.464333
0.464366
0.464375
0.464394
0.464418
0.464447
0.464485
0.464503
0.464533
0.464579
0.46459
0.464619
0.46463
0.464646
0.464673
0.46467
0.464686
0.464703
0.464733
0.46473
0.464764
0.464763
0.464785
0.464804
0.464811
0.464822
0.464851
0.464868
0.464863
0.464871
0.464886
0.464915
0.46494
0.464966
0.464988
0.465015
0.465077
0.465108
0.465125
0.465133
0.465157
0.465159
0.465162
0.465178
0.465203
0.465234
0.465248
0.465276
0.465282
0.465297
0.465324
0.465337
0.465353
0.46537
0.465397
0.465414
0.465439
0.465442
0.465452
0.465468
0.465501
0.465516
0.465551
0.46556
0.465598
0.465617
0.465648
0.465678
0.465713
0.465729
0.465729
0.465751
0.465764
0.465791
0.465815
0.465834
0.465838
0.465862
0.465887
0.465928
0.465951
0.465982
0.465996
0.466028
0.466044
0.466072
0.466114
0.466147
0.466179
0.466203
0.466207
0.466214
0.466239
0.466267
0.466287
0.466307
0.466341
0.466366
0.466385
0.466408
0.466413
0.466445
0.466477
0.466498
0.466538
0.466551
0.466561
0.466569
0.466589
0.466611
0.466641
0.46667
0.466693
0.466721
0.466755
0.466778
0.466804
0.466857
0.466867
0.466884
0.466906
0.466935
0.466963
0.467002
0.467023
0.467047
0.467057
0.467065
0.467068
0.467098
0.467112
0.467113
0.467125
0.467141
0.467153
0.46717
0.46718
0.467201
0.467239
0.467248
0.467293
0.467322
0.467335
0.467343
0.467388
0.467428
0.467447
0.467477
0.467492
0.467521
0.467538
0.467541
0.467578
0.467598
0.467605
0.467629
0.467672
0.467676
0.467688
0.46771
0.467735
0.467755
0.467771
0.467785
0.4678
0.467805
0.467831
0.467862
0.467883
0.467908
0.467941
0.467955
0.467976
0.467992
0.468004
0.468022
0.468044
0.468046
0.468049
0.468075
0.468085
0.468115
0.468135
0.468157
0.468176
0.4682
0.468228
0.468245
0.468269
0.468292
0.468315
0.46834
0.468349
0.468358
0.468368
0.468388
0.468422
0.468428
0.468449
0.468455
0.468465
0.468485
0.46851
0.468538
0.468565
0.4686
0.468616
0.468633
0.468638
0.468662
0.468677
0.468707
0.468714
0.468741
0.468764
0.46879
0.468795
0.468798
0.468827
0.468837
0.468838
0.468852
0.46888
0.468906
0.468915
0.468937
0.468968
0.468986
0.469012
0.469032
0.469079
0.469102
0.469137
0.469172
0.469199
0.469211
0.469234
0.469247
0.469268
0.469303
0.46934
0.469368
0.469386
0.4694
0.469407
0.46944
0.469444
0.46948
0.469482
0.469519
0.469552
0.469563
0.469589
0.469609
0.469626
0.46965
0.469664
0.469686
0.469691
0.469717
0.469723
0.469736
0.469747
0.469758
0.469768
0.469791
0.469802
0.469834
0.469862
0.469889
0.469905
0.46992
0.469934
0.469949
0.469961
0.469966
0.469987
0.470008
0.470033
0.470046
0.470071
0.470103
0.470125
0.470163
0.470188
0.4702
0.47022
0.470229
0.470248
0.470274
0.470301
0.470314
0.470334
0.470372
0.470399
0.470424
0.470444
0.470455
0.470461
0.470476
0.470488
0.470509
0.470537
0.470576
0.470579
0.470586
0.470605
0.470608
0.470632
0.470656
0.470668
0.47068
0.47071
0.470727
0.47074
0.470766
0.470793
0.470822
0.470827
0.470839
0.470858
0.470886
0.470907
0.470913
0.47093
0.470957
0.470983
0.471012
0.471029
0.471045
0.471074
0.471085
0.471093
0.471115
0.47114
0.471161
0.471176
0.471193
0.471222
0.471256
0.47126
0.471272
0.471293
0.471317
0.471337
0.47134
0.471358
0.471378
0.471406
0.471429
0.471425
0.471427
0.471441
0.471441
0.471444
0.471476
0.4715
0.471537
0.471554
0.471553
0.471573
0.471598
0.47161
0.471631
0.471628
0.471658
0.471655
0.471658
0.471665
0.471679
0.471708
0.471713
0.471729
0.471739
0.471757
0.471765
0.471782
0.471802
0.471796
0.471807
0.471833
0.471846
0.471859
0.471881
0.471905
0.471908
0.471919
0.471934
0.471941
0.471939
0.471953
0.471968
0.471975
0.472009
0.472017
0.472036
0.472058
0.472086
0.472108
0.47213
0.472157
0.472179
0.472184
0.472202
0.472207
0.472211
0.472224
0.472231
0.472266
0.472298
0.472327
0.472338
0.472367
0.472392
0.472406
0.472437
0.472447
0.472457
0.472468
0.47249
0.472483
0.472489
0.472513
0.472549
0.472557
0.472564
0.472574
0.472616
0.472635
0.472649
0.472676
0.472693
0.472712
0.472741
0.47275
0.472779
0.472796
0.472793
0.472804
0.472823
0.472836
0.472858
0.472891
0.47292
0.472925
0.472947
0.472968
0.47298
0.473001
0.473024
0.473035
0.473073
0.473099
0.473113
0.473142
0.473147
0.473164
0.473194
0.473214
0.473238
0.473244
0.47325
0.473272
0.473303
0.47331
0.473327
0.473353
0.473387
0.473404
0.473425
0.473425
0.47344
0.473456
0.47348
0.473498
0.473529
0.473545
0.473554
0.473567
0.473598
0.473612
0.473634
0.473647
0.473666
0.473676
0.473686
0.473692
0.47372
0.47374
0.473749
0.473766
0.473775
0.473791
0.473794
0.473816
0.473844
0.473869
0.47388
0.473912
0.473939
0.473955
0.473979
0.473991
0.474025
0.474037
0.474064
0.474074
0.474079
0.474113
0.474124
0.474153
0.474184
0.474203
0.474235
0.474258
0.474259
0.474275
0.474294
0.474322
0.474353
0.47438
0.4744
0.474412
0.474437
0.474455
0.474468
0.474482
0.474492
0.474511
0.474531
0.474547
0.474548
0.474562
0.474581
0.474578
0.4746
0.474608
0.474621
0.474618
0.474643
0.474653
0.474669
0.474689
0.474713
0.474725
0.47474
0.474763
0.474778
0.474794
0.474802
0.474826
0.474831
0.474854
0.474864
0.474866
0.474879
0.474891
0.474921
0.474927
0.474936
0.474953
0.47497
0.474974
0.475003
0.475012
0.475028
0.475047
0.475063
0.475077
0.475108
0.475109
0.475121
0.475115
0.475129
0.475152
0.475171
0.475183
0.475199
0.475216
0.475229
0.475259
0.475278
0.475304
0.475319
0.475333
0.475365
0.475373
0.475384
0.475404
0.475428
0.475443
0.475456
0.475465
0.47548
0.475511
0.475535
0.475556
0.475574
0.475601
0.475604
0.475629
0.475633
0.475638
0.475661
0.475679
0.475691
0.4757
0.475713
0.475722
0.475744
0.475762
0.475781
0.475795
0.475823
0.475842
0.475873
0.475891
0.475915
0.475947
0.475947
0.475976
0.475999
0.476009
0.476024
0.476038
0.476049
0.476062
0.476078
0.476093
0.476107
0.476124
0.476158
0.476172
0.47619
0.47622
0.476237
0.47625
0.476265
0.476267
0.476285
0.476317
0.476339
0.476373
0.476379
0.476395
0.476414
0.476441
0.476456
0.476471
0.476488
0.476507
0.476521
0.476545
0.476559
0.47657
0.476571
0.476572
0.476591
0.4766
0.476624
0.476643
0.476667
0.476678
0.476691
0.476711
0.476719
0.476738
0.476736
0.476748
0.476761
0.476772
0.47679
0.476813
0.476828
0.476838
0.476847
0.476859
0.476882
0.47691
0.476925
0.47693
0.476932
0.476928
0.476925
0.476941
0.476961
0.476978
0.476995
0.476995
0.477023
0.47704
0.477054
0.477063
0.477087
0.477091
0.477099
0.477121
0.477138
0.477165
0.477188
0.477211
0.477233
0.477261
0.477288
0.477299
0.477318
0.477343
0.477341
0.477369
0.47739
0.477406
0.477415
0.477431
0.477461
0.477475
0.47748
0.477493
0.477497
0.477505
0.477499
0.477518
0.477512
0.477526
0.477551
0.47756
0.477579
0.477585
0.477616
0.477628
0.477656
0.477674
0.477683
0.477697
0.477703
0.477716
0.477716
0.477736
0.477749
0.477775
0.477788
0.477805
0.477829
0.47785
0.477874
0.47789
0.477903
0.477903
0.477928
0.477945
0.477965
0.477992
0.478002
0.478024
0.47803
0.478045
0.478059
0.478068
0.478075
0.478111
0.478127
0.478147
0.478165
0.478186
0.478197
0.478232
0.478249
0.478284
0.478307
0.478338
0.478348
0.47837
0.478383
0.478392
0.478417
0.478443
0.478452
0.478469
0.478496
0.478502
0.478512
0.478536
0.478544
0.478545
0.478546
0.478551
0.478558
0.47857
0.478572
0.47859
0.478613
0.478638
0.478628
0.478653
0.478671
0.47868
0.478704
0.478729
0.478729
0.478742
0.478759
0.478766
0.478779
0.478808
0.478821
0.47885
0.478854
0.478874
0.478889
0.478894
0.478918
0.478923
0.478923
0.478924
0.478934
0.478946
0.47896
0.478983
0.478989
0.479002
0.479026
0.479038
0.479045
0.479061
0.479079
0.479095
0.479115
0.479139
0.479147
0.479173
0.47918
0.479196
0.479209
0.479215
0.479243
0.479242
0.479242
0.479264
0.479285
0.479311
0.479317
0.479315
0.479345
0.479349
0.479364
0.479378
0.479382
0.479404
0.479415
0.47943
0.479447
0.479467
0.479488
0.479509
0.479529
0.479537
0.479556
0.479573
0.479586
0.479609
0.479631
0.479633
0.479642
0.479651
0.479662
0.47967
0.479686
0.479705
0.479727
0.479729
0.479749
0.479748
0.479767
0.479793
0.479816
0.479825
0.479841
0.479855
0.479878
0.479894
0.479895
0.47991
0.479922
0.479942
0.479971
0.479975
0.479998
0.480017
0.480024
0.480031
0.480055
0.480062
0.480075
0.480089
0.480098
0.480113
0.480116
0.48012
0.480134
0.480149
0.480193
0.480212
0.480223
0.48025
0.480275
0.480276
0.480287
0.480298
0.48031
0.480329
0.480353
0.480359
0.480364
0.480371
0.48039
0.480407
0.480432
0.48045
0.480457
0.480466
0.480488
0.480498
0.480496
0.480517
0.480534
0.480544
0.480549
0.480576
0.480587
0.480592
0.480604
0.480623
0.480647
0.480666
0.480664
0.480668
0.480673
0.48068
0.480705
0.480722
0.480733
0.480746
0.480766
0.480788
0.480813
0.480811
0.480825
0.480836
0.480863
0.480886
0.480904
0.480914
0.480928
0.480949
0.480964
0.48098
0.480986
0.480982
0.48098
0.480993
0.481001
0.481014
0.481024
0.481053
0.481062
0.481073
0.48108
0.481095
0.481111
0.481132
0.481131
0.481135
0.481153
0.48117
0.48119
0.481206
0.481224
0.481256
0.481268
0.481276
0.481304
0.481326
0.481342
0.481359
0.481369
0.48138
0.481385
0.481413
0.481422
0.48143
0.481442
0.481456
0.481458
0.481463
0.481464
0.481478
0.481485
0.481504
0.48153
0.481545
0.481548
0.481553
0.481561
0.481567
0.481583
0.481586
0.481595
0.481599
0.481604
0.481605
0.481627
0.481642
0.481658
0.481663
0.481689
0.481687
0.481699
0.481717
0.481721
0.481731
0.481752
0.481765
0.481782
0.481811
0.481829
0.481849
0.481864
0.481883
0.4819
0.481911
0.481922
0.481932
0.481956
0.481955
0.481979
0.481987
0.481993
0.48201
0.482021
0.482028
0.482036
0.482057
0.482084
0.482095
0.482112
0.482127
0.482147
0.482167
0.482169
0.482185
0.482198
0.4822
0.482225
0.482234
0.482245
0.482264
0.482286
0.482296
0.482317
0.482336
0.482346
0.482356
0.482381
0.482402
0.482423
0.482437
0.482447
0.482461
0.482483
0.482491
0.482508
0.48251
0.48253
0.482538
0.482539
0.482569
0.4826
0.482615
0.482612
0.482632
0.482645
0.482668
0.482686
0.48269
0.482688
0.482706
0.482734
0.482741
0.482748
0.482764
0.482775
0.482779
0.482787
0.482795
0.482816
0.482819
0.482838
0.482841
0.482857
0.482879
0.482881
0.482896
0.48291
0.482916
0.482932
0.482949
0.482971
0.482991
0.483005
0.483031
0.483043
0.483057
0.483076
0.483093
0.483099
0.483115
0.483125
0.483119
0.483141
0.483152
0.483161
0.483186
0.483181
0.483196
0.483211
0.483226
0.483238
0.483239
0.483245
0.483257
0.483264
0.483273
0.483289
0.483302
0.483307
0.483324
0.483334
0.483352
0.483364
0.483385
0.483386
0.483396
0.483398
0.48342
0.483431
0.483446
0.48344
0.483463
0.48347
0.48348
0.483492
0.483516
0.483535
0.483535
0.483549
0.483562
0.483578
0.483591
0.48362
0.483636
0.483643
0.483651
0.483667
0.483683
0.483683
0.483682
0.483687
0.483694
0.483705
0.48371
0.483721
0.483726
0.483742
0.483748
0.48376
0.483774
0.483795
0.483808
0.483822
0.48384
0.483836
0.483849
0.483853
0.48386
0.483863
0.483876
0.483884
0.483897
0.483918
0.483945
0.483955
0.483968
0.483985
0.484009
0.484015
0.484026
0.484036
0.484053
0.484064
0.484076
0.484081
0.484094
0.484105
0.484119
0.48413
0.484136
0.48414
0.484147
0.484151
0.484158
0.48417
0.484182
0.484189
0.484212
0.484225
0.484238
0.484255
0.484254
0.484273
0.484294
0.484306
0.484314
0.484318
0.484343
0.484354
0.484374
0.484382
0.484386
0.484408
0.484415
0.484423
0.484441
0.484457
0.484453
0.484468
0.484483
0.484498
0.4845
0.484508
0.484519
0.484531
0.484542
0.484551
0.484563
0.484585
0.484605
0.484611
0.484626
0.48464
0.484651
0.484663
0.484679
0.484695
0.484719
0.484736
0.484752
0.484761
0.484778
0.484788
0.4848
0.484819
0.484817
0.484829
0.484837
0.484831
0.484852
0.484861
0.484869
0.484883
0.484906
0.484917
0.484935
0.48495
0.484967
0.484965
0.484977
0.484995
0.48501
0.485012
0.485012
0.485011
0.485027
0.48503
0.485049
0.485068
0.48507
0.485076
0.485099
0.48511
0.485121
0.485136
0.48515
0.48516
0.485163
0.48518
0.485189
0.485208
0.485231
0.485236
0.48524
0.485248
0.485264
0.485285
0.485299
0.48531
0.485308
0.485322
0.485338
0.485358
0.485393
0.48541
0.485419
0.485429
0.485424
0.485431
0.485435
0.485445
0.485462
0.485486
0.485499
0.485507
0.485515
0.485528
0.485533
0.485549
0.48556
0.485586
0.48559
0.485598
0.485622
0.485646
0.485666
0.485673
0.485672
0.485696
0.485707
0.485733
0.485744
0.485762
0.485759
0.48577
0.485784
0.485791
0.485799
0.485819
0.485838
0.485852
0.485863
0.485875
0.485887
0.485901
0.485912
0.485929
0.485938
0.485953
0.485973
0.485985
0.485993
0.486014
0.486017
0.486024
0.486041
0.486056
0.486065
0.486068
0.486081
0.486093
0.486114
0.486131
0.486147
0.486158
0.486158
0.486175
0.486186
0.486174
0.486191
0.486206
0.486225
0.486229
0.486241
0.48625
0.486261
0.486265
0.486269
0.486285
0.486298
0.486293
0.486309
0.486317
0.486334
0.48634
0.486349
0.486356
0.486371
0.486387
0.486403
0.486408
0.486419
0.486431
0.486432
0.486431
0.48644
0.486454
0.486479
0.486491
0.486504
0.486525
0.48654
0.486553
0.486564
0.48657
0.486583
0.486585
0.486589
0.486591
0.486611
0.486633
0.486638
0.486653
0.486662
0.486673
0.486693
0.486698
0.486706
0.486726
0.48674
0.486748
0.486748
0.48675
0.486766
0.486791
0.486802
0.486821
0.486833
0.486847
0.486871
0.486884
0.486893
0.486916
0.486939
0.486949
0.486958
0.486956
0.486976
0.486981
0.486991
0.486995
0.487007
0.487018
0.487031
0.487044
0.48705
0.487053
0.487061
0.487087
0.487107
0.48711
0.487112
0.487117
0.487132
0.487132
0.487134
0.487147
0.487164
0.487179
0.487177
0.487192
0.487201
0.487216
0.487229
0.48724
0.487266
0.48729
0.487303
0.487317
0.48733
0.48734
0.487362
0.487382
0.487392
0.487398
0.48741
0.487426
0.48744
0.487452
0.487459
0.487484
0.48749
0.487498
0.487522
0.48753
0.48755
0.48755
0.487569
0.487578
0.487587
0.487599
0.487603
0.487613
0.487622
0.487645
0.48765
0.487668
0.487669
0.487682
0.487687
0.487693
0.487711
0.487714
0.487723
0.487742
0.487745
0.487754
0.487755
0.487771
0.487782
0.487788
0.487807
0.487814
0.487822
0.487835
0.487856
0.487892
0.487897
0.487903
0.487907
0.487918
0.487922
0.48792
0.48793
0.487938
0.487951
0.487967
0.487995
0.488006
0.488016
0.488014
0.488023
0.488031
0.48805
0.48807
0.488075
0.488084
0.48809
0.488101
0.488107
0.488111
0.48812
0.488137
0.488141
0.48815
0.488163
0.48816
0.488174
0.488191
0.488205
0.48822
0.488219
0.488226
0.48824
0.488247
0.488257
0.488264
0.48827
0.488269
0.488285
0.488298
0.488309
0.488329
0.488333
0.488337
0.488347
0.488352
0.488351
0.48836
0.488371
0.488386
0.488398
0.488411
0.488412
0.488423
0.488435
0.488441
0.488463
0.488484
0.488496
0.488505
0.488511
0.488516
0.488523
0.488535
0.488551
0.488561
0.488567
0.488579
0.488578
0.488581
0.488583
0.488595
0.488603
0.488618
0.488625
0.488641
0.488653
0.488657
0.488665
0.488681
0.488688
0.488701
0.488711
0.488711
0.488733
0.488747
0.48876
0.488748
0.488764
0.488766
0.488783
0.48878
0.488796
0.488819
0.488826
0.48884
0.488845
0.488865
0.488875
0.488884
0.488896
0.488904
0.488904
0.488923
0.48894
0.488946
0.488944
0.488951
0.488956
0.488974
0.488991
0.489008
0.489031
0.489039
0.489038
0.489047
0.489053
0.48906
0.489063
0.489081
0.489081
0.489094
0.489102
0.489108
0.48913
0.489144
0.489149
0.489159
0.489167
0.489187
0.489196
0.489208
0.489226
0.489254
0.489269
0.489281
0.489294
0.489307
0.48931
0.489329
0.489336
0.489335
0.489355
0.489364
0.489376
0.489381
0.48939
0.489397
0.489421
0.489426
0.489427
0.489428
0.48943
0.489445
0.489452
0.489464
0.489485
0.489496
0.489514
0.489536
0.489541
0.489548
0.489551
0.489564
0.489574
0.489585
0.489594
0.489601
0.489616
0.489631
0.489642
0.489656
0.48966
0.489669
0.489682
0.489694
0.489708
0.48971
0.489728
0.489741
0.489746
0.48975
0.489751
0.489769
0.489773
0.489792
0.489796
0.489812
0.489828
0.489838
0.489851
0.489856
0.489858
0.489874
0.489885
0.489892
0.489905
0.48991
0.489912
0.489929
0.48995
0.489964
0.489979
0.489981
0.489997
0.490013
0.490027
0.49006
0.490055
0.490072
0.490071
0.490084
0.490094
0.490104
0.490103
0.490109
0.490116
0.490133
0.490138
0.490171
0.490182
0.4902
0.490215
0.49023
0.490241
0.490253
0.490252
0.490258
0.490263
0.490272
0.490293
0.490304
0.490307
0.490312
0.490325
0.490335
0.490348
0.490357
0.490361
0.490366
0.490366
0.490392
0.4904
0.490393
0.4904
0.490416
0.49043
0.490438
0.490461
0.490477
0.490489
0.490501
0.490517
0.490521
0.490534
0.49054
0.490561
0.490588
0.490607
0.490621
0.490624
0.490633
0.490651
0.490675
0.490686
0.490696
0.490705
0.490712
0.490728
0.490742
0.490759
0.490763
0.490771
0.49078
0.490785
0.490786
0.490779
0.490796
0.490804
0.490817
0.490831
0.490836
0.490851
0.490872
0.490887
0.49091
0.490911
0.490921
0.490926
0.490932
0.490949
0.490968
0.490985
0.491006
0.491014
0.491021
0.491035
0.491048
0.491049
0.491064
0.491069
0.491072
0.491087
0.491099
0.49111
0.491118
0.491134
0.491146
0.491161
0.491165
0.491173
0.491181
0.49121
0.49122
0.491237
0.491237
0.491247
0.491257
0.491264
0.491272
0.491273
0.491288
0.491294
0.491303
0.491316
0.491327
0.491337
0.491351
0.491365
0.491388
0.491398
0.491412
0.491421
0.491422
0.491438
0.491446
0.491454
0.491461
0.491478
0.491494
0.491504
0.491521
0.491525
0.491532
0.491543
0.491557
0.49156
0.491565
0.491568
0.491578
0.491587
0.491605
0.491609
0.491619
0.491627
0.491641
0.491649
0.491672
0.491674
0.491683
0.491693
0.49171
0.491722
0.491731
0.491749
0.491756
0.491761
0.491768
0.491764
0.491774
0.491774
0.491779
0.491803
0.491816
0.491826
0.491841
0.491849
0.491855
0.491858
0.491863
0.491871
0.491873
0.49189
0.491897
0.491913
0.49193
0.491933
0.491946
0.491965
0.491992
0.492003
0.492
0.492013
0.492024
0.49204
0.492056
0.492072
0.492085
0.492105
0.492112
0.492125
0.492138
0.492147
0.492155
0.49217
0.492182
0.492199
0.492209
0.492218
0.49222
0.492242
0.492244
0.492261
0.492279
0.492279
0.492285
0.492294
0.492303
0.492321
0.492323
0.492334
0.492338
0.492351
0.492356
0.492353
0.492361
0.492365
0.492372
0.492382
0.492399
0.492404
0.492416
0.492427
0.492445
0.492439
0.49245
0.492464
0.492468
0.492472
0.492479
0.49249
0.492496
0.492499
0.492505
0.492518
0.49252
0.492523
0.492525
0.492532
0.492543
0.492552
0.492567
0.492577
0.492581
0.492582
0.492588
0.492595
0.492602
0.492616
0.492623
0.492636
0.492639
0.492651
0.492655
0.492665
0.492683
0.492692
0.492695
0.492701
0.49271
0.492717
0.492713
0.492719
0.492725
0.492738
0.492753
0.492772
0.49278
0.492795
0.492815
0.492827
0.492829
0.492844
0.492844
0.492851
0.492867
0.492876
0.492895
0.49291
0.492923
0.492929
0.492946
0.492951
0.492966
0.492986
0.492989
0.493009
0.493024
0.49303
0.49304
0.493053
0.493068
0.493081
0.493097
0.493101
0.49312
0.493132
0.493138
0.493157
0.493164
0.49317
0.493185
0.493199
0.493198
0.493204
0.49322
0.493227
0.493232
0.493231
0.493226
0.493239
0.493252
0.493259
0.49327
0.493279
0.493284
0.493282
0.493296
0.493296
0.493303
0.493311
0.493326
0.493329
0.493343
0.493357
0.493367
0.493379
0.493391
0.493404
0.493419
0.493436
0.493447
0.493466
0.493485
0.493499
0.493506
0.493512
0.493524
0.493538
0.493554
0.493579
0.493598
0.49361
0.493627
0.493643
0.493646
0.493652
0.493654
0.493665
0.493674
0.493683
0.493697
0.493707
0.493724
0.493735
0.493754
0.493769
0.493774
0.493797
0.493799
0.493808
0.493817
0.493839
0.49385
0.493858
0.493863
0.493865
0.49387
0.49388
0.493899
0.493907
0.493915
0.49391
0.493918
0.49393
0.493946
0.493953
0.493972
0.493979
0.493992
0.493998
0.49401
0.494025
0.494035
0.494047
0.494062
0.494083
0.494091
0.494111
0.494112
0.49412
0.494132
0.494139
0.494154
0.494163
0.494184
0.494189
0.494195
0.494227
0.494236
0.49424
0.494254
0.494271
0.494282
0.494292
0.494312
0.494311
0.494322
0.494325
0.494332
0.494338
0.494352
0.494356
0.494367
0.494378
0.494386
0.494403
0.494403
0.494403
0.494407
0.494416
0.494426
0.494432
0.494442
0.494451
0.494474
0.49448
0.49449
0.494499
0.494515
0.494529
0.494548
0.494549
0.494569
0.494577
0.494579
0.494593
0.494595
0.494602
0.494597
0.494606
0.494613
0.494625
0.49464
0.494654
0.494656
0.494661
0.494673
0.49468
0.494677
0.494686
0.494701
0.494709
0.494717
0.494715
0.494728
0.494733
0.49475
0.494763
0.494783
0.494793
0.494801
0.494815
0.49483
0.49483
0.494842
0.494858
0.49487
0.494885
0.4949
0.494896
0.494901
0.494902
0.494911
0.494933
0.494948
0.494963
0.494961
0.494972
0.494984
0.494986
0.494992
0.495
0.495009
0.49502
0.495034
0.49504
0.495047
0.495065
0.49507
0.495096
0.495102
0.495116
0.495129
0.495134
0.495149
0.495157
0.495163
0.495169
0.495183
0.495192
0.495202
0.49521
0.49523
0.495244
0.495259
0.495269
0.495279
0.495275
0.495269
0.495284
0.49528
0.495294
0.495304
0.495311
0.495324
0.495334
0.495341
0.495355
0.49536
0.495366
0.495369
0.495378
0.495393
0.495404
0.495421
0.495423
0.495427
0.49543
0.495428
0.495444
0.495438
0.495447
0.495456
0.495467
0.495467
0.495484
0.495493
0.495496
0.495497
0.495511
0.495526
0.495532
0.495538
0.495545
0.495552
0.495558
0.49557
0.495574
0.49559
0.495597
0.495601
0.495611
0.495623
0.495632
0.49563
0.495638
0.495648
0.495657
0.495671
0.495678
0.495688
0.495697
0.495697
0.4957
0.495706
0.495712
0.495714
0.495719
0.495725
0.495729
0.495735
0.495736
0.495759
0.495769
0.495777
0.495782
0.495795
0.495804
0.495805
0.49582
0.495831
0.495838
0.495836
0.495837
0.495839
0.49585
0.495864
0.495882
0.495898
0.495902
0.495906
0.495919
0.495927
0.495942
0.495944
0.495948
0.495954
0.495961
0.495958
0.495962
0.495966
0.495974
0.495989
0.495993
0.496003
0.496031
0.496033
0.496036
0.496047
0.496041
0.496042
0.496056
0.496072
0.496085
0.496091
0.496108
0.496127
0.496138
0.496152
0.496156
0.49617
0.496185
0.496186
0.496204
0.496205
0.496213
0.49622
0.496232
0.496236
0.496243
0.496255
0.496262
0.496278
0.496277
0.496274
0.496288
0.496297
0.496306
0.49632
0.496326
0.496342
0.49635
0.496355
0.496358
0.496372
0.496394
0.496406
0.496417
0.496432
0.496441
0.496446
0.496453
0.496464
0.496481
0.496493
0.496499
0.4965
0.496517
0.496537
0.496546
0.496555
0.496565
0.496573
0.49658
0.49659
0.496601
0.496613
0.496625
0.496619
0.496626
0.496622
0.496628
0.496638
0.496638
0.496649
0.496657
0.49666
0.496657
0.496669
0.496682
0.496686
0.496697
0.496699
0.496702
0.49671
0.496712
0.496722
0.496723
0.496729
0.49674
0.496758
0.496774
0.496792
0.496802
0.496813
0.496813
0.496816
0.496822
0.496825
0.49684
0.496846
0.49685
0.496849
0.496872
0.496876
0.49689
0.496902
0.496905
0.496909
0.496911
0.496919
0.496931
0.496941
0.496945
0.49695
0.49695
0.496949
0.496962
0.496975
0.496975
0.496986
0.496991
0.497004
0.497006
0.49702
0.497029
0.497037
0.497048
0.497058
0.497074
0.497084
0.497091
0.497097
0.497092
0.497102
0.497117
0.497129
0.497133
0.49714
0.497139
0.497138
0.497136
0.497146
0.497148
0.497151
0.497155
0.497158
0.497167
0.497175
0.497179
0.497191
0.497203
0.497212
0.497225
0.497242
0.497249
0.497255
0.497252
0.497255
0.497258
0.497267
0.497274
0.497285
0.497295
0.497299
0.497301
0.497313
0.497327
0.497337
0.497338
0.497344
0.497357
0.497354
0.497362
0.497367
0.49738
0.497392
0.497395
0.497402
0.497417
0.497428
0.497433
0.497431
0.497439
0.497444
0.49746
0.497467
0.497472
0.497485
0.497502
0.497508
0.497512
0.497524
0.497532
0.497532
0.497543
0.497543
0.497557
0.497561
0.49757
0.497579
0.497588
0.497596
0.497602
0.49761
0.497614
0.497622
0.497626
0.497634
0.497649
0.497648
0.497657
0.497665
0.497675
0.497683
0.497692
0.497694
0.497699
0.497704
0.497711
0.497718
0.497719
0.497725
0.497729
0.497737
0.497745
0.497752
0.497771
0.497772
0.497781
0.497787
0.497796
0.497806
0.497808
0.497825
0.497826
0.497836
0.497853
0.497858
0.497874
0.497886
0.497893
0.497894
0.497908
0.497923
0.497932
0.497943
0.497948
0.49795
0.497959
0.497968
0.497982
0.497986
0.497992
0.49799
0.498004
0.497998
0.498002
0.498018
0.498018
0.49803
0.498045
0.498052
0.498069
0.498071
0.498076
0.498073
0.498092
0.49809
0.498106
0.498121
0.498126
0.498131
0.498141
0.498152
0.498169
0.498181
0.498195
0.498193
0.498202
0.498208
0.498211
0.498224
0.498232
0.498238
0.498247
0.498259
0.498267
0.498282
0.49829
0.4983
0.498307
0.49831
0.498315
0.498328
0.498334
0.498335
0.498341
0.498369
0.498376
0.498388
0.498399
0.498406
0.498412
0.498429
0.498445
0.498455
0.49847
0.498476
0.498481
0.498483
0.498488
0.498497
0.498512
0.498524
0.498536
0.498554
0.498566
0.498579
0.498593
0.498601
0.498611
0.498624
0.498632
0.49864
0.498654
0.498667
0.498664
0.498662
0.498668
0.49867
0.498682
0.498693
0.498698
0.498704
0.498704
0.498712
0.498723
0.498724
0.498726
0.498731
0.498737
0.498744
0.498758
0.498764
0.498775
0.498794
0.4988
0.498811
0.498814
0.498816
0.49882
0.498837
0.498839
0.49884
0.498846
0.498854
0.498869
0.498888
0.498905
0.498926
0.498943
0.498943
0.498947
0.498947
0.498955
0.498964
0.49898
0.498986
0.498996
0.499007
0.499012
0.499025
0.499029
0.499037
0.499045
0.499057
0.499063
0.499078
0.499096
0.499098
0.499105
0.499119
0.499121
0.499119
0.499116
0.49912
0.499131
0.499147
0.49915
0.49915
0.499154
0.499158
0.499169
0.499179
0.499174
0.49917
0.499176
0.499183
0.499184
0.499189
0.499199
0.499205
0.499212
0.499223
0.499225
0.499226
0.499227
0.499237
0.499241
0.499253
0.49925
0.499255
0.499262
0.499267
0.499289
0.4993
0.499309
0.499314
0.499323
0.499335
0.499334
0.499346
0.499339
0.499349
0.499354
0.499366
0.499367
0.499382
0.499379
0.499377
0.499381
0.499394
0.499403
0.499413
0.499418
0.499419
0.499413
0.49942
0.499419
0.499429
0.499438
0.499448
0.499461
0.499474
0.499479
0.49949
0.499494
0.499505
0.499511
0.499517
0.499521
0.499541
0.499552
0.499563
0.499567
0.49958
0.499588
0.499601
0.499599
0.499608
0.499614
0.499622
0.499624
0.499634
0.499643
0.499656
0.499662
0.499667
0.499668
0.499676
0.499682
0.499694
0.499698
0.499702
0.499715
0.499728
0.499729
0.499735
0.499731
0.499736
0.499738
0.499745
0.499752
0.499756
0.499754
0.499766
0.499777
0.499787
0.4998
0.499809
0.499818
0.499824
0.499828
0.499844
0.499856
0.499864
0.499872
0.499887
0.499891
0.499897
0.499905
0.499909
0.49992
0.499927
0.499933
0.499942
0.499946
0.49996
0.499965
0.499965
0.499983
0.499993
0.500002
0.50001
0.500016
0.500025
0.50003
0.500031
0.50004
0.500043
0.500051
0.500062
0.50007
0.500075
0.500081
0.500082
0.500088
0.500102
0.500105
0.500116
0.50012
0.500131
0.500136
0.500141
0.500142
0.500155
0.500161
0.500164
0.500171
0.500181
0.500188
0.500197
0.500207
0.500212
0.500222
0.500231
0.500241
0.500246
0.500254
0.500264
0.500278
0.500284
0.500283
0.500279
0.500285
0.50029
0.500292
0.500296
0.50031
0.500317
0.500329
0.500334
0.500338
0.500344
0.500348
0.500352
0.500354
0.500361
0.500364
0.50037
0.500371
0.500381
0.500385
0.500395
0.5004
0.500405
0.500407
0.500413
0.500421
0.500432
0.500443
0.50045
0.500459
0.500471
0.500474
0.500484
0.500495
0.500507
0.50052
0.500532
0.500542
0.50055
0.500557
0.500568
0.500566
0.500578
0.500574
0.500585
0.500592
0.500588
0.500605
0.500618
0.500618
0.500624
0.50063
0.500638
0.500638
0.500646
0.500645
0.50065
0.500654
0.500666
0.500675
0.500686
0.500692
0.500702
0.500705
0.500723
0.500733
0.500738
0.500748
0.500752
0.500763
0.500772
0.500776
0.500788
0.500799
0.500811
0.500819
0.500826
0.500831
0.50084
0.500847
0.50085
0.500857
0.50087
0.500871
0.500882
0.500885
0.500893
0.500896
0.500901
0.500916
0.500919
0.50092
0.500929
0.500938
0.500955
0.500959
0.500965
0.500979
0.500978
0.500983
0.500991
0.501003
0.501009
0.501019
0.501023
0.501025
0.501034
0.501034
0.501037
0.501042
0.501052
0.501061
0.501069
0.501076
0.501087
0.501085
0.501096
0.501105
0.501114
0.501115
0.501124
0.501134
0.501138
0.501142
0.501157
0.501153
0.50115
0.501169
0.501192
0.501198
0.501205
0.501214
0.501216
0.501216
0.501225
0.501234
0.501246
0.501241
0.501243
0.501252
0.501257
0.501267
0.501275
0.501277
0.501287
0.50128
0.50128
0.501288
0.50129
0.501303
0.501315
0.501313
0.501316
0.501332
0.501344
0.501348
0.501359
0.501362
0.501365
0.501378
0.501386
0.501398
0.501408
0.501408
0.501412
0.501416
0.501422
0.501441
0.501454
0.501467
0.501479
0.501492
0.501504
0.501512
0.501517
0.501524
0.501533
0.501539
0.50155
0.501555
0.501568
0.501579
0.501583
0.501584
0.501585
0.501589
0.501599
0.501605
0.501612
0.501626
0.501634
0.50164
0.501636
0.501641
0.501641
0.501638
0.50163
0.50164
0.501648
0.501656
0.501668
0.501677
0.501693
0.501699
0.501708
0.501708
0.501714
0.501722
0.501731
0.50173
0.501734
0.501739
0.50175
0.501763
0.501776
0.501781
0.501789
0.501793
0.501791
0.501798
0.501804
0.501806
0.501812
0.501824
0.501832
0.501834
0.501839
0.501846
0.501848
0.501853
0.501861
0.501867
0.501877
0.501881
0.501885
0.501897
0.501905
0.501906
0.501913
0.50192
0.501921
0.50192
0.501918
0.501922
0.501937
0.501945
0.50196
0.501968
0.501969
0.501976
0.501977
0.501983
0.501982
0.501995
0.502005
0.502012
0.502012
0.502018
0.502023
0.502036
0.502044
0.502046
0.502052
0.50206
0.502059
0.502064
0.502062
0.502062
0.502069
0.502073
0.502078
0.502092
0.502095
0.502104
0.502104
0.502118
0.502122
0.502127
0.50213
0.502135
0.50213
0.50213
0.502137
0.502136
0.502144
0.502152
0.50216
0.502172
0.502171
0.502178
0.502188
0.502201
0.502201
0.5022
0.502215
0.502221
0.502214
0.502221
0.502231
0.502248
0.502244
0.502257
0.502256
0.502264
0.502267
0.502274
0.502283
0.502296
0.502301
0.502319
0.502318
0.502332
0.502332
0.502341
0.502339
0.502352
0.502359
0.502362
0.502368
0.502377
0.502376
0.502388
0.502397
0.502402
0.502417
0.502417
0.502426
0.502431
0.502435
0.502448
0.502448
0.502452
0.502458
0.502462
0.502474
0.502483
0.502486
0.502487
0.502498
0.502504
0.502522
0.502531
0.502532
0.502534
0.502536
0.50253
0.502529
0.50255
0.502551
0.502558
0.502568
0.50257
0.502575
0.502577
0.502585
0.502594
0.502604
0.502614
0.502618
0.502629
0.502631
0.502633
0.502649
0.50265
0.502656
0.502668
0.502679
0.502684
0.50269
0.502701
0.502712
0.502719
0.502714
0.502722
0.502732
0.502747
0.502754
0.502753
0.502756
0.502764
0.502768
0.502779
0.50279
0.502795
0.502791
0.502801
0.502809
0.502819
0.50282
0.502822
0.50283
0.502837
0.502847
0.502847
0.502849
0.502858
0.502869
0.502874
0.502884
0.502896
0.502907
0.502913
0.502917
0.50292
0.50293
0.502936
0.502946
0.502957
0.502964
0.502973
0.502971
0.502976
0.502987
0.502992
0.502997
0.503002
0.503012
0.503008
0.503011
0.503014
0.503019
0.503015
0.503013
0.503014
0.503018
0.503027
0.503029
0.50303
0.503032
0.503047
0.503052
0.503059
0.503066
0.503072
0.50308
0.503092
0.503101
0.503104
0.503111
0.503112
0.503123
0.503123
0.50313
0.503138
0.503142
0.503153
0.503165
0.503177
0.503179
0.503189
0.503193
0.503189
0.503194
0.503203
0.503217
0.503224
0.503231
0.50324
0.503248
0.503257
0.503269
0.503277
0.503285
0.503289
0.503297
0.503311
0.503316
0.503313
0.503323
0.503322
0.503327
0.50333
0.503337
0.503351
0.503344
0.503345
0.503359
0.503365
0.50336
0.503365
0.50337
0.503376
0.503388
0.5034
0.503405
0.503413
0.503419
0.503418
0.503429
0.503432
0.503439
0.503446
0.503459
0.503469
0.503487
0.503496
0.503495
0.503502
0.503512
0.503511
0.503518
0.503531
0.503541
0.503551
0.503575
0.503585
0.503583
0.503591
0.503594
0.503608
0.50361
0.503616
0.503622
0.503626
0.503627
0.503636
0.503646
0.503655
0.503665
0.503666
0.503673
0.503679
0.503682
0.503687
0.503695
0.503706
0.503717
0.503723
0.503732
0.503732
0.503749
0.503752
0.503756
0.503757
0.503763
0.503766
0.503773
0.503777
0.503778
0.503782
0.503783
0.503784
0.503782
0.503794
0.503795
0.503804
0.503813
0.503818
0.50382
0.503833
0.503843
0.50385
0.503856
0.503861
0.503869
0.503883
0.503892
0.503894
0.503909
0.503913
0.503926
0.503928
0.503942
0.503951
0.503961
0.503968
0.503973
0.503977
0.503984
0.503993
0.503996
0.504001
0.503997
0.503997
0.504014
0.504025
0.504035
0.504042
0.504049
0.504054
0.504063
0.504079
0.50408
0.504087
0.50409
0.5041
0.504106
0.504117
0.504117
0.504127
0.504131
0.504139
0.504149
0.504155
0.504167
0.504175
0.504188
0.504189
0.504196
0.504202
0.504217
0.504222
0.504224
0.504228
0.50423
0.50423
0.504236
0.504241
0.504248
0.504256
0.504258
0.504273
0.504281
0.504294
0.504303
0.504308
0.504308
0.504312
0.504313
0.504315
0.504323
0.504328
0.504325
0.504334
0.504341
0.504354
0.504366
0.504371
0.504376
0.504384
0.504392
0.504395
0.504403
0.504407
0.504418
0.504422
0.504432
0.504448
0.504445
0.504448
0.504453
0.504457
0.504457
0.504464
0.504471
0.504488
0.504497
0.504504
0.50451
0.504513
0.504516
0.50452
0.50453
0.504535
0.504546
0.504549
0.504555
0.504559
0.504567
0.504574
0.504584
0.504597
0.504609
0.504619
0.504626
0.504638
0.50464
0.504642
0.504652
0.504656
0.504662
0.50466
0.504657
0.504659
0.504655
0.504663
0.504669
0.504672
0.504675
0.504682
0.504691
0.504702
0.504711
0.504711
0.504711
0.504716
0.504713
0.504724
0.50473
0.504738
0.504737
0.504745
0.50475
0.504749
0.504754
0.504763
0.504764
0.504774
0.50478
0.504777
0.504788
0.504795
0.504805
0.504805
0.504811
0.504826
0.504834
0.504839
0.504841
0.504836
0.504841
0.504855
0.504859
0.504867
0.504867
0.504877
0.504879
0.504896
0.504909
0.504916
0.50492
0.504925
0.504932
0.504934
0.504936
0.504938
0.504935
0.504943
0.504956
0.504965
0.504971
0.504978
0.504986
0.504994
0.505
0.505011
0.505018
0.505021
0.505032
0.505044
0.505049
0.505054
0.505063
0.505078
0.505077
0.505086
0.50509
0.505094
0.505112
0.505119
0.505132
0.505133
0.50514
0.50514
0.505142
0.505156
0.505164
0.505168
0.50517
0.505172
0.505191
0.505206
0.505211
0.505224
0.505224
0.505232
0.505237
0.505244
0.505253
0.505262
0.505271
0.505272
0.505272
0.505279
0.505285
0.505297
0.505306
0.505302
0.505302
0.505314
0.505322
0.50533
0.505331
0.505343
0.505347
0.505356
0.505355
0.505364
0.505372
0.505383
0.505395
0.50541
0.505407
0.505415
0.505421
0.505427
0.505433
0.50544
0.505446
0.505456
0.50546
0.505465
0.505477
0.505489
0.505496
0.505504
0.50551
0.50552
0.505533
0.505541
0.505552
0.505554
0.505554
0.505557
0.505558
0.505561
0.505569
0.505575
0.50558
0.505585
0.505593
0.505601
0.505608
0.505607
0.505611
0.505621
0.505631
0.505629
0.505628
0.505636
0.505651
0.505655
0.505661
0.505657
0.505659
0.50567
0.505687
0.50569
0.505691
0.505693
0.5057
0.505704
0.505699
0.505714
0.505722
0.505736
0.505745
0.505746
0.505752
0.505762
0.505768
0.505766
0.505773
0.505771
0.505768
0.505782
0.505794
0.505799
0.5058
0.505795
0.505799
0.505813
0.505813
0.505819
0.505823
0.505831
0.505842
0.505849
0.505855
0.505857
0.50586
0.505871
0.505867
0.505869
0.505878
0.505885
0.505888
0.505898
0.505905
0.505911
0.505918
0.505928
0.505921
0.505929
0.505934
0.505939
0.505947
0.505943
0.505949
0.505957
0.505971
0.505976
0.505981
0.50598
0.505985
0.505989
0.505992
0.505992
0.505993
0.505997
0.506003
0.506013
0.506015
0.506014
0.506012
0.506022
0.506027
0.506037
0.506039
0.506044
0.506036
0.506039
0.50604
0.50605
0.50606
0.506072
0.506073
0.506071
0.506082
0.506089
0.506098
0.506103
0.506108
0.506113
0.506118
0.506121
0.506131
0.50614
0.506151
0.506162
0.506174
0.506183
0.506185
0.506191
0.506184
0.506186
0.506188
0.506202
0.506194
0.506198
0.506212
0.50622
0.50622
0.506232
0.506236
0.506242
0.506241
0.50625
0.506253
0.506265
0.506278
0.506287
0.506285
0.506291
0.506292
0.506295
0.506296
0.506305
0.506312
0.506319
0.506327
0.506339
0.506347
0.506354
0.506364
0.506371
0.50637
0.50638
0.506384
0.506393
0.506402
0.506401
0.506405
0.506414
0.50642
0.506431
0.506441
0.506448
0.506451
0.506452
0.50646
0.506461
0.506461
0.506469
0.506473
0.506481
0.506486
0.506497
0.506508
0.506514
0.506531
0.506534
0.506536
0.506542
0.50656
0.506563
0.506566
0.506566
0.50657
0.506573
0.506584
0.506589
0.506591
0.506598
0.506604
0.506607
0.506618
0.506619
0.506628
0.50664
0.506648
0.506657
0.506656
0.506668
0.506669
0.506686
0.506693
0.5067
0.506702
0.506697
0.506701
0.506714
0.506716
0.506722
0.506734
0.506746
0.506747
0.506751
0.506753
0.506761
0.506762
0.506775
0.506778
0.506785
0.506793
0.506804
0.506806
0.506815
0.506819
0.50683
0.506834
0.506845
0.506848
0.506847
0.506848
0.50685
0.506857
0.506866
0.506876
0.50689
0.506894
0.506901
0.506902
0.506907
0.506912
0.506916
0.506921
0.506926
0.506933
0.506936
0.506943
0.506951
0.506957
0.506961
0.506969
0.506976
0.506985
0.506984
0.506999
0.507001
0.507009
0.507008
0.507013
0.507011
0.507022
0.507033
0.507039
0.507048
0.50705
0.50705
0.507062
0.507068
0.507074
0.507079
0.507078
0.507088
0.50709
0.507098
0.507108
0.507112
0.507119
0.507122
0.507132
0.50714
0.507151
0.507156
0.507167
0.507168
0.507174
0.507187
0.507188
0.507195
0.5072
0.507206
0.507213
0.507214
0.507224
0.507234
0.507239
0.50724
0.507253
0.507252
0.507258
0.507256
0.507263
0.507272
0.507282
0.507281
0.507279
0.507285
0.507294
0.507295
0.507304
0.507322
0.507326
0.507334
0.507334
0.507343
0.507347
0.507347
0.507349
0.507352
0.507356
0.50736
0.507361
0.507369
0.507373
0.507376
0.507375
0.507383
0.507384
0.507388
0.507392
0.507393
0.507406
0.507418
0.507429
0.507437
0.507447
0.507446
0.507445
0.507447
0.507461
0.507464
0.507473
0.507482
0.507491
0.507494
0.507504
0.50751
0.507508
0.507518
0.507531
0.507532
0.50754
0.507543
0.507556
0.507567
0.507574
0.507575
0.507584
0.507586
0.507588
0.507588
0.507598
0.507597
0.507604
0.507601
0.507603
0.507611
0.507619
0.507627
0.507631
0.507632
0.507632
0.507637
0.50764
0.507652
0.507668
0.507673
0.507682
0.50769
0.5077
0.507702
0.507712
0.507714
0.507722
0.507735
0.507732
0.507742
0.50775
0.507755
0.507765
0.507766
0.507768
0.507765
0.507771
0.507777
0.507776
0.507785
0.507793
0.507798
0.507799
0.507801
0.507805
0.507813
0.507821
0.507833
0.507839
0.507843
0.50785
0.507853
0.507855
0.507867
0.507877
0.50788
0.507885
0.507892
0.5079
0.507904
0.507913
0.507917
0.507922
0.50792
0.507922
0.507928
0.507934
0.507936
0.507943
0.507946
0.507946
0.50795
0.507956
0.507963
0.507977
0.507989
0.507987
0.507994
0.507996
0.508001
0.508006
0.508008
0.508014
0.508026
0.508028
0.508018
0.508021
0.508025
0.508037
0.508032
0.50804
0.508044
0.508054
0.508058
0.508068
0.508074
0.508077
0.508082
0.508089
0.508101
0.508112
0.50812
0.50813
0.508131
0.508139
0.508152
0.508156
0.508161
0.508157
0.508163
0.508171
0.508176
0.508184
0.508197
0.508199
0.508201
0.508205
0.508205
0.508211
0.50822
0.508223
0.508232
0.508233
0.508241
0.50825
0.508248
0.508254
0.50826
0.508266
0.508271
0.508275
0.508287
0.508294
0.508298
0.508302
0.50831
0.508317
0.508321
0.508329
0.508341
0.508349
0.508361
0.508368
0.508376
0.508389
0.508392
0.50839
0.508404
0.508414
0.508415
0.508424
0.508431
0.508431
0.508437
0.508447
0.508463
0.50846
0.508468
0.508469
0.508469
0.508476
0.508476
0.508488
0.50849
0.508501
0.508507
0.508507
0.508513
0.508516
0.508527
0.508527
0.508536
0.508542
0.508543
0.508549
0.508567
0.508574
0.508581
0.508585
0.508591
0.508603
0.508613
0.508616
0.508626
0.50863
0.508636
0.508647
0.50865
0.508653
0.508661
0.508667
0.508666
0.508672
0.50868
0.508686
0.508693
0.508698
0.5087
0.508697
0.5087
0.508707
0.508716
0.508726
0.508732
0.508738
0.508741
0.508752
0.508761
0.50877
0.50877
0.508774
0.508784
0.508795
0.508802
0.508815
0.508819
0.508826
0.508832
0.508835
0.508837
0.508838
0.508843
0.508847
0.508856
0.508859
0.508862
0.508869
0.508878
0.508878
0.508883
0.508889
0.508899
0.508908
0.508913
0.508917
0.508917
0.508923
0.508926
0.508933
0.508932
0.508938
0.508942
0.508945
0.508954
0.508952
0.508954
0.508952
0.508956
0.508961
0.508966
0.508979
0.508986
0.508991
0.509003
0.509017
0.509021
0.509025
0.509032
0.509039
0.509044
0.509051
0.509062
0.509066
0.509076
0.50908
0.509085
0.509087
0.509094
0.509106
0.509109
0.509113
0.509117
0.509126
0.509132
0.50914
0.509145
0.509149
0.509154
0.509159
0.509158
0.509167
0.509172
0.509169
0.509167
0.509172
0.509176
0.509183
0.509187
0.509191
0.509193
0.509197
0.509205
0.50921
0.509217
0.509223
0.509223
0.509223
0.50923
0.509233
0.509237
0.509249
0.509259
0.509268
0.509279
0.509279
0.509288
0.50929
0.509301
0.50931
0.509316
0.509319
0.509319
0.509321
0.509329
0.509331
0.509335
0.509338
0.509345
0.509359
0.509365
0.509371
0.509372
0.509378
0.509382
0.509384
0.509387
0.509389
0.509396
0.509403
0.509417
0.509426
0.509431
0.509426
0.50943
0.509439
0.509447
0.509454
0.509461
0.509474
0.509478
0.509484
0.509486
0.509487
0.509488
0.509488
0.509491
0.509505
0.509511
0.509518
0.509517
0.509517
0.509522
0.509528
0.509531
0.509545
0.509554
0.509557
0.509563
0.509577
0.509585
0.509591
0.509592
0.509594
0.509598
0.509595
0.509596
0.509601
0.509607
0.509606
0.509606
0.509616
0.509626
0.509628
0.509631
0.509635
0.509641
0.509641
0.50965
0.509648
0.509653
0.509651
0.509654
0.50966
0.509657
0.50966
0.509664
0.509664
0.509674
0.509684
0.509687
0.509693
0.509702
0.509702
0.509703
0.509708
0.509701
0.509711
0.509711
0.509715
0.509722
0.509734
0.509741
0.509747
0.509749
0.509754
0.509761
0.509769
0.509773
0.509784
0.509786
0.509786
0.50979
0.509801
0.509807
0.509808
0.509814
0.509813
0.509827
0.509835
0.509839
0.509843
0.509845
0.509848
0.509853
0.509857
0.509864
0.509868
0.509879
0.509887
0.509893
0.509903
0.509907
0.509916
0.50992
0.509924
0.509919
0.509924
0.50993
0.509938
0.509949
0.509954
0.509955
0.509963
0.509973
0.509976
0.509981
0.509985
0.509996
0.510005
0.51001
0.510009
0.510012
0.510023
0.510027
0.510027
0.510035
0.510038
0.510039
0.510037
0.510037
0.510043
0.510044
0.510046
0.510053
0.510048
0.510053
0.510059
0.510064
0.510074
0.510086
0.510093
0.510098
0.510101
0.5101
0.510103
0.510106
0.510109
0.510116
0.510114
0.51012
0.510128
0.510135
0.510144
0.510147
0.510157
0.51016
0.510168
0.510174
0.510183
0.510189
0.510196
0.510195
0.510199
0.510207
0.510206
0.510212
0.510218
0.510225
0.510232
0.510235
0.510236
0.510238
0.510245
0.510259
0.510268
0.510273
0.510278
0.510283
0.510292
0.510294
0.510302
0.510308
0.510309
0.510306
0.510311
0.510315
0.510321
0.510327
0.510322
0.510323
0.510322
0.510334
0.510338
0.510344
0.510345
0.510344
0.510348
0.510348
0.510349
0.510349
0.510362
0.510366
0.510364
0.510361
0.510363
0.510368
0.510374
0.510373
0.510377
0.51039
0.510401
0.510407
0.51041
0.510417
0.510425
0.510421
0.510424
0.510429
0.510441
0.510442
0.51045
0.510458
0.510459
0.510454
0.510461
0.51047
0.510476
0.51048
0.510485
0.510491
0.510497
0.510503
0.510509
0.510513
0.510515
0.510518
0.510525
0.510536
0.510537
0.510542
0.510549
0.510553
0.51056
0.510565
0.510566
0.510568
0.510581
0.510586
0.510588
0.510597
0.510605
0.510615
0.510622
0.510625
0.510639
0.510638
0.510636
0.510644
0.510645
0.51065
0.510654
0.510655
0.510661
0.510665
0.510669
0.510669
0.510676
0.510671
0.510673
0.510682
0.51069
0.510701
0.510701
0.51071
0.510712
0.510709
0.510715
0.510718
0.510728
0.510731
0.510731
0.51073
0.510743
0.510746
0.510751
0.510753
0.510759
0.510769
0.510768
0.510775
0.510782
0.510783
0.510787
0.510799
0.510802
0.510805
0.510812
0.510824
0.51083
0.51084
0.510848
0.510853
0.510862
0.510873
0.510877
0.510881
0.510883
0.510887
0.510898
0.510902
0.510913
0.510921
0.510923
0.510926
0.510932
0.510936
0.510951
0.510954
0.510954
0.510961
0.510965
0.51097
0.510976
0.510983
0.51099
0.510994
0.511001
0.511
0.511005
0.51101
0.51102
0.511029
0.511032
0.51104
0.511042
0.511046
0.511047
0.511051
0.51105
0.511054
0.511051
0.511054
0.511062
0.511068
0.511067
0.511079
0.511079
0.511083
0.511088
0.511094
0.511093
0.511099
0.511108
0.511112
0.511115
0.51112
0.511125
0.511125
0.511131
0.511131
0.511133
0.511131
0.51113
0.511134
0.511138
0.511138
0.511143
0.511148
0.511158
0.511161
0.511169
0.511171
0.511171
0.511173
0.511179
0.511182
0.511184
0.511187
0.51119
0.511196
0.511197
0.511198
0.511201
0.511205
0.511211
0.511212
0.511224
0.511227
0.51124
0.511242
0.511248
0.51125
0.511256
0.511273
0.511267
0.51127
0.511271
0.511275
0.511277
0.51128
0.511281
0.511288
0.511286
0.511292
0.511294
0.511294
0.511302
0.511308
0.511307
0.511311
0.51132
0.511329
0.511335
0.511338
0.511346
0.511354
0.511366
0.511371
0.511373
0.511378
0.511381
0.511385
0.511389
0.511389
0.511388
0.51139
0.511393
0.511395
0.511393
0.511406
0.511407
0.511426
0.511427
0.51143
0.511441
0.511444
0.511453
0.511456
0.511458
0.511466
0.511474
0.511481
0.511485
0.511489
0.511493
0.511494
0.511504
0.511508
0.511512
0.51151
0.511514
0.511518
0.511522
0.511526
0.511532
0.511536
0.511545
0.511553
0.511561
0.511568
0.51157
0.511581
0.51158
0.511581
0.511585
0.511584
0.51159
0.511599
0.511603
0.511607
0.511618
0.511619
0.511627
0.511631
0.511635
0.511635
0.51164
0.51165
0.511658
0.511658
0.511665
0.511674
0.511672
0.511676
0.51168
0.511686
0.511686
0.511696
0.511704
0.511715
0.511716
0.511729
0.511734
0.511734
0.51174
0.51174
0.511746
0.511751
0.511759
0.511761
0.51177
0.511771
0.51177
0.51177
0.511775
0.511769
0.511771
0.511773
0.511775
0.51178
0.511778
0.511787
0.511795
0.511798
0.511811
0.511817
0.51182
0.511819
0.511827
0.511831
0.511837
0.511836
0.511831
0.511832
0.511844
0.511847
0.511852
0.511856
0.511863
0.511872
0.511872
0.511883
0.51188
0.511883
0.511884
0.511893
0.5119
0.511905
0.511913
0.511918
0.511925
0.511931
0.511932
0.511942
0.511947
0.511947
0.511954
0.511957
0.511958
0.511959
0.511966
0.511971
0.511978
0.511986
0.511994
0.512002
0.512009
0.512017
0.512022
0.512025
0.512026
0.512026
0.512022
0.512026
0.512033
0.512029
0.51203
0.512038
0.512043
0.512049
0.512056
0.512059
0.512072
0.512066
0.512063
0.512065
0.512077
0.512078
0.51208
0.512082
0.512085
0.51209
0.512099
0.512105
0.512112
0.512122
0.512134
0.512137
0.512143
0.512143
0.512145
0.512154
0.51216
0.512167
0.512171
0.512172
0.51217
0.512177
0.512178
0.512185
0.512187
0.512194
0.512203
0.512203
0.512209
0.512216
0.512221
0.512231
0.512232
0.512229
0.512236
0.512242
0.512242
0.512246
0.512252
0.51226
0.512265
0.51227
0.512279
0.512282
0.512284
0.512293
0.512295
0.512293
0.5123
0.512307
0.512309
0.512312
0.512317
0.512322
0.512327
0.512333
0.512335
0.512331
0.512335
0.512343
0.512351
0.512359
0.512371
0.51238
0.51239
0.512394
0.512401
0.512404
0.512413
0.512426
0.512434
0.512435
0.512448
0.512455
0.512455
0.512461
0.512463
0.512468
0.512471
0.512482
0.512492
0.512496
0.512502
0.512496
0.512508
0.51251
0.512511
0.512511
0.512519
0.512521
0.51252
0.512521
0.512532
0.512535
0.512535
0.512541
0.512546
0.512549
0.512548
0.512548
0.512549
0.512559
0.51256
0.512562
0.512563
0.51256
0.512558
0.512562
0.512565
0.512571
0.512575
0.512582
0.512588
0.512594
0.512605
0.512611
0.512607
0.512611
0.512617
0.51262
0.512632
0.512641
0.512638
0.512646
0.512652
0.512654
0.512656
0.512663
0.512664
0.512672
0.512681
0.512686
0.512692
0.512694
0.512697
0.512698
0.512708
0.512712
0.512717
0.512724
0.512729
0.51274
0.512748
0.512756
0.512767
0.512767
0.51276
0.512767
0.512777
0.512788
0.512793
0.512806
0.512814
0.512817
0.512825
0.512832
0.512838
0.512846
0.512859
0.512866
0.512861
0.51287
0.512876
0.512881
0.512884
0.512888
0.512891
0.512896
0.512897
0.512903
0.512906
0.512907
0.512907
0.512912
0.51292
0.512923
0.512922
0.512928
0.512927
0.512924
0.512935
0.51293
0.512933
0.512933
0.512937
0.512942
0.51295
0.512956
0.512961
0.512968
0.512968
0.512976
0.512981
0.51299
0.513004
0.513009
0.513014
0.513022
0.513019
0.513017
0.513019
0.513025
0.513027
0.513027
0.513035
0.513031
0.513031
0.513037
0.513041
0.513048
0.513052
0.513057
0.513058
0.513067
0.51307
0.513075
0.513075
0.513077
0.513083
0.51309
0.513098
0.513097
0.513094
0.513102
0.51311
0.513112
0.513119
0.51312
0.513129
0.513138
0.513141
0.513149
0.513152
0.513159
0.513164
0.513169
0.513174
0.513178
0.513186
0.513187
0.513199
0.513202
0.513208
0.513218
0.513224
0.513225
0.513224
0.513236
0.513237
0.513237
0.513239
0.513243
0.513241
0.513241
0.513247
0.513249
0.513257
0.513263
0.513276
0.513273
0.513278
0.513285
0.513283
0.513279
0.513285
0.513297
0.513294
0.513294
0.513299
0.513293
0.513301
0.513309
0.513312
0.513317
0.51332
0.513328
0.513334
0.513343
0.513346
0.513347
0.513349
0.513347
0.513353
0.513352
0.513354
0.513361
0.513369
0.513372
0.513371
0.51338
0.513383
0.513389
0.513401
0.513412
0.51342
0.513418
0.513422
0.51343
0.513433
0.513434
0.513438
0.513447
0.513451
0.513452
0.513461
0.513465
0.513469
0.513475
0.513484
0.513484
0.513489
0.513493
0.513503
0.513507
0.513508
0.513519
0.513524
0.513531
0.513532
0.513534
0.513539
0.513545
0.51355
0.51355
0.513553
0.513555
0.513563
0.513564
0.513567
0.513568
0.513572
0.513575
0.513578
0.513579
0.513578
0.513575
0.513585
0.513592
0.513598
0.513596
0.5136
0.513596
0.513602
0.513607
0.513612
0.513617
0.513623
0.513628
0.513636
0.513639
0.513641
0.513649
0.513657
0.513658
0.51366
0.513664
0.513662
0.513661
0.513664
0.513666
0.513674
0.513677
0.513682
0.513685
0.513686
0.513688
0.513689
0.513693
0.513695
0.513704
0.513701
0.513705
0.513715
0.51372
0.513725
0.513729
0.513732
0.513734
0.51374
0.513742
0.513745
0.513748
0.513752
0.513755
0.513765
0.513766
0.51377
0.51378
0.51378
0.513776
0.513781
0.513783
0.513786
0.513794
0.513795
0.513803
0.513805
0.513814
0.513822
0.513829
0.513835
0.513842
0.513847
0.513848
0.513848
0.513858
0.513854
0.513862
0.513866
0.513871
0.513876
0.513879
0.513884
0.513894
0.513897
0.513902
0.513903
0.513907
0.513917
0.513917
0.513922
0.51393
0.513941
0.51394
0.51394
0.513944
0.51395
0.513951
0.513959
0.513959
0.513962
0.513961
0.51397
0.513978
0.513983
0.513985
0.513986
0.513991
0.513986
0.513992
0.513996
0.513998
0.514008
0.51401
0.514013
0.514019
0.514021
0.514017
0.514021
0.514022
0.514024
0.51403
0.514039
0.514045
0.514053
0.514061
0.514061
0.514071
0.514083
0.514081
0.514081
0.514087
0.514092
0.514098
0.514091
0.514093
0.514093
0.5141
0.514105
0.514109
0.514116
0.514119
0.514125
0.514132
0.514138
0.514143
0.514153
0.514156
0.51416
0.514159
0.514169
0.514172
0.514174
0.514185
0.51419
0.514198
0.514203
0.514207
0.514202
0.514208
0.514211
0.514218
0.514221
0.514228
0.514228
0.514229
0.514238
0.514241
0.514246
0.514244
0.514243
0.514252
0.514255
0.514259
0.514262
0.514267
0.514273
0.51428
0.514283
0.514285
0.514288
0.514301
0.514308
0.514317
0.514322
0.514321
0.514321
0.514327
0.514335
0.514331
0.514332
0.514336
0.514339
0.514346
0.514346
0.514354
0.514353
0.514363
0.514367
0.514365
0.514368
0.51437
0.514378
0.514378
0.514378
0.514375
0.514383
0.514386
0.514389
0.514396
0.514402
0.514404
0.514405
0.514409
0.514417
0.514422
0.51442
0.51442
0.514422
0.514431
0.514431
0.514436
0.514442
0.514443
0.514447
0.514447
0.514443
0.514451
0.51445
0.514455
0.51446
0.514464
0.514463
0.51447
0.514478
0.51448
0.514481
0.514486
0.514489
0.514491
0.514497
0.514503
0.5145
0.514499
0.514506
0.514509
0.514512
0.514513
0.514515
0.514524
0.514529
0.514535
0.514539
0.514545
0.514556
0.514559
0.514562
0.514571
0.514576
0.514583
0.514584
0.514592
0.514595
0.514601
0.514605
0.514605
0.514608
0.514616
0.514621
0.514627
0.514624
0.514626
0.514637
0.514644
0.514649
0.514653
0.514664
0.514663
0.514669
0.514676
0.51468
0.514679
0.514681
0.514683
0.514693
0.514696
0.514704
0.51471
0.514714
0.514719
0.514719
0.514726
0.514731
0.514738
0.514741
0.514747
0.514749
0.514749
0.514754
0.514758
0.514767
0.514765
0.514763
0.51477
0.514775
0.514777
0.514781
0.514784
0.514793
0.514797
0.514798
0.5148
0.5148
0.514813
0.514821
0.514822
0.514822
0.514836
0.514836
0.514838
0.514843
0.514849
0.514856
0.51486
0.514865
0.514869
0.514868
0.51487
0.514869
0.514869
0.514868
0.51488
0.514883
0.514894
0.514902
0.514909
0.514918
0.514924
0.514931
0.514935
0.514945
0.514954
0.514958
0.514962
0.514969
0.514976
0.514979
0.514974
0.514975
0.514973
0.51497
0.514967
0.514974
0.51498
0.514982
0.51498
0.514982
0.514985
0.514981
0.514983
0.514989
0.514995
0.514996
0.515003
0.515006
0.51501
0.515013
0.515014
0.515013
0.515016
0.515021
0.515032
0.515035
0.515042
0.515048
0.51505
0.515054
0.515056
0.51506
0.515063
0.515059
0.515059
0.515059
0.515066
0.515065
0.515063
0.515072
0.515076
0.515084
0.515092
0.515095
0.515101
0.515097
0.515099
0.51511
0.515115
0.51512
0.515121
0.515127
0.515129
0.515131
0.51513
0.515132
0.515139
0.515143
0.515148
0.515154
0.515156
0.515155
0.515161
0.515168
0.515174
0.515179
0.515177
0.515182
0.515188
0.515191
0.515191
0.515195
0.515198
0.515199
0.515199
0.5152
0.515209
0.515216
0.515221
0.515222
0.515219
0.515224
0.515224
0.515226
0.51523
0.515235
0.515236
0.515247
0.515252
0.515255
0.515261
0.515268
0.515277
0.515279
0.515279
0.515287
0.515288
0.515287
0.515295
0.5153
0.5153
0.515302
0.515305
0.515309
0.515315
0.515324
0.515337
0.515342
0.515341
0.515347
0.515356
0.515358
0.515361
0.51537
0.515374
0.515375
0.515384
0.515382
0.515383
0.515391
0.51539
0.515398
0.515402
0.515406
0.515413
0.515418
0.515417
0.515422
0.515424
0.515427
0.515431
0.515431
0.515434
0.515435
0.515437
0.51544
0.515446
0.515453
0.515455
0.515459
0.515461
0.515459
0.51546
0.515467
0.515473
0.515484
0.515491
0.515503
0.51551
0.515513
0.515511
0.515517
0.515527
0.51553
0.515539
0.515544
0.515544
0.515553
0.515556
0.515563
0.515572
0.515575
0.515574
0.515584
0.515587
0.515588
0.515596
0.515605
0.515612
0.515614
0.515619
0.515618
0.51562
0.515621
0.515624
0.515625
0.515624
0.515622
0.515625
0.515629
0.515638
0.515641
0.515643
0.515643
0.51565
0.515658
0.515662
0.515665
0.51567
0.515676
0.51568
0.515685
0.515683
0.515686
0.515684
0.515674
0.515677
0.515686
0.515689
0.51569
0.515697
0.515697
0.515698
0.515698
0.5157
0.515705
0.515703
0.515708
0.515706
0.51571
0.515709
0.515713
0.51572
0.515722
0.515729
0.515731
0.515737
0.515734
0.515735
0.515734
0.515732
0.515735
0.515736
0.515734
0.515737
0.51574
0.515745
0.515745
0.515748
0.515755
0.515751
0.515758
0.515758
0.515762
0.515763
0.515767
0.51577
0.515773
0.515778
0.515777
0.515787
0.515795
0.515799
0.515802
0.515807
0.515816
0.515824
0.515835
0.515836
0.515841
0.515849
0.515858
0.515867
0.515873
0.515872
0.515877
0.515876
0.515878
0.51588
0.515888
0.51589
0.515887
0.515889
0.515889
0.515895
0.5159
0.515908
0.515911
0.515914
0.515921
0.515927
0.515928
0.515932
0.515937
0.51594
0.515944
0.515945
0.515943
0.515945
0.515946
0.515949
0.515953
0.515956
0.515956
0.515958
0.515963
0.515972
0.515977
0.515981
0.515984
0.515982
0.51599
0.515998
0.516004
0.516003
0.51601
0.516016
0.516018
0.516027
0.516029
0.516034
0.516039
0.516041
0.516042
0.516045
0.516047
0.516048
0.516048
0.516052
0.516049
0.516049
0.516053
0.516057
0.516056
0.516066
0.516066
0.51607
0.516077
0.516081
0.516084
0.516086
0.516088
0.516097
0.516103
0.516106
0.516107
0.516116
0.516117
0.516123
0.516129
0.516133
0.516138
0.516143
0.516139
0.516139
0.516143
0.516147
0.516149
0.516152
0.516153
0.516153
0.516158
0.516163
0.516165
0.516169
0.516166
0.516167
0.516177
0.516182
0.516183
0.516185
0.516189
0.516194
0.516193
0.516197
0.516201
0.5162
0.516206
0.516207
0.516208
0.516206
0.516207
0.51621
0.516214
0.516216
0.516218
0.516217
0.516223
0.516226
0.516228
0.516234
0.516233
0.516236
0.516239
0.516243
0.516248
0.516242
0.516252
0.516254
0.516251
0.516254
0.516255
0.516261
0.516268
0.516278
0.516284
0.516288
0.516287
0.51629
0.516291
0.516294
0.516303
0.516307
0.516312
0.516314
0.516316
0.51632
0.516322
0.516322
0.516325
0.516333
0.516336
0.516339
0.516344
0.516344
0.516345
0.516349
0.516344
0.516355
0.516361
0.516367
0.516368
0.516372
0.516379
0.516379
0.51638
0.516386
0.516389
0.516397
0.516398
0.516396
0.516395
0.516396
0.516396
0.516395
0.516396
0.516398
0.516404
0.516408
0.516403
0.516403
0.516409
0.516413
0.516412
0.516416
0.516411
0.516413
0.516414
0.51642
0.516428
0.516435
0.516435
0.516439
0.516442
0.516444
0.516451
0.516456
0.516459
0.51646
0.516467
0.51647
0.51647
0.516472
0.516472
0.516474
0.516475
0.516476
0.516479
0.516482
0.516489
0.516495
0.516495
0.5165
0.516508
0.516512
0.516513
0.516513
0.516515
0.516519
0.516517
0.516522
0.516528
0.516531
0.516531
0.516532
0.516534
0.516541
0.516541
0.516542
0.516542
0.516539
0.516544
0.516553
0.51656
0.516564
0.516564
0.516566
0.516571
0.51658
0.516584
0.516582
0.516587
0.516588
0.516588
0.516596
0.516598
0.516601
0.516605
0.516611
0.516614
0.516612
0.516614
0.516617
0.51662
0.516625
0.516631
0.516631
0.516633
0.516638
0.516641
0.516649
0.516651
0.51665
0.516663
0.516664
0.516667
0.516671
0.516678
0.516682
0.516688
0.516692
0.516701
0.516704
0.516708
0.516713
0.516717
0.51672
0.516724
0.51673
0.516733
0.516737
0.51674
0.516745
0.516747
0.516751
0.516756
0.516758
0.516766
0.516767
0.516776
0.516782
0.516786
0.516791
0.516792
0.516795
0.516798
0.516793
0.516797
0.516802
0.516809
0.516818
0.516825
0.516834
0.51684
0.516839
0.516844
0.516851
0.516853
0.516857
0.516854
0.516856
0.516861
0.516867
0.516872
0.516874
0.51688
0.516883
0.516882
0.516888
0.516896
0.516902
0.516904
0.516902
0.516908
0.516917
0.516921
0.516925
0.51693
0.516931
0.516933
0.516937
0.516938
0.516942
0.516947
0.516949
0.516956
0.516962
0.516964
0.516965
0.516964
0.516968
0.516974
0.516977
0.516979
0.516985
0.516989
0.516992
0.516993
0.516994
0.516998
0.516997
0.517006
0.517004
0.517012
0.517017
0.517018
0.517017
0.51702
0.51702
0.517023
0.517028
0.517037
0.517045
0.517052
0.517059
0.517071
0.517069
0.517067
0.517074
0.517079
0.517088
0.517096
0.517092
0.517102
0.517101
0.517102
0.517099
0.517106
0.517103
0.517109
0.517107
0.51711
0.517118
0.51712
0.517122
0.517127
0.51713
0.517134
0.517136
0.517141
0.517145
0.517144
0.517146
0.517145
0.517146
0.517154
0.517165
0.51717
0.51717
0.51717
0.517178
0.51718
0.51718
0.517182
0.517185
0.517185
0.517193
0.517198
0.517204
0.51721
0.517213
0.517221
0.517229
0.517239
0.517236
0.517241
0.517243
0.51724
0.517243
0.517249
0.517253
0.517261
0.517263
0.517266
0.517269
0.517274
0.517273
0.517278
0.517281
0.517288
0.517294
0.5173
0.517307
0.517311
0.517315
0.517319
0.517326
0.517333
0.517329
0.517331
0.517332
0.517341
0.517344
0.517344
0.517346
0.517348
0.517347
0.517347
0.517348
0.517344
0.517348
0.517347
0.51735
0.517353
0.517357
0.517361
0.517362
0.517369
0.517374
0.517372
0.517374
0.517375
0.517373
0.517383
0.517385
0.517384
0.517392
0.517395
0.517401
0.517407
0.517406
0.517412
0.517418
0.517426
0.51743
0.517438
0.51745
0.51745
0.517457
0.517458
0.517459
0.517461
0.517462
0.517468
0.517469
0.517471
0.517472
0.517478
0.517481
0.517487
0.517487
0.517494
0.517499
0.517502
0.517503
0.517509
0.51752
0.517519
0.517526
0.517528
0.517531
0.517538
0.517546
0.517551
0.517552
0.517553
0.517559
0.517561
0.517568
0.517572
0.517571
0.517578
0.517585
0.517588
0.517591
0.517596
0.517601
0.517605
0.517607
0.517609
0.517613
0.51762
0.51762
0.517622
0.517626
0.517627
0.517631
0.517632
0.51763
0.517631
0.517634
0.517638
0.517639
0.51764
0.517641
0.517645
0.517647
0.517652
0.517651
0.517655
0.517662
0.517665
0.517672
0.517675
0.517678
0.51768
0.517682
0.517681
0.517684
0.517691
0.517692
0.517694
0.517696
0.517701
0.517697
0.517699
0.517703
0.517709
0.51772
0.517725
0.517721
0.517726
0.517731
0.517731
0.517736
0.517748
0.517756
0.517761
0.517765
0.517772
0.517771
0.517774
0.517776
0.517777
0.51778
0.517781
0.517782
0.517785
0.517789
0.517791
0.517795
0.517797
0.517801
0.517807
0.51781
0.51781
0.517812
0.517814
0.51782
0.517818
0.51782
0.517824
0.517828
0.517835
0.517843
0.517848
0.517855
0.51786
0.517868
0.517872
0.51788
0.517884
0.517892
0.517897
0.517905
0.51791
0.517916
0.51792
0.517922
0.517927
0.517926
0.517928
0.517932
0.517938
0.517941
0.517949
0.517947
0.517956
0.517963
0.517968
0.517968
0.51797
0.517975
0.51798
0.517983
0.517988
0.517993
0.517996
0.517998
0.518005
0.51801
0.518014
0.518016
0.518019
0.518025
0.518021
0.518026
0.51803
0.518031
0.518034
0.518042
0.518045
0.518048
0.518045
0.518047
0.518049
0.518058
0.518067
0.518068
0.518071
0.518075
0.51808
0.518086
0.518097
0.518103
0.518106
0.518104
0.518106
0.518103
0.5181
0.518105
0.518104
0.51811
0.518112
0.518108
0.518114
0.518114
0.518118
0.518118
0.518122
0.518126
0.518132
0.518134
0.51814
0.518144
0.518143
0.518151
0.518159
0.518161
0.518166
0.518165
0.518169
0.518171
0.518172
0.518177
0.518181
0.518182
0.518179
0.518181
0.518184
0.518187
0.51819
0.518187
0.518186
0.518191
0.518195
0.518204
0.518208
0.518214
0.518221
0.518224
0.518226
0.518228
0.51823
0.51823
0.518233
0.518237
0.518243
0.518246
0.518251
0.518257
0.518259
0.518265
0.518272
0.518273
0.518276
0.518282
0.518284
0.518289
0.51829
0.518298
0.518297
0.518303
0.518301
0.518296
0.518294
0.518298
0.5183
0.5183
0.518307
0.518306
0.518305
0.518307
0.518312
0.518316
0.518324
0.518331
0.518335
0.518342
0.518344
0.518345
0.518345
0.518347
0.518351
0.518357
0.518359
0.518359
0.518362
0.518369
0.51838
0.518377
0.518384
0.51839
0.518397
0.5184
0.518407
0.51841
0.518415
0.518422
0.518426
0.518424
0.518421
0.51842
0.518423
0.518427
0.51843
0.518435
0.51844
0.518443
0.51844
0.518442
0.518452
0.518458
0.518459
0.518466
0.518471
0.518471
0.518474
0.518474
0.518477
0.518482
0.518482
0.518485
0.518491
0.518496
0.518502
0.518497
0.518498
0.518503
0.518507
0.51851
0.518512
0.518516
0.518521
0.518526
0.518528
0.518533
0.518536
0.518535
0.518538
0.51854
0.518544
0.518544
0.518546
0.518551
0.518552
0.51855
0.518551
0.51855
0.518553
0.518558
0.51856
0.518564
0.518562
0.518563
0.518569
0.518576
0.518579
0.518577
0.51858
0.518585
0.518587
0.518586
0.518587
0.518587
0.51859
0.518595
0.518596
0.518594
0.518595
0.518599
0.518602
0.518603
0.518609
0.518616
0.518613
0.518616
0.518625
0.518624
0.518622
0.518627
0.518634
0.518638
0.518638
0.518641
0.518639
0.518641
0.518647
0.518655
0.518655
0.518654
0.518662
0.518662
0.518663
0.518668
0.518674
0.518678
0.518687
0.51869
0.518697
0.518699
0.518697
0.518702
0.518703
0.518706
0.518711
0.518718
0.518717
0.518721
0.518729
0.518734
0.518739
0.518747
0.51875
0.51875
0.518755
0.518753
0.51876
0.518762
0.518761
0.518764
0.518769
0.518772
0.518779
0.51878
0.518785
0.518791
0.518801
0.518801
0.518805
0.518806
0.518811
0.518816
0.518825
0.518829
0.518833
0.518835
0.518835
0.518837
0.518836
0.518841
0.518845
0.518847
0.518849
0.51885
0.518857
0.518863
0.518862
0.51886
0.518861
0.518862
0.51887
0.518873
0.518879
0.518878
0.518887
0.518895
0.518891
0.518896
0.518895
0.518898
0.518903
0.518906
0.518912
0.518918
0.518925
0.518925
0.518931
0.518934
0.51894
0.518946
0.518956
0.518955
0.518956
0.518958
0.518965
0.518962
0.518968
0.518973
0.518978
0.51899
0.518996
0.519003
0.519007
0.519007
0.519006
0.519003
0.51901
0.519015
0.51902
0.519021
0.519025
0.519027
0.519026
0.519026
0.519025
0.519025
0.519026
0.51903
0.519037
0.51904
0.51904
0.519043
0.519048
0.519051
0.519052
0.519051
0.51905
0.519052
0.519058
0.519062
0.519062
0.519066
0.519069
0.519068
0.519069
0.519071
0.519074
0.51908
0.51908
0.519077
0.519079
0.519079
0.519087
0.519091
0.519096
0.519097
0.519097
0.519095
0.5191
0.519104
0.519108
0.519112
0.519116
0.51912
0.519124
0.519125
0.519129
0.519132
0.519141
0.519142
0.519144
0.519146
0.519148
0.519149
0.519152
0.519153
0.519155
0.519153
0.519155
0.519162
0.519163
0.519171
0.51917
0.519174
0.519174
0.519183
0.519183
0.519187
0.519197
0.519198
0.519198
0.519204
0.519204
0.519211
0.519213
0.519223
0.519225
0.519228
0.519229
0.519232
0.519237
0.519243
0.51925
0.519256
0.519261
0.519269
0.519276
0.519276
0.519277
0.519278
0.519278
0.519279
0.519277
0.519277
0.519274
0.519279
0.519282
0.519289
0.51929
0.519294
0.519299
0.519299
0.519305
0.519304
0.519301
0.519301
0.519303
0.519314
0.519317
0.519319
0.519323
0.519323
0.519323
0.519322
0.519328
0.519329
0.51933
0.519331
0.51933
0.519332
0.519335
0.519339
0.519347
0.519344
0.519348
0.519345
0.519348
0.519356
0.519363
0.519364
0.519364
0.519364
0.519369
0.51938
0.519388
0.519392
0.519396
0.519393
0.519396
0.519398
0.519401
0.519407
0.519409
0.519409
0.51941
0.519413
0.519416
0.519419
0.519428
0.519434
0.519438
0.519444
0.519447
0.519453
0.519453
0.519456
0.519459
0.519461
0.519464
0.519467
0.519469
0.519469
0.519475
0.51948
0.519482
0.519485
0.519485
0.519491
0.519492
0.519493
0.519495
0.519498
0.519503
0.519509
0.519514
0.519513
0.519521
0.519521
0.519527
0.519528
0.519537
0.519541
0.519541
0.51954
0.519548
0.519546
0.519549
0.519555
0.519559
0.519562
0.519565
0.519561
0.519572
0.519573
0.519573
0.519578
0.519584
0.519587
0.519587
0.51959
0.519592
0.519596
0.519597
0.51959
0.519588
0.519593
0.519601
0.519603
0.519603
0.519609
0.519613
0.519619
0.519622
0.519628
0.519628
0.519636
0.519644
0.519651
0.51965
0.519651
0.519656
0.519655
0.51966
0.519658
0.519656
0.519659
0.519662
0.519667
0.519673
0.519673
0.519675
0.519678
0.519681
0.519684
0.519693
0.519696
0.519698
0.519698
0.519702
0.519702
0.519706
0.51971
0.519715
0.519717
0.51972
0.519724
0.519731
0.519737
0.519741
0.519745
0.519747
0.519752
0.519757
0.51976
0.519761
0.519763
0.519771
0.519771
0.519773
0.51978
0.519783
0.519783
0.519786
0.51979
0.519793
0.5198
0.519805
0.519811
0.519816
0.519818
0.519816
0.519819
0.519825
0.519823
0.519826
0.519827
0.51983
0.519836
0.519839
0.519843
0.519851
0.519853
0.519859
0.519862
0.519865
0.519868
0.519869
0.519872
0.519876
0.519876
0.519878
0.51988
0.519884
0.519892
0.519888
0.519891
0.519895
0.519891
0.519891
0.519893
0.519894
0.519892
0.519898
0.519903
0.519909
0.519911
0.519907
0.519912
0.519914
0.519917
0.519922
0.519924
0.519932
0.519935
0.519934
0.519937
0.519935
0.519939
0.519936
0.519931
0.519933
0.519938
0.519939
0.519937
0.51994
0.519943
0.519947
0.519947
0.519949
0.519949
0.519954
0.519957
0.519961
0.519961
0.519967
0.519972
0.519975
0.519978
0.519975
0.519982
0.519984
0.519986
0.519988
0.519992
0.519994
0.52
0.52
0.520004
0.520001
0.520002
0.520003
0.520005
0.520009
0.520012
0.520011
0.520013
0.520022
0.520024
0.520027
0.520025
0.520032
0.520036
0.520042
0.520045
0.520051
0.520054
0.52006
0.520064
0.520067
0.520067
0.52007
0.520073
0.520077
0.520075
0.520079
0.520075
0.52008
0.52008
0.52008
0.520081
0.520084
0.52009
0.520097
0.520101
0.520105
0.520112
0.520116
0.520125
0.520129
0.520134
0.520143
0.520147
0.520159
0.520163
0.52016
0.520169
0.52017
0.520175
0.520176
0.520178
0.520179
0.520181
0.520187
0.520187
0.52019
0.520192
0.520193
0.520197
0.520199
0.520199
0.520205
0.520206
0.520212
0.520218
0.520226
0.520226
0.520231
0.520237
0.520239
0.520241
0.520242
0.520243
0.520242
0.520242
0.520243
0.520252
0.520255
0.520258
0.520257
0.52026
0.520261
0.520262
0.520268
0.520274
0.520277
0.520279
0.520284
0.520288
