0.25
0.208163
0.188366
0.182796
0.182274
0.159944
0.156627
0.149068
0.142329
0.142739
0.140432
0.139092
0.140351
0.136977
0.137242
0.135404
0.135603
0.133067
0.132894
0.132632
0.132494
0.131387
0.131171
0.131304
0.129842
0.12873
0.128353
0.130766
0.130976
0.131648
0.1309
0.130046
0.129391
0.12878
0.127926
0.127413
0.127004
0.126229
0.127743
0.128538
0.12934
0.128365
0.12705
0.126696
0.124668
0.124447
0.124521
0.124655
0.124877
0.124758
0.12411
0.124445
0.123426
0.12455
0.12464
0.124891
0.124652
0.124974
0.125052
0.126026
0.12586
0.126272
0.125565
0.124831
0.12426
0.124294
0.124861
0.124133
0.123851
0.124333
0.124341
0.125347
0.125214
0.125402
0.124916
0.125394
0.124692
0.125102
0.124619
0.124543
0.125098
0.125058
0.125383
0.125643
0.125486
0.125571
0.12582
0.126101
0.126497
0.126677
0.126451
0.12597
0.125754
0.125764
0.126009
0.125682
0.126367
0.126482
0.126241
0.126054
0.126059
0.126471
0.126504
0.126212
0.125913
0.125407
0.125
0.124615
0.124517
0.124013
0.124078
0.124472
0.124575
0.124832
0.12468
0.124544
0.124617
0.124348
0.124031
0.124279
0.124457
0.124238
0.123839
0.123485
0.124062
0.124108
0.123644
0.123679
0.123874
0.123719
0.123987
0.124264
0.124282
0.124758
0.125589
0.125679
0.125709
0.125258
0.125477
0.125648
0.125529
0.126061
0.126247
0.125947
0.125694
0.126089
0.125728
0.12636
0.126265
0.125813
0.125948
0.126005
0.126521
0.126026
0.12623
0.126181
0.126008
0.126187
0.126356
0.126327
0.126158
0.125857
0.125572
0.125429
0.125496
0.125513
0.125264
0.125505
0.125667
0.125682
0.125306
0.125238
0.125426
0.125762
0.125785
0.12594
0.126167
0.126638
0.126613
0.126522
0.126368
0.126369
0.126352
0.12647
0.126233
0.126465
0.126696
0.126941
0.126626
0.126549
0.126481
0.126464
0.126245
0.125924
0.125667
0.125571
0.125719
0.125998
0.126019
0.125766
0.125549
0.125457
0.125455
0.125833
0.125813
0.126113
0.125781
0.125619
0.125656
0.125535
0.125737
0.125741
0.125699
0.126052
0.126002
0.125798
0.125649
0.125578
0.125364
0.125294
0.125315
0.125232
0.125149
0.125081
0.125214
0.125485
0.125505
0.125349
0.12521
0.125043
0.125086
0.125071
0.125335
0.125269
0.125579
0.125527
0.125567
0.125704
0.125723
0.125788
0.125668
0.125693
0.12593
0.125913
0.12589
0.125831
0.125707
0.125617
0.125534
0.125419
0.125656
0.125501
0.125427
0.125517
0.125521
0.125449
0.12535
0.125258
0.125386
0.125589
0.125452
0.125786
0.12622
0.126266
0.126061
0.126133
0.125954
0.125789
0.125873
0.125777
0.125781
0.125735
0.125811
0.125924
0.125854
0.125894
0.125872
0.125917
0.125991
0.126059
0.126203
0.126122
0.126058
0.126066
0.126057
0.125972
0.125951
0.126035
0.125951
0.125793
0.125671
0.125691
0.125529
0.125437
0.125345
0.125197
0.125225
0.125202
0.124955
0.125217
0.125111
0.124978
0.124868
0.124929
0.125257
0.125196
0.125049
0.125027
0.125103
0.125167
0.125188
0.125252
0.125101
0.125069
0.125164
0.125063
0.125068
0.124974
0.125
0.124911
0.124666
0.124688
0.124642
0.1247
0.124763
0.124712
0.124744
0.124765
0.124806
0.124797
0.124747
0.124647
0.124678
0.124433
0.12424
0.124252
0.124065
0.124033
0.12409
0.124255
0.124164
0.124113
0.124003
0.123957
0.124072
0.124152
0.1243
0.124408
0.124443
0.124507
0.124527
0.124705
0.124672
0.124635
0.124547
0.124496
0.124507
0.124396
0.124323
0.124338
0.124257
0.124212
0.124399
0.124294
0.124315
0.124083
0.124049
0.124092
0.124168
0.124283
0.124339
0.124377
0.124302
0.124222
0.124162
0.12424
0.124341
0.124231
0.124149
0.124403
0.124391
0.124538
0.124464
0.124409
0.12428
0.124342
0.124348
0.12431
0.124329
0.124201
0.124216
0.124329
0.124528
0.124598
0.124526
0.124565
0.124605
0.124385
0.124391
0.124287
0.12428
0.124513
0.12461
0.124728
0.1246
0.124538
0.124643
0.124636
0.124649
0.124629
0.124639
0.12459
0.124677
0.124666
0.124593
0.124615
0.124753
0.124673
0.124694
0.124654
0.124751
0.124604
0.124649
0.124733
0.124694
0.124703
0.124763
0.124732
0.124807
0.124937
0.124875
0.124895
0.124848
0.124658
0.124589
0.124655
0.124675
0.124568
0.12448
0.12445
0.124467
0.124499
0.124451
0.124459
0.124457
0.124522
0.124403
0.124574
0.124507
0.12453
0.124374
0.12433
0.124287
0.124221
0.124197
0.124176
0.124193
0.124128
0.124266
0.124143
0.124274
0.124166
0.124109
0.124166
0.123975
0.124101
0.124009
0.123892
0.124067
0.124075
0.123984
0.124061
0.123867
0.123826
0.123733
0.123736
0.12371
0.123706
0.123748
0.123652
0.123626
0.123581
0.123486
0.123342
0.123478
0.123607
0.12354
0.123522
0.123519
0.123438
0.123431
0.123358
0.123417
0.123383
0.123328
0.123284
0.123454
0.123298
0.123238
0.123224
0.123248
0.123188
0.123296
0.1234
0.123407
0.12351
0.123706
0.123688
0.123678
0.123823
0.123944
0.124167
0.124326
0.124432
0.12442
0.12435
0.124276
0.124365
0.124279
0.124358
0.124294
0.124289
0.124184
0.124282
0.124315
0.12432
0.12428
0.124262
0.124174
0.124156
0.124142
0.124175
0.124266
0.124365
0.124325
0.124348
0.124249
0.124275
0.124289
0.124312
0.124395
0.124436
0.124493
0.124466
0.124446
0.124438
0.124368
0.124464
0.12441
0.124276
0.124305
0.124425
0.124512
0.124558
0.124574
0.1246
0.124652
0.124749
0.124738
0.124657
0.124639
0.12461
0.124547
0.12462
0.124525
0.124442
0.124458
0.124334
0.124386
0.124316
0.124196
0.124108
0.124107
0.124144
0.124098
0.124197
0.124225
0.124191
0.124146
0.124121
0.124131
0.124093
0.124016
0.123977
0.123979
0.123947
0.124017
0.123956
0.123903
0.123876
0.123795
0.123846
0.123887
0.123909
0.123789
0.123918
0.123993
0.123939
0.123966
0.123872
0.123863
0.123918
0.123917
0.124006
0.123929
0.124025
0.123963
0.123965
0.123884
0.123911
0.123904
0.123854
0.123878
0.12391
0.123856
0.123735
0.123715
0.123747
0.123758
0.123706
0.123599
0.123556
0.123485
0.123431
0.123366
0.123339
0.123377
0.123374
0.123466
0.123471
0.123471
0.123489
0.12347
0.123422
0.123419
0.12339
0.123273
0.123337
0.123353
0.123394
0.123386
0.123475
0.123585
0.123616
0.123731
0.123709
0.123659
0.123633
0.123642
0.123673
0.123631
0.123587
0.123571
0.12364
0.123592
0.123559
0.123477
0.123489
0.123466
0.123501
0.123447
0.123486
0.123429
0.123462
0.123584
0.123667
0.123591
0.123542
0.12357
0.12363
0.123566
0.123526
0.123556
0.123629
0.1237
0.123664
0.123611
0.123571
0.123571
0.123625
0.123674
0.123652
0.123575
0.12351
0.123463
0.123483
0.123541
0.123546
0.12358
0.123518
0.123547
0.123552
0.123573
0.123549
0.123599
0.123577
0.123584
0.123654
0.123711
0.123622
0.123679
0.123655
0.123651
0.123682
0.123744
0.123645
0.123564
0.123555
0.123552
0.123637
0.123667
0.123702
0.123695
0.123706
0.123766
0.123815
0.12375
0.12375
0.123702
0.123728
0.123751
0.12382
0.123915
0.123879
0.123813
0.12384
0.123844
0.123886
0.123873
0.123914
0.123946
0.123975
0.123933
0.123815
0.123792
0.123811
0.123906
0.123929
0.124014
0.124036
0.124024
0.124011
0.123963
0.123944
0.123828
0.123782
0.123867
0.123842
0.12385
0.123872
0.123947
0.124009
0.124064
0.124014
0.12402
0.123981
0.123949
0.123935
0.123907
0.123906
0.123921
0.123978
0.123999
0.123998
0.124054
0.124062
0.124035
0.124131
0.124239
0.124207
0.124254
0.12434
0.124271
0.12427
0.124284
0.124211
0.124253
0.124183
0.12416
0.124204
0.124214
0.124252
0.124259
0.12421
0.124192
0.124223
0.124253
0.124402
0.124428
0.124382
0.124395
0.124383
0.12441
0.124395
0.124373
0.124367
0.12433
0.12423
0.124138
0.124198
0.124161
0.124082
0.12406
0.124068
0.12404
0.124089
0.124136
0.12416
0.124138
0.124173
0.124226
0.124216
0.124211
0.124154
0.124192
0.124146
0.124151
0.124146
0.124149
0.124179
0.124227
0.124195
0.124208
0.124225
0.124243
0.124309
0.124353
0.124372
0.124334
0.124386
0.124364
0.12431
0.124307
0.124443
0.124426
0.124433
0.124437
0.124482
0.124521
0.124571
0.12467
0.124766
0.124762
0.124751
0.124733
0.124688
0.124704
0.124718
0.12474
0.124713
0.124771
0.124814
0.124844
0.124919
0.124858
0.12487
0.124864
0.124898
0.124943
0.124984
0.124957
0.124938
0.124955
0.125025
0.124984
0.124924
0.124907
0.124922
0.124857
0.12489
0.124828
0.124834
0.124877
0.1249
0.124863
0.124917
0.124875
0.12481
0.124833
0.124845
0.124851
0.124832
0.124804
0.124834
0.12476
0.124711
0.124649
0.124604
0.12457
0.124593
0.124541
0.124576
0.124574
0.124554
0.124528
0.124519
0.124623
0.124638
0.124637
0.124583
0.124496
0.124502
0.124521
0.124557
0.124576
0.124593
0.124531
0.124538
0.12452
0.124539
0.124562
0.124581
0.124567
0.124569
0.12456
0.124581
0.124591
0.124668
0.12461
0.124627
0.124587
0.124617
0.124633
0.124579
0.12465
0.124598
0.124597
0.12457
0.124563
0.124573
0.124492
0.124512
0.124444
0.12451
0.124485
0.124502
0.124434
0.124488
0.124505
0.124506
0.124526
0.124589
0.124579
0.124659
0.124677
0.124651
0.124701
0.124744
0.124734
0.124685
0.124642
0.124623
0.124622
0.124739
0.124774
0.12481
0.124777
0.124798
0.124837
0.124916
0.124886
0.124913
0.124886
0.124878
0.124888
0.124852
0.124901
0.124863
0.124911
0.124948
0.124962
0.124945
0.12495
0.124953
0.124877
0.124831
0.124848
0.124838
0.124852
0.124837
0.124844
0.124913
0.124894
0.12487
0.12488
0.124935
0.124884
0.124843
0.124762
0.124855
0.124833
0.124879
0.124873
0.124827
0.124768
0.124767
0.124799
0.124777
0.124757
0.124763
0.124726
0.124729
0.124647
0.124606
0.124611
0.124597
0.124547
0.124579
0.124586
0.124648
0.12465
0.124652
0.124671
0.124724
0.124675
0.124674
0.124664
0.124724
0.124747
0.124792
0.124751
0.124766
0.124742
0.124698
0.124729
0.124685
0.124667
0.124627
0.124594
0.124574
0.124571
0.124602
0.124546
0.124598
0.124584
0.124582
0.124619
0.124552
0.124553
0.124557
0.12453
0.124567
0.12456
0.124566
0.124522
0.1245
0.124417
0.124334
0.124355
0.124388
0.124361
0.124348
0.124411
0.124403
0.124405
0.124407
0.124374
0.124367
0.124374
0.124305
0.124323
0.124341
0.124304
0.124339
0.124288
0.124361
0.124348
0.124293
0.124244
0.124233
0.124176
0.124192
0.124237
0.124198
0.124262
0.12422
0.124227
0.124231
0.124277
0.124291
0.124245
0.124215
0.124171
0.124158
0.124151
0.124176
0.124138
0.124114
0.124092
0.124099
0.124077
0.124014
0.124046
0.124022
0.124051
0.12401
0.123999
0.123984
0.123996
0.123998
0.124036
0.124022
0.124036
0.124032
0.124045
0.124043
0.124099
0.124174
0.124123
0.124209
0.124187
0.12417
0.124178
0.124154
0.124131
0.124133
0.12416
0.124112
0.124032
0.123998
0.124026
0.124118
0.124164
0.124174
0.124183
0.124184
0.124186
0.124214
0.124213
0.124225
0.124237
0.124202
0.124202
0.124127
0.124097
0.12413
0.124091
0.124113
0.124034
0.124011
0.12399
0.12392
0.123939
0.123981
0.123949
0.123974
0.12397
0.124033
0.124038
0.124001
0.124046
0.124098
0.124062
0.124092
0.12409
0.124105
0.124078
0.124106
0.124132
0.124081
0.12408
0.124069
0.124123
0.124153
0.124154
0.124142
0.124142
0.124173
0.124141
0.124107
0.124062
0.124071
0.124022
0.124056
0.124056
0.124037
0.124089
0.12402
0.123964
0.123952
0.123907
0.123895
0.123936
0.123954
0.124
0.123984
0.124009
0.124039
0.124037
0.124058
0.12401
0.123993
0.123947
0.123942
0.12395
0.123934
0.123939
0.123936
0.123918
0.123902
0.123885
0.12389
0.123863
0.123879
0.123914
0.123983
0.124004
0.124073
0.124121
0.124078
0.12409
0.124152
0.124146
0.124113
0.124164
0.124142
0.12411
0.124069
0.124054
0.123998
0.124012
0.124015
0.123997
0.124048
0.124027
0.124051
0.124049
0.124087
0.124151
0.124114
0.124112
0.124109
0.12407
0.124037
0.124068
0.124068
0.124121
0.12416
0.124166
0.124197
0.124146
0.124103
0.12412
0.124142
0.124125
0.124106
0.124079
0.124072
0.124054
0.124045
0.124081
0.124065
0.124061
0.124053
0.124039
0.124055
0.12406
0.124094
0.12406
0.124074
0.124105
0.124081
0.124077
0.124123
0.124101
0.124103
0.124088
0.124093
0.124068
0.124105
0.124167
0.124185
0.124233
0.124222
0.124202
0.124171
0.124151
0.124127
0.124095
0.124107
0.124137
0.124186
0.124204
0.12418
0.124163
0.124156
0.12419
0.124154
0.124109
0.124126
0.124112
0.124126
0.124132
0.124085
0.12412
0.12415
0.124175
0.124187
0.124168
0.124145
0.124136
0.124136
0.124133
0.12411
0.124141
0.124107
0.124156
0.124154
0.12414
0.124154
0.124181
0.124206
0.124219
0.124202
0.124208
0.124271
0.124233
0.124216
0.124239
0.124218
0.12418
0.124157
0.124133
0.124084
0.124063
0.124075
0.124054
0.124063
0.124087
0.124102
0.12412
0.124115
0.124096
0.124091
0.124089
0.124083
0.124066
0.124043
0.124055
0.124043
0.124059
0.124124
0.124182
0.124201
0.124238
0.124256
0.124228
0.124202
0.124215
0.124263
0.124264
0.124248
0.124219
0.124243
0.124225
0.1242
0.124148
0.124154
0.124117
0.124113
0.124117
0.124125
0.124168
0.124177
0.124173
0.124173
0.124163
0.124176
0.124143
0.124134
0.124144
0.124139
0.124147
0.124209
0.124198
0.124192
0.124212
0.124228
0.12423
0.124274
0.124227
0.124201
0.124205
0.124175
0.124226
0.124274
0.12425
0.124245
0.124261
0.124265
0.124228
0.124224
0.124222
0.124203
0.124213
0.124221
0.124197
0.124197
0.124169
0.124116
0.124139
0.124157
0.124136
0.124144
0.124126
0.124158
0.124156
0.124188
0.124193
0.12423
0.124205
0.12419
0.12415
0.124097
0.124079
0.124081
0.124059
0.124084
0.124084
0.124094
0.124095
0.124152
0.124084
0.124124
0.124134
0.12414
0.124181
0.124171
0.124135
0.124117
0.124082
0.12408
0.124095
0.124076
0.12408
0.124099
0.124108
0.124096
0.124101
0.124096
0.124121
0.124154
0.124127
0.124174
0.124196
0.124192
0.124216
0.12424
0.124231
0.124241
0.124261
0.124226
0.124249
0.124208
0.12421
0.124206
0.124198
0.124189
0.124166
0.12422
0.124185
0.124212
0.124193
0.124214
0.124191
0.124228
0.124221
0.124229
0.124205
0.124198
0.124206
0.124218
0.12425
0.124216
0.124254
0.124272
0.124278
0.124251
0.124245
0.12426
0.124286
0.124283
0.124333
0.124351
0.124322
0.124358
0.124351
0.124334
0.124379
0.124382
0.12437
0.124416
0.124443
0.124436
0.124451
0.12448
0.124478
0.124473
0.124489
0.124465
0.124488
0.124508
0.124505
0.124532
0.124507
0.124509
0.124476
0.124491
0.124504
0.124507
0.124485
0.124548
0.124567
0.124605
0.124649
0.12468
0.124675
0.124682
0.124619
0.124614
0.124649
0.124635
0.12466
0.124686
0.124734
0.124762
0.124728
0.124733
0.124718
0.124721
0.124722
0.124709
0.124703
0.124681
0.124645
0.124609
0.124602
0.124611
0.124671
0.124696
0.124699
0.12467
0.124635
0.12459
0.124611
0.124611
0.124577
0.124534
0.124588
0.124586
0.124591
0.124588
0.124567
0.124526
0.124469
0.124449
0.124417
0.124418
0.124417
0.124425
0.124405
0.124424
0.124428
0.124403
0.124406
0.124384
0.124387
0.12436
0.124389
0.124381
0.124387
0.124373
0.124385
0.124342
0.124337
0.124305
0.124283
0.124297
0.124279
0.12431
0.12429
0.124283
0.124284
0.124266
0.124274
0.12427
0.124309
0.124314
0.124271
0.124294
0.124304
0.124324
0.124302
0.124324
0.124351
0.124393
0.124394
0.124404
0.124404
0.124415
0.124395
0.124382
0.124383
0.124386
0.124373
0.124343
0.124343
0.124376
0.12437
0.124353
0.124367
0.124438
0.124454
0.124458
0.12448
0.124463
0.124425
0.124404
0.124467
0.124461
0.124457
0.124416
0.124397
0.124379
0.124429
0.124448
0.124448
0.124467
0.12449
0.124486
0.12447
0.124424
0.124447
0.124407
0.124456
0.124457
0.124448
0.12442
0.124438
0.124441
0.124471
0.124499
0.12448
0.124437
0.124392
0.124395
0.124376
0.12437
0.124395
0.124426
0.124419
0.124396
0.124411
0.124399
0.124454
0.124423
0.124425
0.124415
0.1244
0.124429
0.12443
0.124445
0.124424
0.124439
0.124437
0.124445
0.124431
0.124457
0.124435
0.124403
0.124374
0.12437
0.124353
0.124336
0.124333
0.124336
0.124372
0.124365
0.124395
0.124375
0.124362
0.124337
0.124304
0.124317
0.124284
0.124316
0.1243
0.124321
0.124309
0.124307
0.12426
0.124272
0.124262
0.124209
0.124176
0.124184
0.124143
0.124134
0.12412
0.124168
0.124192
0.124207
0.124197
0.124169
0.124164
0.124189
0.124217
0.124247
0.124247
0.12421
0.124252
0.124226
0.124232
0.124225
0.124203
0.124217
0.124215
0.124196
0.12418
0.124204
0.124185
0.12417
0.124174
0.124171
0.124168
0.124162
0.124167
0.124197
0.124181
0.124191
0.124183
0.124186
0.12419
0.124185
0.124183
0.124188
0.124181
0.124179
0.124149
0.124134
0.124119
0.124154
0.124212
0.124186
0.124194
0.124201
0.124218
0.124202
0.124206
0.124162
0.124181
0.124176
0.12418
0.12421
0.124232
0.124221
0.124212
0.124181
0.124134
0.124174
0.124151
0.124203
0.124183
0.12418
0.124202
0.124185
0.124181
0.124199
0.124185
0.124181
0.12419
0.124161
0.124134
0.124126
0.124105
0.1241
0.124085
0.124104
0.124091
0.124121
0.124123
0.124116
0.124133
0.124166
0.124166
0.124201
0.12422
0.124191
0.124222
0.124222
0.124203
0.124181
0.124162
0.124164
0.124187
0.124193
0.124183
0.124201
0.124225
0.124219
0.124223
0.12426
0.124244
0.124307
0.124319
0.124283
0.124283
0.124296
0.124278
0.124329
0.12433
0.124331
0.124299
0.124294
0.124285
0.124276
0.124333
0.12433
0.124365
0.124334
0.124352
0.124343
0.124331
0.124297
0.124295
0.124279
0.12426
0.124265
0.124309
0.124302
0.124311
0.124339
0.124343
0.124342
0.124333
0.124328
0.124328
0.124352
0.124371
0.124353
0.12431
0.12433
0.124338
0.124292
0.124295
0.12428
0.124296
0.124319
0.124339
0.124304
0.124332
0.124401
0.124416
0.124423
0.124422
0.124403
0.124376
0.12438
0.124365
0.124339
0.124348
0.12437
0.124353
0.124353
0.124313
0.124322
0.124298
0.124328
0.12433
0.124334
0.124338
0.124311
0.124336
0.124321
0.124342
0.124346
0.12434
0.12434
0.124315
0.124272
0.124263
0.124269
0.124222
0.124212
0.124179
0.124189
0.124184
0.124163
0.12413
0.124144
0.124134
0.124109
0.124086
0.12407
0.124123
0.124117
0.124104
0.12409
0.1241
0.124098
0.124113
0.124086
0.124063
0.124116
0.1241
0.12413
0.124187
0.124156
0.124143
0.124178
0.124206
0.124215
0.124225
0.124223
0.124201
0.124192
0.124187
0.12421
0.124205
0.124183
0.124221
0.124233
0.124203
0.124185
0.124206
0.124214
0.124235
0.124244
0.124246
0.124236
0.124202
0.124242
0.124272
0.124277
0.124263
0.124269
0.124258
0.124265
0.124244
0.12424
0.124285
0.124295
0.124289
0.124259
0.12427
0.124246
0.124279
0.12427
0.124266
0.124281
0.124342
0.124378
0.124378
0.124412
0.124415
0.124419
0.124446
0.124425
0.124396
0.124394
0.124415
0.124419
0.124401
0.124422
0.124412
0.124418
0.124424
0.124458
0.124476
0.124498
0.12453
0.12453
0.124518
0.124525
0.124535
0.124528
0.124575
0.124553
0.124588
0.124558
0.12458
0.124601
0.124575
0.12455
0.124537
0.1245
0.124475
0.124479
0.124464
0.124476
0.124474
0.124452
0.124461
0.124441
0.124412
0.124383
0.124365
0.124353
0.124361
0.124362
0.124367
0.124375
0.124365
0.124375
0.124448
0.124463
0.124461
0.124481
0.12449
0.124495
0.124511
0.124484
0.124466
0.124487
0.124513
0.124502
0.124507
0.12452
0.124525
0.124529
0.124511
0.124487
0.124506
0.124496
0.124523
0.124519
0.12454
0.124553
0.124519
0.124538
0.124581
0.124556
0.124554
0.124543
0.124538
0.124552
0.124526
0.124495
0.124466
0.124473
0.124461
0.124432
0.124469
0.124467
0.124436
0.124457
0.124479
0.124491
0.12445
0.124507
0.124506
0.124487
0.124495
0.124499
0.1245
0.124513
0.124505
0.124507
0.124462
0.124442
0.124476
0.124513
0.124518
0.124496
0.124494
0.124519
0.124533
0.124522
0.124502
0.124507
0.12449
0.124477
0.124479
0.124477
0.124475
0.124454
0.124427
0.124437
0.124435
0.124453
0.124477
0.124478
0.124438
0.124463
0.124483
0.124487
0.124483
0.124488
0.124476
0.124483
0.124482
0.124485
0.124513
0.124498
0.124476
0.124448
0.124429
0.124423
0.124431
0.12445
0.124435
0.124473
0.124483
0.124495
0.124493
0.124483
0.124472
0.124483
0.124485
0.124487
0.124499
0.124513
0.124498
0.12451
0.124501
0.124513
0.124502
0.12447
0.124472
0.124498
0.124505
0.124497
0.124507
0.124507
0.124537
0.124522
0.124526
0.124533
0.124525
0.124516
0.124522
0.124537
0.124531
0.12454
0.124541
0.124533
0.124522
0.124531
0.124526
0.12451
0.124542
0.124539
0.12454
0.124545
0.124519
0.124547
0.124548
0.124551
0.124566
0.124552
0.124551
0.124558
0.124573
0.12458
0.124567
0.124568
0.124594
0.124575
0.124553
0.124543
0.124505
0.124484
0.124479
0.12448
0.124472
0.124473
0.124461
0.12444
0.124424
0.124433
0.124454
0.124484
0.124474
0.124464
0.124501
0.124507
0.124504
0.124525
0.12456
0.124547
0.124552
0.124567
0.124557
0.12454
0.124534
0.124529
0.124494
0.124502
0.124539
0.12453
0.124553
0.124567
0.124537
0.124549
0.124529
0.124515
0.1245
0.124492
0.124499
0.124479
0.124491
0.124503
0.124531
0.124533
0.12454
0.124522
0.124529
0.124561
0.124573
0.124604
0.124596
0.124584
0.124573
0.124573
0.124535
0.124523
0.124521
0.124503
0.124517
0.124528
0.124522
0.124526
0.124556
0.12456
0.124554
0.124577
0.124562
0.124567
0.124597
0.124583
0.124562
0.124559
0.124577
0.124568
0.124569
0.124569
0.124588
0.124599
0.124596
0.124577
0.124553
0.124549
0.124512
0.124512
0.124482
0.124508
0.124526
0.124536
0.124523
0.124511
0.124522
0.12454
0.124519
0.124495
0.12451
0.124515
0.124519
0.124514
0.124507
0.124507
0.12455
0.124557
0.124586
0.12457
0.124562
0.124563
0.124555
0.124556
0.124545
0.124537
0.124531
0.124504
0.124491
0.124485
0.124502
0.124516
0.124527
0.12454
0.124543
0.124546
0.12456
0.124582
0.124565
0.124549
0.124551
0.124541
0.124517
0.124532
0.124499
0.124518
0.124526
0.124526
0.124501
0.124514
0.12454
0.124519
0.124533
0.124567
0.124547
0.124567
0.124562
0.124583
0.124609
0.124601
0.124574
0.12457
0.124555
0.124533
0.124531
0.124542
0.124533
0.124529
0.12453
0.124548
0.124526
0.12453
0.124578
0.124548
0.124549
0.124524
0.124544
0.124526
0.124534
0.12451
0.124521
0.124516
0.124534
0.124534
0.124524
0.12455
0.124573
0.124572
0.124552
0.124547
0.12456
0.124553
0.124553
0.124528
0.124518
0.124515
0.124513
0.124509
0.124518
0.124537
0.124541
0.124565
0.124562
0.124544
0.124553
0.124568
0.124587
0.124577
0.124569
0.12459
0.124573
0.124585
0.124602
0.124608
0.124638
0.124653
0.124672
0.124688
0.124675
0.124666
0.124686
0.124688
0.124681
0.124693
0.124681
0.124693
0.124699
0.1247
0.124685
0.124735
0.124738
0.124731
0.12476
0.124739
0.124753
0.124755
0.124777
0.124746
0.124741
0.124739
0.124749
0.124737
0.124746
0.124731
0.124715
0.124724
0.124735
0.124725
0.124777
0.124768
0.12475
0.124712
0.124696
0.124702
0.124716
0.124724
0.12475
0.124749
0.124783
0.124801
0.124782
0.124762
0.12477
0.124792
0.124799
0.124808
0.124823
0.124841
0.124841
0.124842
0.12485
0.124859
0.124853
0.124877
0.124872
0.124858
0.124869
0.124865
0.124863
0.124843
0.124825
0.124825
0.124795
0.124787
0.124771
0.124783
0.12477
0.124774
0.124769
0.124825
0.124839
0.124876
0.124859
0.124862
0.124863
0.124859
0.124873
0.124865
0.12486
0.124835
0.124829
0.124831
0.124829
0.124838
0.124835
0.124821
0.124809
0.124808
0.124802
0.124822
0.124825
0.124817
0.124818
0.124838
0.124803
0.124788
0.124762
0.124755
0.124741
0.124727
0.124735
0.124733
0.124743
0.124742
0.124758
0.124744
0.124737
0.124772
0.124765
0.124788
0.124783
0.124811
0.124847
0.124845
0.124833
0.12483
0.12481
0.1248
0.124818
0.124814
0.124788
0.1248
0.124771
0.124758
0.124752
0.124779
0.124777
0.124762
0.124758
0.124743
0.124737
0.12472
0.124695
0.124683
0.124687
0.124663
0.124649
0.124657
0.124664
0.124651
0.124669
0.124685
0.124679
0.124671
0.124674
0.124677
0.124685
0.124683
0.124685
0.124685
0.124691
0.124696
0.124685
0.124695
0.124707
0.124708
0.124731
0.124746
0.124736
0.124762
0.124748
0.124752
0.124776
0.124785
0.124789
0.124802
0.124804
0.124821
0.124796
0.124797
0.124796
0.124801
0.124816
0.124824
0.124815
0.124826
0.124838
0.124833
0.124825
0.12483
0.124831
0.124849
0.124859
0.124832
0.12483
0.124826
0.124835
0.124836
0.124859
0.124862
0.124851
0.124827
0.12482
0.124839
0.124848
0.124834
0.124832
0.124833
0.12481
0.124793
0.124822
0.124824
0.124799
0.124855
0.124848
0.124844
0.124842
0.124857
0.124842
0.124834
0.124813
0.124809
0.124822
0.124817
0.124832
0.124829
0.124832
0.12483
0.12483
0.124835
0.124835
0.124824
0.12485
0.124821
0.124815
0.12481
0.124784
0.12477
0.124775
0.124773
0.124769
0.124775
0.124789
0.124772
0.124759
0.124735
0.124719
0.124703
0.124709
0.124695
0.124694
0.124691
0.124705
0.124715
0.124708
0.124696
0.124697
0.12469
0.124668
0.124675
0.124673
0.124682
0.12472
0.124737
0.124713
0.124698
0.124705
0.124693
0.124711
0.124724
0.124722
0.12474
0.124738
0.124743
0.124742
0.124719
0.124723
0.124716
0.124731
0.12476
0.124781
0.124781
0.124787
0.124778
0.124771
0.124756
0.124768
0.124781
0.124786
0.124786
0.124768
0.12476
0.124766
0.124761
0.124759
0.124762
0.124772
0.124772
0.124775
0.124753
0.124753
0.124759
0.124738
0.12474
0.124731
0.12472
0.124691
0.124686
0.124695
0.12472
0.124713
0.12472
0.124722
0.124734
0.124729
0.124719
0.124698
0.124707
0.124709
0.12469
0.124683
0.124658
0.12466
0.124652
0.124633
0.124645
0.124634
0.124627
0.124645
0.124661
0.124666
0.124691
0.124692
0.124701
0.1247
0.124683
0.124695
0.124701
0.124697
0.124683
0.124676
0.124661
0.124666
0.124667
0.124676
0.124685
0.124679
0.124662
0.124657
0.124665
0.124653
0.124681
0.124685
0.12466
0.124653
0.124663
0.124693
0.124663
0.124631
0.124634
0.124635
0.124647
0.124654
0.124659
0.12465
0.124646
0.12463
0.124619
0.12462
0.124634
0.124617
0.124631
0.12465
0.124673
0.124656
0.124664
0.124661
0.124671
0.124673
0.124653
0.124661
0.124669
0.124713
0.124697
0.124681
0.124686
0.124692
0.124702
0.124709
0.124701
0.124709
0.124706
0.124716
0.124693
0.124691
0.124697
0.124686
0.12468
0.124667
0.124664
0.124658
0.124646
0.124643
0.124632
0.124618
0.124607
0.124633
0.124633
0.124664
0.124667
0.124658
0.124682
0.124666
0.124677
0.124687
0.124674
0.124678
0.124671
0.124678
0.124665
0.124673
0.124672
0.124673
0.124663
0.124651
0.124644
0.124646
0.124623
0.124611
0.124593
0.124593
0.124597
0.124589
0.124602
0.124632
0.124625
0.124628
0.124617
0.124631
0.124633
0.124637
0.124629
0.124643
0.124657
0.124653
0.124648
0.124666
0.124665
0.124668
0.124658
0.124654
0.124671
0.12467
0.124676
0.124676
0.124683
0.124658
0.124643
0.124646
0.124631
0.124639
0.124628
0.124633
0.124638
0.12463
0.124634
0.124628
0.124627
0.124638
0.124626
0.124605
0.124615
0.124627
0.124647
0.124639
0.124637
0.124619
0.12462
0.124634
0.124603
0.124595
0.124601
0.124588
0.124578
0.124555
0.124546
0.124529
0.124532
0.124524
0.124511
0.124547
0.124539
0.124547
0.124544
0.124539
0.124527
0.124514
0.124515
0.124519
0.124506
0.124529
0.124543
0.124543
0.124536
0.124531
0.12453
0.124505
0.124505
0.124493
0.124478
0.124482
0.124464
0.124464
0.124473
0.124465
0.124472
0.124474
0.124475
0.124474
0.124472
0.124463
0.124445
0.124445
0.124444
0.12445
0.124424
0.124434
0.124422
0.124412
0.124393
0.124385
0.124394
0.12437
0.124371
0.124367
0.124375
0.12438
0.124361
0.124398
0.124391
0.124391
0.12437
0.124388
0.124402
0.124393
0.124387
0.124373
0.124364
0.124342
0.124341
0.124347
0.124342
0.124356
0.124354
0.124345
0.124343
0.124354
0.124343
0.124321
0.124308
0.124299
0.124295
0.124305
0.12432
0.124303
0.124273
0.124269
0.124283
0.124285
0.124301
0.124316
0.12431
0.124315
0.124333
0.124327
0.124339
0.124353
0.124349
0.124366
0.124364
0.124385
0.124382
0.124375
0.124361
0.124347
0.12434
0.124347
0.124341
0.12435
0.124347
0.124323
0.124341
0.124346
0.124354
0.12434
0.124385
0.124394
0.124381
0.124378
0.124384
0.124373
0.124349
0.124367
0.124356
0.12436
0.124374
0.124353
0.124342
0.124345
0.124348
0.124354
0.124355
0.124344
0.124359
0.124339
0.124348
0.124365
0.124368
0.124372
0.124356
0.124354
0.124366
0.124366
0.124378
0.124375
0.12438
0.124361
0.12435
0.124335
0.124318
0.12433
0.12434
0.124353
0.124358
0.124366
0.124379
0.124389
0.124405
0.124389
0.124386
0.12438
0.124405
0.124408
0.124413
0.124418
0.12442
0.124444
0.12443
0.124421
0.124415
0.124412
0.124408
0.124414
0.12443
0.124434
0.124431
0.124426
0.12441
0.124411
0.124429
0.124441
0.124434
0.124444
0.12445
0.124442
0.124455
0.124461
0.124457
0.124462
0.124459
0.124465
0.124451
0.124467
0.124459
0.124451
0.124467
0.124464
0.124437
0.124423
0.124418
0.124415
0.124418
0.124404
0.124389
0.124389
0.124374
0.124383
0.12441
0.124387
0.124378
0.124393
0.124394
0.12438
0.124366
0.124366
0.124363
0.124358
0.124362
0.124368
0.124358
0.124351
0.12435
0.124339
0.124343
0.124357
0.124358
0.124356
0.124375
0.124361
0.124356
0.124358
0.124374
0.124357
0.124339
0.124309
0.124298
0.124294
0.1243
0.124308
0.124314
0.124341
0.124346
0.12435
0.124359
0.124352
0.124357
0.124359
0.124351
0.124355
0.124349
0.12435
0.124329
0.124361
0.124357
0.124351
0.124346
0.124334
0.124335
0.124343
0.124342
0.12432
0.124317
0.124336
0.124362
0.124349
0.124359
0.124366
0.124385
0.124367
0.124353
0.124363
0.124353
0.124348
0.124346
0.124341
0.124354
0.124344
0.124337
0.124341
0.124346
0.124354
0.124334
0.124329
0.124333
0.12433
0.124358
0.124349
0.124347
0.124346
0.124326
0.124314
0.124286
0.124296
0.124319
0.12431
0.124301
0.12432
0.124331
0.124326
0.124327
0.124331
0.124349
0.124343
0.124363
0.124341
0.124339
0.124315
0.124316
0.124329
0.124352
0.124352
0.124359
0.124346
0.124344
0.124344
0.124331
0.124321
0.124324
0.124345
0.12436
0.124348
0.124359
0.124368
0.12438
0.124395
0.124383
0.124397
0.124374
0.124378
0.124387
0.124395
0.124381
0.124381
0.124377
0.124376
0.124372
0.124376
0.124405
0.1244
0.124392
0.124399
0.124404
0.124389
0.124396
0.12439
0.124386
0.124382
0.124365
0.124358
0.124363
0.124356
0.124361
0.124352
0.124372
0.124374
0.12437
0.124372
0.12438
0.124374
0.124349
0.124357
0.12436
0.124346
0.124366
0.124386
0.124395
0.124389
0.124387
0.12438
0.12438
0.124372
0.124375
0.124381
0.124395
0.124409
0.124399
0.124375
0.124395
0.124391
0.124384
0.124402
0.124396
0.12439
0.124392
0.124383
0.12438
0.124374
0.124359
0.124371
0.124359
0.124361
0.124388
0.124393
0.124388
0.124397
0.1244
0.124418
0.124397
0.124432
0.124437
0.124421
0.124409
0.124416
0.124414
0.124405
0.124388
0.124393
0.124396
0.12438
0.124392
0.124379
0.124387
0.12439
0.124386
0.124374
0.124362
0.124381
0.124393
0.124405
0.124402
0.124391
0.124394
0.124405
0.124419
0.124411
0.124409
0.124404
0.12442
0.124425
0.124414
0.124409
0.124405
0.12444
0.124454
0.124454
0.124454
0.124468
0.124474
0.124453
0.124436
0.124429
0.12445
0.124461
0.124446
0.124469
0.124471
0.124469
0.124483
0.12446
0.124483
0.124475
0.12448
0.124477
0.124464
0.124466
0.124467
0.12446
0.124446
0.124446
0.124455
0.124443
0.124435
0.12446
0.124491
0.1245
0.124499
0.124512
0.124513
0.124501
0.124519
0.124512
0.124519
0.124538
0.124536
0.124542
0.124545
0.124525
0.124523
0.124524
0.124529
0.124532
0.124536
0.124546
0.124545
0.124543
0.124543
0.124549
0.124547
0.124535
0.124518
0.124493
0.12448
0.124482
0.124486
0.124491
0.124488
0.124479
0.124471
0.124474
0.124488
0.124491
0.124518
0.124533
0.124541
0.12454
0.124532
0.124537
0.124549
0.124528
0.124518
0.124516
0.124513
0.124508
0.124505
0.124485
0.124494
0.124478
0.12447
0.124471
0.124476
0.124467
0.124462
0.124475
0.124478
0.124481
0.124486
0.124466
0.124477
0.124473
0.12446
0.124453
0.124478
0.124482
0.124497
0.124501
0.124511
0.124497
0.124509
0.124515
0.124521
0.124542
0.124536
0.124538
0.124556
0.124563
0.124542
0.124522
0.12454
0.12454
0.124534
0.124565
0.124555
0.124546
0.12455
0.124558
0.124576
0.124582
0.124577
0.124581
0.12458
0.124569
0.124573
0.124573
0.124561
0.124538
0.124538
0.124541
0.124578
0.124573
0.124573
0.124571
0.124576
0.124593
0.124591
0.124575
0.124587
0.124591
0.124607
0.124611
0.124615
0.12462
0.124636
0.124642
0.124633
0.124626
0.124642
0.124643
0.124638
0.124623
0.124647
0.124668
0.124681
0.12466
0.124651
0.124642
0.124644
0.124645
0.124627
0.124643
0.124626
0.124639
0.124644
0.124656
0.124654
0.12465
0.124635
0.124617
0.124624
0.124616
0.124603
0.124612
0.124619
0.124628
0.124627
0.124622
0.124604
0.124591
0.124593
0.124601
0.124599
0.124597
0.124585
0.124583
0.12457
0.124569
0.124568
0.124576
0.124581
0.124579
0.12456
0.124566
0.124573
0.124577
0.12459
0.124592
0.12459
0.124584
0.124594
0.124583
0.124575
0.124585
0.124579
0.124572
0.124585
0.124602
0.124588
0.124595
0.12459
0.124574
0.124559
0.124553
0.124543
0.124539
0.124535
0.124546
0.124555
0.124559
0.124565
0.124568
0.124557
0.124547
0.124541
0.124545
0.124558
0.124554
0.12455
0.124536
0.124557
0.124553
0.124552
0.124548
0.124524
0.124527
0.124524
0.124541
0.124542
0.124538
0.124525
0.124529
0.124536
0.124539
0.124539
0.124561
0.124547
0.124548
0.124557
0.124569
0.12458
0.124575
0.124598
0.124594
0.124601
0.12461
0.124599
0.124583
0.124578
0.124595
0.124593
0.124626
0.124623
0.124621
0.124623
0.124625
0.124627
0.124631
0.124624
0.124645
0.124646
0.124653
0.124672
0.124699
0.124714
0.12471
0.124702
0.124705
0.124699
0.124693
0.124699
0.124691
0.124678
0.124663
0.124665
0.124656
0.124645
0.124675
0.124678
0.124674
0.124665
0.124658
0.124662
0.124672
0.124668
0.124679
0.124677
0.124695
0.124684
0.124683
0.124696
0.124703
0.124712
0.124697
0.124698
0.124689
0.12471
0.124727
0.12475
0.124757
0.124764
0.124793
0.124794
0.124794
0.124783
0.124795
0.124804
0.124813
0.124802
0.124789
0.124798
0.124804
0.124807
0.124795
0.124808
0.1248
0.124786
0.12477
0.124786
0.124796
0.124784
0.124776
0.124764
0.124771
0.12478
0.124765
0.124749
0.124734
0.124715
0.124723
0.124715
0.124709
0.124711
0.124718
0.124703
0.124711
0.124709
0.124684
0.124669
0.124674
0.124686
0.124684
0.124671
0.12466
0.124663
0.124647
0.124643
0.124641
0.124632
0.124641
0.124631
0.124652
0.124664
0.124665
0.12466
0.124659
0.12465
0.124642
0.124644
0.124633
0.124628
0.124632
0.124621
0.124646
0.124642
0.12465
0.12465
0.124647
0.124637
0.124642
0.124645
0.124652
0.124647
0.124648
0.124658
0.12465
0.124646
0.124654
0.124653
0.124657
0.124657
0.12465
0.124662
0.124693
0.124684
0.124655
0.124655
0.124673
0.124661
0.124657
0.124645
0.12464
0.124647
0.124626
0.12462
0.124616
0.124627
0.124627
0.124627
0.124617
0.124617
0.124617
0.124615
0.124621
0.12463
0.124623
0.124617
0.124605
0.124615
0.124605
0.124622
0.124625
0.124628
0.124633
0.124642
0.124647
0.124695
0.124711
0.124698
0.124683
0.124675
0.12468
0.124672
0.12465
0.124659
0.124662
0.12464
0.12465
0.124647
0.124644
0.124646
0.12463
0.124633
0.124639
0.124649
0.124645
0.124651
0.124653
0.124645
0.12464
0.124638
0.124629
0.124628
0.124629
0.124621
0.124626
0.124629
0.124623
0.124622
0.124627
0.124622
0.124642
0.124639
0.124646
0.124646
0.124648
0.124646
0.124638
0.12463
0.124637
0.124647
0.124642
0.124652
0.124642
0.124633
0.124642
0.124651
0.124646
0.124658
0.124651
0.124642
0.124655
0.124656
0.124672
0.124657
0.124662
0.124664
0.124662
0.124656
0.124642
0.124638
0.124637
0.124621
0.124619
0.124617
0.124603
0.124609
0.124625
0.12463
0.124615
0.124625
0.124634
0.124628
0.124634
0.124642
0.124646
0.124638
0.124623
0.124633
0.124645
0.124673
0.124667
0.124676
0.124682
0.124684
0.124667
0.124663
0.124652
0.124677
0.124662
0.124666
0.124635
0.124636
0.124624
0.12463
0.12465
0.124645
0.124632
0.124617
0.124608
0.124613
0.124616
0.124603
0.124593
0.124592
0.124609
0.124604
0.124608
0.12461
0.12462
0.124628
0.12463
0.124645
0.124652
0.124649
0.124664
0.124672
0.1247
0.124716
0.124705
0.124694
0.124705
0.1247
0.124695
0.124693
0.124702
0.12471
0.124712
0.12471
0.124711
0.124713
0.124711
0.124704
0.124696
0.124697
0.124689
0.124696
0.124703
0.124703
0.124693
0.124709
0.124713
0.124718
0.124696
0.124701
0.124696
0.124715
0.124711
0.124722
0.124732
0.124712
0.124725
0.124714
0.124712
0.124717
0.124709
0.124704
0.124683
0.124689
0.124712
0.124696
0.124695
0.124701
0.124712
0.124709
0.124714
0.124724
0.124712
0.124717
0.124724
0.124741
0.124738
0.124749
0.124745
0.12475
0.124744
0.12475
0.124761
0.124762
0.124784
0.124783
0.124773
0.12477
0.124771
0.124758
0.124764
0.124771
0.124777
0.124776
0.124776
0.124781
0.124799
0.124813
0.124818
0.124829
0.124823
0.124829
0.124811
0.124814
0.124807
0.124811
0.124797
0.1248
0.124797
0.124796
0.124782
0.12477
0.124774
0.12478
0.124766
0.124759
0.12475
0.124768
0.124778
0.124776
0.124767
0.12477
0.124765
0.124761
0.124743
0.124748
0.124753
0.124761
0.124745
0.124769
0.124762
0.124758
0.124748
0.124732
0.124733
0.124739
0.124738
0.124733
0.124738
0.124738
0.12473
0.124732
0.124748
0.124771
0.124775
0.124807
0.124795
0.124771
0.124775
0.124767
0.124767
0.124768
0.124746
0.124753
0.124749
0.124741
0.12472
0.124712
0.124698
0.124694
0.124701
0.124713
0.124701
0.1247
0.124684
0.124681
0.124668
0.124664
0.124675
0.124678
0.124682
0.124684
0.124684
0.124688
0.12469
0.124687
0.124674
0.124683
0.124687
0.124681
0.124692
0.124701
0.124687
0.124672
0.124687
0.124683
0.124667
0.124673
0.124672
0.124668
0.124674
0.124686
0.12469
0.124681
0.124684
0.124673
0.124675
0.124676
0.124685
0.124674
0.124675
0.124673
0.124662
0.124673
0.124658
0.124656
0.124643
0.124656
0.124666
0.124663
0.124656
0.124658
0.124664
0.124658
0.124687
0.124709
0.124699
0.124699
0.124671
0.12467
0.124668
0.124661
0.124681
0.124674
0.124664
0.124663
0.124665
0.124654
0.12465
0.124664
0.124675
0.124682
0.124672
0.12467
0.124654
0.12465
0.124634
0.124641
0.124634
0.124632
0.124625
0.12463
0.124631
0.12462
0.124638
0.124631
0.124627
0.12462
0.124623
0.124623
0.124618
0.124614
0.124607
0.124605
0.124603
0.124606
0.124611
0.124601
0.124586
0.124603
0.124586
0.124569
0.124573
0.124574
0.124581
0.124577
0.124572
0.124584
0.124576
0.12458
0.12458
0.124578
0.124596
0.124585
0.124585
0.124577
0.124577
0.124589
0.124582
0.12459
0.124569
0.12456
0.124561
0.124558
0.124543
0.12454
0.124524
0.124531
0.124527
0.124523
0.124532
0.124528
0.124523
0.124524
0.124527
0.124526
0.124521
0.124522
0.124522
0.12452
0.124533
0.124529
0.124538
0.124541
0.124538
0.124536
0.124546
0.124553
0.124552
0.124552
0.12454
0.124536
0.124548
0.124542
0.124544
0.124558
0.124544
0.124545
0.124546
0.124543
0.124524
0.124531
0.124524
0.124529
0.124528
0.124529
0.124529
0.124529
0.124531
0.124541
0.12455
0.124551
0.124552
0.124555
0.12454
0.124549
0.124548
0.124551
0.124553
0.124552
0.124548
0.124555
0.124545
0.124545
0.124539
0.12456
0.124561
0.124555
0.124553
0.124537
0.124538
0.124557
0.124577
0.124581
0.124588
0.124583
0.124584
0.124581
0.124569
0.124552
0.124566
0.124557
0.124577
0.124586
0.124586
0.124581
0.124563
0.124558
0.124547
0.12454
0.124554
0.124555
0.124552
0.124547
0.124555
0.12457
0.124577
0.124579
0.124573
0.124572
0.124574
0.124564
0.12456
0.124574
0.124561
0.124563
0.124557
0.124556
0.124562
0.124555
0.124558
0.124566
0.124577
0.124574
0.124609
0.1246
0.1246
0.124598
0.124602
0.124609
0.124606
0.124598
0.124609
0.124607
0.124611
0.124612
0.124603
0.124595
0.124604
0.124593
0.1246
0.12461
0.124597
0.124597
0.124615
0.124611
0.124603
0.124604
0.124596
0.124604
0.1246
0.12461
0.124622
0.124625
0.12461
0.124618
0.12462
0.124623
0.124632
0.124643
0.124647
0.124641
0.124635
0.124634
0.124634
0.124625
0.124624
0.124615
0.124614
0.124633
0.124641
0.124655
0.124651
0.124652
0.124656
0.124658
0.124652
0.124655
0.124661
0.124656
0.124659
0.124658
0.124652
0.124657
0.124651
0.124639
0.124639
0.124651
0.124664
0.124666
0.124674
0.124678
0.124671
0.124673
0.12468
0.124667
0.124688
0.124692
0.124702
0.124706
0.124713
0.124719
0.124724
0.124714
0.124714
0.124719
0.124718
0.124729
0.124733
0.124724
0.124717
0.124715
0.124712
0.124713
0.124722
0.124721
0.12472
0.124704
0.124726
0.124727
0.124709
0.124708
0.124708
0.124702
0.124699
0.1247
0.124699
0.1247
0.124705
0.1247
0.124701
0.124703
0.124707
0.124714
0.124702
0.124699
0.124702
0.124699
0.124695
0.124707
0.124704
0.124687
0.124691
0.124677
0.124682
0.124682
0.124675
0.124682
0.124668
0.124665
0.12467
0.124667
0.12467
0.124661
0.124655
0.124663
0.12466
0.124649
0.124657
0.124658
0.12466
0.124654
0.124662
0.124675
0.12468
0.124683
0.124688
0.124694
0.12469
0.124685
0.124688
0.124683
0.124669
0.12467
0.124671
0.124674
0.124673
0.124667
0.124661
0.124658
0.124655
0.124674
0.124671
0.124672
0.124676
0.124676
0.12468
0.124681
0.124682
0.124689
0.124702
0.12471
0.124709
0.12471
0.124709
0.124699
0.124693
0.124704
0.124719
0.124739
0.124742
0.124759
0.124763
0.124755
0.124745
0.12474
0.12474
0.124736
0.124742
0.124731
0.124724
0.124728
0.124705
0.124696
0.124697
0.124702
0.124698
0.1247
0.124695
0.124692
0.124683
0.12468
0.124691
0.124676
0.124666
0.124666
0.12466
0.12466
0.12466
0.124664
0.124677
0.124672
0.124682
0.124696
0.1247
0.124693
0.124685
0.1247
0.124689
0.12468
0.124682
0.124679
0.124664
0.124655
0.124668
0.124668
0.124675
0.124682
0.124684
0.124681
0.124671
0.124676
0.124672
0.12467
0.124671
0.124699
0.12471
0.124702
0.124705
0.12471
0.124697
0.124689
0.12468
0.124672
0.124662
0.124671
0.124665
0.124663
0.124664
0.124662
0.124668
0.124668
0.124676
0.124666
0.124677
0.124681
0.124681
0.124689
0.124687
0.124695
0.124686
0.124688
0.12468
0.124671
0.124663
0.124672
0.124679
0.124673
0.124668
0.124665
0.124659
0.124667
0.124674
0.124667
0.12466
0.12466
0.124657
0.124669
0.12467
0.124673
0.124659
0.124642
0.124646
0.124657
0.124663
0.124669
0.124662
0.124656
0.124661
0.124673
0.124677
0.124676
0.124686
0.124698
0.124704
0.124699
0.124711
0.124708
0.124706
0.124696
0.124699
0.124711
0.124696
0.124698
0.124715
0.124728
0.12472
0.124717
0.124715
0.124711
0.124708
0.124717
0.124723
0.124708
0.124729
0.124727
0.124733
0.124741
0.124733
0.124743
0.124746
0.124737
0.124737
0.12474
0.124742
0.124727
0.124722
0.124733
0.124727
0.124723
0.124721
0.124732
0.124731
0.124725
0.124723
0.124717
0.124714
0.124707
0.124698
0.124692
0.124687
0.12469
0.124694
0.124705
0.124697
0.124686
0.124665
0.124663
0.12466
0.124657
0.124647
0.124648
0.124658
0.124652
0.124638
0.124636
0.124635
0.124629
0.124636
0.124629
0.124638
0.124629
0.124631
0.12463
0.124627
0.124633
0.124637
0.12463
0.124627
0.124616
0.124605
0.124595
0.124587
0.124586
0.124587
0.124584
0.124586
0.124587
0.124585
0.124586
0.124603
0.1246
0.124605
0.1246
0.124605
0.12461
0.124611
0.124616
0.124605
0.124597
0.124596
0.1246
0.124592
0.124589
0.124584
0.124576
0.124579
0.124585
0.124594
0.124598
0.124594
0.124594
0.124595
0.124594
0.124587
0.124585
0.12458
0.124575
0.124579
0.124587
0.124587
0.124584
0.124582
0.124596
0.124592
0.124616
0.124624
0.124621
0.124621
0.124618
0.124619
0.124626
0.124627
0.124626
0.124622
0.124612
0.124631
0.124619
0.124603
0.124609
0.124631
0.124631
0.124637
0.12464
0.12464
0.124639
0.124628
0.124639
0.124644
0.124643
0.124644
0.124636
0.124659
0.124667
0.124668
0.124676
0.124669
0.124672
0.124674
0.124678
0.124677
0.124679
0.124675
0.12467
0.124671
0.124669
0.124665
0.124667
0.124674
0.124686
0.124677
0.124672
0.124656
0.124655
0.124651
0.124646
0.124657
0.124656
0.124641
0.124642
0.124631
0.124631
0.124631
0.124637
0.12465
0.124658
0.124669
0.124673
0.124675
0.124653
0.124679
0.124668
0.124661
0.124647
0.124641
0.124639
0.12463
0.124631
0.124623
0.12461
0.124613
0.124625
0.124628
0.124622
0.12461
0.124603
0.124605
0.124607
0.124606
0.124601
0.124604
0.12461
0.124621
0.124615
0.1246
0.124611
0.124611
0.124601
0.124591
0.124599
0.124588
0.124583
0.124587
0.124592
0.12458
0.124584
0.124588
0.124591
0.124583
0.124592
0.124604
0.124593
0.124585
0.124577
0.124564
0.124584
0.124578
0.124577
0.12459
0.124609
0.124611
0.124598
0.12459
0.124594
0.124607
0.124596
0.124595
0.12459
0.124594
0.124581
0.124571
0.124563
0.12456
0.124554
0.12455
0.124554
0.12454
0.124532
0.124527
0.124528
0.124538
0.124547
0.124546
0.124549
0.124556
0.124568
0.124569
0.124573
0.124578
0.124586
0.124589
0.124567
0.12458
0.124574
0.124581
0.12458
0.124587
0.124591
0.124595
0.124589
0.124593
0.12459
0.124592
0.124597
0.124612
0.124625
0.124626
0.124626
0.124639
0.124653
0.124648
0.124646
0.124648
0.124642
0.124645
0.124646
0.124638
0.124643
0.124638
0.124635
0.124635
0.124638
0.124627
0.124633
0.124625
0.124618
0.124609
0.124602
0.12459
0.12459
0.124584
0.124579
0.124585
0.124588
0.124578
0.124579
0.12459
0.124591
0.12459
0.124594
0.124604
0.124605
0.124596
0.1246
0.124598
0.124604
0.124597
0.124599
0.124598
0.124607
0.124615
0.124608
0.124603
0.124603
0.12461
0.124598
0.124595
0.124591
0.124605
0.124593
0.124577
0.124581
0.124574
0.12459
0.124592
0.12458
0.124591
0.124584
0.124578
0.124588
0.124602
0.1246
0.1246
0.124604
0.124597
0.124591
0.124588
0.124596
0.124595
0.12459
0.124596
0.124588
0.124579
0.124576
0.12457
0.124578
0.124568
0.124572
0.12457
0.124563
0.124596
0.124594
0.124592
0.124605
0.124606
0.124607
0.124604
0.124602
0.1246
0.124614
0.12463
0.124623
0.124617
0.124608
0.124611
0.124615
0.124613
0.124596
0.124594
0.12459
0.124596
0.124597
0.124582
0.124593
0.124594
0.124586
0.124588
0.124597
0.12459
0.124583
0.124578
0.124573
0.124571
0.124574
0.124568
0.124564
0.124563
0.124553
0.124551
0.124549
0.124547
0.124546
0.124559
0.124563
0.124564
0.12455
0.12455
0.124544
0.124552
0.124558
0.124563
0.124567
0.124576
0.124595
0.124586
0.124581
0.124565
0.124562
0.124568
0.124567
0.124561
0.124558
0.124555
0.124551
0.124544
0.124544
0.124535
0.124543
0.124536
0.124538
0.124533
0.124531
0.124533
0.124529
0.124523
0.124524
0.124521
0.124512
0.124515
0.12451
0.124509
0.124519
0.124516
0.124533
0.124537
0.124538
0.124546
0.124547
0.124542
0.124542
0.124534
0.124541
0.124534
0.124522
0.124531
0.124537
0.124548
0.124552
0.124555
0.124554
0.124557
0.124553
0.124552
0.124548
0.124553
0.124544
0.124535
0.12454
0.124546
0.124545
0.12455
0.124547
0.124551
0.124541
0.124544
0.124551
0.124547
0.12455
0.124544
0.124534
0.124541
0.124533
0.124536
0.124532
0.124547
0.124551
0.124549
0.124544
0.124541
0.12455
0.12455
0.124551
0.124549
0.124546
0.124544
0.124533
0.124545
0.124542
0.12455
0.124548
0.12455
0.124555
0.124556
0.124546
0.124558
0.124552
0.124551
0.124543
0.124552
0.124547
0.12454
0.124529
0.124524
0.124526
0.124524
0.124519
0.124511
0.124509
0.124505
0.124497
0.124491
0.124486
0.124491
0.1245
0.124503
0.124509
0.124502
0.124499
0.124498
0.124495
0.124497
0.124501
0.124503
0.1245
0.124496
0.124501
0.12451
0.124508
0.124502
0.12451
0.124512
0.124504
0.12451
0.124513
0.124512
0.124517
0.124508
0.124524
0.124523
0.124521
0.124509
0.124512
0.124496
0.1245
0.124505
0.124503
0.124508
0.1245
0.124504
0.124514
0.124508
0.12451
0.124523
0.124524
0.124519
0.124518
0.12452
0.124531
0.124542
0.124536
0.124534
0.124553
0.124552
0.124547
0.124557
0.124565
0.124576
0.124581
0.124579
0.124579
0.124565
0.124576
0.124572
0.12458
0.124576
0.124581
0.124585
0.124584
0.124578
0.124581
0.124584
0.124581
0.124576
0.124563
0.124574
0.124563
0.124563
0.124557
0.124562
0.124559
0.124561
0.124566
0.124566
0.12457
0.124567
0.124557
0.124559
0.124563
0.124567
0.124566
0.124557
0.12455
0.124556
0.124568
0.124564
0.124568
0.124571
0.124569
0.124579
0.124574
0.124559
0.124557
0.124552
0.124535
0.124543
0.124548
0.124552
0.124543
0.124539
0.124534
0.124531
0.124532
0.124539
0.124541
0.124542
0.124532
0.124538
0.124546
0.124547
0.124537
0.124541
0.12453
0.124522
0.124511
0.124515
0.124523
0.124528
0.124534
0.124524
0.124523
0.124518
0.12452
0.124518
0.124528
0.124517
0.124513
0.124509
0.124495
0.124497
0.124497
0.124497
0.1245
0.12449
0.124501
0.124498
0.124503
0.124516
0.124519
0.12452
0.12452
0.124516
0.124503
0.124495
0.12449
0.124481
0.12447
0.124464
0.124453
0.124463
0.124473
0.124471
0.124466
0.124463
0.124455
0.124452
0.124466
0.124453
0.124444
0.124448
0.124456
0.124453
0.124438
0.124439
0.124439
0.124432
0.124437
0.124424
0.124434
0.124438
0.124431
0.12443
0.124422
0.124416
0.124428
0.124425
0.124422
0.124424
0.124439
0.124429
0.124437
0.124436
0.124438
0.124441
0.124432
0.124431
0.124421
0.124421
0.124413
0.124422
0.124431
0.124425
0.124424
0.124416
0.12441
0.124432
0.124433
0.124421
0.124423
0.124439
0.124441
0.124443
0.124452
0.124435
0.124433
0.124445
0.124443
0.124437
0.124443
0.124455
0.124449
0.12444
0.124441
0.124448
0.124441
0.12444
0.124446
0.124457
0.124461
0.124449
0.124438
0.124442
0.12444
0.124438
0.124438
0.124437
0.124444
0.124435
0.124438
0.124428
0.124423
0.124425
0.124424
0.12442
0.124435
0.124442
0.124445
0.124444
0.124441
0.124445
0.124435
0.124439
0.12444
0.124433
0.124442
0.12445
0.124441
0.124438
0.12443
0.124441
0.12444
0.124451
0.124436
0.124428
0.124418
0.124408
0.124401
0.124407
0.124411
0.124403
0.124406
0.124403
0.1244
0.124399
0.124405
0.124404
0.124405
0.12441
0.124399
0.124395
0.124388
0.124381
0.124374
0.12437
0.124373
0.124365
0.124365
0.12437
0.124373
0.124368
0.124365
0.124359
0.124351
0.124343
0.124341
0.124337
0.12433
0.124341
0.124345
0.124346
0.124344
0.124339
0.124337
0.124336
0.124336
0.124338
0.124336
0.124335
0.124324
0.124315
0.124324
0.124345
0.124342
0.124334
0.124334
0.124335
0.124336
0.124327
0.124334
0.124342
0.124355
0.124346
0.12435
0.124359
0.124362
0.124352
0.124356
0.124348
0.124348
0.124347
0.124359
0.124371
0.124365
0.124365
0.124362
0.124355
0.124353
0.124349
0.124341
0.124346
0.124343
0.124344
0.124349
0.124351
0.124356
0.124355
0.124348
0.124343
0.124355
0.124357
0.124353
0.124352
0.124353
0.124346
0.124347
0.12434
0.124339
0.124341
0.124344
0.124349
0.124341
0.124338
0.124346
0.124354
0.124358
0.124362
0.124349
0.124355
0.124369
0.124366
0.124372
0.124363
0.124362
0.124364
0.124352
0.124338
0.124352
0.124361
0.124364
0.124378
0.124373
0.124382
0.124377
0.124381
0.124382
0.124374
0.124362
0.124352
0.12436
0.124369
0.124355
0.124344
0.124331
0.124327
0.124327
0.124328
0.124328
0.124331
0.124342
0.124342
0.124334
0.124335
0.124336
0.124345
0.124334
0.124324
0.124319
0.124322
0.124322
0.124324
0.124321
0.124335
0.124339
0.124346
0.124347
0.124336
0.124336
0.124336
0.124342
0.12434
0.124345
0.124351
0.124359
0.124356
0.124363
0.124363
0.124361
0.12436
0.124348
0.12434
0.124347
0.124338
0.124338
0.124341
0.124333
0.124316
0.124316
0.124309
0.124305
0.124308
0.124307
0.124311
0.124317
0.124319
0.124325
0.124324
0.124318
0.124308
0.124316
0.124309
0.124303
0.124303
0.124302
0.124303
0.124299
0.124294
0.1243
0.124299
0.124307
0.124315
0.124311
0.124312
0.124316
0.124326
0.124316
0.124318
0.124328
0.124321
0.124336
0.124346
0.124353
0.124354
0.124353
0.124347
0.124349
0.124347
0.124343
0.124338
0.124336
0.124348
0.12435
0.124358
0.12436
0.12436
0.124372
0.124365
0.124358
0.124352
0.124351
0.124347
0.124341
0.124326
0.124319
0.124313
0.124301
0.124286
0.124291
0.124276
0.124272
0.124271
0.124273
0.12427
0.124266
0.124262
0.124268
0.124263
0.124265
0.124264
0.124256
0.124254
0.124252
0.124241
0.124243
0.124241
0.124234
0.124233
0.124235
0.124224
0.124226
0.124226
0.124229
0.124247
0.124238
0.124234
0.124226
0.124222
0.12422
0.124224
0.124228
0.124226
0.124227
0.124228
0.12423
0.124231
0.124226
0.124226
0.124233
0.124232
0.12422
0.124213
0.124223
0.124211
0.124211
0.124217
0.124214
0.124219
0.124217
0.124216
0.124218
0.124227
0.124219
0.124227
0.124217
0.124204
0.12421
0.124209
0.124205
0.124206
0.124207
0.124218
0.124224
0.124238
0.124234
0.124235
0.124231
0.12423
0.124234
0.124232
0.124223
0.124237
0.124227
0.124228
0.124237
0.124233
0.124241
0.124245
0.124241
0.124237
0.124235
0.124226
0.124235
0.124227
0.124219
0.124212
0.124216
0.124211
0.124206
0.124207
0.124205
0.124194
0.124195
0.124195
0.124199
0.12419
0.1242
0.124208
0.124204
0.124196
0.124194
0.1242
0.124212
0.124214
0.124211
0.124224
0.12422
0.12422
0.124223
0.12422
0.124229
0.124222
0.124226
0.124211
0.124232
0.124229
0.12423
0.124227
0.124224
0.124229
0.124223
0.124215
0.124214
0.124214
0.124204
0.124209
0.124209
0.124205
0.124211
0.124211
0.124209
0.124206
0.124214
0.124207
0.12421
0.124211
0.124212
0.12421
0.124205
0.124212
0.12421
0.124215
0.124213
0.124221
0.124216
0.124218
0.124217
0.124221
0.124217
0.124225
0.124236
0.124238
0.12423
0.124233
0.124238
0.124235
0.124246
0.124237
0.124242
0.124242
0.124243
0.124236
0.124227
0.124224
0.124217
0.124213
0.124221
0.124217
0.12422
0.124226
0.124233
0.124225
0.124226
0.124232
0.124227
0.124225
0.124221
0.124224
0.124218
0.124219
0.12421
0.124222
0.124227
0.124229
0.124225
0.124228
0.12423
0.124229
0.124227
0.12422
0.124218
0.124224
0.124221
0.124227
0.124222
0.124205
0.124197
0.124186
0.124193
0.124191
0.124195
0.124193
0.124196
0.124212
0.124215
0.124215
0.124219
0.124224
0.124233
0.124233
0.124227
0.124226
0.12423
0.124229
0.124241
0.124246
0.124248
0.124254
0.124263
0.124251
0.12425
0.124247
0.124259
0.124246
0.124237
0.124238
0.124234
0.12424
0.12424
0.124242
0.124244
0.124246
0.124244
0.124247
0.12425
0.12425
0.12425
0.124261
0.124252
0.124254
0.124248
0.124247
0.124241
0.124232
0.124227
0.124241
0.124242
0.124245
0.124231
0.124218
0.124217
0.124216
0.12421
0.124215
0.124217
0.12421
0.1242
0.124208
0.124215
0.124209
0.124207
0.124209
0.124218
0.124215
0.124216
0.124215
0.124204
0.124203
0.124204
0.124203
0.124196
0.124197
0.124197
0.124192
0.124183
0.124196
0.124202
0.124188
0.124191
0.124183
0.124183
0.124185
0.124187
0.124189
0.124188
0.124183
0.124179
0.124173
0.124161
0.12416
0.124166
0.124184
0.124187
0.124177
0.124174
0.124178
0.124185
0.124177
0.124179
0.124179
0.124175
0.124173
0.124167
0.124158
0.124161
0.124159
0.124169
0.124165
0.124165
0.12417
0.124164
0.124165
0.124174
0.124175
0.124178
0.124176
0.124179
0.124178
0.124175
0.124177
0.124168
0.124167
0.12416
0.124152
0.124151
0.124148
0.124145
0.124141
0.124129
0.124141
0.12413
0.124137
0.124138
0.124144
0.124146
0.124142
0.124144
0.124154
0.124152
0.124147
0.124141
0.124143
0.124155
0.124149
0.124172
0.124164
0.124173
0.124192
0.124186
0.124177
0.124175
0.124167
0.124157
0.124179
0.124176
0.124168
0.124165
0.12417
0.124168
0.124169
0.124167
0.124168
0.124172
0.124184
0.124181
0.12418
0.124182
0.124177
0.12419
0.124193
0.124186
0.124178
0.124187
0.124176
0.124167
0.124173
0.124168
0.124165
0.124172
0.124173
0.124174
0.124166
0.124168
0.12418
0.12419
0.124184
0.124183
0.12417
0.124169
0.12416
0.124159
0.124152
0.124155
0.124151
0.124156
0.12415
0.124148
0.124156
0.12416
0.124148
0.124148
0.124142
0.124135
0.124132
0.124138
0.12415
0.124133
0.124126
0.12413
0.124134
0.124127
0.124126
0.124132
0.124138
0.124132
0.124127
0.124132
0.124123
0.124125
0.124124
0.124116
0.124113
0.124112
0.124124
0.124124
0.124123
0.124112
0.124106
0.124105
0.124096
0.124092
0.124091
0.12409
0.124093
0.1241
0.124105
0.124097
0.124087
0.124089
0.124089
0.124085
0.124074
0.124075
0.124079
0.124083
0.124077
0.124078
0.124073
0.124076
0.124065
0.124057
0.124049
0.12406
0.124055
0.124052
0.124051
0.124045
0.124042
0.124039
0.124058
0.124052
0.124055
0.124052
0.124052
0.124039
0.124043
0.124041
0.124049
0.124039
0.124041
0.124046
0.124035
0.124032
0.124033
0.124025
0.124025
0.124027
0.124028
0.12403
0.124036
0.124034
0.124035
0.124044
0.12404
0.12404
0.124046
0.124044
0.124043
0.124045
0.12405
0.124045
0.124048
0.124042
0.124039
0.124028
0.124029
0.124027
0.124037
0.124037
0.124047
0.124045
0.124036
0.124032
0.124028
0.124024
0.124032
0.124036
0.124033
0.124032
0.124026
0.124019
0.124008
0.124009
0.124001
0.124
0.124006
0.124006
0.124007
0.124004
0.12401
0.124008
0.124007
0.124007
0.123998
0.123995
0.123996
0.124
0.124004
0.124002
0.124001
0.124008
0.124011
0.124011
0.124023
0.124023
0.12402
0.124028
0.124031
0.124032
0.124048
0.124047
0.124044
0.124038
0.124043
0.124053
0.124061
0.124071
0.124069
0.124071
0.12407
0.124074
0.124064
0.124055
0.124059
0.124058
0.124064
0.124059
0.124053
0.124051
0.124043
0.124044
0.124036
0.124051
0.124053
0.124046
0.124048
0.124047
0.124035
0.124041
0.124036
0.124039
0.124048
0.124055
0.124058
0.12407
0.12407
0.124072
0.124075
0.124075
0.124063
0.124071
0.124064
0.124069
0.124063
0.124067
0.124068
0.124063
0.124071
0.124067
0.124066
0.124067
0.124073
0.124072
0.124081
0.124077
0.124075
0.124063
0.124068
0.124062
0.124061
0.12405
0.124039
0.12404
0.12405
0.124055
0.124058
0.12406
0.124063
0.124074
0.124079
0.124075
0.124079
0.12407
0.124079
0.124074
0.124068
0.124061
0.124058
0.124061
0.124062
0.124062
0.124068
0.124058
0.124064
0.124055
0.12406
0.124051
0.124041
0.124042
0.124033
0.12403
0.124024
0.124024
0.124024
0.124026
0.12402
0.124022
0.124013
0.124021
0.12402
0.124011
0.124001
0.124009
0.124007
0.124002
0.123997
0.123991
0.123982
0.123989
0.123991
0.123993
0.124001
0.124
0.124
0.124
0.124009
0.124016
0.124011
0.124004
0.124013
0.124011
0.124016
0.124016
0.124024
0.124019
0.124023
0.124017
0.124012
0.124003
0.124004
0.124009
0.124005
0.123995
0.124003
0.123999
0.124002
0.124002
0.124002
0.124005
0.123996
0.123997
0.12399
0.123986
0.123987
0.123986
0.123987
0.123981
0.123981
0.123987
0.123987
0.124
0.123999
0.12399
0.123984
0.123972
0.123964
0.123969
0.123987
0.123981
0.12398
0.123991
0.123991
0.12399
0.12399
0.123985
0.123985
0.123996
0.124008
0.124016
0.124012
0.124002
0.123993
0.123999
0.123996
0.123985
0.123982
0.12398
0.123974
0.123977
0.123983
0.123978
0.123976
0.123978
0.12397
0.123978
0.123971
0.123961
0.123965
0.123956
0.123958
0.123956
0.123945
0.123933
0.123931
0.123931
0.123936
0.123932
0.123931
0.123946
0.123947
0.123947
0.123936
0.123948
0.123951
0.123947
0.123944
0.123942
0.123938
0.123942
0.12394
0.123936
0.123929
0.123929
0.12392
0.123924
0.123919
0.123911
0.123904
0.123898
0.123897
0.123903
0.123904
0.123916
0.123927
0.123923
0.123915
0.123914
0.123928
0.123928
0.123923
0.123911
0.123913
0.123914
0.123906
0.1239
0.123904
0.123898
0.123895
0.123893
0.123892
0.123886
0.12388
0.123875
0.123865
0.123871
0.123867
0.123873
0.123875
0.123878
0.123882
0.123881
0.123894
0.123892
0.123892
0.123884
0.123874
0.123874
0.123878
0.123874
0.123885
0.123884
0.12387
0.123879
0.123884
0.123883
0.123889
0.123903
0.123907
0.123904
0.123902
0.123899
0.123894
0.123906
0.123902
0.123902
0.123888
0.123881
0.123872
0.123876
0.123885
0.123878
0.123874
0.123874
0.123874
0.123875
0.123867
0.123872
0.123863
0.123864
0.123864
0.123864
0.123858
0.12386
0.123852
0.123851
0.123845
0.123848
0.123852
0.123847
0.123848
0.123853
0.12385
0.123844
0.123853
0.123854
0.123849
0.123849
0.123845
0.123843
0.123851
0.123851
0.123855
0.123863
0.123864
0.123866
0.123866
0.123878
0.123883
0.12388
0.123885
0.123885
0.123893
0.123896
0.123895
0.123885
0.123891
0.12389
0.123888
0.123894
0.123897
0.123895
0.123904
0.123905
0.123912
0.123912
0.123913
0.123908
0.123913
0.123914
0.123914
0.123923
0.123926
0.123916
0.123918
0.123927
0.123932
0.123927
0.12393
0.123932
0.12394
0.123944
0.123949
0.123946
0.123948
0.123949
0.12394
0.123945
0.123947
0.123939
0.123943
0.123943
0.123945
0.123945
0.123949
0.123941
0.123943
0.12394
0.123943
0.123944
0.123949
0.123941
0.123942
0.123945
0.123956
0.123959
0.123971
0.123973
0.123969
0.123969
0.123975
0.123967
0.12396
0.123957
0.12395
0.123936
0.123939
0.123933
0.12393
0.123929
0.123933
0.123921
0.123911
0.123912
0.1239
0.123903
0.123909
0.123904
0.123908
0.123898
0.12391
0.123907
0.1239
0.123891
0.123889
0.123887
0.123881
0.123884
0.123887
0.123899
0.123895
0.123889
0.12388
0.12388
0.123881
0.123883
0.123887
0.123884
0.123884
0.123878
0.123886
0.123879
0.12387
0.123875
0.123871
0.12388
0.123879
0.123871
0.123861
0.123854
0.123859
0.123866
0.123866
0.123861
0.123863
0.123853
0.123857
0.123862
0.123852
0.123843
0.123831
0.123823
0.12383
0.123827
0.123832
0.123844
0.123851
0.123862
0.123866
0.123856
0.123857
0.123851
0.123843
0.123847
0.123845
0.123842
0.123841
0.123843
0.123841
0.123851
0.123862
0.123863
0.123855
0.123849
0.123845
0.123853
0.123841
0.12384
0.123835
0.123844
0.123853
0.12386
0.123863
0.123862
0.123852
0.123854
0.123851
0.123854
0.123848
0.123842
0.123837
0.123829
0.123811
0.123819
0.123817
0.123814
0.123809
0.123813
0.123811
0.123808
0.123821
0.123819
0.123824
0.123822
0.123817
0.123816
0.123813
0.123817
0.123813
0.123823
0.123813
0.123819
0.123829
0.123836
0.123825
0.123837
0.123847
0.123847
0.123849
0.123849
0.123855
0.123845
0.123844
0.123845
0.123838
0.123826
0.123827
0.123827
0.123831
0.123838
0.123829
0.123837
0.123832
0.123826
0.123825
0.123824
0.123824
0.123817
0.123821
0.123819
0.123825
0.123828
0.123825
0.123826
0.123822
0.123823
0.123824
0.123819
0.123827
0.123832
0.123828
0.123827
0.123831
0.123842
0.123847
0.123846
0.123832
0.123818
0.123824
0.123814
0.12381
0.123805
0.123798
0.123793
0.123794
0.123784
0.123784
0.1238
0.123801
0.12381
0.123816
0.12381
0.123807
0.123803
0.123809
0.123812
0.123815
0.123805
0.1238
0.123798
0.123801
0.123797
0.123804
0.123802
0.123804
0.12382
0.123812
0.123825
0.123818
0.123823
0.12382
0.123824
0.123831
0.123843
0.123847
0.123848
0.123851
0.12385
0.123843
0.123845
0.123837
0.123832
0.123827
0.123823
0.123826
0.123824
0.123833
0.123834
0.12383
0.123842
0.123839
0.123847
0.123849
0.123853
0.123851
0.123855
0.123855
0.123854
0.123852
0.123857
0.123863
0.12386
0.123857
0.123862
0.123863
0.123867
0.123861
0.123865
0.123861
0.123856
0.123859
0.123857
0.123859
0.12386
0.123861
0.123852
0.123848
0.123854
0.123848
0.123861
0.123867
0.12387
0.123871
0.123865
0.123863
0.123857
0.123851
0.123848
0.123852
0.123844
0.123851
0.123846
0.123854
0.12385
0.123859
0.123874
0.123868
0.12387
0.123865
0.123856
0.123859
0.123854
0.123853
0.123858
0.123855
0.123863
0.12386
0.123856
0.123851
0.12386
0.123864
0.123857
0.12386
0.123863
0.123857
0.123862
0.123875
0.123874
0.123872
0.123881
0.12388
0.123877
0.123874
0.12388
0.123885
0.123891
0.1239
0.1239
0.123911
0.123908
0.123905
0.123904
0.123891
0.123891
0.123883
0.123888
0.123886
0.12388
0.123875
0.123865
0.123858
0.123853
0.123858
0.123861
0.12385
0.123847
0.123847
0.123844
0.123835
0.123837
0.123831
0.123835
0.123847
0.123841
0.123842
0.123837
0.123827
0.123827
0.123825
0.123822
0.123825
0.123821
0.123816
0.123816
0.123809
0.123806
0.123803
0.123793
0.123784
0.123774
0.123776
0.123779
0.123784
0.123776
0.123783
0.123776
0.12377
0.12376
0.123756
0.123751
0.123758
0.123763
0.123774
0.12377
0.123776
0.123776
0.123787
0.123784
0.123785
0.123782
0.123782
0.123777
0.123766
0.123766
0.123774
0.123774
0.123779
0.123777
0.123781
0.123779
0.123785
0.123784
0.123775
0.123773
0.123774
0.123787
0.123787
0.12379
0.123784
0.123782
0.123781
0.123772
0.123773
0.123772
0.123767
0.123766
0.123759
0.123756
0.123757
0.123763
0.123762
0.123764
0.123766
0.123763
0.123757
0.123752
0.123745
0.123745
0.12375
0.123758
0.123757
0.123764
0.123761
0.123752
0.123752
0.123744
0.123738
0.123739
0.123741
0.123737
0.123738
0.123742
0.123739
0.123748
0.123752
0.12375
0.12375
0.123749
0.123749
0.123752
0.123751
0.123749
0.12375
0.123753
0.123757
0.123747
0.123752
0.123749
0.123754
0.123748
0.123743
0.123742
0.123744
0.123745
0.123738
0.123738
0.123743
0.123737
0.123739
0.12374
0.123735
0.123734
0.123732
0.123732
0.123734
0.123728
0.123722
0.12372
0.12371
0.123706
0.123704
0.123703
0.123707
0.123705
0.123719
0.123723
0.123726
0.123744
0.123743
0.123738
0.123737
0.123748
0.123747
0.123746
0.123742
0.123742
0.123737
0.123742
0.123735
0.123742
0.123745
0.123736
0.123739
0.123737
0.12373
0.123725
0.123732
0.123731
0.123729
0.123724
0.123713
0.123719
0.123718
0.123725
0.123734
0.123731
0.123737
0.123737
0.123731
0.123734
0.123736
0.123737
0.123734
0.123739
0.123731
0.123725
0.123724
0.123725
0.123723
0.123719
0.123731
0.123732
0.12374
0.123732
0.123735
0.123731
0.123738
0.12374
0.123739
0.123741
0.123748
0.123744
0.123747
0.123749
0.123744
0.123743
0.123748
0.123749
0.12375
0.123749
0.123748
0.123758
0.123765
0.123759
0.123765
0.123768
0.123762
0.123762
0.123761
0.12376
0.123765
0.123756
0.123753
0.123753
0.123757
0.12375
0.123746
0.123747
0.123739
0.123741
0.123742
0.123733
0.123735
0.123735
0.123738
0.123734
0.123729
0.123731
0.123724
0.123724
0.123732
0.123729
0.123727
0.123719
0.123718
0.123728
0.123721
0.123723
0.123716
0.123705
0.123712
0.123724
0.123734
0.123729
0.123739
0.123733
0.123728
0.123727
0.12373
0.12373
0.12372
0.123718
0.123713
0.123721
0.123725
0.123727
0.123723
0.123707
0.123711
0.123705
0.123712
0.123718
0.12372
0.123723
0.123724
0.123729
0.123738
0.123739
0.123735
0.123758
0.12376
0.12377
0.123764
0.123762
0.123756
0.123764
0.123769
0.123758
0.123759
0.123762
0.123758
0.12375
0.123754
0.123747
0.123746
0.123742
0.123741
0.123733
0.12373
0.123729
0.123728
0.123733
0.123729
0.123733
0.123723
0.123727
0.123722
0.123725
0.123724
0.123718
0.123725
0.123725
0.123727
0.123727
0.123726
0.123725
0.123723
0.12372
0.123723
0.123732
0.123735
0.123741
0.123738
0.123735
0.12374
0.123741
0.123748
0.123738
0.123728
0.123736
0.12374
0.123735
0.123741
0.123741
0.123734
0.123726
0.123724
0.123723
0.123717
0.123716
0.123711
0.123704
0.123699
0.12371
0.123703
0.123702
0.123705
0.123702
0.123702
0.1237
0.123694
0.123693
0.123683
0.123679
0.123681
0.123683
0.123676
0.123676
0.123675
0.123679
0.123681
0.123679
0.123666
0.123664
0.123667
0.123673
0.123666
0.123675
0.123676
0.123674
0.123677
0.123671
0.123675
0.123678
0.123677
0.123676
0.123677
0.123674
0.123676
0.123666
0.123669
0.123662
0.123674
0.123676
0.123675
0.123676
0.123683
0.123689
0.123686
0.123684
0.123688
0.123685
0.123683
0.12368
0.123685
0.12368
0.123688
0.12369
0.123688
0.123688
0.123684
0.123687
0.123686
0.123689
0.123693
0.123698
0.123699
0.123703
0.123702
0.1237
0.123714
0.123712
0.123711
0.123703
0.123704
0.123692
0.123683
0.123682
0.12369
0.123686
0.123684
0.123692
0.123685
0.123684
0.123687
0.123684
0.123679
0.123681
0.12368
0.123682
0.123685
0.123697
0.123696
0.12371
0.123708
0.123699
0.123693
0.123702
0.123702
0.123709
0.123704
0.123703
0.123696
0.123686
0.12369
0.123697
0.12369
0.123683
0.123694
0.123699
0.123696
0.123696
0.123691
0.123684
0.123681
0.123688
0.123694
0.123691
0.123685
0.123685
0.123686
0.123683
0.123694
0.123699
0.123693
0.123711
0.123709
0.123716
0.123709
0.123713
0.123708
0.123716
0.123715
0.12371
0.123703
0.123703
0.123701
0.123705
0.123707
0.123701
0.123696
0.1237
0.123708
0.123706
0.123713
0.123718
0.123719
0.123725
0.123723
0.123724
0.123724
0.123716
0.123721
0.123722
0.123729
0.123734
0.123743
0.123745
0.123746
0.123744
0.123741
0.12374
0.123729
0.123732
0.123732
0.123731
0.12373
0.123729
0.123727
0.123739
0.123743
0.123739
0.123738
0.123739
0.123736
0.123729
0.123728
0.123726
0.123725
0.123725
0.123731
0.123736
0.123732
0.123729
0.123741
0.123732
0.12374
0.123733
0.123726
0.123729
0.123725
0.123725
0.123718
0.123721
0.12373
0.123724
0.123729
0.123725
0.123723
0.123721
0.123723
0.123717
0.123712
0.123716
0.12372
0.123716
0.123724
0.123726
0.123721
0.123723
0.123727
0.123724
0.12373
0.123728
0.123726
0.12373
0.123727
0.123745
0.123741
0.123732
0.123734
0.123742
0.123741
0.123742
0.123748
0.123747
0.123741
0.123752
0.123754
0.123757
0.123758
0.123759
0.123761
0.123762
0.123769
0.123761
0.12376
0.123752
0.123742
0.123742
0.123745
0.123747
0.123753
0.123763
0.123762
0.123774
0.123778
0.123776
0.12378
0.123774
0.123769
0.123766
0.123768
0.123767
0.123775
0.123771
0.123773
0.123767
0.123764
0.123757
0.123757
0.123755
0.123758
0.123758
0.123761
0.123749
0.123754
0.123759
0.12376
0.123755
0.12375
0.123749
0.123749
0.123747
0.123746
0.123747
0.123741
0.123745
0.123749
0.123749
0.12376
0.123774
0.123773
0.123775
0.12378
0.12378
0.123781
0.123784
0.123781
0.123788
0.123788
0.123782
0.123789
0.123793
0.123793
0.123786
0.123788
0.123779
0.123785
0.123782
0.123783
0.123778
0.12377
0.12377
0.123771
0.123768
0.123771
0.123781
0.123787
0.123798
0.123792
0.123793
0.123791
0.123791
0.123793
0.1238
0.123804
0.123803
0.1238
0.123801
0.12379
0.12379
0.1238
0.123797
0.123789
0.123782
0.123792
0.123804
0.123804
0.123808
0.123806
0.123808
0.123808
0.123811
0.123818
0.123817
0.123818
0.123817
0.123814
0.123807
0.123805
0.123806
0.123807
0.123812
0.123809
0.12381
0.123813
0.123811
0.123808
0.123805
0.123804
0.123807
0.123812
0.123806
0.123809
0.123813
0.123806
0.123804
0.123807
0.123793
0.123788
0.123786
0.123795
0.123798
0.123791
0.123789
0.123785
0.123786
0.123779
0.123773
0.123775
0.123783
0.123782
0.123783
0.123786
0.123787
0.123787
0.123792
0.123795
0.123786
0.12379
0.123793
0.123793
0.123786
0.123779
0.123777
0.123775
0.123782
0.123798
0.1238
0.123804
0.123805
0.123809
0.123802
0.1238
0.123805
0.123805
0.123802
0.123802
0.123799
0.123798
0.123794
0.123797
0.1238
0.123801
0.123798
0.123795
0.123787
0.123788
0.123781
0.123777
0.123779
0.123774
0.123783
0.123777
0.123763
0.123753
0.123754
0.123762
0.123769
0.123768
0.123765
0.123766
0.123757
0.123758
0.123754
0.123751
0.123756
0.123745
0.123747
0.123743
0.123743
0.123751
0.123751
0.123748
0.123746
0.123744
0.123741
0.123743
0.123742
0.123741
0.12374
0.123745
0.123737
0.123743
0.123744
0.123741
0.123746
0.123743
0.123754
0.123754
0.123746
0.123741
0.123738
0.123734
0.123752
0.123748
0.123749
0.123756
0.123754
0.123753
0.123749
0.123738
0.123735
0.123747
0.12374
0.123736
0.123733
0.123735
0.123733
0.123731
0.123724
0.123725
0.123719
0.123727
0.123722
0.123716
0.123716
0.123719
0.123721
0.123715
0.123714
0.123707
0.123709
0.123707
0.123709
0.12371
0.123713
0.123711
0.123707
0.123708
0.123707
0.123707
0.123705
0.1237
0.123697
0.123693
0.123691
0.123688
0.123698
0.1237
0.123703
0.123718
0.123706
0.123708
0.123712
0.123717
0.123714
0.123716
0.123719
0.123717
0.123719
0.12372
0.123715
0.123718
0.123716
0.123718
0.123711
0.123711
0.123716
0.123713
0.123715
0.123721
0.123713
0.123711
0.12372
0.123714
0.12371
0.123707
0.123701
0.123695
0.123691
0.123692
0.123696
0.123697
0.123697
0.123695
0.123693
0.123695
0.123702
0.123711
0.123708
0.123707
0.123698
0.123701
0.123701
0.123712
0.123708
0.123708
0.123707
0.123708
0.123707
0.123712
0.123714
0.123716
0.123723
0.123725
0.123721
0.123717
0.123721
0.12372
0.123729
0.123734
0.123741
0.123732
0.12373
0.123731
0.123727
0.123728
0.123727
0.123727
0.123726
0.123723
0.123719
0.123723
0.123725
0.123726
0.123737
0.123733
0.123738
0.123742
0.123735
0.123735
0.123739
0.123733
0.123736
0.123733
0.123731
0.123736
0.123737
0.123744
0.123746
0.123743
0.123741
0.123736
0.123741
0.123751
0.123757
0.123757
0.123758
0.12376
0.123762
0.123761
0.12376
0.123765
0.123772
0.123771
0.123773
0.123776
0.123787
0.123793
0.123794
0.123793
0.123795
0.123795
0.123798
0.123795
0.123804
0.123808
0.123811
0.123811
0.123815
0.123812
0.123815
0.12382
0.123813
0.123822
0.123818
0.123815
0.123805
0.123801
0.123807
0.123806
0.123801
0.123799
0.123799
0.123801
0.123802
0.123804
0.123803
0.123804
0.123809
0.123808
0.123806
0.123802
0.123802
0.123799
0.1238
0.123794
0.123798
0.123795
0.123802
0.1238
0.123803
0.123801
0.123801
0.123805
0.123805
0.123808
0.123802
0.123802
0.123799
0.123799
0.123804
0.123797
0.123793
0.123794
0.123802
0.123799
0.123799
0.123798
0.123798
0.123797
0.123794
0.123793
0.123797
0.123796
0.123789
0.123787
0.123785
0.123788
0.123789
0.123787
0.123785
0.123784
0.123784
0.123782
0.123792
0.123791
0.123785
0.123782
0.123782
0.123778
0.123782
0.123783
0.123787
0.123789
0.123781
0.123787
0.123792
0.123792
0.123801
0.123795
0.123797
0.123792
0.123789
0.123788
0.123782
0.123782
0.123784
0.123781
0.123787
0.123783
0.123785
0.123788
0.123782
0.123776
0.123772
0.123772
0.123768
0.123768
0.123766
0.123764
0.123764
0.123772
0.123776
0.123772
0.123783
0.123787
0.123786
0.123792
0.123795
0.123794
0.12379
0.123788
0.123788
0.123794
0.123791
0.12379
0.12379
0.123787
0.123787
0.12379
0.123794
0.123795
0.123785
0.123785
0.123789
0.123783
0.12379
0.123791
0.123792
0.123793
0.123787
0.123799
0.123802
0.123797
0.123805
0.123804
0.123797
0.123793
0.123794
0.123799
0.123795
0.123791
0.123793
0.123795
0.123789
0.123794
0.123794
0.123786
0.123774
0.123773
0.12377
0.12378
0.123781
0.123778
0.123778
0.123775
0.123772
0.123776
0.123774
0.123777
0.123776
0.123775
0.12377
0.123767
0.123769
0.123776
0.12377
0.123762
0.123755
0.123746
0.123741
0.123744
0.123743
0.123741
0.123746
0.123747
0.123738
0.123738
0.123736
0.12374
0.123742
0.123739
0.123736
0.123728
0.123737
0.123737
0.123739
0.123745
0.123744
0.123736
0.123736
0.123725
0.123717
0.123717
0.123715
0.123711
0.123702
0.123706
0.123718
0.123714
0.123715
0.123716
0.123709
0.123705
0.123709
0.123707
0.123713
0.123713
0.12371
0.123703
0.1237
0.123697
0.123702
0.123697
0.123699
0.123698
0.123704
0.123714
0.123717
0.123718
0.123717
0.123714
0.123718
0.123726
0.123721
0.123723
0.123727
0.12373
0.123737
0.123729
0.123722
0.123735
0.123734
0.123734
0.123735
0.123737
0.123734
0.123734
0.123736
0.123728
0.123725
0.12372
0.123713
0.123724
0.123729
0.123731
0.12373
0.123729
0.123735
0.123735
0.123725
0.123723
0.123719
0.123721
0.123714
0.123711
0.123711
0.123712
0.123709
0.123711
0.123714
0.123711
0.123708
0.123699
0.123701
0.123703
0.123705
0.12371
0.123704
0.123707
0.123709
0.12371
0.123712
0.123715
0.123713
0.123713
0.123717
0.123717
0.123722
0.123724
0.123722
0.123715
0.123711
0.123703
0.123696
0.123691
0.123691
0.123689
0.123692
0.123694
0.1237
0.123697
0.123705
0.123705
0.123706
0.123714
0.123717
0.12372
0.123722
0.123716
0.123716
0.123713
0.123711
0.123703
0.12371
0.123714
0.123711
0.123708
0.12371
0.123708
0.123714
0.123713
0.12371
0.123715
0.123713
0.123708
0.123712
0.123716
0.123718
0.123719
0.123719
0.123729
0.123729
0.123731
0.123731
0.123733
0.123731
0.123722
0.123718
0.123721
0.123726
0.123721
0.123723
0.123714
0.12372
0.123719
0.123713
0.123716
0.123715
0.123709
0.123702
0.123702
0.123699
0.123696
0.123691
0.123682
0.12368
0.123682
0.123681
0.123675
0.123671
0.123671
0.123672
0.123672
0.123667
0.123667
0.123668
0.123673
0.123671
0.123669
0.123667
0.123672
0.123677
0.123667
0.123674
0.123675
0.123675
0.123668
0.123672
0.123672
0.123684
0.123678
0.123677
0.123672
0.123667
0.123657
0.123668
0.123664
0.123651
0.123648
0.123639
0.123631
0.123625
0.123628
0.123628
0.123626
0.123632
0.123636
0.123629
0.123625
0.123629
0.123632
0.123636
0.12363
0.123631
0.123639
0.123639
0.12364
0.123639
0.12364
0.123639
0.123635
0.123637
0.123637
0.123634
0.123638
0.123638
0.123639
0.123647
0.123646
0.123646
0.123645
0.123648
0.12365
0.123648
0.123641
0.123637
0.123637
0.123637
0.123636
0.123637
0.123636
0.123637
0.123639
0.123639
0.123638
0.123638
0.12364
0.123644
0.123649
0.123655
0.123654
0.123659
0.123659
0.123665
0.123672
0.123668
0.123666
0.123671
0.123668
0.123676
0.123676
0.123679
0.123681
0.123686
0.123684
0.123681
0.12368
0.123686
0.123688
0.123684
0.123695
0.123692
0.12369
0.123684
0.123689
0.123686
0.12369
0.123686
0.123691
0.123682
0.123674
0.123671
0.123665
0.123666
0.123662
0.123665
0.123661
0.123665
0.123667
0.123673
0.123675
0.123673
0.123669
0.12367
0.123666
0.123663
0.123663
0.123671
0.123667
0.123656
0.123658
0.123667
0.12366
0.123661
0.12366
0.123657
0.123653
0.123655
0.123656
0.123655
0.123663
0.123666
0.123675
0.123677
0.123673
0.123675
0.123675
0.123669
0.123674
0.123673
0.123691
0.123686
0.123685
0.123684
0.123688
0.1237
0.123696
0.123697
0.123692
0.123688
0.123689
0.123685
0.123678
0.123679
0.123684
0.123683
0.123686
0.123691
0.123688
0.123692
0.123699
0.123697
0.123707
0.123707
0.123703
0.123698
0.123694
0.12369
0.123684
0.123682
0.123688
0.123688
0.123686
0.123688
0.123688
0.123692
0.123696
0.123697
0.123699
0.123698
0.123701
0.123709
0.123712
0.123709
0.123711
0.123708
0.123712
0.123711
0.123721
0.123727
0.12372
0.123722
0.123723
0.12372
0.123714
0.123719
0.123723
0.123731
0.123737
0.123736
0.123734
0.123735
0.123731
0.123728
0.123721
0.123725
0.12372
0.12373
0.123726
0.123729
0.123727
0.123732
0.123733
0.123735
0.123735
0.123736
0.12374
0.12374
0.123743
0.123739
0.123738
0.123735
0.123742
0.12374
0.123737
0.12373
0.123732
0.123733
0.123735
0.123744
0.12374
0.123737
0.123733
0.123733
0.123731
0.123729
0.123735
0.123738
0.123734
0.123728
0.123732
0.123734
0.123736
0.123744
0.123742
0.123743
0.123743
0.123742
0.123743
0.123742
0.123743
0.123743
0.123744
0.123745
0.123745
0.12375
0.123748
0.123739
0.123741
0.123737
0.123741
0.123748
0.123746
0.12375
0.12375
0.123749
0.12375
0.123749
0.123746
0.123741
0.123735
0.123733
0.123731
0.123718
0.123719
0.123709
0.123717
0.123716
0.123716
0.123727
0.123718
0.123728
0.123726
0.123727
0.123732
0.123733
0.123736
0.123744
0.123737
0.123736
0.123742
0.123738
0.123738
0.123738
0.123736
0.123731
0.123729
0.123735
0.123742
0.123746
0.123755
0.123756
0.123757
0.123761
0.123759
0.123765
0.123765
0.12376
0.123764
0.12376
0.123759
0.123759
0.123756
0.123762
0.123759
0.123761
0.123764
0.123764
0.123765
0.123762
0.123761
0.123755
0.123756
0.123755
0.123752
0.123754
0.123752
0.123746
0.123744
0.123741
0.123744
0.12374
0.123745
0.123745
0.123748
0.123752
0.123753
0.123751
0.123747
0.123746
0.123746
0.123745
0.123745
0.12375
0.123748
0.123754
0.123751
0.12376
0.123752
0.123753
0.123751
0.12375
0.123754
0.123768
0.123764
0.123761
0.123762
0.123759
0.123763
0.123759
0.123758
0.123767
0.123761
0.123764
0.123765
0.123766
0.123764
0.123767
0.123768
0.123771
0.123774
0.123769
0.123771
0.123767
0.12377
0.123766
0.123769
0.12377
0.12377
0.123765
0.123761
0.123767
0.12377
0.12377
0.12377
0.123771
0.123765
0.123772
0.123774
0.12378
0.123774
0.123771
0.123775
0.123772
0.123769
0.123775
0.12378
0.123787
0.123787
0.123791
0.123794
0.123796
0.123798
0.123797
0.123794
0.1238
0.123805
0.123804
0.123807
0.123809
0.123804
0.123801
0.123798
0.123799
0.123802
0.123807
0.123805
0.123817
0.123803
0.123795
0.123799
0.123801
0.123794
0.12379
0.123793
0.123787
0.123788
0.123783
0.123786
0.123782
0.123782
0.123787
0.123785
0.123782
0.123774
0.123778
0.123778
0.123776
0.123778
0.123777
0.123776
0.123775
0.123783
0.123788
0.123786
0.123787
0.123792
0.123795
0.123799
0.123802
0.123801
0.123798
0.123798
0.123788
0.123783
0.123788
0.123784
0.123785
0.123792
0.123792
0.123786
0.123779
0.123785
0.123789
0.123791
0.123792
0.123796
0.123798
0.123799
0.123797
0.123795
0.123793
0.123797
0.123798
0.123796
0.123813
0.123813
0.123814
0.123816
0.123822
0.12382
0.123813
0.123811
0.123809
0.123812
0.123804
0.123804
0.1238
0.123806
0.123805
0.123802
0.123803
0.123803
0.123808
0.123817
0.123822
0.123816
0.123815
0.123813
0.123812
0.123815
0.123807
0.12381
0.123811
0.123804
0.1238
0.123803
0.123801
0.123797
0.123805
0.123809
0.123812
0.123818
0.123815
0.123815
0.123817
0.123818
0.123815
0.123823
0.123826
0.123824
0.123826
0.12382
0.123823
0.123825
0.123823
0.123818
0.123815
0.123813
0.123809
0.123806
0.123808
0.123805
0.123806
0.123807
0.123808
0.123811
0.123816
0.12382
0.123821
0.123818
0.123815
0.123812
0.123814
0.123816
0.123824
0.123827
0.123839
0.12384
0.123834
0.123841
0.123834
0.123836
0.123836
0.12384
0.123838
0.123837
0.123837
0.12384
0.123843
0.123837
0.12383
0.123823
0.12382
0.123824
0.123822
0.123825
0.123822
0.123822
0.123814
0.123814
0.123818
0.123817
0.123812
0.123812
0.123808
0.12381
0.123805
0.123807
0.1238
0.123802
0.123813
0.12382
0.123823
0.123826
0.123822
0.12382
0.123819
0.123827
0.123824
0.123828
0.123827
0.123823
0.123821
0.123822
0.123826
0.12382
0.123819
0.123831
0.12383
0.12384
0.123839
0.12384
0.123845
0.12384
0.123846
0.123838
0.123838
0.123837
0.123832
0.123829
0.123832
0.123834
0.123838
0.123836
0.123833
0.123835
0.123829
0.123824
0.123829
0.123825
0.123824
0.12383
0.123829
0.123832
0.12383
0.123827
0.12383
0.123834
0.123831
0.123832
0.123839
0.123844
0.123836
0.123829
0.123829
0.123831
0.123816
0.123817
0.123815
0.123806
0.123809
0.123816
0.123814
0.123816
0.123817
0.123817
0.123814
0.123814
0.123812
0.123805
0.123809
0.123809
0.123816
0.123821
0.123817
0.12382
0.123821
0.123827
0.123822
0.12382
0.123815
0.123816
0.123824
0.123822
0.123823
0.123817
0.123821
0.123821
0.123819
0.123822
0.123818
0.123813
0.123817
0.123823
0.12382
0.123823
0.123821
0.123816
0.12381
0.123819
0.123828
0.12383
0.123832
0.123823
0.123824
0.123823
0.123817
0.123816
0.123818
0.123826
0.123819
0.123824
0.123831
0.123829
0.123832
0.12383
0.123836
0.123837
0.12385
0.123851
0.123861
0.123859
0.123861
0.123859
0.12386
0.123853
0.123855
0.123861
0.123865
0.123859
0.123859
0.123857
0.123851
0.123854
0.123856
0.123861
0.123862
0.123861
0.123858
0.123862
0.123857
0.123856
0.12385
0.123857
0.123848
0.123856
0.123853
0.123849
0.123852
0.12385
0.12385
0.123855
0.123855
0.123867
0.123866
0.123869
0.123864
0.123864
0.123864
0.12386
0.123864
0.123861
0.123859
0.123851
0.123848
0.123847
0.123849
0.123853
0.123853
0.123858
0.123852
0.123857
0.12386
0.123856
0.123854
0.123853
0.123852
0.123851
0.123857
0.123855
0.123851
0.123853
0.123844
0.123844
0.123848
0.123843
0.123837
0.123843
0.123843
0.123843
0.123836
0.123831
0.123829
0.123825
0.123823
0.123827
0.123831
0.123828
0.123829
0.12383
0.123831
0.123832
0.123835
0.123832
0.123831
0.123826
0.123827
0.123828
0.123824
0.123831
0.123823
0.123819
0.123821
0.12382
0.123816
0.123817
0.12381
0.123815
0.123814
0.123816
0.12381
0.123802
0.123805
0.12381
0.123805
0.123808
0.123808
0.12381
0.12381
0.123809
0.12382
0.123819
0.123811
0.123809
0.1238
0.123795
0.123792
0.123791
0.123788
0.123785
0.123787
0.123785
0.12379
0.12379
0.123786
0.12379
0.123798
0.123799
0.123795
0.1238
0.123796
0.123795
0.123805
0.123816
0.12382
0.123823
0.123833
0.123835
0.123839
0.123831
0.123836
0.123838
0.123843
0.123842
0.123841
0.123837
0.123846
0.123843
0.123847
0.123861
0.123866
0.123859
0.123853
0.123849
0.12385
0.123842
0.123849
0.123847
0.123848
0.123847
0.123844
0.123847
0.123853
0.123854
0.123854
0.123854
0.123858
0.123851
0.123847
0.123843
0.123838
0.123842
0.123839
0.123844
0.123846
0.123854
0.123848
0.123857
0.123853
0.12385
0.123842
0.123838
0.123835
0.123844
0.123842
0.12384
0.123848
0.123851
0.123858
0.123861
0.123856
0.123852
0.123857
0.123855
0.123855
0.123856
0.123854
0.123853
0.123854
0.123849
0.123845
0.123849
0.12384
0.123852
0.123853
0.123851
0.123849
0.123844
0.123844
0.123837
0.123835
0.12383
0.123831
0.123826
0.123827
0.123825
0.123826
0.123832
0.123832
0.123828
0.123832
0.123825
0.123831
0.123838
0.123837
0.123834
0.123835
0.123834
0.123829
0.123834
0.123839
0.123842
0.123848
0.123838
0.123838
0.123843
0.123836
0.123839
0.123837
0.12384
0.123834
0.123837
0.123843
0.123845
0.123847
0.123843
0.123847
0.123853
0.123858
0.123856
0.123858
0.123865
0.123866
0.123858
0.12387
0.123863
0.123865
0.123866
0.123864
0.12386
0.123857
0.123857
0.123861
0.123853
0.12385
0.12385
0.123851
0.123851
0.12385
0.123854
0.123851
0.123851
0.123851
0.123853
0.123858
0.123859
0.123861
0.123861
0.123862
0.123866
0.123861
0.123854
0.123863
0.123857
0.123852
0.123846
0.123845
0.123842
0.123838
0.123836
0.123838
0.123837
0.123836
0.123833
0.123837
0.123845
0.123841
0.123842
0.123837
0.123836
0.123846
0.123849
0.123858
0.123859
0.123862
0.12386
0.12386
0.12386
0.123854
0.123855
0.123853
0.123859
0.123857
0.123861
0.12386
0.123866
0.123867
0.123868
0.123864
0.123863
0.123862
0.123856
0.123856
0.123855
0.123848
0.123857
0.123865
0.123868
0.123871
0.123868
0.123872
0.123873
0.123872
0.123868
0.123864
0.123871
0.123871
0.123873
0.123871
0.123873
0.123869
0.123868
0.123871
0.123876
0.123886
0.123884
0.123883
0.12389
0.123894
0.123894
0.123889
0.123881
0.12388
0.123884
0.123884
0.123885
0.12389
0.123893
0.123891
0.123894
0.123893
0.123888
0.123883
0.123882
0.12389
0.123886
0.12389
0.123888
0.123885
0.123884
0.123885
0.123882
0.123876
0.123875
0.123873
0.123876
0.123878
0.123876
0.123872
0.123876
0.123876
0.123871
0.123865
0.123859
0.123866
0.123876
0.123874
0.123876
0.123874
0.123879
0.123879
0.123882
0.123886
0.123881
0.123886
0.123883
0.123885
0.123889
0.123883
0.123886
0.123889
0.123898
0.123902
0.123903
0.123902
0.123907
0.123911
0.123908
0.123908
0.123916
0.123913
0.123917
0.123922
0.123923
0.123923
0.123924
0.123928
0.123925
0.123927
0.123923
0.12392
0.123919
0.123924
0.123921
0.12393
0.123932
0.123928
0.12393
0.123934
0.123932
0.123937
0.12394
0.123942
0.123946
0.123944
0.123944
0.123943
0.123949
0.123946
0.123938
0.123941
0.123942
0.12395
0.123955
0.123957
0.123954
0.123956
0.123961
0.123959
0.123958
0.123955
0.123956
0.123953
0.123951
0.123949
0.123948
0.123945
0.123949
0.123949
0.123947
0.123942
0.123954
0.123958
0.123964
0.123961
0.123955
0.123961
0.123957
0.123956
0.123951
0.123955
0.123954
0.123954
0.123953
0.12395
0.123949
0.123955
0.123956
0.123957
0.12396
0.12396
0.12396
0.123973
0.123982
0.123981
0.123985
0.123991
0.123983
0.123984
0.123983
0.123986
0.123989
0.123985
0.123993
0.123994
0.123997
0.123993
0.123988
0.123991
0.123986
0.123982
0.123979
0.123989
0.123987
0.123989
0.123989
0.123988
0.123983
0.123985
0.123982
0.123996
0.123993
0.123994
0.123999
0.123995
0.123995
0.123994
0.123997
0.123999
0.123993
0.123999
0.123995
0.123996
0.123992
0.123995
0.124007
0.124002
0.124003
0.123996
0.123995
0.123995
0.123999
0.124
0.124003
0.124006
0.124015
0.124016
0.124019
0.124018
0.12402
0.124019
0.124014
0.124013
0.124014
0.124016
0.124009
0.124009
0.123999
0.123996
0.123993
0.123994
0.123997
0.124003
0.124012
0.124011
0.12402
0.124028
0.124028
0.124021
0.124014
0.124013
0.124008
0.124002
0.124007
0.12401
0.124009
0.124006
0.124007
0.124006
0.124007
0.124005
0.124007
0.124005
0.124005
0.123997
0.123995
0.123996
0.12399
0.123988
0.123982
0.123977
0.123977
0.123974
0.123972
0.123975
0.123972
0.123969
0.123971
0.123971
0.123968
0.123972
0.123967
0.12397
0.123974
0.12398
0.123992
0.123991
0.123991
0.123986
0.123989
0.123991
0.123987
0.123985
0.123985
0.123979
0.123976
0.123976
0.123975
0.123975
0.123972
0.123966
0.123965
0.123966
0.123968
0.123966
0.123973
0.123972
0.123969
0.123966
0.123962
0.123968
0.123972
0.123974
0.123974
0.123968
0.123965
0.12397
0.123964
0.123971
0.123965
0.123966
0.123963
0.123961
0.12396
0.123958
0.123966
0.123961
0.12396
0.123957
0.123959
0.123957
0.123958
0.12396
0.123972
0.123966
0.123966
0.123969
0.123966
0.123963
0.123964
0.123962
0.123964
0.123964
0.123957
0.123957
0.123958
0.123957
0.123949
0.123948
0.123951
0.123955
0.123956
0.123951
0.123952
0.123945
0.12395
0.12395
0.123958
0.123954
0.123957
0.12396
0.123961
0.123956
0.123958
0.123959
0.12396
0.12396
0.123964
0.123964
0.123964
0.123962
0.123958
0.12396
0.123958
0.123956
0.123954
0.123958
0.123958
0.123954
0.123954
0.123955
0.123954
0.123959
0.12396
0.123962
0.123959
0.123959
0.123961
0.123963
0.123962
0.123965
0.123967
0.123967
0.123976
0.123976
0.12398
0.123982
0.123979
0.123979
0.123979
0.123979
0.123977
0.123973
0.123968
0.123967
0.123965
0.123961
0.123958
0.123954
0.123954
0.123958
0.123966
0.123965
0.12396
0.123967
0.123976
0.123968
0.123965
0.123969
0.12397
0.123967
0.12397
0.123976
0.123969
0.123968
0.12397
0.12397
0.123972
0.123972
0.123966
0.123968
0.123978
0.123978
0.123982
0.123985
0.123984
0.123982
0.123982
0.123988
0.123987
0.123984
0.123978
0.12398
0.123983
0.123981
0.123982
0.123982
0.123984
0.123988
0.123989
0.123982
0.123982
0.12398
0.123978
0.123976
0.123977
0.123978
0.12398
0.123984
0.123981
0.123981
0.123978
0.123974
0.123973
0.123965
0.123966
0.123964
0.123955
0.123954
0.123955
0.123954
0.123951
0.123948
0.123952
0.123955
0.123958
0.123963
0.123965
0.123966
0.123963
0.123968
0.123966
0.123964
0.12397
0.12397
0.123967
0.123976
0.123969
0.123972
0.12397
0.123973
0.123968
0.123965
0.123961
0.123955
0.123959
0.123962
0.123961
0.123963
0.123959
0.123958
0.123962
0.123964
0.123968
0.123973
0.123968
0.123971
0.123971
0.12397
0.123966
0.123962
0.123961
0.123962
0.123964
0.123964
0.123969
0.123973
0.123971
0.123965
0.123957
0.123952
0.123952
0.123951
0.123943
0.123938
0.123941
0.123947
0.123951
0.123952
0.12395
0.123949
0.123952
0.123953
0.123953
0.123956
0.123948
0.123943
0.123943
0.123948
0.12395
0.123957
0.123963
0.123965
0.123966
0.123974
0.123975
0.123976
0.123982
0.123978
0.123977
0.123975
0.123975
0.123974
0.123971
0.123962
0.123966
0.123967
0.123961
0.123961
0.123959
0.123957
0.123966
0.12396
0.123959
0.123956
0.123954
0.123954
0.123952
0.123953
0.123955
0.123955
0.12396
0.123966
0.123963
0.123959
0.123956
0.123956
0.123956
0.123968
0.123973
0.123971
0.123974
0.123975
0.123976
0.123978
0.123979
0.123985
0.123981
0.123987
0.123986
0.123987
0.123989
0.123988
0.123985
0.123986
0.123989
0.123988
0.123982
0.123984
0.123987
0.123979
0.123977
0.12398
0.123978
0.123983
0.123986
0.123983
0.123982
0.123984
0.123985
0.12398
0.123971
0.123974
0.123974
0.123976
0.123981
0.123993
0.123994
0.123986
0.123988
0.123981
0.123991
0.124
0.123996
0.123999
0.123991
0.123986
0.123991
0.123997
0.123996
0.124
0.123994
0.123999
0.124
0.124002
0.124004
0.124005
0.124003
0.124006
0.124007
0.12401
0.124006
0.124005
0.124013
0.124015
0.124007
0.124004
0.124001
0.124002
0.124001
0.124
0.124001
0.123997
0.123997
0.124002
0.124001
0.124004
0.124001
0.124005
0.123997
0.123993
0.123991
0.123989
0.123988
0.12399
0.123989
0.123985
0.123983
0.123985
0.123985
0.12398
0.123981
0.12398
0.123979
0.123978
0.123975
0.123976
0.123976
0.123975
0.123977
0.123973
0.123972
0.12397
0.123972
0.123981
0.123979
0.123975
0.12397
0.123964
0.123966
0.123968
0.123966
0.123965
0.123965
0.123966
0.123972
0.123969
0.123968
0.123974
0.123969
0.123972
0.123971
0.12397
0.12397
0.123969
0.12397
0.123966
0.123972
0.123974
0.123974
0.123972
0.123971
0.123971
0.123974
0.123978
0.123973
0.123974
0.123971
0.123968
0.123968
0.123967
0.123964
0.123965
0.123965
0.123963
0.12396
0.123965
0.123965
0.123958
0.12396
0.123952
0.12395
0.123954
0.123953
0.123952
0.123949
0.123947
0.123949
0.123954
0.123955
0.123961
0.123957
0.123958
0.123963
0.123962
0.123959
0.123962
0.123955
0.123954
0.123954
0.123952
0.123956
0.123957
0.123965
0.123971
0.123971
0.123971
0.123971
0.123971
0.123968
0.123967
0.123973
0.123977
0.123982
0.123982
0.123982
0.123978
0.123974
0.123976
0.123979
0.123976
0.123978
0.12397
0.123972
0.123978
0.123981
0.12398
0.123978
0.123982
0.123983
0.12398
0.123976
0.123974
0.123972
0.123978
0.123979
0.123984
0.123989
0.123984
0.12399
0.123986
0.123985
0.123976
0.123972
0.12397
0.123964
0.123963
0.123965
0.123968
0.123964
0.123963
0.12396
0.123954
0.123956
0.123958
0.123965
0.123958
0.123962
0.123968
0.123971
0.123973
0.12397
0.123973
0.123981
0.123979
0.123974
0.123982
0.123988
0.123988
0.123989
0.123991
0.123986
0.123986
0.123984
0.123987
0.123984
0.12398
0.123978
