3.179681211055426356e-09	2.964886294436466386e-15	6.495905360283529553e-15	1.000000000000000000e+00
6.359362422110852711e-09	-2.318551682544124412e-15	1.066604055696832388e-14	1.000000000000000000e+00
9.539043633166280721e-09	-3.110280395695650652e-14	6.643122323137250097e-14	1.000000000000000000e+00
1.271872484422170708e-08	2.316430400857789612e-13	3.353890850823537005e-13	1.000000000000000000e+00
1.589840605527713343e-08	9.902227960778648343e-14	2.699848977267724501e-13	1.000000000000000000e+00
1.907808726633256144e-08	5.990347994705584064e-14	1.456039948147996675e-13	1.000000000000000000e+00
2.225776847738798614e-08	2.927344779896638469e-12	8.527226644533218354e-13	1.000000000000000000e+00
2.543744968844341085e-08	1.219446656573358479e-14	9.220288526803773112e-15	1.000000000000000000e+00
2.861713089949884216e-08	6.520658718275027806e-15	4.341534184293202915e-15	1.000000000000000000e+00
3.179681211055426687e-08	6.799027606721270829e-15	2.929411828418157252e-15	1.000000000000000000e+00
3.497649332160969157e-08	1.663374873848978731e-15	2.219929108838756443e-15	1.000000000000000000e+00
3.815617453266511627e-08	3.541801485141042624e-15	1.205864562466028890e-15	1.000000000000000000e+00
4.133585574372054759e-08	8.712264786166190054e-16	1.485380040607458279e-15	1.000000000000000000e+00
4.451553695477597229e-08	5.071089974777503296e-16	8.570599557221665373e-16	1.000000000000000000e+00
4.769521816583139699e-08	8.150976305063763277e-16	9.046239014087038088e-16	1.000000000000000000e+00
5.087489937688682831e-08	2.094333492282350137e-15	1.054738286204054542e-15	1.000000000000000000e+00
5.405458058794225301e-08	5.500069466264358402e-16	1.018385608235306489e-15	1.000000000000000000e+00
5.723426179899767771e-08	-1.762124827425908058e-16	6.575917782332843506e-16	1.000000000000000000e+00
6.041394301005310903e-08	5.215536775341555010e-16	4.737748653569963569e-16	1.000000000000000000e+00
6.359362422110853373e-08	5.889491134651946848e-16	6.625842132599738458e-16	1.000000000000000000e+00
