3.179681211055445794e-09	-5.325238011853050530e-16	5.982688375884375878e-16	1.000000000000000000e+00
6.359362422110891589e-09	-1.462756644353429095e-18	4.497055486974947764e-16	1.000000000000000000e+00
9.539043633166336970e-09	-2.343639164111850013e-16	3.165569381485879958e-16	1.000000000000000000e+00
1.271872484422178318e-08	-2.564862302637235380e-16	3.519009151450351755e-16	1.000000000000000000e+00
1.589840605527722939e-08	2.222249447741870925e-17	3.158765554031186672e-16	1.000000000000000000e+00
1.907808726633267394e-08	-7.076654977883705855e-17	3.158705754299408667e-16	1.000000000000000000e+00
2.225776847738811849e-08	6.794842573157607188e-16	9.103192655133927510e-16	1.000000000000000000e+00
2.543744968844356636e-08	-1.728560796867337235e-16	3.158686109109117358e-16	1.000000000000000000e+00
2.861713089949901091e-08	7.395240639132381168e-17	3.297578388503999078e-16	1.000000000000000000e+00
3.179681211055445877e-08	-1.763659524551197146e-16	3.158795669509116376e-16	1.000000000000000000e+00
3.497649332160990332e-08	2.122167627006233680e-16	3.163708019662873340e-16	1.000000000000000000e+00
3.815617453266534788e-08	6.380496051031830127e-17	3.206973952022454870e-16	1.000000000000000000e+00
4.133585574372079243e-08	4.595052939105025326e-16	3.159992482813078526e-16	1.000000000000000000e+00
4.451553695477623699e-08	9.373670243858129687e-17	3.798063326371830815e-16	1.000000000000000000e+00
4.769521816583168816e-08	4.256139804481556775e-16	4.012580001146635471e-16	1.000000000000000000e+00
5.087489937688713271e-08	-4.325608253430751851e-16	3.174471816690403252e-16	1.000000000000000000e+00
5.405458058794257726e-08	1.044831775498936093e-16	4.223029011303682569e-16	1.000000000000000000e+00
5.723426179899802182e-08	1.993298631359866894e-16	3.158820226051122624e-16	1.000000000000000000e+00
6.041394301005346637e-08	-1.326600556451678551e-16	3.173536230313470329e-16	1.000000000000000000e+00
6.359362422110891754e-08	-3.139191966291849911e-17	3.187805723024980924e-16	1.000000000000000000e+00
