0.926931
0.717923
0.648684
0.598236
0.552104
0.533575
0.512603
0.498758
0.486332
0.472167
0.467818
0.463796
0.458833
0.45415
0.448531
0.445476
0.441455
0.440441
0.438846
0.435291
0.434624
0.433158
0.43179
0.429104
0.428662
0.427132
0.424593
0.424172
0.424168
0.423727
0.423403
0.420172
0.418743
0.417982
0.417924
0.416896
0.415793
0.415037
0.416248
0.416275
0.415162
0.413996
0.414454
0.412541
0.412242
0.412607
0.411487
0.41031
0.409445
0.409376
0.408862
0.408997
0.408156
0.405854
0.404772
0.403902
0.403488
0.403477
0.403628
0.403846
0.404499
0.403904
0.403584
0.404085
0.402881
0.40247
0.401758
0.401191
0.40147
0.40161
0.401799
0.402495
0.40259
0.402106
0.401552
0.401573
0.400975
0.399475
0.399096
0.398623
0.39863
0.398798
0.398584
0.399009
0.398901
0.399146
0.399877
0.399914
0.400028
0.399818
0.400049
0.399787
0.399715
0.399516
0.399654
0.399018
0.398774
0.398365
0.398355
0.398313
0.398593
0.398312
0.398346
0.39797
0.397813
0.397904
0.397553
0.397295
0.397348
0.396784
0.396852
0.397297
0.397137
0.396512
0.396439
0.395913
0.395499
0.394998
0.395157
0.394486
0.394575
0.395221
0.395243
0.395535
0.3952
0.39496
0.395015
0.394608
0.394259
0.394035
0.394423
0.394047
0.394271
0.394536
0.394146
0.393855
0.393914
0.393735
0.393347
0.393282
0.393517
0.393275
0.393195
0.393432
0.39363
0.393584
0.392956
0.393344
0.393522
0.394059
0.394135
0.394067
0.394207
0.394291
0.394415
0.394038
0.393926
0.394074
0.394386
0.394416
0.394036
0.394105
0.393614
0.393753
0.393576
0.393311
0.393333
0.393251
0.393282
0.39363
0.393659
0.393743
0.393933
0.393875
0.393768
0.394216
0.394317
0.394462
0.394753
0.394696
0.39475
0.395088
0.395506
0.395634
0.395569
0.395322
0.39502
0.395138
0.394816
0.394524
0.394518
0.394654
0.394968
0.395476
0.395228
0.395374
0.395702
0.395598
0.395654
0.39545
0.395219
0.395573
0.39563
0.39556
0.3955
0.39535
0.39531
0.395165
0.395368
0.395433
0.395267
0.395318
0.395036
0.395052
0.395239
0.395106
0.395034
0.394965
0.394962
0.394968
0.394674
0.394875
0.394792
0.394798
0.394677
0.394786
0.394863
0.39503
0.394956
0.395249
0.395304
0.395382
0.39542
0.395121
0.395241
0.395488
0.395525
0.395613
0.395889
0.395984
0.396134
0.395959
0.396141
0.396354
0.3964
0.396457
0.396394
0.396273
0.396243
0.396214
0.396284
0.39628
0.39614
0.396178
0.396041
0.396086
0.39604
0.39615
0.396103
0.396146
0.396136
0.395891
0.396004
0.396085
0.396134
0.396112
0.396065
0.396091
0.395718
0.395745
0.395829
0.395858
0.395873
0.395872
0.396056
0.396071
0.396221
0.396331
0.396355
0.396307
0.396405
0.396774
0.396913
0.396903
0.396981
0.397127
0.397223
0.39715
0.39707
0.396847
0.396627
0.396518
0.396497
0.396688
0.396636
0.396538
0.396487
0.396499
0.396591
0.3966
0.396706
0.396631
0.396726
0.396861
0.39674
0.396692
0.396558
0.396413
0.396614
0.396685
0.396662
0.396764
0.397007
0.397077
0.397215
0.397358
0.397453
0.397505
0.397438
0.397477
0.397496
0.397295
0.397243
0.397236
0.397248
0.397289
0.397279
0.397388
0.397445
0.397507
0.397577
0.397628
0.397599
0.397655
0.397885
0.3981
0.398078
0.398033
0.39807
0.398178
0.398236
0.39836
0.398312
0.398425
0.398464
0.398359
0.398339
0.398225
0.398297
0.398316
0.39828
0.398217
0.398377
0.398414
0.398426
0.39827
0.398328
0.398392
0.398502
0.398551
0.398649
0.398638
0.398438
0.398497
0.398572
0.398757
0.398782
0.398643
0.398636
0.398572
0.398724
0.398551
0.398693
0.398732
0.398743
0.398808
0.398744
0.398798
0.398584
0.398598
0.398522
0.398482
0.398402
0.398472
0.398654
0.398611
0.398729
0.398712
0.398874
0.398849
0.398975
0.39901
0.399176
0.399207
0.399167
0.399179
0.399149
0.399335
0.399517
0.39954
0.399609
0.399605
0.39952
0.399501
0.399562
0.399445
0.399518
0.399542
0.399589
0.399476
0.399502
0.399579
0.399638
0.39963
0.39974
0.399886
0.399847
0.399952
0.400052
0.400081
0.400171
0.400069
0.400129
0.400105
0.400334
0.400455
0.400454
0.400434
0.400467
0.400392
0.40047
0.400495
0.400565
0.400617
0.400585
0.40068
0.400599
0.400665
0.400721
0.400704
0.400834
0.400902
0.400998
0.400941
0.400992
0.401051
0.401134
0.401166
0.401208
0.401233
0.40129
0.401216
0.401221
0.401139
0.401167
0.40115
0.401175
0.40117
0.401131
0.401056
0.400988
0.400927
0.400998
0.400986
0.400849
0.400661
0.40068
0.400617
0.400663
0.400778
0.40087
0.400858
0.400877
0.400864
0.400969
0.401058
0.401174
0.401153
0.401194
0.401208
0.401142
0.401268
0.401233
0.401253
0.40136
0.401429
0.401322
0.401389
0.40131
0.401255
0.401208
0.401082
0.401101
0.401123
0.401214
0.401281
0.401204
0.401263
0.401251
0.401256
0.401299
0.401346
0.401461
0.401398
0.401407
0.40137
0.401396
0.401424
0.4014
0.401409
0.401471
0.401489
0.401497
0.401549
0.40159
0.401613
0.401641
0.401715
0.401753
0.40179
0.401834
0.402002
0.401971
0.401996
0.40193
0.401977
0.402043
0.401998
0.401917
0.401915
0.402004
0.402017
0.402029
0.402001
0.402116
0.402118
0.402131
0.402137
0.402197
0.402219
0.40229
0.402409
0.402455
0.402496
0.402355
0.402427
0.402369
0.402486
0.402572
0.402647
0.402618
0.402724
0.402801
0.402732
0.402632
0.402573
0.402575
0.402727
0.402756
0.402722
0.402653
0.402686
0.402709
0.402782
0.402718
0.40274
0.402768
0.402862
0.402896
0.402899
0.402902
0.402912
0.402923
0.402935
0.40297
0.403009
0.403047
0.403073
0.403234
0.40327
0.403367
0.403412
0.403402
0.403385
0.403508
0.40351
0.403579
0.403573
0.403606
0.403631
0.40376
0.403758
0.403785
0.403734
0.403762
0.403742
0.403707
0.403775
0.403828
0.403851
0.40384
0.4039
0.40382
0.40376
0.403812
0.403876
0.403899
0.403846
0.403885
0.403886
0.403934
0.403915
0.403942
0.403941
0.403857
0.403869
0.403855
0.403824
0.403791
0.403724
0.403756
0.403782
0.403818
0.403849
0.403847
0.403826
0.403818
0.403906
0.403903
0.403935
0.403901
0.40397
0.40397
0.403969
0.403953
0.404035
0.404039
0.404051
0.40406
0.403959
0.404004
0.404094
0.404235
0.404264
0.404238
0.40428
0.404293
0.404418
0.40446
0.404452
0.404473
0.404576
0.404629
0.404712
0.404774
0.404754
0.404862
0.404792
0.404897
0.404938
0.40495
0.404887
0.404899
0.404892
0.404969
0.405029
0.40511
0.405132
0.405101
0.405147
0.405324
0.405381
0.405372
0.405457
0.405519
0.405439
0.405506
0.405522
0.405536
0.405559
0.405591
0.40569
0.405758
0.405807
0.405783
0.405746
0.405744
0.405795
0.405827
0.405749
0.405762
0.405773
0.405829
0.405901
0.40591
0.405907
0.405993
0.406083
0.406108
0.406116
0.406185
0.40622
0.406275
0.406305
0.406273
0.406333
0.406365
0.406401
0.406446
0.406503
0.406563
0.406596
0.40665
0.406632
0.406668
0.406737
0.406778
0.406733
0.406743
0.406826
0.406846
0.406849
0.406882
0.406856
0.406805
0.406781
0.406658
0.406748
0.406736
0.406735
0.406737
0.406718
0.40672
0.406745
0.406735
0.406713
0.406765
0.406787
0.406848
0.406816
0.406873
0.406825
0.406865
0.406841
0.406913
0.406997
0.407084
0.40713
0.407196
0.407213
0.40722
0.40717
0.407175
0.40723
0.407261
0.40729
0.407222
0.40726
0.407313
0.407249
0.407297
0.407301
0.40739
0.407496
0.407549
0.407512
0.407533
0.407574
0.407678
0.407723
0.407767
0.407832
0.407842
0.407892
0.407853
0.407871
0.407927
0.407918
0.407903
0.407938
0.407918
0.407959
0.407932
0.407966
0.408015
0.408015
0.408039
0.408082
0.408054
0.408072
0.408146
0.408204
0.408211
0.408179
0.408145
0.408169
0.408206
0.408224
0.408317
0.408323
0.408325
0.408374
0.408373
0.408397
0.408418
0.40846
0.408457
0.408427
0.408488
0.408544
0.408602
0.408694
0.408672
0.408686
0.408759
0.408767
0.408737
0.408778
0.408776
0.408895
0.408913
0.408946
0.408994
0.409052
0.409012
0.409047
0.409058
0.409121
0.409163
0.409337
0.4094
0.409516
0.409572
0.40957
0.409565
0.409559
0.409572
0.409587
0.409574
0.40962
0.409666
0.409715
0.409767
0.40977
0.409739
0.409726
0.40973
0.409775
0.409775
0.409798
0.409788
0.409801
0.409854
0.409875
0.409929
0.409938
0.409913
0.409928
0.409978
0.410036
0.410116
0.410162
0.410187
0.410188
0.410239
0.410243
0.410285
0.410377
0.410372
0.410432
0.410444
0.410524
0.410493
0.410476
0.410526
0.410557
0.410541
0.410601
0.410652
0.410683
0.410754
0.41069
0.410775
0.410731
0.410804
0.410822
0.410762
0.410766
0.410825
0.410846
0.410881
0.410934
0.410994
0.410954
0.410976
0.411031
0.411026
0.411023
0.411065
0.41112
0.411144
0.411111
0.411155
0.411136
0.411133
0.411136
0.411124
0.411122
0.411187
0.41113
0.411129
0.411174
0.411152
0.411177
0.411159
0.411147
0.411174
0.411167
0.411192
0.411169
0.411222
0.411256
0.411252
0.411291
0.41132
0.411346
0.411392
0.411443
0.411515
0.411568
0.411575
0.411591
0.411564
0.411615
0.411686
0.411737
0.411714
0.411656
0.411681
0.411672
0.411691
0.411689
0.411645
0.411664
0.411675
0.411602
0.411582
0.411619
0.411706
0.411655
0.41163
0.411673
0.411648
0.411656
0.411702
0.411717
0.411726
0.411779
0.411891
0.412024
0.412131
0.412192
0.412196
0.412228
0.412285
0.412269
0.412273
0.412268
0.412264
0.412251
0.412302
0.412302
0.412264
0.412274
0.412347
0.412448
0.412494
0.412529
0.412525
0.412553
0.412527
0.41263
0.412703
0.412799
0.412838
0.412854
0.412845
0.412876
0.412883
0.412891
0.412897
0.412872
0.412914
0.41302
0.413033
0.413049
0.413058
0.413089
0.413109
0.413107
0.413073
0.41314
0.413213
0.413195
0.413232
0.413321
0.413357
0.413354
0.413324
0.413272
0.413221
0.413222
0.413228
0.413244
0.413344
0.413385
0.413471
0.413476
0.413475
0.413427
0.413456
0.41349
0.413587
0.413596
0.413577
0.413551
0.41349
0.413495
0.413473
0.413474
0.413512
0.41351
0.413535
0.413571
0.413591
0.413642
0.413659
0.413659
0.413659
0.413716
0.413717
0.413732
0.41373
0.413716
0.413733
0.41376
0.413777
0.413763
0.413854
0.41394
0.413944
0.41398
0.414065
0.414052
0.414029
0.414063
0.414065
0.414062
0.41409
0.414137
0.414156
0.414133
0.414209
0.414205
0.414194
0.414217
0.414251
0.414313
0.414303
0.414332
0.414383
0.414413
0.41444
0.414439
0.41447
0.414507
0.41449
0.41454
0.414564
0.414559
0.414569
0.414586
0.4146
0.414655
0.414672
0.414693
0.414711
0.41471
0.414726
0.414748
0.414777
0.414807
0.414852
0.414879
0.414948
0.41497
0.414934
0.414906
0.414896
0.414895
0.414946
0.414981
0.415006
0.415035
0.415048
0.415045
0.41506
0.415077
0.415125
0.415123
0.415091
0.415105
0.415051
0.415031
0.414951
0.414916
0.414951
0.414947
0.414964
0.414989
0.414975
0.414993
0.415017
0.415068
0.41506
0.415101
0.41509
0.415073
0.415049
0.415096
0.415086
0.415098
0.41505
0.415087
0.415096
0.415122
0.415147
0.415133
0.415128
0.415156
0.415131
0.415163
0.415204
0.415209
0.415223
0.415258
0.41528
0.415278
0.415293
0.415309
0.415344
0.415366
0.415383
0.415386
0.415401
0.415355
0.415407
0.415452
0.415442
0.415469
0.415495
0.415498
0.415529
0.415564
0.41561
0.415679
0.41569
0.41577
0.415751
0.415777
0.415737
0.415762
0.415744
0.415781
0.415795
0.41584
0.415832
0.415863
0.415896
0.415885
0.415897
0.415923
0.415948
0.415924
0.415941
0.415975
0.415988
0.416014
0.415957
0.415973
0.415996
0.415961
0.415964
0.415985
0.416027
0.416015
0.416007
0.415996
0.416046
0.416083
0.416084
0.416124
0.416147
0.416161
0.416215
0.416217
0.416224
0.416304
0.416282
0.41631
0.416351
0.416366
0.416408
0.416409
0.41645
0.416442
0.416462
0.416508
0.416525
0.416545
0.41655
0.416596
0.416603
0.416614
0.416596
0.416634
0.416642
0.41669
0.416737
0.416802
0.416824
0.416835
0.416873
0.416903
0.416907
0.416906
0.416945
0.416937
0.416929
0.416965
0.41697
0.416978
0.417024
0.417076
0.417073
0.417052
0.417032
0.417086
0.417133
0.417191
0.417233
0.417235
0.417235
0.41728
0.417249
0.417242
0.417238
0.417237
0.417264
0.417304
0.417312
0.417322
0.417358
0.417388
0.417406
0.417448
0.417459
0.417482
0.417474
0.417462
0.417512
0.417533
0.41755
0.417514
0.417526
0.417604
0.417641
0.417644
0.417631
0.417616
0.417614
0.417631
0.417665
0.417697
0.417713
0.417752
0.41774
0.417768
0.417755
0.417769
0.417799
0.417823
0.417805
0.417836
0.417862
0.417897
0.417905
0.417895
0.417903
0.417862
0.417864
0.417893
0.417906
0.417918
0.417955
0.417992
0.418042
0.418087
0.418132
0.418166
0.418174
0.418211
0.418224
0.418243
0.418247
0.418265
0.418261
0.418274
0.418314
0.418314
0.418323
0.418311
0.418353
0.418372
0.418415
0.418425
0.418419
0.418456
0.418467
0.418494
0.418513
0.418523
0.418557
0.418573
0.418608
0.418622
0.418639
0.41867
0.418694
0.418678
0.418707
0.418694
0.418688
0.418671
0.418687
0.418719
0.418743
0.418781
0.41878
0.418838
0.418857
0.418871
0.418885
0.418909
0.418913
0.418914
0.418917
0.418953
0.418972
0.419002
0.419021
0.419024
0.419028
0.419083
0.419083
0.419081
0.419112
0.419121
0.419188
0.419173
0.419192
0.41922
0.419207
0.419228
0.419259
0.419287
0.419342
0.419393
0.419409
0.419465
0.419528
0.41955
0.419557
0.419567
0.419569
0.419582
0.419568
0.41959
0.419619
0.419652
0.419659
0.419641
0.419627
0.419605
0.419638
0.419637
0.419626
0.419641
0.419667
0.419668
0.419675
0.419721
0.41977
0.419743
0.419745
0.419741
0.419759
0.419828
0.419813
0.419858
0.419873
0.419884
0.41987
0.4199
0.419902
0.419931
0.419996
0.419997
0.420007
0.420072
0.420083
0.420107
0.42013
0.420194
0.420244
0.420261
0.420227
0.420241
0.420249
0.420268
0.420302
0.420328
0.420355
0.420351
0.420387
0.420428
0.42044
0.420435
0.420441
0.420434
0.420445
0.420465
0.420525
0.420549
0.420528
0.420534
0.420554
0.420574
0.420568
0.420606
0.42063
0.420661
0.420672
0.420756
0.420807
0.420841
0.420839
0.420872
0.420871
0.420896
0.420927
0.420931
0.420927
0.420944
0.420961
0.420948
0.420968
0.421001
0.421051
0.421045
0.421034
0.421044
0.421035
0.421026
0.42104
0.421069
0.42105
0.421076
0.421085
0.42109
0.421106
0.421121
0.421107
0.421144
0.421187
0.4212
0.421189
0.421202
0.421216
0.421257
0.421278
0.421313
0.421297
0.421299
0.421329
0.421321
0.421312
0.421358
0.421393
0.42145
0.421498
0.421491
0.421494
0.421511
0.421543
0.421573
0.421609
0.421668
0.421693
0.421683
0.421675
0.421662
0.421692
0.421731
0.421777
0.421814
0.421827
0.421852
0.421876
0.421877
0.421919
0.421934
0.421971
0.421975
0.422025
0.422049
0.422109
0.422135
0.422168
0.422164
0.422196
0.422171
0.422197
0.422229
0.422241
0.422247
0.422244
0.422271
0.422309
0.422336
0.422331
0.422332
0.422333
0.422332
0.422327
0.422346
0.42241
0.422429
0.422431
0.422474
0.422412
0.422403
0.422386
0.422388
0.422402
0.422384
0.422384
0.422399
0.422432
0.422442
0.422432
0.422446
0.422439
0.422454
0.422446
0.422456
0.42245
0.422426
0.422435
0.422467
0.422475
0.422482
0.422482
0.422506
0.422519
0.422514
0.422517
0.422481
0.42251
0.422525
0.422523
0.422543
0.422581
0.422579
0.422581
0.422599
0.422605
0.422627
0.422633
0.422632
0.422642
0.422608
0.422589
0.422609
0.422613
0.422617
0.422627
0.422659
0.422672
0.422686
0.422687
0.422682
0.422691
0.422658
0.422661
0.422681
0.422706
0.422697
0.422701
0.422715
0.422709
0.42271
0.422735
0.422762
0.422761
0.422804
0.422787
0.422784
0.422818
0.422839
0.422893
0.422921
0.422906
0.422926
0.422926
0.422946
0.422944
0.422978
0.422976
0.422973
0.423019
0.423015
0.423054
0.423109
0.423152
0.423178
0.423176
0.42319
0.423215
0.423272
0.423224
0.423241
0.42328
0.423301
0.423323
0.423335
0.423358
0.423372
0.423389
0.423412
0.423465
0.423476
0.423488
0.423517
0.423558
0.423535
0.423511
0.423514
0.423524
0.423545
0.423614
0.423617
0.423683
0.423739
0.423755
0.423806
0.42382
0.423877
0.423906
0.423943
0.423988
0.423986
0.424013
0.424051
0.424099
0.42414
0.424111
0.424129
0.424114
0.424108
0.424137
0.424164
0.424176
0.424173
0.424167
0.424189
0.424208
0.424244
0.424246
0.424258
0.424232
0.42422
0.424224
0.424249
0.424254
0.424289
0.424298
0.424298
0.424354
0.424366
0.424384
0.424399
0.424414
0.424407
0.424411
0.424416
0.424466
0.424468
0.424496
0.424475
0.42448
0.424529
0.424556
0.424543
0.424583
0.424621
0.424627
0.424639
0.424654
0.424697
0.424669
0.424713
0.424715
0.42471
0.424734
0.424743
0.424744
0.424749
0.424792
0.424794
0.424823
0.424856
0.424834
0.424821
0.424857
0.424889
0.42491
0.424915
0.424888
0.424898
0.424924
0.424919
0.424928
0.424932
0.424945
0.424973
0.424961
0.424958
0.424944
0.424948
0.424962
0.424976
0.424989
0.424982
0.424984
0.424998
0.425009
0.425002
0.425002
0.425027
0.425034
0.425026
0.425036
0.425064
0.425058
0.425061
0.425099
0.425125
0.42514
0.425164
0.425181
0.425221
0.425226
0.425223
0.42525
0.425279
0.425278
0.425306
0.425318
0.425332
0.425348
0.425357
0.425349
0.425354
0.425336
0.42537
0.425395
0.425409
0.42542
0.425444
0.425484
0.425438
0.42543
0.425446
0.425443
0.425448
0.425472
0.425487
0.425507
0.425482
0.425473
0.425484
0.425501
0.425525
0.425536
0.425534
0.425532
0.425546
0.425525
0.425532
0.425569
0.425608
0.425608
0.425601
0.42561
0.425606
0.425618
0.42562
0.425639
0.425658
0.425685
0.42567
0.425671
0.425698
0.425715
0.425726
0.42573
0.425712
0.425724
0.425733
0.425739
0.425784
0.425808
0.425858
0.42585
0.425867
0.425878
0.425893
0.425875
0.425894
0.425897
0.425893
0.425928
0.425942
0.425972
0.425988
0.425982
0.425987
0.426007
0.426021
0.426018
0.426012
0.42603
0.426032
0.42603
0.426011
0.426022
0.426046
0.426039
0.426055
0.426039
0.426063
0.426067
0.426082
0.426055
0.426077
0.426098
0.426102
0.426113
0.42615
0.426147
0.426171
0.426174
0.426177
0.426183
0.426195
0.426224
0.426189
0.426235
0.426262
0.426272
0.42628
0.426335
0.426356
0.426357
0.426381
0.426387
0.426413
0.426384
0.426377
0.426392
0.426394
0.42642
0.426425
0.426422
0.426443
0.426434
0.426442
0.426475
0.426506
0.426514
0.426521
0.426504
0.426532
0.426554
0.426555
0.426517
0.426545
0.426544
0.426552
0.426563
0.42658
0.426566
0.426577
0.426571
0.426627
0.426634
0.426606
0.426619
0.426621
0.426663
0.426677
0.426693
0.426686
0.426689
0.426702
0.426694
0.426699
0.426696
0.426686
0.426695
0.426694
0.42669
0.426732
0.426761
0.42677
0.42677
0.42678
0.42678
0.426772
0.426775
0.426751
0.4268
0.4268
0.426819
0.42686
0.426907
0.426925
0.42694
0.42694
0.426952
0.42697
0.426997
0.427033
0.427075
0.427073
0.427081
0.427085
0.427092
0.427106
0.42709
0.427104
0.427108
0.427098
0.427088
0.427104
0.427109
0.427159
0.427192
0.427218
0.427236
0.427262
0.427277
0.427287
0.427333
0.427339
0.427368
0.427371
0.427383
0.427382
0.427415
0.427407
0.427414
0.427384
0.427378
0.427374
0.427366
0.427356
0.427391
0.427392
0.427437
0.427446
0.427468
0.427482
0.427499
0.427502
0.427498
0.42751
0.427536
0.427546
0.427589
0.427606
0.427628
0.427658
0.42767
0.427674
0.427685
0.427662
0.427672
0.427647
0.427646
0.427642
0.427661
0.42767
0.427671
0.427683
0.427689
0.427678
0.427674
0.427689
0.427731
0.427707
0.427714
0.427732
0.427755
0.427782
0.427773
0.427796
0.427789
0.42783
0.427847
0.427869
0.427896
0.427909
0.427924
0.427938
0.427945
0.427955
0.427985
0.428004
0.428005
0.428015
0.428015
0.428013
0.428047
0.428063
0.428086
0.428076
0.428064
0.428088
0.428122
0.428149
0.428187
0.428206
0.428197
0.428206
0.428199
0.428189
0.428177
0.428206
0.428195
0.428224
0.428252
0.428261
0.428296
0.428281
0.428287
0.428294
0.428299
0.428325
0.428329
0.428356
0.428378
0.428378
0.428428
0.428452
0.428467
0.428503
0.428506
0.428514
0.428524
0.428533
0.428515
0.428507
0.428522
0.42852
0.428512
0.428507
0.428506
0.428502
0.428513
0.42853
0.428525
0.428528
0.428522
0.428519
0.428527
0.428539
0.428535
0.428535
0.428545
0.428548
0.428562
0.428572
0.428554
0.428547
0.428544
0.428549
0.428587
0.428603
0.4286
0.428611
0.428621
0.428626
0.428623
0.428615
0.42864
0.428644
0.428654
0.428674
0.42866
0.428682
0.42869
0.428693
0.428694
0.428683
0.42872
0.42873
0.428764
0.42879
0.428793
0.428813
0.428803
0.428793
0.428797
0.42878
0.428798
0.428801
0.428787
0.428798
0.428796
0.428802
0.42881
0.42884
0.42885
0.428863
0.428884
0.428915
0.428921
0.428944
0.428976
0.429006
0.429022
0.429022
0.42902
0.429036
0.429039
0.429035
0.429024
0.429012
0.429023
0.429044
0.429069
0.429103
0.429105
0.429135
0.429165
0.429183
0.429216
0.429207
0.429216
0.42922
0.42926
0.429254
0.429301
0.429311
0.429301
0.429321
0.429344
0.429349
0.429353
0.429368
0.429347
0.429371
0.429383
0.429418
0.429443
0.429446
0.429432
0.429456
0.429441
0.429439
0.429479
0.429487
0.42949
0.429511
0.429557
0.429556
0.429556
0.429583
0.429588
0.429596
0.429628
0.429616
0.429596
0.429585
0.429601
0.429619
0.429632
0.429655
0.429673
0.429695
0.429707
0.429704
0.429732
0.429766
0.429808
0.42983
0.429856
0.429872
0.429874
0.42988
0.429897
0.429904
0.429927
0.429934
0.429964
0.429973
0.429964
0.429975
0.43003
0.430055
0.430055
0.430063
0.430037
0.430039
0.43005
0.430064
0.430105
0.430138
0.43013
0.430146
0.430138
0.430145
0.430176
0.430186
0.430233
0.430257
0.430265
0.430278
0.430294
0.4303
0.430303
0.430322
0.43034
0.430353
0.430335
0.430366
0.430375
0.430399
0.430413
0.430437
0.43047
0.430476
0.430482
0.430465
0.430485
0.430481
0.430473
0.430488
0.430489
0.430506
0.430534
0.430532
0.430548
0.430574
0.430596
0.430588
0.430612
0.430621
0.430651
0.430651
0.43069
0.430703
0.430696
0.430718
0.430739
0.430766
0.430743
0.430759
0.430771
0.430756
0.430752
0.430753
0.430785
0.430775
0.430773
0.430757
0.430771
0.430787
0.43078
0.430767
0.430757
0.430743
0.43071
0.430743
0.430741
0.430778
0.430799
0.430808
0.430859
0.430836
0.430828
0.430854
0.430858
0.430866
0.430891
0.430942
0.430963
0.430984
0.430996
0.431003
0.431057
0.431076
0.431101
0.43116
0.431182
0.431166
0.431184
0.431193
0.431204
0.431231
0.431252
0.431265
0.431264
0.431262
0.431264
0.431265
0.431283
0.431302
0.431314
0.431329
0.431342
0.431361
0.431346
0.431337
0.431328
0.431347
0.43136
0.431357
0.431368
0.431375
0.431402
0.431386
0.431396
0.431408
0.431395
0.431409
0.431444
0.431444
0.431453
0.431482
0.431502
0.431537
0.431562
0.431583
0.431585
0.431598
0.43161
0.431619
0.431645
0.431629
0.431644
0.431652
0.431674
0.431677
0.431695
0.431702
0.431724
0.431736
0.431754
0.431753
0.43178
0.431778
0.431796
0.431797
0.431793
0.431846
0.431852
0.431847
0.431853
0.431865
0.431873
0.431892
0.431896
0.431888
0.431911
0.43191
0.431926
0.431932
0.431945
0.431944
0.431952
0.431944
0.431968
0.431968
0.431953
0.431982
0.431969
0.431967
0.431984
0.431994
0.432007
0.432018
0.432037
0.432053
0.432079
0.432098
0.432136
0.432178
0.432182
0.432193
0.432224
0.432236
0.432236
0.432243
0.43224
0.432243
0.432263
0.432244
0.432282
0.432305
0.432335
0.432335
0.432369
0.432381
0.43239
0.432393
0.432393
0.432394
0.432411
0.432438
0.432455
0.432475
0.432499
0.432501
0.432517
0.432525
0.432531
0.43254
0.432554
0.432553
0.432554
0.432552
0.432582
0.432578
0.432569
0.432579
0.432602
0.432603
0.43261
0.432632
0.432674
0.432707
0.432729
0.432737
0.43275
0.432764
0.432806
0.432826
0.432833
0.432852
0.432844
0.432862
0.432849
0.432853
0.432845
0.432879
0.432871
0.432881
0.4329
0.432929
0.432922
0.432973
0.43298
0.43299
0.432985
0.433011
0.433043
0.433064
0.433065
0.433084
0.43311
0.433121
0.433137
0.433149
0.433179
0.433196
0.433221
0.433237
0.433242
0.433253
0.433284
0.433297
0.433306
0.433313
0.433327
0.433322
0.433333
0.433369
0.4334
0.433415
0.43343
0.433443
0.43346
0.433487
0.433512
0.433535
0.433545
0.433564
0.433584
0.433576
0.433592
0.433614
0.433602
0.433642
0.433646
0.43366
0.433674
0.433673
0.43369
0.433703
0.433726
0.433737
0.43375
0.433763
0.43376
0.433771
0.433768
0.433768
0.433793
0.433799
0.433796
0.433809
0.43382
0.433844
0.433857
0.433892
0.433881
0.433895
0.433906
0.433922
0.433942
0.433925
0.433938
0.433938
0.433953
0.433953
0.433966
0.433971
0.433994
0.433991
0.433989
0.434019
0.434031
0.434033
0.434046
0.434045
0.434048
0.43406
0.43407
0.434076
0.434065
0.434077
0.434082
0.434083
0.434095
0.434088
0.434098
0.434089
0.434102
0.434119
0.434119
0.434127
0.434152
0.434166
0.434182
0.434181
0.434192
0.4342
0.434215
0.434207
0.434198
0.434199
0.434203
0.434209
0.434223
0.434239
0.434255
0.434292
0.434313
0.434316
0.434321
0.434351
0.434339
0.434349
0.434363
0.434342
0.434342
0.434336
0.434334
0.434308
0.434325
0.43431
0.434314
0.434332
0.434376
0.43439
0.434405
0.434416
0.434408
0.434411
0.434417
0.434437
0.434451
0.434459
0.434452
0.434469
0.43448
0.434504
0.434516
0.434531
0.434521
0.434524
0.434516
0.434512
0.434529
0.434526
0.434516
0.434545
0.434559
0.434553
0.434565
0.434607
0.434629
0.434634
0.434659
0.434667
0.434673
0.434686
0.434697
0.434709
0.434711
0.434709
0.434718
0.43471
0.43472
0.434748
0.434733
0.434741
0.43476
0.43476
0.434778
0.434791
0.434815
0.43482
0.434834
0.43483
0.434847
0.434862
0.434886
0.434899
0.434893
0.434895
0.434919
0.434922
0.434943
0.434935
0.434931
0.434926
0.434936
0.434958
0.434978
0.434968
0.434987
0.434985
0.434995
0.434996
0.434994
0.435012
0.435004
0.435007
0.435032
0.435015
0.435049
0.435042
0.435047
0.435044
0.435042
0.435039
0.435054
0.435037
0.435041
0.435063
0.435081
0.435075
0.435099
0.435101
0.435115
0.435118
0.435122
0.435136
0.435142
0.435158
0.435152
0.435132
0.435148
0.435177
0.4352
0.435227
0.43525
0.435269
0.435289
0.435296
0.435297
0.435322
0.435362
0.435357
0.435381
0.435401
0.435411
0.435414
0.435408
0.435423
0.435409
0.4354
0.435419
0.435442
0.435461
0.435471
0.435501
0.435506
0.435515
0.435533
0.435534
0.43554
0.435542
0.435558
0.435581
0.435595
0.435614
0.435619
0.435621
0.435609
0.435601
0.4356
0.435623
0.435638
0.435653
0.435655
0.435649
0.435684
0.435681
0.435693
0.435712
0.435686
0.435695
0.435711
0.43573
0.435742
0.435751
0.435781
0.435806
0.43582
0.435828
0.435838
0.43584
0.435853
0.435867
0.435876
0.435897
0.435891
0.435898
0.435912
0.435893
0.435916
0.435948
0.43596
0.435982
0.435991
0.435994
0.436002
0.436011
0.436011
0.436001
0.435998
0.436003
0.436002
0.436008
0.436022
0.436006
0.436014
0.436039
0.436047
0.436056
0.436063
0.436079
0.436097
0.436103
0.436118
0.436125
0.436148
0.436153
0.436179
0.43619
0.436214
0.436256
0.436258
0.43629
0.436326
0.436322
0.436335
0.436343
0.436359
0.436357
0.43636
0.436378
0.436415
0.436417
0.436427
0.43645
0.436465
0.436448
0.436449
0.436461
0.43648
0.436474
0.436486
0.4365
0.436517
0.436516
0.436526
0.436565
0.436565
0.436575
0.436598
0.436605
0.43662
0.436612
0.43661
0.436629
0.43661
0.436625
0.436652
0.436672
0.436681
0.436701
0.436693
0.436734
0.436764
0.436774
0.436797
0.436817
0.436827
0.436848
0.43685
0.436863
0.43687
0.436895
0.436899
0.436908
0.436912
0.4369
0.43692
0.436933
0.436923
0.436932
0.436941
0.436961
0.436967
0.436987
0.436988
0.437026
0.437032
0.437049
0.437052
0.437056
0.437062
0.437066
0.437081
0.437095
0.437094
0.437108
0.437122
0.437137
0.437145
0.437128
0.437131
0.437152
0.437157
0.437154
0.437168
0.437196
0.437207
0.437216
0.437246
0.437264
0.437274
0.437277
0.437288
0.437303
0.43731
0.437308
0.437319
0.437338
0.437342
0.437353
0.43737
0.437374
0.437387
0.437389
0.437396
0.437411
0.437418
0.437441
0.437418
0.437422
0.437428
0.43743
0.43744
0.437443
0.437459
0.43745
0.437436
0.437449
0.437451
0.437474
0.437492
0.437502
0.437525
0.43753
0.43756
0.437576
0.437584
0.437591
0.437609
0.437626
0.437636
0.437664
0.437678
0.437681
0.437685
0.437715
0.437709
0.437723
0.437753
0.437774
0.437783
0.437799
0.437795
0.437795
0.437787
0.437797
0.437815
0.437824
0.437835
0.437834
0.437851
0.437847
0.437852
0.437856
0.437863
0.437879
0.437885
0.437885
0.437901
0.437924
0.437938
0.437939
0.43795
0.437949
0.437976
0.437987
0.437994
0.437998
0.437998
0.438009
0.438027
0.438032
0.438039
0.438064
0.438076
0.438084
0.438095
0.438101
0.438123
0.438112
0.438134
0.438152
0.438165
0.438194
0.438223
0.438239
0.438242
0.438269
0.438276
0.438279
0.438298
0.438287
0.438289
0.438306
0.438315
0.438323
0.438345
0.438377
0.438371
0.438372
0.438385
0.438405
0.438413
0.438431
0.43846
0.438455
0.43846
0.438474
0.438485
0.438485
0.43851
0.438508
0.438501
0.438478
0.438482
0.438504
0.438518
0.438532
0.438557
0.438566
0.438581
0.438595
0.438605
0.438618
0.438612
0.438613
0.438609
0.438603
0.438628
0.438645
0.438666
0.438684
0.438697
0.438711
0.438719
0.438729
0.438722
0.438753
0.438772
0.438793
0.43879
0.438819
0.438826
0.438835
0.438831
0.438833
0.438844
0.438854
0.438871
0.438885
0.438903
0.438917
0.438931
0.43895
0.438949
0.43894
0.438958
0.438981
0.438996
0.438998
0.439013
0.439022
0.439021
0.439034
0.439039
0.439074
0.439108
0.439123
0.439147
0.439155
0.439148
0.439165
0.439175
0.439179
0.439185
0.439198
0.439217
0.439233
0.439248
0.439252
0.439276
0.439274
0.439306
0.439309
0.439322
0.439361
0.439374
0.439388
0.439389
0.439409
0.439445
0.439459
0.439472
0.43948
0.439502
0.439521
0.439525
0.439555
0.439568
0.439579
0.439581
0.439604
0.439612
0.439613
0.439638
0.439623
0.439653
0.439661
0.439671
0.439666
0.43967
0.439695
0.439707
0.439725
0.439744
0.43976
0.439759
0.439776
0.439779
0.439789
0.439794
0.439806
0.439812
0.439812
0.43981
0.439825
0.439842
0.439861
0.439881
0.439901
0.439926
0.439939
0.43994
0.439955
0.439978
0.439997
0.439991
0.440016
0.440036
0.440042
0.440044
0.44007
0.440067
0.440062
0.44007
0.44008
0.440109
0.44013
0.440141
0.440165
0.440154
0.440177
0.44021
0.440219
0.440252
0.440247
0.440257
0.440275
0.440283
0.440286
0.440296
0.440324
0.44034
0.440324
0.440323
0.440358
0.440373
0.440394
0.440418
0.440426
0.440422
0.440444
0.44045
0.440466
0.440488
0.440512
0.440519
0.440538
0.440561
0.440551
0.440559
0.440566
0.440579
0.440601
0.440602
0.440605
0.440621
0.440645
0.440658
0.440676
0.440661
0.440677
0.440687
0.440711
0.440726
0.440725
0.440741
0.440765
0.440757
0.440764
0.44078
0.440798
0.440798
0.440819
0.440844
0.440848
0.440852
0.440873
0.4409
0.440919
0.440925
0.440933
0.440949
0.440962
0.440965
0.44097
0.440978
0.440993
0.441013
0.441005
0.441009
0.441017
0.441033
0.441051
0.44105
0.441061
0.441087
0.441093
0.441106
0.44113
0.441148
0.441141
0.441172
0.441188
0.441179
0.441206
0.441245
0.441255
0.441269
0.441294
0.441307
0.441304
0.441326
0.441353
0.441373
0.441401
0.441396
0.4414
0.441403
0.441416
0.441429
0.441442
0.441469
0.441477
0.441491
0.441503
0.441518
0.441536
0.441559
0.441558
0.441554
0.44158
0.441568
0.441582
0.441602
0.441612
0.441638
0.441663
0.44167
0.441676
0.441685
0.441692
0.44169
0.441699
0.441695
0.441705
0.441709
0.441699
0.441723
0.44173
0.441744
0.441769
0.441787
0.441801
0.441824
0.441842
0.441869
0.441877
0.441891
0.441897
0.441918
0.441935
0.441935
0.441947
0.441945
0.441947
0.441936
0.441941
0.441953
0.441965
0.441973
0.441984
0.442008
0.442026
0.44203
0.442044
0.442063
0.442071
0.442079
0.442091
0.442101
0.442111
0.442104
0.442109
0.442126
0.442127
0.442128
0.442145
0.442154
0.44217
0.442193
0.442209
0.442223
0.442235
0.44224
0.442247
0.44225
0.442253
0.442263
0.442256
0.442262
0.44228
0.442302
0.442319
0.44232
0.442344
0.442355
0.442364
0.44238
0.442403
0.442404
0.442407
0.442412
0.442418
0.44243
0.442446
0.44246
0.442474
0.442474
0.442468
0.442486
0.442509
0.442516
0.442538
0.442548
0.442574
0.442588
0.44261
0.442639
0.442648
0.442656
0.442662
0.442681
0.442695
0.442727
0.442732
0.442747
0.442752
0.442743
0.442744
0.442764
0.442768
0.442777
0.442801
0.442817
0.442835
0.442826
0.442835
0.442842
0.442831
0.442837
0.442863
0.442876
0.442885
0.442886
0.442894
0.442904
0.442926
0.44295
0.442967
0.442977
0.442998
0.442984
0.442982
0.442986
0.443007
0.443031
0.443026
0.443057
0.443062
0.44306
0.443078
0.443101
0.443099
0.443098
0.443112
0.443133
0.443136
0.443134
0.443153
0.443168
0.443184
0.443203
0.443218
0.443228
0.443238
0.443262
0.443279
0.443288
0.443307
0.443321
0.443334
0.443328
0.443327
0.443334
0.443345
0.443363
0.443366
0.443372
0.443391
0.443402
0.443408
0.443414
0.44345
0.443467
0.443473
0.443476
0.443502
0.44351
0.443516
0.443517
0.44353
0.443548
0.443557
0.443583
0.443583
0.443578
0.443581
0.443582
0.443604
0.443623
0.443634
0.443646
0.443635
0.44364
0.443651
0.443666
0.443663
0.443678
0.443697
0.44372
0.443735
0.443747
0.443754
0.443745
0.44376
0.443762
0.443765
0.443785
0.443788
0.443791
0.443809
0.443822
0.44383
0.443851
0.443864
0.443878
0.443896
0.443912
0.443915
0.44393
0.443955
0.443946
0.443942
0.443952
0.443966
0.44398
0.443987
0.444005
0.444013
0.444014
0.444021
0.444031
0.444036
0.44404
0.444048
0.444051
0.444058
0.444071
0.444079
0.444087
0.44411
0.444134
0.444148
0.444147
0.444153
0.44418
0.44419
0.444203
0.444217
0.444218
0.444236
0.444254
0.44427
0.444289
0.444302
0.44433
0.444344
0.444346
0.444355
0.44437
0.444389
0.444399
0.444397
0.444411
0.444429
0.444427
0.444433
0.444442
0.444433
0.444441
0.444466
0.444486
0.444484
0.444486
0.444491
0.444506
0.444537
0.444551
0.444574
0.444566
0.444581
0.444604
0.444638
0.444652
0.444674
0.444661
0.444665
0.444681
0.444696
0.4447
0.44471
0.444713
0.44474
0.44475
0.44476
0.444775
0.444778
0.444788
0.444809
0.444819
0.444827
0.444843
0.444846
0.444865
0.444876
0.444876
0.44489
0.444906
0.444912
0.444909
0.444931
0.444933
0.444949
0.44496
0.444975
0.444985
0.444999
0.445004
0.445026
0.445044
0.445043
0.445042
0.445049
0.44506
0.445053
0.445056
0.44507
0.4451
0.445108
0.445119
0.445143
0.445157
0.445151
0.44516
0.445161
0.445187
0.445193
0.445189
0.445182
0.445181
0.445203
0.4452
0.445206
0.445217
0.445235
0.445241
0.445239
0.445243
0.445252
0.445245
0.44526
0.44529
0.445302
0.445297
0.445315
0.445323
0.445331
0.445336
0.445357
0.445348
0.445352
0.445363
0.44537
0.44539
0.445407
0.445414
0.445417
0.445436
0.44542
0.445418
0.445416
0.44542
0.445436
0.445449
0.445452
0.445467
0.445482
0.44549
0.445516
0.445505
0.445514
0.44551
0.445526
0.445538
0.445562
0.445562
0.445586
0.445609
0.445622
0.445614
0.445627
0.445624
0.44562
0.445618
0.445627
0.445662
0.445673
0.445687
0.44569
0.445696
0.445708
0.445726
0.445737
0.445731
0.445752
0.445768
0.445785
0.445795
0.445816
0.445813
0.445824
0.445828
0.445832
0.445842
0.44586
0.44588
0.445886
0.445885
0.445902
0.445918
0.445923
0.445928
0.445936
0.445942
0.44595
0.445947
0.445963
0.445986
0.445994
0.446004
0.446023
0.44604
0.446045
0.446064
0.446061
0.446061
0.446076
0.446092
0.446099
0.446114
0.446136
0.446143
0.446151
0.446152
0.446165
0.44619
0.446205
0.44621
0.446225
0.446235
0.446232
0.446238
0.44624
0.446251
0.446275
0.446292
0.4463
0.446303
0.446303
0.446316
0.446316
0.446321
0.446327
0.44633
0.446351
0.446359
0.446376
0.446376
0.446375
0.446396
0.446418
0.446436
0.446444
0.446438
0.446438
0.446445
0.44645
0.446451
0.446453
0.446456
0.446456
0.446468
0.446473
0.446487
0.446478
0.446485
0.446498
0.446496
0.446502
0.446521
0.446534
0.446539
0.446551
0.446571
0.446584
0.446606
0.446633
0.446641
0.446639
0.44665
0.446653
0.446659
0.446668
0.446662
0.446668
0.446665
0.446662
0.446668
0.446668
0.446687
0.446695
0.446722
0.446725
0.446731
0.446748
0.446768
0.446789
0.446795
0.446804
0.44682
0.44684
0.446851
0.446858
0.446868
0.446879
0.446899
0.44692
0.446942
0.446963
0.446963
0.446976
0.446985
0.446997
0.447001
0.44702
0.447016
0.447025
0.447044
0.447058
0.447072
0.447082
0.44709
0.447094
0.447087
0.447099
0.447092
0.447116
0.447127
0.447131
0.447142
0.447156
0.447177
0.447208
0.447216
0.447215
0.447229
0.447242
0.447247
0.447257
0.447275
0.447276
0.447278
0.447293
0.447308
0.447322
0.447349
0.447347
0.447361
0.447382
0.447404
0.447417
0.447412
0.447405
0.447432
0.447431
0.447434
0.447427
0.447427
0.447441
0.44744
0.447452
0.447451
0.447456
0.447466
0.447477
0.447494
0.447497
0.447506
0.447496
0.447506
0.447515
0.447531
0.447532
0.447532
0.447532
0.447552
0.447558
0.447564
0.44757
0.447584
0.447598
0.447618
0.447635
0.447636
0.447658
0.447669
0.447682
0.447695
0.447713
0.447734
0.447741
0.447744
0.447741
0.447755
0.447759
0.447781
0.447795
0.447793
0.447799
0.447798
0.447808
0.44781
0.447823
0.447836
0.447839
0.44786
0.447856
0.447876
0.447891
0.447902
0.447917
0.447923
0.447937
0.447944
0.447949
0.447957
0.447963
0.447964
0.447974
0.447986
0.448009
0.448019
0.448019
0.448018
0.448023
0.448023
0.448022
0.448032
0.448034
0.448046
0.448057
0.448059
0.44808
0.448103
0.448124
0.448143
0.448155
0.448155
0.448165
0.448175
0.448175
0.44819
0.4482
0.44821
0.448222
0.448225
0.44824
0.44826
0.448269
0.44828
0.4483
0.448301
0.448317
0.448344
0.448359
0.448364
0.448366
0.448364
0.448369
0.448364
0.448371
0.448372
0.448378
0.448396
0.448407
0.44842
0.448436
0.44844
0.448455
0.448463
0.448474
0.448485
0.448496
0.448521
0.448513
0.448531
0.448539
0.448563
0.44858
0.448583
0.448574
0.448576
0.448585
0.448593
0.448611
0.448641
0.448644
0.448658
0.448665
0.44866
0.448661
0.448651
0.448659
0.448661
0.448677
0.448692
0.448698
0.448696
0.448713
0.448707
0.448716
0.448723
0.448737
0.448751
0.448768
0.448779
0.448781
0.448781
0.448778
0.448793
0.448787
0.448777
0.448785
0.448785
0.448787
0.448791
0.448791
0.448799
0.44881
0.44882
0.448834
0.448816
0.448831
0.448829
0.448835
0.448833
0.448851
0.448849
0.448862
0.448868
0.448873
0.44887
0.448867
0.448863
0.448863
0.448861
0.448864
0.448876
0.44887
0.44888
0.448886
0.448886
0.448903
0.448914
0.448913
0.448916
0.448918
0.448925
0.448936
0.448931
0.448934
0.448939
0.448935
0.448932
0.448934
0.448942
0.448958
0.448961
0.448971
0.448973
0.448973
0.448959
0.448981
0.448979
0.448993
0.448988
0.448994
0.449016
0.449051
0.44906
0.44906
0.449067
0.449079
0.449096
0.449097
0.44911
0.44913
0.449148
0.449165
0.449167
0.449174
0.449177
0.449197
0.449206
0.449205
0.449209
0.449213
0.44922
0.449229
0.449225
0.449232
0.449241
0.449243
0.449245
0.449267
0.449279
0.449281
0.449307
0.449317
0.449324
0.449331
0.449337
0.449348
0.449363
0.449387
0.44939
0.449394
0.449406
0.449417
0.449421
0.449439
0.449455
0.449464
0.449471
0.449469
0.449476
0.449479
0.449483
0.449464
0.449477
0.449472
0.449487
0.449515
0.449516
0.449519
0.449524
0.449535
0.449537
0.449558
0.449564
0.449583
0.449604
0.449611
0.449617
0.449627
0.449644
0.449663
0.449662
0.449664
0.449678
0.449674
0.449676
0.449678
0.449687
0.449699
0.449698
0.449689
0.449685
0.449684
0.449689
0.449696
0.449696
0.449689
0.449702
0.449692
0.449709
0.449716
0.449735
0.449746
0.449757
0.449764
0.449772
0.449771
0.449784
0.449776
0.4498
0.449798
0.449801
0.449796
0.449808
0.449813
0.449811
0.449818
0.449817
0.449818
0.449819
0.449828
0.449832
0.449843
0.449836
0.449839
0.449842
0.449842
0.44985
0.449858
0.449876
0.449871
0.449871
0.449888
0.449901
0.449907
0.449901
0.449907
0.44991
0.449927
0.449927
0.449936
0.449918
0.449919
0.449929
0.449937
0.449945
0.449951
0.449965
0.449972
0.449976
0.44999
0.449996
0.450005
0.450011
0.450006
0.450009
0.450023
0.450032
0.45005
0.450054
0.450056
0.45007
0.450087
0.450092
0.450109
0.450116
0.450121
0.450138
0.450156
0.45016
0.450179
0.450201
0.45021
0.450209
0.450204
0.450207
0.450222
0.450243
0.450257
0.450262
0.450262
0.450265
0.450272
0.45027
0.450274
0.450267
0.450262
0.450259
0.450268
0.450274
0.450296
0.450302
0.450307
0.450303
0.450306
0.45031
0.450322
0.450336
0.450342
0.450353
0.450354
0.45036
0.450356
0.450371
0.450381
0.45038
0.450389
0.450401
0.450408
0.450424
0.450426
0.450437
0.450435
0.45043
0.450447
0.450446
0.450453
0.450471
0.450484
0.450478
0.450493
0.450494
0.450493
0.450506
0.45051
0.450533
0.450553
0.45056
0.450572
0.450573
0.450571
0.45057
0.450583
0.450586
0.450589
0.450591
0.450603
0.450609
0.45062
0.450621
0.450635
0.450646
0.450661
0.45069
0.450689
0.450701
0.450716
0.450707
0.450703
0.450703
0.4507
0.450716
0.45072
0.450735
0.450736
0.450737
0.450754
0.450773
0.45078
0.450787
0.450799
0.450789
0.450805
0.450806
0.450802
0.450806
0.450809
0.450812
0.450815
0.450819
0.450831
0.450833
0.450839
0.45085
0.450863
0.450876
0.450885
0.450891
0.450885
0.450892
0.450894
0.450905
0.450906
0.450915
0.450918
0.450923
0.450929
0.45093
0.45093
0.450934
0.450945
0.450952
0.450964
0.450976
0.450982
0.45097
0.450978
0.45099
0.450991
0.450991
0.450996
0.451005
0.451019
0.451017
0.451036
0.451035
0.451041
0.451045
0.45105
0.451057
0.451066
0.451065
0.451077
0.451083
0.451079
0.451087
0.451078
0.451095
0.4511
0.451105
0.451105
0.451109
0.45111
0.451117
0.451128
0.451131
0.451151
0.451161
0.451163
0.451173
0.451181
0.451192
0.451205
0.451208
0.451212
0.451202
0.451219
0.451214
0.451218
0.45122
0.451236
0.451252
0.451257
0.45125
0.451267
0.451268
0.451283
0.451305
0.451309
0.451325
0.451333
0.451345
0.451346
0.451359
0.45137
0.45137
0.451357
0.45136
0.451366
0.451383
0.451383
0.451375
0.451375
0.451373
0.45138
0.451399
0.451409
0.451391
0.451411
0.451411
0.451417
0.451431
0.451432
0.451441
0.451452
0.451455
0.451465
0.451465
0.451465
0.451471
0.451478
0.451477
0.451485
0.451488
0.451489
0.451497
0.451513
0.45152
0.451524
0.451534
0.451538
0.451541
0.45154
0.451553
0.451569
0.451587
0.451589
0.451591
0.451609
0.451622
0.451638
0.451637
0.451634
0.451652
0.451662
0.451678
0.451681
0.451671
0.451664
0.451674
0.451686
0.451684
0.451684
0.451692
0.451701
0.451706
0.451714
0.45172
0.451724
0.451737
0.451748
0.451757
0.451757
0.451751
0.451757
0.451768
0.451781
0.451794
0.451799
0.451807
0.451826
0.451829
0.451834
0.451843
0.451858
0.45187
0.451866
0.451873
0.451884
0.451894
0.451895
0.451899
0.451905
0.451912
0.451928
0.451921
0.451925
0.45192
0.451922
0.451936
0.451951
0.451957
0.451972
0.451976
0.451983
0.451998
0.452006
0.452016
0.452026
0.452034
0.452046
0.452051
0.45204
0.452052
0.452059
0.452062
0.452061
0.452069
0.452074
0.452078
0.452093
0.452111
0.452117
0.452124
0.452142
0.452141
0.452138
0.452124
0.452131
0.452135
0.452145
0.452148
0.452166
0.452177
0.452191
0.452191
0.452195
0.452207
0.452212
0.452211
0.452203
0.452205
0.452211
0.452218
0.452231
0.452255
0.452248
0.452254
0.452255
0.452262
0.452274
0.452276
0.452283
0.452301
0.452307
0.452319
0.452317
0.452316
0.452321
0.452337
0.452337
0.452337
0.452347
0.452352
0.452364
0.452361
0.452363
0.452357
0.452358
0.452361
0.452359
0.452351
0.452355
0.45237
0.452371
0.452374
0.452385
0.452392
0.452398
0.452406
0.452403
0.452393
0.452395
0.452394
0.4524
0.452405
0.452412
0.452429
0.452416
0.452441
0.45245
0.452458
0.452469
0.452466
0.452463
0.452481
0.452485
0.45249
0.452497
0.452498
0.452505
0.452515
0.452521
0.452533
0.452536
0.452561
0.452573
0.452576
0.45259
0.452592
0.452591
0.452598
0.452608
0.452612
0.452623
0.452627
0.452638
0.452648
0.452663
0.452668
0.452667
0.452686
0.452692
0.45271
0.452728
0.452744
0.452751
0.452753
0.452752
0.452744
0.452766
0.452764
0.452765
0.452778
0.452778
0.452788
0.452785
0.4528
0.452812
0.452818
0.452822
0.452836
0.452848
0.452864
0.45288
0.452892
0.452911
0.45291
0.452911
0.452913
0.452907
0.452919
0.452924
0.452928
0.452939
0.45294
0.452951
0.452953
0.452956
0.45297
0.452964
0.452985
0.452999
0.453006
0.453002
0.453015
0.453024
0.453028
0.453035
0.453046
0.45305
0.453055
0.453042
0.453052
0.453062
0.453068
0.45308
0.453086
0.453085
0.453084
0.453096
0.453117
0.453121
0.453117
0.453122
0.453131
0.45314
0.453136
0.453153
0.453157
0.453153
0.453167
0.45316
0.453166
0.453169
0.453179
0.453192
0.453201
0.453196
0.453199
0.453216
0.453226
0.453234
0.453241
0.45324
0.453247
0.453256
0.453266
0.453269
0.45328
0.453294
0.453297
0.453289
0.453289
0.453303
0.453303
0.453309
0.453312
0.453313
0.453327
0.45333
0.453334
0.453332
0.45334
0.453332
0.453341
0.453358
0.453371
0.453377
0.453393
0.453396
0.453397
0.453405
0.45342
0.453411
0.453417
0.453426
0.453435
0.453444
0.453445
0.453449
0.453454
0.453469
0.453478
0.453479
0.453485
0.453507
0.45352
0.453505
0.453515
0.453519
0.453527
0.453529
0.453547
0.453548
0.453556
0.453552
0.453566
0.453568
0.453573
0.453575
0.453584
0.453605
0.453622
0.453635
0.453647
0.453654
0.453652
0.453664
0.45368
0.453679
0.453684
0.453693
0.4537
0.453714
0.453717
0.45372
0.453735
0.453748
0.453741
0.453756
0.453764
0.453766
0.453784
0.453795
0.453796
0.453812
0.453823
0.453832
0.453852
0.453872
0.453882
0.453884
0.453907
0.453906
0.453916
0.45391
0.453916
0.453923
0.453928
0.453938
0.45394
0.453947
0.453965
0.453961
0.453969
0.453974
0.453998
0.454009
0.454007
0.454012
0.454029
0.454037
0.454047
0.454061
0.454066
0.454071
0.454071
0.454075
0.454073
0.454077
0.454081
0.454096
0.454102
0.454105
0.454108
0.454108
0.454099
0.454104
0.454113
0.454116
0.454127
0.454142
0.454148
0.454163
0.454176
0.454182
0.454193
0.45419
0.454199
0.454205
0.454216
0.45424
0.454249
0.454252
0.45426
0.454263
0.454272
0.454266
0.454257
0.454255
0.454262
0.454277
0.454294
0.454296
0.454303
0.454302
0.454313
0.454318
0.454327
0.454331
0.454332
0.454336
0.454349
0.454359
0.454369
0.454374
0.454369
0.454373
0.454372
0.454379
0.454394
0.454387
0.454398
0.454395
0.454398
0.454413
0.454412
0.454433
0.454438
0.45444
0.454441
0.454446
0.454443
0.454451
0.454455
0.454467
0.454482
0.454483
0.454498
0.454508
0.454507
0.45452
0.454522
0.454531
0.454538
0.454548
0.454559
0.454572
0.454584
0.454595
0.454601
0.454626
0.454619
0.454638
0.454653
0.454656
0.454668
0.454658
0.454665
0.454666
0.454683
0.454701
0.454705
0.454709
0.454728
0.454732
0.454733
0.454733
0.45474
0.454742
0.45476
0.454772
0.454783
0.454799
0.454811
0.454815
0.454814
0.454824
0.454835
0.454848
0.454865
0.454883
0.454884
0.454893
0.454901
0.454902
0.454909
0.454912
0.454927
0.454933
0.454939
0.454948
0.454941
0.454954
0.454963
0.454963
0.454969
0.454976
0.454979
0.454985
0.454988
0.454992
0.455005
0.45501
0.455012
0.455021
0.455023
0.455023
0.455025
0.45503
0.455043
0.455054
0.455048
0.455055
0.455065
0.455061
0.455074
0.45509
0.455093
0.455091
0.455095
0.455102
0.455106
0.455113
0.455121
0.455128
0.455139
0.455149
0.455157
0.455165
0.455175
0.455177
0.455175
0.455184
0.455193
0.455207
0.455224
0.455234
0.45524
0.455255
0.455262
0.455273
0.455282
0.455294
0.455303
0.45531
0.455312
0.455309
0.455318
0.45533
0.455342
0.455353
0.45535
0.455361
0.455352
0.455356
0.455371
0.455374
0.455372
0.455373
0.455385
0.455395
0.455398
0.455396
0.455402
0.455417
0.455423
0.455446
0.45547
0.455478
0.455484
0.4555
0.455508
0.455511
0.455522
0.455522
0.455534
0.455539
0.455541
0.455545
0.45555
0.455564
0.455568
0.455578
0.45559
0.4556
0.455599
0.455611
0.455632
0.455642
0.455646
0.45565
0.455654
0.455663
0.455672
0.455683
0.455696
0.455696
0.455696
0.455707
0.45571
0.455712
0.455713
0.455729
0.455737
0.455746
0.45575
0.455752
0.455749
0.455764
0.455759
0.455761
0.455764
0.455771
0.455796
0.455807
0.45582
0.45582
0.455828
0.455828
0.45584
0.455847
0.455839
0.455846
0.455852
0.45586
0.455872
0.455887
0.455902
0.455901
0.455909
0.455911
0.455918
0.455932
0.455943
0.455957
0.455969
0.455989
0.456007
0.456014
0.45603
0.456025
0.45603
0.456028
0.456037
0.456048
0.45606
0.456069
0.456082
0.456088
0.456104
0.456106
0.45612
0.456132
0.456134
0.456143
0.456152
0.456152
0.456159
0.456154
0.456173
0.456168
0.456175
0.456179
0.456184
0.456188
0.456199
0.456217
0.456216
0.456218
0.456216
0.456222
0.456222
0.456235
0.456244
0.456247
0.456255
0.456265
0.456271
0.456293
0.456309
0.456321
0.456339
0.456344
0.456345
0.456336
0.456338
0.456338
0.456344
0.456355
0.456357
0.456357
0.456371
0.456375
0.456379
0.456386
0.456391
0.456402
0.456408
0.456421
0.45643
0.456445
0.456447
0.456449
0.456456
0.456456
0.456458
0.45647
0.456481
0.456499
0.456507
0.456516
0.456504
0.456515
0.456525
0.456512
0.456513
0.456519
0.456515
0.456525
0.456533
0.456539
0.456552
0.456551
0.456558
0.456557
0.456579
0.456599
0.456602
0.456607
0.456607
0.456619
0.456627
0.456638
0.456645
0.456649
0.456651
0.456656
0.456652
0.456653
0.456668
0.456685
0.456681
0.456691
0.456685
0.456692
0.456692
0.456691
0.456695
0.456694
0.456697
0.456703
0.456711
0.456716
0.456709
0.45672
0.456721
0.456722
0.456731
0.45672
0.456726
0.456745
0.456753
0.456759
0.456769
0.456766
0.456769
0.456772
0.456774
0.456781
0.456777
0.456783
0.456791
0.456804
0.456804
0.456807
0.456813
0.456817
0.456829
0.456829
0.456828
0.456853
0.456854
0.456863
0.456866
0.456871
0.456875
0.456876
0.456875
0.456883
0.456893
0.456898
0.456902
0.456912
0.456908
0.456914
0.456911
0.456925
0.456939
0.456951
0.456952
0.456952
0.456947
0.456946
0.456956
0.45696
0.456962
0.456968
0.456987
0.456986
0.456994
0.456988
0.456987
0.456976
0.456968
0.456969
0.456977
0.456979
0.456984
0.456984
0.456987
0.456995
0.457003
0.457021
0.457021
0.457033
0.45703
0.457043
0.457049
0.457052
0.457043
0.457057
0.457065
0.457069
0.457078
0.457085
0.4571
0.457106
0.457111
0.457117
0.45712
0.457131
0.457134
0.457146
0.457157
0.457146
0.45717
0.45718
0.457197
0.457204
0.457217
0.457227
0.457229
0.457228
0.457235
0.457247
0.45725
0.45725
0.457257
0.457257
0.457272
0.457274
0.457274
0.457279
0.457292
0.457298
0.457303
0.457314
0.45732
0.457328
0.457331
0.457336
0.457334
0.45734
0.457346
0.457353
0.457345
0.457358
0.457372
0.457377
0.457378
0.457396
0.457399
0.457401
0.4574
0.457405
0.457412
0.457406
0.457422
0.457431
0.457436
0.457433
0.457434
0.457438
0.457457
0.457477
0.457483
0.457495
0.45751
0.457523
0.457511
0.457514
0.457527
0.457528
0.457535
0.457543
0.457535
0.457544
0.457551
0.457558
0.457564
0.457573
0.457574
0.457577
0.45758
0.457594
0.457605
0.457607
0.457613
0.457621
0.457626
0.457626
0.457627
0.457628
0.45764
0.457641
0.457643
0.457648
0.457652
0.457654
0.457655
0.457664
0.457667
0.457688
0.457694
0.457707
0.457715
0.457718
0.457724
0.457735
0.457741
0.457747
0.457753
0.45776
0.457772
0.457784
0.457779
0.457782
0.457799
0.4578
0.457803
0.457806
0.45781
0.457817
0.457815
0.45782
0.457831
0.457832
0.457834
0.457842
0.457844
0.45785
0.457857
0.457852
0.457853
0.457855
0.457855
0.457857
0.457864
0.457871
0.457875
0.457872
0.457872
0.457879
0.457881
0.457888
0.457895
0.457898
0.457912
0.457922
0.457919
0.457925
0.45793
0.457927
0.457927
0.457942
0.457957
0.45796
0.457969
0.457976
0.45798
0.457987
0.457991
0.458
0.457996
0.45801
0.458014
0.458026
0.458039
0.458046
0.458057
0.458069
0.458072
0.458083
0.458088
0.458101
0.458101
0.458108
0.458106
0.458113
0.458109
0.45811
0.458112
0.458117
0.458111
0.458118
0.458124
0.458131
0.458146
0.458154
0.458161
0.458165
0.458183
0.458188
0.458197
0.458202
0.458206
0.458222
0.458236
0.458245
0.458246
0.458245
0.458252
0.458247
0.458251
0.458251
0.458254
0.458264
0.458266
0.458271
0.458277
0.458272
0.458277
0.45827
0.458277
0.458283
0.458284
0.458295
0.458295
0.458301
0.45831
0.458316
0.45832
0.458327
0.458331
0.458355
0.458364
0.458365
0.458365
0.458364
0.458374
0.458375
0.458385
0.458387
0.458396
0.458404
0.458412
0.458413
0.45842
0.458432
0.458442
0.458457
0.458471
0.458483
0.458484
0.45848
0.458491
0.458488
0.458494
0.458501
0.4585
0.458513
0.458513
0.458519
0.458527
0.458521
0.458522
0.458523
0.458532
0.458526
0.458539
0.458541
0.458551
0.458567
0.458563
0.458573
0.458585
0.458594
0.458599
0.458605
0.458621
0.458629
0.458631
0.458634
0.45864
0.458644
0.458648
0.458653
0.458661
0.458656
0.458661
0.458672
0.458683
0.458688
0.458697
0.458713
0.458729
0.458733
0.458742
0.458751
0.458753
0.458765
0.458772
0.458775
0.458773
0.458775
0.458789
0.458789
0.458802
0.458809
0.458814
0.458814
0.458814
0.458814
0.458814
0.458812
0.458805
0.458805
0.458824
0.458839
0.458838
0.458841
0.458855
0.458859
0.458864
0.458871
0.458878
0.458883
0.458898
0.458894
0.458902
0.458915
0.458915
0.458928
0.45893
0.458937
0.458932
0.458943
0.458941
0.458949
0.458951
0.458948
0.458954
0.458961
0.458954
0.458968
0.458981
0.458978
0.458991
0.458988
0.458992
0.458991
0.458989
0.458997
0.459003
0.459011
0.459017
0.459023
0.459032
0.459029
0.459039
0.45905
0.459045
0.45905
0.459056
0.459054
0.459063
0.459062
0.459058
0.459063
0.459069
0.459078
0.459082
0.459074
0.459071
0.459081
0.459091
0.459088
0.459098
0.45911
0.459111
0.459119
0.459134
0.459134
0.459139
0.45915
0.459157
0.459159
0.459155
0.459154
0.459162
0.459162
0.459161
0.459171
0.45917
0.459179
0.459181
0.459186
0.459193
0.459206
0.459211
0.459216
0.459216
0.459218
0.459233
0.459238
0.459252
0.459263
0.459271
0.459276
0.45928
0.459282
0.459297
0.459305
0.45931
0.45932
0.459319
0.459313
0.459312
0.459312
0.459324
0.459327
0.45934
0.459344
0.459349
0.459358
0.459361
0.45936
0.459358
0.459363
0.459366
0.459372
0.459379
0.459393
0.459392
0.459393
0.459395
0.459403
0.4594
0.459408
0.459408
0.459417
0.459428
0.45943
0.45943
0.45944
0.459445
0.459457
0.459468
0.459475
0.459475
0.459474
0.459479
0.459483
0.459487
0.459481
0.459491
0.459498
0.459501
0.459508
0.459519
0.45952
0.459521
0.459525
0.459526
0.459537
0.459542
0.459549
0.459565
0.459566
0.459571
0.459575
0.45958
0.459591
0.459594
0.459601
0.459614
0.459621
0.45961
0.459618
0.459624
0.459639
0.459637
0.459644
0.45965
0.459661
0.459678
0.459687
0.459685
0.459694
0.459704
0.459704
0.459706
0.4597
0.459706
0.45971
0.459711
0.459713
0.45971
0.459731
0.459747
0.459741
0.459741
0.459745
0.45975
0.459745
0.45975
0.459759
0.459767
0.459766
0.459765
0.45977
0.459783
0.459786
0.459792
0.459798
0.459807
0.459812
0.45981
0.459807
0.459818
0.459822
0.459834
0.459841
0.459843
0.459853
0.459853
0.459859
0.459861
0.459864
0.459868
0.459877
0.459887
0.459898
0.459909
0.459915
0.459922
0.459934
0.459941
0.459948
0.459941
0.459952
0.459952
0.459953
0.459954
0.45996
0.459959
0.459955
0.459961
0.459968
0.459977
0.459977
0.459976
0.459975
0.459987
0.459986
0.459986
0.459995
0.460008
0.460017
0.460027
0.460039
0.460043
0.460051
0.460054
0.460058
0.460064
0.460067
0.46008
0.460091
0.460101
0.460104
0.460103
0.460107
0.460111
0.460114
0.460117
0.460115
0.460126
0.460139
0.460138
0.460145
0.460137
0.460141
0.460138
0.460146
0.460145
0.460146
0.460147
0.460157
0.46016
0.460166
0.46017
0.460171
0.46018
0.460185
0.460193
0.460203
0.460212
0.460219
0.460212
0.460214
0.46021
0.460214
0.460223
0.46023
0.460229
0.460245
0.460263
0.460276
0.460292
0.460304
0.460315
0.46033
0.460332
0.460345
0.460353
0.460358
0.46036
0.460366
0.460372
0.460373
0.460381
0.460388
0.460392
0.460402
0.460417
0.460423
0.460436
0.460442
0.460446
0.460453
0.460461
0.460464
0.460469
0.460476
0.460483
0.460483
0.460487
0.460487
0.460497
0.460489
0.460496
0.460503
0.460497
0.460497
0.460512
0.460516
0.460521
0.460532
0.460547
0.46055
0.460554
0.460562
0.460568
0.46057
0.460572
0.46058
0.460589
0.460591
0.460601
0.460603
0.460604
0.460605
0.460607
0.460606
0.460616
0.460636
0.460639
0.460651
0.460665
0.460672
0.460689
0.460677
0.460678
0.46069
0.460703
0.460713
0.460705
0.460719
0.460718
0.460724
0.460733
0.460747
0.46075
0.460747
0.460749
0.460759
0.460776
0.460778
0.460775
0.460781
0.460782
0.460789
0.460799
0.460811
0.460817
0.460828
0.460837
0.460836
0.460838
0.460841
0.46085
0.460856
0.46086
0.460868
0.46087
0.460877
0.46089
0.460894
0.460894
0.460903
0.460903
0.460909
0.460916
0.460914
0.460909
0.460907
0.460908
0.460917
0.460926
0.460937
0.460938
0.460935
0.460933
0.460941
0.460943
0.460934
0.460939
0.460945
0.460942
0.460951
0.460949
0.46095
0.460956
0.460961
0.460962
0.460961
0.460969
0.460968
0.460968
0.460964
0.460977
0.460994
0.461
0.461014
0.461014
0.461018
0.461026
0.461028
0.461039
0.461044
0.461051
0.461061
0.46107
0.461076
0.461088
0.46109
0.461093
0.461097
0.461098
0.46111
0.461112
0.461104
0.461105
0.461103
0.461094
0.461101
0.461114
0.461121
0.461128
0.46113
0.461137
0.461143
0.461152
0.461164
0.461173
0.461176
0.461179
0.461181
0.461183
0.461194
0.461193
0.461198
0.461207
0.46122
0.461226
0.461227
0.461237
0.461234
0.461241
0.461255
0.46126
0.461268
0.461269
0.461267
0.461264
0.461265
0.46127
0.461278
0.461278
0.461283
0.461285
0.461292
0.461294
0.461299
0.461297
0.461298
0.461297
0.4613
0.461301
0.461305
0.46131
0.461311
0.461317
0.461317
0.46132
0.461318
0.461319
0.461323
0.461328
0.461329
0.461333
0.461344
0.461356
0.461374
0.461386
0.461396
0.461399
0.461407
0.461419
0.461432
0.461438
0.461432
0.461428
0.461432
0.461444
0.461443
0.461442
0.461449
0.461461
0.46147
0.461474
0.461476
0.461476
0.461481
0.461491
0.461494
0.461509
0.461516
0.461521
0.461524
0.461527
0.46154
0.461542
0.461553
0.461561
0.46156
0.461565
0.461567
0.461569
0.461579
0.461586
0.461591
0.461595
0.461597
0.461604
0.461613
0.461627
0.461639
0.461647
0.461641
0.461651
0.46165
0.461654
0.461661
0.461672
0.461675
0.461682
0.461691
0.461688
0.461698
0.461695
0.461695
0.461699
0.461708
0.461717
0.461724
0.46173
0.461739
0.461733
0.461739
0.461746
0.461752
0.461753
0.461755
0.461751
0.461761
0.461765
0.461772
0.46178
0.461778
0.461788
0.461782
0.461794
0.461805
0.461812
0.461818
0.461831
0.461839
0.461844
0.461847
0.46186
0.461859
0.461868
0.461863
0.461869
0.461882
0.461886
0.461892
0.461889
0.461885
0.461887
0.46189
0.461903
0.461901
0.461907
0.461904
0.46191
0.461913
0.461925
0.461928
0.461933
0.461937
0.461942
0.461948
0.461963
0.461971
0.461977
0.461974
0.461982
0.461991
0.461999
0.461999
0.462003
0.462001
0.462011
0.462023
0.462041
0.462041
0.462044
0.462052
0.462055
0.462053
0.462051
0.462056
0.462056
0.462065
0.462071
0.462074
0.462082
0.462094
0.462098
0.462104
0.462105
0.462107
0.462114
0.462115
0.462122
0.462122
0.462127
0.462135
0.462139
0.462143
0.462152
0.462143
0.462145
0.462146
0.46216
0.462166
0.462168
0.462178
0.462181
0.46219
0.462194
0.462189
0.462187
0.462191
0.462189
0.462189
0.46219
0.462191
0.462196
0.462203
0.462205
0.462205
0.462212
0.462217
0.462216
0.46222
0.462224
0.46222
0.462225
0.462222
0.462232
0.462241
0.462246
0.462237
0.462244
0.462256
0.462256
0.462261
0.462268
0.462272
0.462277
0.462287
0.462299
0.462306
0.462302
0.4623
0.462311
0.462326
0.462324
0.462328
0.462328
0.462336
0.462331
0.462327
0.462337
0.462329
0.462337
0.462337
0.46234
0.462347
0.462345
0.462349
0.462357
0.462359
0.462363
0.462358
0.462364
0.462365
0.462368
0.462376
0.462392
0.462409
0.462415
0.462428
0.46244
0.46244
0.462449
0.462464
0.462478
0.462473
0.46247
0.462473
0.462475
0.462477
0.462483
0.462487
0.462489
0.462495
0.462504
0.462508
0.462508
0.4625
0.462508
0.462522
0.46252
0.462525
0.462543
0.462554
0.462552
0.46255
0.462545
0.46255
0.462556
0.462554
0.462561
0.46257
0.462579
0.46259
0.462596
0.462598
0.462604
0.462608
0.462618
0.462625
0.462633
0.462633
0.462635
0.462644
0.462636
0.462641
0.462649
0.462652
0.462652
0.462654
0.462647
0.46264
0.462644
0.462652
0.462655
0.462649
0.462652
0.462656
0.462654
0.462657
0.462663
0.462657
0.462659
0.462658
0.462667
0.462665
0.462664
0.462662
0.462666
0.462667
0.462666
0.462672
0.462682
0.46268
0.46268
0.462687
0.462685
0.46268
0.462683
0.462693
0.4627
0.462705
0.462708
0.46271
0.462714
0.462711
0.462715
0.462712
0.462709
0.462713
0.462713
0.462715
0.462716
0.462721
0.462727
0.462727
0.462733
0.462734
0.462733
0.462732
0.462735
0.462739
0.462745
0.462749
0.462751
0.462754
0.46276
0.46276
0.462771
0.462772
0.462774
0.462783
0.462783
0.462785
0.462784
0.462781
0.462797
0.4628
0.462796
0.462797
0.462795
0.462803
0.462805
0.462808
0.462811
0.462819
0.462824
0.462833
0.462839
0.462846
0.462857
0.462859
0.462867
0.462867
0.462875
0.462882
0.462889
0.462875
0.462876
0.462875
0.462879
0.462886
0.462897
0.4629
0.462909
0.462909
0.46291
0.462906
0.462905
0.46292
0.462927
0.462931
0.462932
0.462941
0.462943
0.462945
0.462951
0.462947
0.462951
0.462956
0.462959
0.462964
0.462975
0.462985
0.462985
0.462988
0.462995
0.462996
0.463003
0.463005
0.463005
0.462996
0.463005
0.46301
0.463007
0.463007
0.463006
0.463005
0.463005
0.463007
0.463017
0.463019
0.463027
0.463026
0.463032
0.463028
0.463037
0.46304
0.463036
0.463043
0.463048
0.463048
0.463049
0.463057
0.463064
0.463081
0.463097
0.463097
0.463106
0.463109
0.463113
0.463115
0.463124
0.463125
0.463126
0.463137
0.463143
0.463147
0.463145
0.463145
0.463149
0.463152
0.463159
0.463152
0.463155
0.463164
0.463164
0.463165
0.463168
0.46317
0.463173
0.463177
0.463186
0.463187
0.463184
0.463193
0.463203
0.463209
0.463216
0.463216
0.463221
0.46322
0.463216
0.463215
0.463217
0.463222
0.463217
0.463227
0.463229
0.463233
0.463243
0.463253
0.463261
0.46327
0.463282
0.46328
0.463285
0.463291
0.463296
0.463295
0.463287
0.463287
0.463288
0.463298
0.463307
0.463309
0.463313
0.463317
0.463322
0.463324
0.463328
0.463324
0.463324
0.463335
0.46334
0.463347
0.463349
0.463344
0.463349
0.463349
0.463353
0.463355
0.463353
0.463355
0.463361
0.463358
0.463367
0.463375
0.46338
0.463379
0.463376
0.463381
0.463382
0.463389
0.463391
0.463391
0.463399
0.463404
0.463407
0.463405
0.463408
0.463407
0.463412
0.463418
0.463423
0.463425
0.463437
0.463441
0.463455
0.463452
0.463456
0.463457
0.463461
0.463466
0.463466
0.463474
0.463482
0.463491
0.463499
0.463513
0.463518
0.463521
0.463523
0.46352
0.463523
0.463526
0.463533
0.463531
0.463534
0.463537
0.463539
0.463543
0.463554
0.463561
0.463571
0.463576
0.463573
0.463579
0.463583
0.46358
0.463574
0.463586
0.463592
0.463606
0.463613
0.463618
0.463626
0.463627
0.463627
0.463633
0.463638
0.463646
0.463654
0.463661
0.463664
0.46366
0.463672
0.463674
0.46368
0.463677
0.463679
0.463685
0.463694
0.463687
0.463688
0.463696
0.463706
0.463703
0.463711
0.463722
0.463719
0.463717
0.463729
0.463728
0.463736
0.463739
0.463745
0.46375
0.463754
0.463752
0.463761
0.463774
0.463777
0.463781
0.463785
0.463784
0.463789
0.463797
0.463798
0.463794
0.463799
0.463799
0.463804
0.4638
0.463797
0.463798
0.463808
0.463814
0.463815
0.463816
0.46382
0.463828
0.463841
0.463841
0.463847
0.463857
0.463858
0.463863
0.463861
0.463864
0.463863
0.463867
0.463869
0.463865
0.463874
0.46387
0.463881
0.463885
0.463889
0.463898
0.463907
0.463906
0.463914
0.463921
0.463921
0.463925
0.463918
0.463915
0.46392
0.463925
0.463925
0.463933
0.463934
0.463933
0.46393
0.463937
0.463931
0.463935
0.463934
0.463937
0.463942
0.463943
0.463945
0.463958
0.46396
0.463972
0.463962
0.463966
0.463973
0.463963
0.463964
0.463968
0.463966
0.463972
0.46397
0.463972
0.46397
0.463971
0.46397
0.463974
0.463975
0.463973
0.46398
0.463992
0.463989
0.463999
0.463998
0.464006
0.464009
0.464012
0.464013
0.464014
0.464023
0.464028
0.464028
0.464031
0.464035
0.464035
0.464032
0.464029
0.464036
0.464036
0.464038
0.464043
0.464044
0.46405
0.464055
0.464061
0.46406
0.464066
0.464067
0.464072
0.464074
0.464079
0.464084
0.464089
0.464093
0.464096
0.4641
0.464108
0.464109
0.464116
0.464117
0.464115
0.464117
0.464122
0.464121
0.464126
0.464132
0.464137
0.464145
0.46415
0.464158
0.464162
0.46417
0.464176
0.464179
0.464185
0.464183
0.464192
0.464198
0.464207
0.464216
0.464212
0.464215
0.464215
0.464234
0.464237
0.464242
0.464242
0.464238
0.464233
0.464231
0.464229
0.464225
0.464225
0.46423
0.464235
0.464236
0.464248
0.464246
0.464253
0.464255
0.464256
0.464268
0.464271
0.464281
0.464276
0.464275
0.464276
0.464275
0.464279
0.464279
0.464285
0.464289
0.46429
0.464298
0.464299
0.464295
0.464303
0.464305
0.464307
0.464312
0.464313
0.464309
0.46432
0.464322
0.464331
0.464329
0.464335
0.46433
0.464332
0.464332
0.464342
0.464348
0.464351
0.464358
0.464364
0.464366
0.464377
0.464367
0.46437
0.464367
0.464369
0.46437
0.464373
0.464368
0.464367
0.464367
0.46437
0.464375
0.464381
0.464387
0.464398
0.464397
0.464398
0.464403
0.464404
0.464408
0.464416
0.464424
0.464429
0.464435
0.46444
0.464451
0.464446
0.464452
0.464451
0.46445
0.464456
0.46446
0.464455
0.464462
0.464466
0.464473
0.464481
0.464482
0.464483
0.464482
0.464486
0.464487
0.464489
0.464496
0.464501
0.464504
0.464505
0.464507
0.464509
0.464517
0.464527
0.464526
0.46453
0.464529
0.464526
0.464529
0.464531
0.464532
0.464524
0.464527
0.464521
0.464521
0.464529
0.464528
0.464528
0.464535
0.464546
0.464545
0.464548
0.464553
0.464562
0.464563
0.464566
0.464571
0.464578
0.464574
0.464576
0.464578
0.464584
0.464589
0.464595
0.464594
0.464595
0.464606
0.464608
0.464619
0.464626
0.464628
0.464625
0.464625
0.464626
0.464629
0.464639
0.464638
0.464639
0.464643
0.46465
0.46465
0.464647
0.464651
0.464661
0.464667
0.46466
0.464664
0.464661
0.464664
0.46467
0.464673
0.464679
0.464679
0.464682
0.464687
0.464688
0.464699
0.464706
0.464712
0.464711
0.464711
0.464718
0.464723
0.46473
0.464731
0.464733
0.464742
0.464744
0.464745
0.46474
0.464747
0.464749
0.464753
0.46476
0.464765
0.464778
0.464776
0.464779
0.464787
0.464791
0.464793
0.464793
0.464792
0.464802
0.464805
0.464808
0.464815
0.46481
0.464812
0.464815
0.464817
0.464824
0.46483
0.464832
0.464835
0.464832
0.464844
0.464853
0.464858
0.464863
0.464868
0.464868
0.464868
0.464873
0.464878
0.46488
0.464886
0.464887
0.464887
0.46489
0.464889
0.464898
0.464899
0.464903
0.464906
0.464904
0.464911
0.464912
0.464912
0.46492
0.464923
0.464923
0.46492
0.464923
0.464927
0.464931
0.464931
0.464928
0.464936
0.464941
0.464945
0.464946
0.464951
0.464948
0.464953
0.464956
0.464948
0.464948
0.464957
0.46496
0.464965
0.464965
0.464956
0.464961
0.464957
0.464953
0.464961
0.464961
0.46497
0.464972
0.464979
0.464981
0.464983
0.464981
0.464988
0.464988
0.464992
0.465002
0.465012
0.465008
0.465006
0.465004
0.465008
0.465009
0.465017
0.465026
0.465035
0.465036
0.465041
0.465038
0.465048
0.465049
0.46506
0.465073
0.465083
0.465093
0.465091
0.465098
0.465105
0.465105
0.465105
0.465106
0.465104
0.465111
0.465111
0.465122
0.465129
0.465136
0.465145
0.46515
0.465154
0.465155
0.465153
0.465153
0.465152
0.465155
0.465162
0.465163
0.465168
0.465163
0.465174
0.465178
0.465184
0.465187
0.46519
0.465196
0.465204
0.465199
0.465204
0.465198
0.465203
0.465207
0.465213
0.465215
0.465223
0.465221
0.46522
0.465224
0.465228
0.465231
0.465235
0.465239
0.465241
0.465245
0.465254
0.465254
0.465257
0.465265
0.465266
0.46527
0.465276
0.46528
0.465284
0.465286
0.465285
0.465285
0.465287
0.465295
0.465299
0.465305
0.465305
0.465311
0.465313
0.465312
0.465316
0.465324
0.465325
0.465329
0.465328
0.465338
0.465344
0.465347
0.465351
0.465352
0.465351
0.46535
0.465353
0.465358
0.465365
0.46537
0.465374
0.465386
0.465397
0.465395
0.465395
0.465395
0.465396
0.4654
0.465395
0.465396
0.4654
0.465402
0.46541
0.46542
0.465431
0.465434
0.465438
0.465439
0.465446
0.465451
0.465452
0.465464
0.46547
0.465477
0.465478
0.465487
0.465494
0.465496
0.4655
0.465498
0.465496
0.465506
0.46551
0.465512
0.465515
0.46552
0.46552
0.465514
0.465523
0.465525
0.465528
0.465535
0.46554
0.465541
0.465537
0.465542
0.465547
0.465546
0.465547
0.465552
0.465559
0.465562
0.465564
0.465567
0.465572
0.465579
0.465583
0.465589
0.465594
0.465599
0.465601
0.465601
0.465596
0.4656
0.465601
0.465603
0.465613
0.46562
0.465623
0.465626
0.46563
0.465628
0.465627
0.465628
0.46563
0.465642
0.465646
0.46565
0.465662
0.465664
0.465673
0.465675
0.465678
0.465674
0.465668
0.465683
0.465685
0.465689
0.465698
0.465705
0.465704
0.46571
0.465716
0.465718
0.465722
0.465726
0.465727
0.465733
0.465733
0.465732
0.465741
0.465743
0.465757
0.465763
0.465771
0.465779
0.465781
0.465778
0.465773
0.465773
0.465776
0.465788
0.465793
0.465798
0.465799
0.465795
0.465803
0.465804
0.465806
0.46581
0.465812
0.465816
0.465822
0.465825
0.465838
0.465835
0.465831
0.465832
0.465844
0.465845
0.465848
0.465845
0.46585
0.465852
0.465863
0.465869
0.465868
0.46587
0.465873
0.465878
0.46588
0.465877
0.465885
0.465894
0.4659
0.465912
0.465921
0.46592
0.465926
0.465927
0.465933
0.465929
0.465932
0.465931
0.465934
0.46594
0.465936
0.465928
0.465933
0.465936
0.46594
0.465937
0.465941
0.465942
0.46594
0.465936
0.46593
0.465932
0.465941
0.465944
0.465948
0.465957
0.46596
0.465963
0.465969
0.465972
0.465976
0.465982
0.465984
0.465993
0.465998
0.465999
0.466001
0.466008
0.466016
0.466016
0.466016
0.466015
0.466015
0.466019
0.46602
0.466018
0.46602
0.466027
0.46603
0.466033
0.466035
0.466043
0.466045
0.466046
0.466059
0.466062
0.466072
0.466093
0.466096
0.466099
0.4661
0.466101
0.466104
0.466109
0.466116
0.466122
0.466129
0.466126
0.466131
0.466129
0.466137
0.466148
0.466146
0.466147
0.466153
0.466149
0.466153
0.466154
0.466156
0.466156
0.466159
0.466162
0.466165
0.466171
0.466184
0.466184
0.466186
0.466186
0.466194
0.466198
0.466205
0.466215
0.466221
0.466222
0.466224
0.466229
0.46624
0.466237
0.466248
0.466254
0.466252
0.466252
0.466254
0.466266
0.466267
0.466272
0.466271
0.466278
0.466278
0.466282
0.466284
0.466293
0.466299
0.466305
0.466308
0.466307
0.46631
0.466313
0.466321
0.466329
0.466336
0.466332
0.46633
0.46633
0.46634
0.466339
0.46634
0.466335
0.466346
0.46635
0.466355
0.466358
0.466368
0.466374
0.466373
0.466384
0.466391
0.466396
0.466405
0.466409
0.466408
0.466408
0.466412
0.466418
0.46642
0.466426
0.466425
0.466434
0.46644
0.466451
0.466455
0.46646
0.466464
0.466472
0.466469
0.466479
0.466481
0.466485
0.466485
0.466491
0.466491
0.466494
0.466495
0.466494
0.466496
0.466506
0.466509
0.466515
0.466516
0.466517
0.466523
0.466529
0.46653
0.466542
0.466547
0.46655
0.466544
0.46654
0.466542
0.466544
0.466553
0.466553
0.466553
0.46656
0.466562
0.46657
0.466571
0.466574
0.466578
0.466581
0.466591
0.466593
0.466592
0.46659
0.46659
0.466588
0.4666
0.466607
0.466611
0.466616
0.466618
0.466626
0.46663
0.466637
0.466643
0.466648
0.466644
0.466649
0.466649
0.466653
0.466653
0.466659
0.466661
0.466669
0.466678
0.46668
0.466691
0.466697
0.466698
0.466702
0.466703
0.466709
0.466715
0.466704
0.466701
0.466711
0.466712
0.466716
0.466718
0.466717
0.46672
0.46672
0.466729
0.466729
0.466738
0.466737
0.466744
0.466748
0.466751
0.46676
0.466768
0.466776
0.466779
0.46678
0.466782
0.466787
0.466803
0.466805
0.466807
0.466815
0.466819
0.466819
0.466818
0.466821
0.46682
0.466826
0.466825
0.466829
0.466836
0.466839
0.466853
0.466854
0.466856
0.466867
0.466871
0.466878
0.466883
0.46689
0.466897
0.466913
0.466915
0.466925
0.466922
0.466927
0.466926
0.466925
0.466925
0.466937
0.466938
0.466943
0.466941
0.466948
0.466952
0.466956
0.466961
0.466965
0.46697
0.466976
0.466985
0.466986
0.466989
0.466994
0.467006
0.467011
0.467019
0.467017
0.467028
0.467029
0.467039
0.467042
0.467049
0.467054
0.467057
0.467058
0.467067
0.467071
0.467073
0.467082
0.467086
0.467094
0.467096
0.467099
0.467102
0.467103
0.467106
0.467112
0.467116
0.467111
0.467115
0.467117
0.467118
0.467119
0.46712
0.467119
0.467123
0.467124
0.467128
0.467137
0.467135
0.467133
0.467136
0.467131
0.46713
0.467135
0.467141
0.467145
0.46715
0.467152
0.467152
0.467155
0.467163
0.467164
0.467173
0.467176
0.467182
0.46719
0.467196
0.467192
0.467192
0.467199
0.467195
0.467194
0.467195
0.4672
0.467197
0.467202
0.467204
0.467207
0.467209
0.467211
0.46721
0.467215
0.467218
0.467225
0.467228
0.46723
0.467232
0.467236
0.46725
0.467253
0.467257
0.467269
0.467268
0.467268
0.467268
0.467271
0.46728
0.467286
0.46729
0.467294
0.467298
0.467301
0.467303
0.467305
0.46731
0.467314
0.467312
0.467314
0.467319
0.46732
0.467323
0.467326
0.467328
0.46733
0.467336
0.467342
0.46734
0.467347
0.467351
0.467365
0.467366
0.467368
0.467367
0.467377
0.467378
0.467385
0.467381
0.467385
0.467389
0.4674
0.467403
0.467405
0.467408
0.467409
0.467418
0.467419
0.467425
0.467429
0.467435
0.467438
0.467439
0.467437
0.46744
0.467442
0.467442
0.46745
0.467449
0.467446
0.467445
0.46745
0.467454
0.467457
0.467454
0.467456
0.467453
0.467459
0.46746
0.467467
0.467466
0.467473
0.467478
0.467485
0.467479
0.467492
0.467493
0.467492
0.467494
0.467505
0.467506
0.467506
0.467507
0.467503
0.467508
0.467511
0.467516
0.467518
0.467522
0.467527
0.467543
0.467549
0.467548
0.467551
0.46755
0.467552
0.467556
0.467557
0.467558
0.467562
0.467568
0.467572
0.467574
0.467582
0.467589
0.467591
0.467595
0.467597
0.467594
0.467598
0.467604
0.467609
0.467611
0.467624
0.467633
0.467637
0.467641
0.467645
0.467651
0.467655
0.467663
0.467669
0.467672
0.467671
0.467675
0.467678
0.467683
0.467682
0.467685
0.467687
0.467687
0.467692
0.467698
0.467695
0.467704
0.467711
0.467714
0.467714
0.467713
0.467719
0.467718
0.467714
0.467714
0.467725
0.46773
0.467736
0.467738
0.46774
0.467748
0.467756
0.467762
0.467762
0.467758
0.467756
0.467768
0.467771
0.467779
0.467783
0.467784
0.467784
0.467785
0.467791
0.467796
0.467796
0.467799
0.467801
0.467799
0.467804
0.467812
0.467824
0.467827
0.467825
0.467825
0.467826
0.46783
0.467836
0.467842
0.467838
0.467844
0.467847
0.467851
0.467854
0.467852
0.467857
0.467851
0.467853
0.467867
0.467876
0.467882
0.467888
0.467896
0.467897
0.467897
0.467903
0.467912
0.467916
0.467921
0.467923
0.467927
0.467933
0.467939
0.467942
0.467944
0.467947
0.467958
0.467961
0.467961
0.467961
0.467972
0.467975
0.46798
0.467986
0.467992
0.468001
0.468008
0.46801
0.468014
0.468019
0.468021
0.468026
0.468027
0.468035
0.468039
0.468048
0.46805
0.468051
0.468056
0.468059
0.468057
0.468062
0.468067
0.468065
0.468062
0.468064
0.468072
0.468076
0.468076
0.468077
0.468076
0.468078
0.468075
0.468081
0.468083
0.468089
0.468098
0.468095
0.4681
0.468108
0.468115
0.468123
0.468123
0.468124
0.468128
0.468136
0.468148
0.468152
0.468161
0.468164
0.468165
0.468171
0.468177
0.468182
0.468189
0.468191
0.468195
0.468199
0.468207
0.468209
0.46821
0.468215
0.468218
0.468223
0.468219
0.468226
0.468233
0.468239
0.468241
0.468243
0.468249
0.468254
0.468251
0.468255
0.468255
0.46826
0.468259
0.468261
0.468257
0.468265
0.468266
0.468274
0.468278
0.468279
0.46828
0.468283
0.46828
0.468286
0.468294
0.468296
0.468303
0.468304
0.468308
0.468307
0.468309
0.46832
0.468324
0.468325
0.468328
0.468329
0.46833
0.468334
0.468338
0.468341
0.46834
0.468342
0.468357
0.468358
0.468359
0.46836
0.468366
0.468374
0.468372
0.468383
0.468387
0.468396
0.468407
0.468404
0.468408
0.468416
0.468419
0.468417
0.468413
0.468419
0.468427
0.468423
0.46843
0.468434
0.468441
0.468442
0.468452
0.468455
0.468455
0.468457
0.468459
0.468467
0.468472
0.46847
0.468474
0.468474
0.46848
0.468484
0.468492
0.468495
0.468498
0.468494
0.468498
0.468499
0.468499
0.4685
0.468504
0.468505
0.468507
0.468504
0.468505
0.468505
0.468507
0.468505
0.468511
0.468523
0.468528
0.468524
0.468528
0.468542
0.46854
0.468548
0.468554
0.468553
0.468557
0.468552
0.468553
0.468554
0.468552
0.468557
0.468565
0.468563
0.46857
0.468568
0.468573
0.468577
0.468582
0.468577
0.468579
0.468576
0.468583
0.468582
0.468585
0.468583
0.468588
0.468595
0.468598
0.468604
0.468612
0.468613
0.468616
0.468618
0.468619
0.468625
0.468627
0.468623
0.468627
0.468625
0.468626
0.468623
0.46863
0.468632
0.468642
0.46865
0.468649
0.468653
0.468655
0.468662
0.468672
0.46867
0.468681
0.468687
0.468688
0.468691
0.468692
0.468696
0.468687
0.468693
0.468698
0.468695
0.468695
0.4687
0.468707
0.468711
0.468717
0.468719
0.468722
0.468722
0.46873
0.468735
0.468741
0.468745
0.468746
0.468758
0.468762
0.468771
0.46877
0.468774
0.46878
0.46878
0.468787
0.468793
0.4688
0.468801
0.468803
0.468806
0.468812
0.468817
0.468816
0.468819
0.468821
0.468819
0.46882
0.468822
0.468832
0.468837
0.468844
0.468851
0.46885
0.468854
0.468852
0.468853
0.468849
0.468853
0.468855
0.468859
0.468865
0.468868
0.468872
0.468877
0.468884
0.468894
0.468894
0.468898
0.468897
0.468902
0.46891
0.468913
0.468923
0.468926
0.468929
0.468926
0.468938
0.468946
0.46895
0.46896
0.468963
0.468965
0.468966
0.468961
0.468964
0.468962
0.468967
0.468966
0.468973
0.468976
0.468976
0.46898
0.468977
0.468984
0.468992
0.46899
0.468996
0.469002
0.469008
0.469016
0.469019
0.469022
0.469028
0.469028
0.469031
0.469033
0.469039
0.469039
0.469039
0.469042
0.469049
0.469052
0.469054
0.469064
0.469065
0.469065
0.469067
0.46907
0.469074
0.469083
0.469085
0.469086
0.469092
0.469098
0.469096
0.469098
0.4691
0.469106
0.469108
0.469115
0.469122
0.469129
0.469133
0.469143
0.469142
0.469141
0.469145
0.469144
0.469146
0.469146
0.469141
0.469148
0.469146
0.469154
0.469157
0.469161
0.469159
0.469162
0.46917
0.469175
0.46918
0.469189
0.469196
0.469194
0.469194
0.469201
0.469197
0.469194
0.469205
0.46921
0.469212
0.469211
0.469215
0.469221
0.469226
0.469229
0.469239
0.469239
0.469239
0.469245
0.46925
0.469251
0.469252
0.469254
0.469254
0.469243
0.469246
0.469245
0.469244
0.469246
0.469251
0.469252
0.469249
0.469246
0.469245
0.46924
0.469248
0.469254
0.469262
0.469269
0.46927
0.469278
0.469283
0.469292
0.469291
0.469289
0.469291
0.469292
0.4693
0.469297
0.469294
0.469296
0.469302
0.469303
0.469313
0.469313
0.469317
0.469314
0.469323
0.469332
0.469348
0.469354
0.469363
0.46936
0.469365
0.469358
0.469357
0.469358
0.469357
0.469355
0.46936
0.469362
0.469362
0.469372
0.469374
0.469372
0.469369
0.469375
0.469377
0.46938
0.469383
0.469384
0.469385
0.469385
0.46938
0.469381
0.469392
0.469396
0.469402
0.469411
0.469408
0.469416
0.469424
0.469428
0.469426
0.469432
0.469431
0.469434
0.469431
0.469436
0.469432
0.469441
0.469444
0.469447
0.46945
0.469455
0.469464
0.469464
0.469471
0.469473
0.469469
0.469468
0.469472
0.469476
0.469478
0.46948
0.469479
0.469477
0.469485
0.469482
0.469491
0.469494
0.469498
0.469503
0.469505
0.469502
0.469505
0.469506
0.469508
0.469508
0.469511
0.469519
0.469524
0.469522
0.469525
0.469527
0.46953
0.469535
0.469544
0.469541
0.469543
0.469547
0.469556
0.469561
0.46957
0.469574
0.469578
0.469579
0.469583
0.469588
0.469589
0.469591
0.469598
0.4696
0.469603
0.469608
0.46961
0.469615
0.469618
0.469624
0.469624
0.469621
0.469616
0.469622
0.469625
0.469633
0.469635
0.469641
0.469651
0.469656
0.469657
0.469658
0.469659
0.469667
0.469672
0.469678
0.469673
0.46968
0.469677
0.469683
0.46969
0.469697
0.469698
0.469693
0.469697
0.469695
0.469702
0.469707
0.469711
0.469714
0.469717
0.469714
0.469715
0.469713
0.469715
0.469724
0.469733
0.469743
0.46975
0.46976
0.469762
0.469761
0.469769
0.469774
0.46978
0.469789
0.469795
0.469801
0.469806
0.469808
0.469813
0.46982
0.46982
0.469816
0.469818
0.469818
0.469821
0.469825
0.469828
0.469832
0.469834
0.469841
0.46984
0.469845
0.469842
0.469847
0.469843
0.469841
0.469843
0.46985
0.469853
0.469856
0.46986
0.469864
0.469869
0.469876
0.469884
0.469893
0.469896
0.469895
0.469898
0.469899
0.469904
0.469916
0.469921
0.469931
0.469934
0.469927
0.469935
0.469934
0.469939
0.469937
0.46994
0.46994
0.469939
0.46994
0.469948
0.469953
0.469959
0.469961
0.46997
0.469978
0.469983
0.469984
0.469989
0.469985
0.469983
0.46998
0.469981
0.46998
0.469981
0.469986
0.469989
0.469989
0.469992
0.469993
0.469996
0.470003
0.470008
0.470014
0.470018
0.470019
0.470021
0.470022
0.470016
0.47002
0.470018
0.470021
0.470027
0.470029
0.470033
0.470041
0.470044
0.470045
0.470039
0.470039
0.470041
0.470041
0.470047
0.470054
0.470055
0.47005
0.470049
0.470055
0.470053
0.470052
0.470059
0.470067
0.470064
0.470063
0.470068
0.470072
0.470076
0.470077
0.470085
0.47009
0.470096
0.470097
0.470103
0.470109
0.470111
0.470115
0.470115
0.470114
0.470119
0.470121
0.470126
0.470136
0.470138
0.470144
0.470146
0.470149
0.47015
0.470156
0.470159
0.470163
0.470163
0.470159
0.470158
0.470155
0.470162
0.470167
0.470175
0.470177
0.470175
0.47018
0.47018
0.470188
0.470192
0.47019
0.470201
0.470202
0.470206
0.470215
0.470211
0.470211
0.470218
0.47022
0.470218
0.470218
0.470231
0.470236
0.470239
0.470237
0.470245
0.470247
0.470249
0.470252
0.47026
0.470274
0.470279
0.470284
0.470284
0.470282
0.470284
0.470289
0.470296
0.470294
0.470299
0.470303
0.470305
0.470312
0.470309
0.470312
0.470315
0.470309
0.470308
0.470304
0.470304
0.470302
0.470306
0.470304
0.470307
0.470312
0.470324
0.470325
0.470335
0.470337
0.470341
0.470344
0.470346
0.47035
0.470355
0.470355
0.470357
0.470364
0.47037
0.470367
0.470368
0.47037
0.470375
0.470377
0.470381
0.470385
0.470385
0.470384
0.470387
0.470389
0.470396
0.470401
0.470409
0.47041
0.470408
0.470415
0.470411
0.47041
0.470407
0.470407
0.47041
0.470411
0.470409
0.470417
0.470423
0.47043
0.470433
0.470439
0.470436
0.47044
0.470439
0.470441
0.470448
0.470446
0.470448
0.470451
0.470449
0.47045
0.470457
0.470465
0.470471
0.470475
0.470477
0.470481
0.470479
0.470487
0.470494
0.470498
0.470501
0.470501
0.4705
0.470503
0.470501
0.470503
0.47051
0.470506
0.470509
0.470514
0.470519
0.470524
0.470528
0.47053
0.470528
0.470531
0.470539
0.470551
0.470558
0.470559
0.470558
0.47056
0.470559
0.470563
0.470566
0.470569
0.470576
0.470575
0.470583
0.470587
0.470594
0.470597
0.470599
0.470599
0.470609
0.470614
0.470615
0.470615
0.470618
0.470621
0.470627
0.470626
0.470628
0.470632
0.470638
0.470635
0.470637
0.470635
0.470638
0.470638
0.47064
0.470641
0.470651
0.470655
0.470656
0.47066
0.47066
0.470663
0.470668
0.470666
0.470671
0.470675
0.47068
0.470684
0.470681
0.470687
0.470694
0.470693
0.470695
0.4707
0.470701
0.470711
0.470712
0.470717
0.470719
0.47072
0.470714
0.470713
0.470714
0.470721
0.470728
0.470733
0.470737
0.470741
0.470743
0.470747
0.470756
0.470759
0.470772
0.470774
0.470773
0.470773
0.470777
0.470776
0.470778
0.470777
0.470775
0.470783
0.470789
0.470791
0.4708
0.470802
0.470803
0.4708
0.470797
0.470798
0.470805
0.47081
0.470814
0.470818
0.470827
0.470827
0.47083
0.470827
0.470829
0.470832
0.470841
0.470843
0.470836
0.470844
0.47085
0.470861
0.470864
0.470861
0.470865
0.470868
0.470869
0.470874
0.470879
0.470878
0.470878
0.470884
0.470879
0.470882
0.470874
0.470876
0.470884
0.470889
0.470894
0.4709
0.470906
0.470907
0.470911
0.470915
0.470918
0.470919
0.470924
0.470929
0.470927
0.470929
0.470933
0.470937
0.470941
0.470946
0.470945
0.470955
0.47095
0.470957
0.470965
0.470971
0.470977
0.470977
0.47098
0.470979
0.47098
0.470988
0.470987
0.470989
0.470991
0.470993
0.470988
0.470987
0.470993
0.470994
0.470992
0.470993
0.470994
0.470999
0.471002
0.471006
0.471009
0.471006
0.471011
0.471014
0.471019
0.471027
0.471033
0.471041
0.471041
0.47104
0.471042
0.471046
0.471048
0.471047
0.471049
0.471052
0.47106
0.471063
0.471062
0.471066
0.471065
0.471066
0.471072
0.471071
0.471077
0.471079
0.471081
0.471084
0.471086
0.471081
0.471084
0.471088
0.47109
0.47109
0.471092
0.471097
0.4711
0.471106
0.471108
0.471115
0.471115
0.471114
0.471118
0.471119
0.471121
0.471119
0.471124
0.471123
0.471126
0.471125
0.471127
0.471129
0.471137
0.471139
0.471143
0.471142
0.471145
0.471154
0.471155
0.471161
0.471168
0.471171
0.471168
0.471175
0.471176
0.471184
0.471191
0.471196
0.4712
0.471201
0.471205
0.47121
0.471217
0.471225
0.471232
0.471235
0.471236
0.47124
0.471244
0.471255
0.471259
0.471258
0.47126
0.471263
0.471268
0.471265
0.471268
0.471267
0.471265
0.471268
0.471265
0.471258
0.471253
0.471257
0.471256
0.471254
0.471256
0.47126
0.471259
0.47126
0.471268
0.471266
0.471272
0.47127
0.471275
0.471276
0.471276
0.471276
0.47128
0.471282
0.471284
0.471281
0.471284
0.47129
0.47129
0.471294
0.471296
0.471301
0.471307
0.471315
0.471317
0.471316
0.471315
0.47132
0.471325
0.47133
0.471332
0.471334
0.471342
0.471349
0.471353
0.471357
0.471355
0.471357
0.471366
0.471364
0.471368
0.47138
0.471378
0.471377
0.471374
0.471377
0.471378
0.471387
0.471392
0.47139
0.471391
0.471393
0.471401
0.471409
0.471414
0.47141
0.471409
0.471411
0.471414
0.471417
0.471419
0.47142
0.471424
0.471432
0.47143
0.471433
0.47143
0.471429
0.471431
0.471445
0.471447
0.471445
0.471447
0.47145
0.47145
0.471452
0.47145
0.471456
0.471456
0.471455
0.471459
0.471467
0.471475
0.471474
0.471477
0.471473
0.471476
0.471479
0.471483
0.471485
0.471485
0.471485
0.471493
0.471497
0.471499
0.471501
0.471503
0.471502
0.471506
0.471509
0.471513
0.471518
0.471528
0.471527
0.47153
0.471534
0.471542
0.471537
0.47154
0.471549
0.471552
0.471552
0.471555
0.47156
0.471559
0.47157
0.471574
0.471581
0.471585
0.471594
0.471598
0.471597
0.471607
0.47161
0.471613
0.471617
0.471622
0.47162
0.471622
0.471628
0.471629
0.471632
0.471633
0.471634
0.471634
0.47164
0.471641
0.471643
0.471647
0.471651
0.471652
0.471653
0.471659
0.471661
0.471662
0.471659
0.471666
0.471665
0.471672
0.471678
0.471683
0.471686
0.47169
0.471697
0.471699
0.471702
0.471708
0.471709
0.471713
0.471717
0.47172
0.471721
0.471721
0.471722
0.471723
0.471721
0.471722
0.471726
0.471726
0.471719
0.471724
0.471725
0.471724
0.471732
0.47173
0.471726
0.47173
0.471734
0.471742
0.471745
0.471742
0.47175
0.471747
0.471756
0.471757
0.471753
0.471754
0.47175
0.471758
0.471759
0.471766
0.471773
0.471777
0.471782
0.471785
0.471781
0.471782
0.471783
0.471787
0.471789
0.471792
0.471794
0.471793
0.471799
0.471798
0.471804
0.471813
0.47181
0.471813
0.471817
0.471818
0.471818
0.471825
0.47183
0.471833
0.471832
0.47183
0.471825
0.471831
0.471827
0.47183
0.471832
0.471832
0.47183
0.471829
0.471831
0.471838
0.47184
0.471848
0.471852
0.471857
0.471854
0.471856
0.471857
0.471865
0.471866
0.471868
0.471872
0.471874
0.471882
0.471885
0.471888
0.471889
0.471892
0.471893
0.471893
0.471897
0.471904
0.471909
0.471915
0.471921
0.471925
0.471926
0.471932
0.471932
0.471927
0.471924
0.471931
0.47193
0.471934
0.471934
0.471935
0.471938
0.471939
0.471943
0.471949
0.471948
0.471955
0.471954
0.471958
0.471963
0.471963
0.471964
0.471963
0.471966
0.471969
0.471976
0.471977
0.471976
0.471982
0.471981
0.471991
0.471999
0.471998
0.471997
0.472002
0.472003
0.472007
0.472011
0.472008
0.472007
0.472006
0.472014
0.472015
0.47202
0.47202
0.472019
0.472018
0.472025
0.472026
0.472032
0.472035
0.472036
0.472049
0.472047
0.472049
0.472052
0.472057
0.472056
0.472062
0.472064
0.472062
0.47207
0.472076
0.472075
0.472069
0.472069
0.472069
0.472068
0.472068
0.472069
0.472068
0.472067
0.47207
0.472078
0.472081
0.472083
0.472086
0.472087
0.472087
0.472086
0.472094
0.472099
0.472099
0.472113
0.472121
0.472128
0.472126
0.472122
0.472123
0.472127
0.472129
0.472132
0.472133
0.472135
0.472141
0.472145
0.472147
0.472155
0.472156
0.472159
0.472166
0.472168
0.472172
0.472171
0.472176
0.472176
0.472176
0.472177
0.472176
0.472182
0.47219
0.472192
0.472187
0.472189
0.472196
0.472201
0.472199
0.472202
0.472208
0.472204
0.472206
0.472207
0.472203
0.472208
0.472211
0.472215
0.472221
0.472219
0.472218
0.472217
0.472218
0.472218
0.472221
0.472219
0.472223
0.472223
0.47223
0.472235
0.472241
0.472241
0.472248
0.472251
0.472252
0.47225
0.472256
0.472255
0.472253
0.472257
0.472264
0.472267
0.472264
0.47227
0.472272
0.472279
0.47228
0.472284
0.472287
0.472293
0.472294
0.472291
0.472293
0.472296
0.472294
0.472298
0.472306
0.47231
0.472317
0.472324
0.472326
0.472332
0.472338
0.472341
0.472342
0.472343
0.472341
0.472347
0.47235
0.472347
0.47235
0.47235
0.472356
0.472362
0.472359
0.472362
0.472362
0.472368
0.472371
0.472375
0.47238
0.47238
0.472382
0.472383
0.472385
0.472387
0.472391
0.472382
0.472391
0.472395
0.472406
0.472406
0.472406
0.47241
0.472416
0.472423
0.47243
0.472433
0.472435
0.472439
0.472438
0.472437
0.472442
0.472443
0.472448
0.47245
0.472445
0.472449
0.472449
0.472448
0.472449
0.472452
0.472455
0.472464
0.472466
0.472466
0.472466
0.472473
0.47248
0.472488
0.472491
0.472496
0.472502
0.472505
0.472514
0.472517
0.47252
0.472524
0.472527
0.472534
0.472533
0.472534
0.472536
0.472539
0.472547
0.472547
0.472546
0.472552
0.472555
0.472554
0.472554
0.472559
0.472563
0.472569
0.472573
0.472566
0.47257
0.472573
0.472578
0.47258
0.472587
0.472586
0.472583
0.472583
0.472588
0.472591
0.472594
0.4726
0.472602
0.472615
0.472618
0.472622
0.472619
0.472625
0.472628
0.472635
0.472641
0.472645
0.472649
0.472654
0.472651
0.472648
0.472647
0.472649
0.472647
0.472646
0.472649
0.47265
0.47265
0.472655
0.47266
0.472662
0.472664
0.472667
0.472671
0.472678
0.472678
0.472678
0.472684
0.472689
0.472692
0.472691
0.472689
0.47269
0.472695
0.4727
0.472701
0.472703
0.472708
0.472703
0.472704
0.472698
0.472702
0.472704
0.472707
0.472708
0.472709
0.472705
0.472704
0.472712
0.47271
0.472716
0.472722
0.47272
0.472719
0.472718
0.472724
0.472728
0.472736
0.472744
0.47274
0.47275
0.472756
0.472758
0.472759
0.472762
0.472762
0.472759
0.472765
0.472764
0.472767
0.472764
0.472766
0.472766
0.472767
0.47277
0.472775
0.472777
0.472783
0.472788
0.472784
0.472786
0.472792
0.472797
0.4728
0.472805
0.47281
0.472813
0.472818
0.472828
0.472834
0.472841
0.472849
0.472852
0.47286
0.472859
0.472862
0.472864
0.47287
0.472876
0.47288
0.472884
0.472886
0.47289
0.472896
0.472903
0.472907
0.472908
0.47291
0.472916
0.472919
0.472919
0.472923
0.472929
0.47293
0.472931
0.472935
0.472943
0.472942
0.472942
0.472945
0.47295
0.472953
0.472961
0.472963
0.472973
0.472975
0.472983
0.472987
0.472993
0.472988
0.472992
0.472997
0.473001
0.473
0.473
0.473003
0.473006
0.47301
0.473012
0.473013
0.473015
0.473018
0.473023
0.473029
0.473026
0.47303
0.473029
0.473026
0.473024
0.473032
0.47303
0.473032
0.473032
0.473036
0.473036
0.47304
0.473041
0.473043
0.473046
0.473048
0.473053
0.473059
0.473062
0.473067
0.473071
0.473071
0.473073
0.473076
0.473073
0.473073
0.47308
0.473083
0.473083
0.473092
0.473094
0.473095
0.473098
0.473097
0.473105
0.473112
0.473116
0.473113
0.473119
0.473121
0.473122
0.473128
0.473129
0.473129
0.473134
0.473138
0.47314
0.473138
0.473138
0.473142
0.473138
0.473135
0.473138
0.473144
0.473146
0.473152
0.473151
0.473153
0.473157
0.473161
0.473161
0.473163
0.473171
0.473174
0.473177
0.473172
0.473168
0.473163
0.47317
0.473166
0.473165
0.473166
0.473173
0.473173
0.473174
0.473177
0.473178
0.473182
0.473187
0.473189
0.473192
0.473195
0.473194
0.473199
0.473201
0.473199
0.473198
0.473199
0.473204
0.473201
0.473199
0.473203
0.473205
0.47321
0.473213
0.473216
0.473218
0.473228
0.473227
0.473229
0.473233
0.473232
0.473236
0.473242
0.473242
0.473244
0.47325
0.473254
0.473254
0.473253
0.473256
0.473258
0.473261
0.473266
0.473265
0.473273
0.473272
0.473277
0.47328
0.473277
0.47328
0.473291
0.473295
0.473299
0.473303
0.473311
0.473315
0.473317
0.473326
0.473328
0.473335
0.473342
0.473347
0.473358
0.473357
0.473353
0.473356
0.473357
0.473359
0.47336
0.473359
0.47337
0.473371
0.473379
0.473381
0.473386
0.47339
0.473392
0.473396
0.473401
0.473404
0.473408
0.473414
0.473417
0.473413
0.473413
0.473416
0.47342
0.473418
0.47342
0.473424
0.473423
0.473426
0.473429
0.473432
0.473434
0.473434
0.473437
0.473439
0.473439
0.473435
0.473443
0.473451
0.473456
0.473459
0.473462
0.473467
0.473458
0.473463
0.473465
0.473471
0.47347
0.473474
0.473476
0.473477
0.473478
0.473478
0.473482
0.473485
0.473486
0.473493
0.473493
0.4735
0.473506
0.473512
0.473511
0.473513
0.473518
0.473521
0.473528
0.473528
0.473528
0.473532
0.473534
0.473541
0.473549
0.473553
