3.179681211055445794e-09	-5.951911707714737210e-17	3.514995901888711163e-16	1.000000000000000000e+00
6.359362422110891589e-09	-4.221037105675015736e-16	4.487427158867692671e-16	1.000000000000000000e+00
9.539043633166336970e-09	9.298162284551062453e-17	3.164914015393097923e-16	1.000000000000000000e+00
1.271872484422178318e-08	2.978004083224628329e-16	3.158681343704783319e-16	1.000000000000000000e+00
1.589840605527722939e-08	-4.775250922364005381e-17	3.249298334207057596e-16	1.000000000000000000e+00
1.907808726633267394e-08	-7.807463910607455139e-17	4.778274199229986827e-16	1.000000000000000000e+00
2.225776847738811849e-08	-1.501830966643463717e-16	1.273534877151790996e-15	1.000000000000000000e+00
2.543744968844356636e-08	4.028628608432097877e-18	3.160095913047871847e-16	1.000000000000000000e+00
2.861713089949901091e-08	-1.923863804468489703e-16	3.158655324424746445e-16	1.000000000000000000e+00
3.179681211055445877e-08	8.081365391448160245e-18	3.158655680767018948e-16	1.000000000000000000e+00
3.497649332160990332e-08	-7.802154185806386415e-18	3.161501882015338901e-16	1.000000000000000000e+00
3.815617453266534788e-08	8.665428187788674388e-16	3.777976383345142353e-16	1.000000000000000000e+00
4.133585574372079243e-08	-3.104331772160918369e-16	3.159153615057978722e-16	1.000000000000000000e+00
4.451553695477623699e-08	4.722995685020628730e-16	3.158766932466773781e-16	1.000000000000000000e+00
4.769521816583168816e-08	-1.037435676890495389e-16	3.317343368238047285e-16	1.000000000000000000e+00
5.087489937688713271e-08	-1.093533306692824445e-16	3.158649851528380127e-16	1.000000000000000000e+00
5.405458058794257726e-08	-2.333244164602584561e-16	3.158758371541202653e-16	1.000000000000000000e+00
5.723426179899802182e-08	-2.003014770834167194e-17	3.255519474265339549e-16	1.000000000000000000e+00
6.041394301005346637e-08	-1.366591524496407870e-16	3.177536442202910849e-16	1.000000000000000000e+00
6.359362422110891754e-08	1.875282649185658434e-16	3.169047375311239323e-16	1.000000000000000000e+00
