0.789216
0.822955
0.8216
0.818017
0.812871
0.814891
0.810309
0.815198
0.816332
0.816675
0.804232
0.792134
0.784887
0.776661
0.767385
0.759655
0.754503
0.748013
0.74379
0.736927
0.728391
0.719537
0.711571
0.704727
0.698683
0.692796
0.687443
0.68067
0.676711
0.672405
0.665797
0.658624
0.651344
0.64484
0.638214
0.633577
0.627881
0.623159
0.617497
0.613522
0.608132
0.602268
0.596436
0.590509
0.584788
0.579862
0.575104
0.570866
0.566732
0.562273
0.557331
0.553177
0.548283
0.543655
0.538633
0.534862
0.529581
0.52556
0.522477
0.519164
0.515409
0.512023
0.508432
0.505736
0.503464
0.500816
0.497953
0.495372
0.491911
0.4896
0.48761
0.486107
0.483164
0.481234
0.479233
0.477572
0.475944
0.473658
0.472197
0.470241
0.469029
0.46836
0.466146
0.465098
0.464064
0.463598
0.462635
0.46207
0.46109
0.459643
0.459981
0.460286
0.460293
0.460365
0.460414
0.460716
0.461162
0.461287
0.46147
0.461544
0.461221
0.461172
0.461775
0.462146
0.461928
0.461884
0.462291
0.462598
0.462695
0.46277
0.463176
0.463168
0.463062
0.463262
0.463522
0.463904
0.464388
0.464433
0.464233
0.464614
0.464197
0.464481
0.464407
0.464277
0.464428
0.464336
0.464371
0.46449
0.464363
0.464437
0.464345
0.46402
0.464166
0.46393
0.464321
0.464307
0.463992
0.463899
0.463466
0.463475
0.463157
0.463209
0.462742
0.462904
0.462746
0.462701
0.462808
0.463043
0.463113
0.463045
0.463344
0.463349
0.463094
0.463187
0.463117
0.463103
0.462876
0.462796
0.462298
0.462181
0.462207
0.46208
0.462185
0.462204
0.461841
0.461732
0.461674
0.461682
0.461883
0.462214
0.462097
0.461776
0.461907
0.462105
0.462162
0.462492
0.462522
0.4626
0.462414
0.462276
0.462215
0.462172
0.461955
0.461595
0.461304
0.461347
0.461224
0.46131
0.461311
0.46145
0.461212
0.461089
0.460872
0.460946
0.460458
0.460392
0.460317
0.460177
0.460253
0.460137
0.460249
0.460221
0.460324
0.460351
0.460594
0.460479
0.460355
0.460388
0.460294
0.460211
0.460038
0.460109
0.460134
0.460104
0.460436
0.460674
0.460826
0.460561
0.460557
0.460701
0.46045
0.460349
0.460426
0.460338
0.460258
0.460158
0.460153
0.460076
0.460265
0.460037
0.460196
0.460254
0.46019
0.460378
0.460495
0.460482
0.460441
0.460774
0.460641
0.460543
0.460315
0.4603
0.460416
0.46046
0.460194
0.460078
0.460192
0.460023
0.460075
0.460159
0.460047
0.460134
0.459917
0.45992
0.459841
0.459906
0.459988
0.460106
0.460126
0.460109
0.460123
0.45979
0.459845
0.459793
0.459811
0.459809
0.45955
0.459706
0.459974
0.460093
0.459991
0.459932
0.459799
0.459823
0.459732
0.45957
0.459574
0.459619
0.459441
0.459406
0.459456
0.45951
0.459735
0.459847
0.459961
0.45988
0.459699
0.459715
0.459757
0.4598
0.459887
0.459804
0.459787
0.459802
0.459828
0.459896
0.459826
0.459842
0.459755
0.459826
0.459909
0.459883
0.459918
0.459648
0.459464
0.459256
0.459134
0.459146
0.459089
0.459182
0.459297
0.459069
0.458857
0.458728
0.458822
0.458844
0.458831
0.458875
0.459098
0.459129
0.459282
0.459307
0.45934
0.459296
0.459462
0.459388
0.459481
0.459371
0.459618
0.459579
0.459679
0.459751
0.459802
0.459828
0.459802
0.459708
0.459735
0.459782
0.459671
0.459683
0.459577
0.459504
0.459449
0.459473
0.45958
0.459606
0.459712
0.459599
0.459577
0.459442
0.459386
0.459445
0.459437
0.459276
0.459408
0.459445
0.459383
0.45926
0.45926
0.459204
0.459227
0.459247
0.459189
0.459319
0.459371
0.459477
0.459411
0.459558
0.459591
0.459634
0.459599
0.459718
0.459727
0.459635
0.459688
0.459812
0.459855
0.459891
0.459852
0.459836
0.459931
0.459901
0.459953
0.460062
0.460138
0.460047
0.460159
0.460275
0.46032
0.460378
0.46045
0.460419
0.460505
0.460504
0.460351
0.460298
0.460374
0.460373
0.460403
0.460436
0.460383
0.46045
0.460674
0.460718
0.460809
0.460796
0.46083
0.460884
0.460828
0.460704
0.460745
0.460707
0.460706
0.460782
0.460848
0.460753
0.460796
0.460768
0.460777
0.460866
0.460854
0.460882
0.460921
0.461082
0.461218
0.461236
0.461236
0.46127
0.461271
0.461226
0.461256
0.461139
0.461191
0.461239
0.461222
0.461308
0.461399
0.461401
0.461447
0.461618
0.461681
0.461735
0.461667
0.461696
0.461835
0.461789
0.461881
0.461959
0.461994
0.461951
0.462098
0.461993
0.461932
0.46189
0.461737
0.461549
0.461515
0.461527
0.461586
0.461704
0.461742
0.461865
0.46187
0.461841
0.461762
0.461784
0.461815
0.461786
0.461792
0.461768
0.46177
0.461736
0.461793
0.461848
0.46181
0.461766
0.461802
0.461776
0.461849
0.461692
0.461699
0.461664
0.461708
0.461678
0.461593
0.46152
0.461597
0.461616
0.461552
0.461567
0.461479
0.461371
0.461304
0.461358
0.461311
0.461225
0.461219
0.461144
0.461096
0.461062
0.461149
0.461055
0.461021
0.460999
0.461016
0.460999
0.460904
0.46091
0.460941
0.460852
0.460768
0.460812
0.460771
0.460617
0.46061
0.460612
0.460715
0.46075
0.460832
0.460725
0.460757
0.460817
0.46076
0.460716
0.460749
0.460693
0.460591
0.460593
0.460498
0.460485
0.460456
0.460572
0.460442
0.460473
0.460574
0.460559
0.460679
0.460643
0.460601
0.460521
0.460589
0.460603
0.460443
0.460432
0.460369
0.460317
0.460384
0.460263
0.460228
0.460252
0.460333
0.46034
0.460382
0.460266
0.460272
0.460234
0.460143
0.460069
0.460094
0.460094
0.460113
0.460067
0.459982
0.459874
0.459931
0.459917
0.459976
0.45994
0.459928
0.459921
0.46
0.459968
0.460011
0.459995
0.459938
0.459953
0.459973
0.459968
0.459999
0.460038
0.460003
0.459924
0.459924
0.459865
0.459898
0.459931
0.459913
0.459874
0.459955
0.459895
0.459914
0.459977
0.460013
0.460115
0.460017
0.459895
0.459898
0.45999
0.45996
0.459965
0.459992
0.460074
0.46004
0.460073
0.460133
0.4602
0.460244
0.460158
0.460249
0.46031
0.460298
0.460305
0.460315
0.460375
0.460321
0.460354
0.460435
0.460555
0.46059
0.460486
0.460479
0.460428
0.460443
0.460538
0.460564
0.4606
0.460656
0.460719
0.460776
0.460745
0.460781
0.460713
0.460749
0.460772
0.460723
0.460719
0.460688
0.460702
0.460767
0.460708
0.460707
0.460703
0.460712
0.460763
0.460855
0.460791
0.460793
0.460775
0.460838
0.460851
0.46092
0.460995
0.46102
0.461027
0.460949
0.460959
0.460999
0.461
0.460953
0.460996
0.461034
0.461083
0.461203
0.461188
0.461193
0.461204
0.461179
0.461209
0.461206
0.461378
0.461341
0.461345
0.461406
0.461398
0.461358
0.461356
0.461451
0.461444
0.46143
0.461467
0.461434
0.461429
0.461394
0.461354
0.461339
0.461366
0.461387
0.46135
0.461305
0.46135
0.461331
0.461382
0.461331
0.461362
0.46137
0.461397
0.461305
0.461273
0.461268
0.461192
0.461141
0.461216
0.461226
0.46123
0.461277
0.461272
0.461287
0.461249
0.461222
0.46116
0.461136
0.461164
0.461075
0.461093
0.461133
0.461115
0.461038
0.461035
0.461024
0.460946
0.460962
0.460873
0.460861
0.460838
0.460788
0.460766
0.460731
0.460692
0.460657
0.460624
0.460664
0.46065
0.460672
0.460676
0.460683
0.460662
0.460753
0.460788
0.460786
0.460856
0.460809
0.460745
0.460798
0.460761
0.46067
0.460645
0.460671
0.460653
0.460652
0.460682
0.460723
0.460758
0.460685
0.460725
0.460652
0.460602
0.46055
0.460541
0.460559
0.460491
0.460568
0.460576
0.460619
0.460512
0.460432
0.460367
0.460364
0.460347
0.460349
0.460342
0.460321
0.460334
0.460323
0.460323
0.4603
0.460362
0.46034
0.460377
0.460406
0.460398
0.460391
0.460387
0.460337
0.460319
0.460366
0.460385
0.460369
0.460364
0.460393
0.460362
0.460354
0.460339
0.460394
0.46031
0.460284
0.460221
0.460205
0.460169
0.460142
0.460162
0.460203
0.460198
0.460203
0.460215
0.460197
0.460136
0.460101
0.460177
0.460211
0.460183
0.460217
0.460213
0.460245
0.460197
0.460199
0.460123
0.460125
0.460133
0.460122
0.460067
0.460096
0.460089
0.460062
0.460049
0.459971
0.459991
0.460019
0.459967
0.459954
0.459944
0.459955
0.459944
0.45993
0.459953
0.45989
0.459853
0.45984
0.45983
0.459836
0.459882
0.459889
0.459829
0.459778
0.459721
0.459696
0.459696
0.459689
0.459719
0.459765
0.459776
0.459719
0.459679
0.459622
0.459553
0.459559
0.459534
0.459534
0.459579
0.459553
0.459542
0.459525
0.459466
0.459462
0.459503
0.459499
0.459476
0.459457
0.459454
0.459455
0.45942
0.459375
0.459361
0.459293
0.459245
0.459236
0.459261
0.459253
0.459312
0.459328
0.459347
0.459351
0.459426
0.45942
0.459392
0.459441
0.459396
0.459405
0.459432
0.459475
0.459455
0.459487
0.459433
0.459432
0.459473
0.459468
0.459499
0.459473
0.459429
0.459451
0.459488
0.45944
0.459492
0.459411
0.459397
0.459393
0.459362
0.459307
0.45929
0.459279
0.459251
0.459259
0.459306
0.459318
0.459332
0.459386
0.459361
0.459368
0.459375
0.45938
0.45938
0.459402
0.459377
0.459387
0.459405
0.459435
0.459459
0.459509
0.459497
0.459527
0.459526
0.459518
0.459521
0.45951
0.459536
0.459515
0.459534
0.459549
0.45955
0.45953
0.459522
0.459505
0.45946
0.459451
0.459471
0.459472
0.459516
0.459512
0.459493
0.459501
0.459484
0.459549
0.459536
0.459538
0.45955
0.459589
0.459534
0.459518
0.459525
0.459566
0.459624
0.459649
0.459621
0.459613
0.459594
0.459636
0.459595
0.459635
0.459631
0.459704
0.459652
0.459729
0.459755
0.45972
0.459738
0.45974
0.459775
0.459716
0.459708
0.459729
0.459707
0.459703
0.459762
0.459751
0.459807
0.459842
0.459861
0.459863
0.459857
0.459854
0.45986
0.45986
0.459845
0.45987
0.459826
0.459835
0.459824
0.459831
0.459849
0.459914
0.459914
0.459934
0.459933
0.459929
0.459917
0.459896
0.459944
0.45993
0.459939
0.459956
0.460001
0.459966
0.459975
0.459973
0.459984
0.459964
0.459947
0.459893
0.459897
0.459912
0.459882
0.459845
0.459863
0.459808
0.459738
0.459688
0.459735
0.459709
0.459716
0.459716
0.459674
0.459665
0.459672
0.459588
0.459545
0.459514
0.459497
0.459447
0.459429
0.459423
0.459444
0.459452
0.459458
0.45943
0.459408
0.459391
0.459376
0.45937
0.459391
0.459392
0.459354
0.459343
0.459397
0.459418
0.459345
0.459352
0.459365
0.459323
0.459346
0.45937
0.45937
0.459335
0.459322
0.459246
0.459282
0.459357
0.459371
0.459397
0.45946
0.459438
0.459439
0.459428
0.459458
0.459448
0.459459
0.459411
0.45938
0.459427
0.459465
0.459429
0.459433
0.459428
0.459408
0.45938
0.459444
0.459454
0.459487
0.459535
0.459516
0.459509
0.459529
0.459544
0.45955
0.45959
0.459595
0.459579
0.459593
0.459607
0.45962
0.459628
0.459636
0.459598
0.45959
0.45959
0.459616
0.459587
0.459596
0.459607
0.459581
0.45959
0.459595
0.459545
0.459564
0.45951
0.459518
0.459524
0.45948
0.459438
0.459409
0.459408
0.459387
0.459371
0.459372
0.459351
0.459342
0.45936
0.459351
0.459361
0.459294
0.459264
0.459192
0.459189
0.459188
0.459255
0.459236
0.459226
0.459262
0.459299
0.45931
0.459353
0.459353
0.459327
0.459295
0.459255
0.459299
0.459318
0.459336
0.459305
0.459308
0.459298
0.459299
0.459257
0.459248
0.459216
0.459231
0.459237
0.459242
0.459257
0.459257
0.459288
0.45927
0.459244
0.459255
0.459254
0.459257
0.459232
0.459223
0.459228
0.459239
0.459234
0.459236
0.459242
0.459203
0.459203
0.45914
0.459161
0.459152
0.459092
0.459081
0.459076
0.459086
0.459093
0.459015
0.458989
0.459012
0.458965
0.458953
0.458995
0.458993
0.458954
0.458903
0.458869
0.458859
0.458807
0.458753
0.458753
0.458732
0.458692
0.458666
0.458644
0.45868
0.458702
0.458692
0.458678
0.458711
0.45869
0.458704
0.458692
0.458679
0.458686
0.45868
0.458643
0.458646
0.458651
0.458661
0.458659
0.458604
0.458616
0.458597
0.458615
0.458632
0.458621
0.458646
0.458629
0.458578
0.458609
0.458578
0.458578
0.4586
0.458591
0.458602
0.458579
0.458561
0.458539
0.458518
0.458491
0.45849
0.458457
0.458435
0.458366
0.458354
0.458284
0.458263
0.458248
0.458167
0.458146
0.458105
0.458089
0.458034
0.458038
0.45802
0.458018
0.458011
0.457953
0.457934
0.457906
0.457916
0.457916
0.457931
0.457926
0.457874
0.457843
0.457832
0.457851
0.457799
0.457785
0.457765
0.457736
0.457704
0.457684
0.457688
0.457688
0.457679
0.457682
0.457681
0.457707
0.457679
0.457685
0.457643
0.45761
0.457622
0.457611
0.457557
0.457544
0.457493
0.457517
0.457454
0.457383
0.457345
0.457348
0.457303
0.457262
0.457283
0.457224
0.457192
0.457182
0.457155
0.457161
0.457161
0.457091
0.457119
0.457105
0.457114
0.457104
0.457076
0.457067
0.457028
0.456997
0.457018
0.457049
0.457046
0.457031
0.456975
0.456964
0.457002
0.456976
0.456972
0.456945
0.456935
0.45694
0.456927
0.456913
0.45689
0.456879
0.456887
0.456865
0.456875
0.456852
0.456844
0.456865
0.456853
0.45685
0.456864
0.456859
0.456837
0.456856
0.456833
0.456851
0.456837
0.45682
0.456817
0.456808
0.456793
0.45681
0.456814
0.45683
0.456818
0.456815
0.456842
0.456787
0.45673
0.456748
0.456752
0.456703
0.456754
0.456735
0.456795
0.45682
0.456826
0.456835
0.456831
0.456832
0.45687
0.456877
0.456878
0.456894
0.456892
0.456909
0.456897
0.456877
0.456863
0.456887
0.456919
0.456909
0.456909
0.456925
0.456931
0.456955
0.456934
0.456911
0.456902
0.456923
0.456926
0.456937
0.456975
0.456968
0.45696
0.456944
0.456944
0.456986
0.45697
0.457012
0.456991
0.456955
0.456951
0.45697
0.456974
0.457003
0.457043
0.457031
0.457021
0.45703
0.457016
0.457057
0.45709
0.457107
0.45709
0.457095
0.457081
0.457106
0.457136
0.457134
0.457159
0.457168
0.457161
0.457162
0.457158
0.457162
0.457213
0.45723
0.45721
0.45717
0.45716
0.457192
0.457216
0.457186
0.457216
0.457267
0.45728
0.45732
0.457319
0.457314
0.457342
0.457343
0.457341
0.457309
0.457334
0.457344
0.457389
0.457425
0.457395
0.457418
0.457403
0.457398
0.457378
0.457366
0.45738
0.457412
0.457398
0.457413
0.45744
0.457459
0.457441
0.457447
0.457437
0.457435
0.457423
0.457418
0.457464
0.457471
0.45745
0.457465
0.457472
0.457485
0.457479
0.457538
0.457576
0.457596
0.457601
0.457622
0.457608
0.457616
0.45763
0.457621
0.457617
0.457626
0.457627
0.457662
0.457677
0.457663
0.457656
0.457657
0.45768
0.457685
0.457645
0.45762
0.457614
0.457648
0.457645
0.457668
0.457676
0.457678
0.457697
0.457741
0.457794
0.457759
0.457758
0.45777
0.457769
0.45773
0.457716
0.457699
0.457704
0.457721
0.457697
0.45767
0.457658
0.45764
0.457629
0.457645
0.457636
0.457629
0.457645
0.457665
0.457666
0.457656
0.457681
0.45766
0.457642
0.457622
0.457614
0.457605
0.45763
0.457647
0.457683
0.45771
0.457712
0.4577
0.45766
0.457656
0.457626
0.457653
0.457642
0.457648
0.457641
0.457635
0.457645
0.457633
0.457664
0.457673
0.457698
0.457692
0.457685
0.457685
0.457679
0.457705
0.457736
0.457736
0.457709
0.457711
0.457694
0.457689
0.457694
0.457688
0.457699
0.457689
0.457678
0.457695
0.457721
0.457719
0.457699
0.457691
0.457677
0.457692
0.457691
0.457685
0.457708
0.457722
0.457714
0.457754
0.4578
0.457781
0.457791
0.457806
0.457813
0.457815
0.457757
0.457719
0.457688
0.457691
0.457696
0.4577
0.457708
0.457726
0.457703
0.457706
0.457723
0.457715
0.457712
0.457736
0.457744
0.457721
0.457719
0.457715
0.45774
0.457736
0.457697
0.45773
0.457741
0.457743
0.457735
0.457734
0.457742
0.457757
0.457763
0.457813
0.457798
0.457815
0.457819
0.457845
0.457868
0.457868
0.457864
0.457835
0.45782
0.457821
0.457829
0.457836
0.457835
0.457837
0.457862
0.457896
0.457866
0.457847
0.457848
0.457848
0.457834
0.45786
0.457843
0.457838
0.457818
0.457798
0.4578
0.457809
0.457801
0.4578
0.457808
0.457802
0.457765
0.457762
0.457782
0.457769
0.457746
0.457736
0.457733
0.45772
0.457688
0.457699
0.45766
0.457656
0.457598
0.457584
0.457562
0.457577
0.457573
0.457601
0.457607
0.457613
0.457611
0.457597
0.457602
0.457618
0.457609
0.457588
0.45759
0.457555
0.457559
0.457554
0.457553
0.457537
0.457538
0.457503
0.457476
0.457483
0.457488
0.457469
0.457464
0.45751
0.457511
0.457502
0.457502
0.457489
0.457455
0.457443
0.457408
0.457397
0.457387
0.457367
0.457378
0.457358
0.457364
0.457323
0.457332
0.457337
0.457305
0.457302
0.457287
0.457301
0.457294
0.457298
0.457301
0.457301
0.457272
0.457239
0.457234
0.457227
0.457238
0.457218
0.457232
0.45723
0.457234
0.457235
0.457239
0.457226
0.45722
0.457219
0.457227
0.45721
0.457217
0.457246
0.457235
0.457236
0.457283
0.45731
0.457285
0.457318
0.457303
0.45732
0.457337
0.457346
0.457374
0.457352
0.457353
0.457344
0.457357
0.457366
0.457378
0.45738
0.457379
0.45736
0.457372
0.457384
0.457408
0.457379
0.45738
0.45737
0.457373
0.457408
0.457423
0.457393
0.457404
0.45742
0.457389
0.457421
0.457444
0.457479
0.457465
0.457457
0.45747
0.457498
0.457508
0.457505
0.457503
0.457508
0.457533
0.45754
0.457566
0.457583
0.457608
0.4576
0.457575
0.457569
0.457572
0.457584
0.457589
0.457577
0.4576
0.457609
0.457638
0.457657
0.457664
0.457645
0.457664
0.457677
0.457683
0.457713
0.457753
0.457765
0.457745
0.457726
0.457736
0.457703
0.457682
0.45768
0.45771
0.457718
0.457698
0.457701
0.457691
0.457725
0.457707
0.457705
0.457714
0.457702
0.457712
0.457731
0.457715
0.457702
0.45771
0.457702
0.457711
0.457722
0.457713
0.457718
0.4577
0.457713
0.45775
0.457732
0.457731
0.457723
0.457735
0.457771
0.457763
0.457743
0.457767
0.457762
0.457767
0.457737
0.457734
0.457707
0.457674
0.457644
0.457624
0.457586
0.457602
0.457578
0.457596
0.457604
0.457596
0.457615
0.457598
0.457588
0.457588
0.457604
0.457602
0.457627
0.45765
0.457654
0.457679
0.457661
0.457654
0.457679
0.457666
0.45764
0.457642
0.457613
0.457609
0.457593
0.457557
0.457533
0.457532
0.457542
0.457526
0.457529
0.457512
0.457491
0.45751
0.457486
0.457504
0.45752
0.45754
0.45753
0.457523
0.457521
0.457495
0.457496
0.457486
0.457481
0.457464
0.457428
0.457417
0.457405
0.457387
0.457375
0.457377
0.457371
0.457346
0.45735
0.457361
0.457369
0.457379
0.457383
0.457357
0.457372
0.457358
0.457343
0.457371
0.45737
0.457384
0.45737
0.457369
0.457377
0.457374
0.457361
0.457343
0.457311
0.45731
0.457299
0.457285
0.457246
0.457233
0.457216
0.4572
0.457192
0.457225
0.457208
0.457203
0.457195
0.457211
0.45721
0.457197
0.457206
0.457194
0.45719
0.457204
0.457191
0.457226
0.457224
0.457232
0.457205
0.457199
0.457204
0.457206
0.457227
0.457221
0.457223
0.457193
0.457199
0.457196
0.457194
0.457183
0.457187
0.457213
0.457202
0.457196
0.457216
0.457217
0.457226
0.457246
0.457262
0.457279
0.457274
0.457256
0.457261
0.457257
0.457284
0.457299
0.457293
0.457268
0.457279
0.457299
0.457312
0.457331
0.457336
0.45733
0.457331
0.457338
0.45732
0.457314
0.457314
0.457325
0.457333
0.457341
0.457342
0.457333
0.457314
0.457319
0.457324
0.457302
0.457302
0.457292
0.457279
0.457279
0.457267
0.457274
0.457274
0.457269
0.457271
0.45727
0.45727
0.457265
0.457242
0.457237
0.457189
0.457198
0.457224
0.45722
0.457216
0.457195
0.457196
0.457211
0.457187
0.457198
0.457206
0.457192
0.457189
0.457174
0.457147
0.457163
0.457173
0.45716
0.457148
0.457127
0.457124
0.457132
0.457136
0.457129
0.457158
0.457173
0.457193
0.457187
0.457199
0.457176
0.457181
0.457177
0.457184
0.457176
0.457175
0.457152
0.45714
0.457148
0.45713
0.457097
0.457113
0.457103
0.457085
0.457104
0.457087
0.457112
0.457096
0.457095
0.457082
0.457089
0.457066
0.457067
0.45706
0.457043
0.457072
0.457066
0.457052
0.457024
0.456995
0.456986
0.456988
0.456987
0.457
0.456966
0.456972
0.456963
0.45699
0.456973
0.456985
0.456985
0.457005
0.457016
0.457016
0.456987
0.456983
0.456997
0.456987
0.456968
0.456933
0.456928
0.456912
0.456902
0.456904
0.456864
0.45688
0.45686
0.456861
0.456837
0.456808
0.4568
0.456778
0.456783
0.456778
0.45676
0.456744
0.456714
0.456703
0.456686
0.456678
0.456691
0.456733
0.456718
0.45672
0.456739
0.456722
0.4567
0.456696
0.4567
0.456696
0.456686
0.456704
0.456695
0.456687
0.456694
0.456685
0.456673
0.45668
0.456659
0.456671
0.456654
0.456662
0.456657
0.456655
0.456652
0.456644
0.456653
0.45664
0.456646
0.456633
0.456646
0.456649
0.456649
0.45666
0.456661
0.456658
0.456665
0.456685
0.45668
0.456667
0.456684
0.456673
0.456691
0.456698
0.456686
0.456669
0.456676
0.456688
0.456666
0.456668
0.456671
0.456673
0.456674
0.4567
0.456715
0.456694
0.456667
0.456683
0.456677
0.456697
0.456689
0.456679
0.456659
0.456669
0.456643
0.456627
0.456627
0.456619
0.456609
0.456608
0.456607
0.456635
0.456644
0.456662
0.456652
0.456658
0.456668
0.456632
0.456636
0.456633
0.456637
0.456655
0.456673
0.456691
0.456712
0.456739
0.45673
0.456743
0.456731
0.456731
0.456708
0.456718
0.456707
0.456711
0.45672
0.456707
0.456707
0.456716
0.456711
0.456702
0.456691
0.456706
0.456695
0.456717
0.456692
0.456677
0.45668
0.456671
0.456665
0.456677
0.456686
0.456705
0.456734
0.456746
0.456755
0.456757
0.456771
0.456778
0.456767
0.456776
0.45675
0.456741
0.456749
0.456745
0.456758
0.456749
0.456766
0.456787
0.456781
0.456772
0.456774
0.45677
0.456781
0.456791
0.456807
0.45682
0.456832
0.456816
0.456823
0.456819
0.456806
0.45681
0.456817
0.456814
0.456835
0.456854
0.456858
0.456861
0.456854
0.456845
0.45686
0.456868
0.456869
0.456875
0.456865
0.456887
0.456898
0.45691
0.456888
0.456875
0.456888
0.456916
0.456928
0.456929
0.456929
0.456902
0.456899
0.456908
0.456886
0.456904
0.456897
0.456897
0.456886
0.456891
0.456893
0.456889
0.456886
0.456898
0.45692
0.456935
0.456942
0.456953
0.45694
0.456939
0.456957
0.456953
0.456962
0.456974
0.456965
0.456983
0.456965
0.456961
0.456962
0.456971
0.456964
0.456953
0.456962
0.456939
0.456953
0.45696
0.456961
0.456959
0.456951
0.456995
0.456987
0.45697
0.456976
0.456968
0.456977
0.456981
0.456982
0.457009
0.456978
0.456969
0.456958
0.456931
0.456924
0.45693
0.456929
0.456931
0.456922
0.45694
0.456929
0.456937
0.456913
0.456927
0.456941
0.456935
0.456937
0.456926
0.456939
0.456942
0.456956
0.456962
0.456979
0.456982
0.457007
0.456994
0.456993
0.456976
0.456976
0.45697
0.456987
0.457012
0.457023
0.457013
0.457017
0.457024
0.45702
0.457048
0.457043
0.457061
0.457065
0.457072
0.457066
0.457059
0.457043
0.457026
0.457028
0.45702
0.457016
0.457025
0.457011
0.457024
0.457031
0.457035
0.457014
0.457035
0.457026
0.457033
0.457012
0.456998
0.456991
0.456994
0.456981
0.456986
0.456984
0.45696
0.45695
0.456954
0.45695
0.456964
0.456943
0.456926
0.456902
0.456876
0.45687
0.456868
0.456858
0.456842
0.456844
0.456833
0.456821
0.456815
0.45682
0.456815
0.456843
0.456851
0.456848
0.456861
0.456859
0.456875
0.456881
0.456873
0.456868
0.456873
0.456862
0.456867
0.456861
0.456868
0.456868
0.456855
0.456837
0.456817
0.456818
0.456813
0.456807
0.456787
0.45677
0.456763
0.456771
0.456766
0.456764
0.456766
0.456766
0.456766
0.456767
0.456783
0.456771
0.456766
0.456753
0.456775
0.456757
0.456762
0.45675
0.456748
0.456744
0.456734
0.456737
0.456733
0.45674
0.456754
0.456762
0.456767
0.456747
0.456776
0.45677
0.456745
0.45676
0.456773
0.456791
0.456818
0.456819
0.456805
0.456811
0.456813
0.456802
0.456806
0.456819
0.456809
0.456835
0.45683
0.45684
0.456844
0.456851
0.456864
0.456864
0.456843
0.456841
0.456846
0.456839
0.456831
0.456861
0.456845
0.456839
0.456851
0.456863
0.456871
0.456871
0.456867
0.456877
0.456847
0.456873
0.456873
0.456865
0.456884
0.45689
0.456883
0.456867
0.456878
0.456856
0.45686
0.456864
0.45686
0.456853
0.456848
0.456853
0.456842
0.456842
0.456819
0.456814
0.456824
0.456813
0.456824
0.456816
0.456801
0.456805
0.456813
0.456814
0.456806
0.456819
0.4568
0.456786
0.456789
0.456792
0.456789
0.456785
0.456803
0.456801
0.456787
0.456796
0.45679
0.456775
0.456778
0.456772
0.456744
0.456743
0.456737
0.456736
0.456746
0.456725
0.456739
0.456711
0.456722
0.456707
0.456689
0.456685
0.456693
0.456675
0.456674
0.456691
0.456693
0.456716
0.456716
0.456698
0.456692
0.456692
0.456696
0.456692
0.456672
0.45669
0.456691
0.456668
0.456677
0.456679
0.456677
0.45667
0.456659
0.456665
0.456645
0.456617
0.45662
0.45663
0.456646
0.456648
0.456676
0.456684
0.456694
0.456682
0.456674
0.456686
0.456681
0.456685
0.456676
0.456646
0.456637
0.456642
0.456642
0.456653
0.456643
0.45664
0.456652
0.456669
0.456691
0.456676
0.456686
0.456702
0.456712
0.456722
0.456734
0.456732
0.456733
0.456738
0.456733
0.456734
0.456722
0.456735
0.456752
0.45672
0.45672
0.456727
0.456731
0.456734
0.456719
0.456727
0.456747
0.456747
0.456744
0.456758
0.456742
0.456752
0.456747
0.456753
0.456758
0.45676
0.456762
0.456778
0.456783
0.456789
0.456784
0.456779
0.4568
0.456813
0.456809
0.456811
0.456819
0.456832
0.456821
0.456815
0.456819
0.456807
0.456812
0.456829
0.45685
0.456862
0.456861
0.456848
0.456851
0.45687
0.456867
0.456885
0.456888
0.456908
0.456917
0.456924
0.456932
0.456932
0.456954
0.45694
0.456927
0.456932
0.456937
0.456922
0.456914
0.456919
0.456908
0.456886
0.456881
0.456863
0.456856
0.456856
0.456858
0.456843
0.456864
0.456855
0.456853
0.456884
0.456879
0.456886
0.456894
0.456891
0.45689
0.456891
0.4569
0.456923
0.456927
0.456931
0.45693
0.45695
0.456937
0.456935
0.456921
0.456901
0.456922
0.45693
0.45695
0.456957
0.456963
0.456977
0.456975
0.456974
0.456985
0.45699
0.456991
0.457001
0.45701
0.457024
0.457036
0.457036
0.457021
0.457028
0.457029
0.457017
0.45702
0.457019
0.457016
0.456998
0.456986
0.45698
0.456965
0.456966
0.456958
0.456964
0.456975
0.456993
0.456992
0.457002
0.456998
0.457
0.457004
0.45701
0.456992
0.456985
0.456983
0.456971
0.456958
0.456952
0.45695
0.456962
0.456949
0.456951
0.456957
0.456952
0.456938
0.456931
0.456915
0.456907
0.45691
0.456912
0.4569
0.456918
0.456902
0.456909
0.456911
0.456916
0.456906
0.456891
0.45688
0.456877
0.456882
0.45689
0.45688
0.456884
0.456895
0.456885
0.456874
0.456866
0.45686
0.456852
0.456869
0.456849
0.456838
0.456822
0.456818
0.456829
0.456828
0.456819
0.456825
0.456828
0.456812
0.456818
0.45683
0.456831
0.45683
0.456831
0.45683
0.456829
0.45682
0.456821
0.456809
0.45679
0.456786
0.456787
0.4568
0.456796
0.45681
0.456785
0.45678
0.456789
0.456794
0.456788
0.456796
0.456798
0.456785
0.45678
0.456771
0.456766
0.456738
0.456734
0.456748
0.45673
0.456709
0.456722
0.456707
0.456715
0.456721
0.456722
0.456716
0.456706
0.456709
0.456683
0.456695
0.456681
0.45669
0.456692
0.456692
0.456694
0.456688
0.456682
0.456668
0.456671
0.456674
0.45666
0.456657
0.456661
0.456689
0.456705
0.456716
0.456725
0.456732
0.456739
0.456747
0.456758
0.456759
0.456761
0.456743
0.456728
0.456716
0.456712
0.456694
0.456689
0.456708
0.456701
0.456703
0.456724
0.456734
0.456732
0.456728
0.456722
0.456741
0.456757
0.45674
0.456748
0.456751
0.45673
0.45675
0.45675
0.456743
0.456739
0.456748
0.45675
0.456747
0.456738
0.456746
0.456744
0.456742
0.456746
0.45674
0.456731
0.456743
0.456729
0.456727
0.456727
0.456722
0.456699
0.456703
0.45671
0.456711
0.456689
0.45668
0.456677
0.456679
0.456678
0.456676
0.45669
0.456696
0.456699
0.456699
0.45671
0.456713
0.456723
0.456719
0.456736
0.456739
0.456714
0.456719
0.456744
0.456742
0.456744
0.456744
0.456746
0.456758
0.45675
0.456753
0.456761
0.456777
0.456764
0.456758
0.456759
0.456779
0.456771
0.456766
0.456774
0.456782
0.456776
0.456778
0.456762
0.45678
0.456797
0.456811
0.45681
0.456825
0.456823
0.456823
0.456845
0.456858
0.456868
0.45688
0.456867
0.456884
0.456877
0.456891
0.456901
0.456906
0.456911
0.456916
0.456929
0.456912
0.456925
0.456929
0.456948
0.456947
0.456961
0.456967
0.45697
0.456974
0.456964
0.456964
0.45697
0.456963
0.45695
0.456965
0.456989
0.457005
0.457003
0.456997
0.456991
0.457011
0.456996
0.456993
0.456997
0.457013
0.457014
0.457025
0.457029
0.457033
0.457015
0.457011
0.457016
0.457015
0.457017
0.457021
0.457005
0.457013
0.457025
0.45703
0.45704
0.457034
0.457048
0.457069
0.457073
0.457058
0.457053
0.457044
0.457037
0.457043
0.457039
0.45705
0.457059
0.45707
0.457078
0.45707
0.457061
0.457048
0.457045
0.457056
0.457056
0.457032
0.457027
0.457036
0.457046
0.457056
0.45704
0.457039
0.457047
0.457039
0.457031
0.45702
0.457019
0.457009
0.457015
0.457023
0.457025
0.457006
0.457016
0.457021
0.45704
0.457036
0.457039
0.457065
0.457045
0.457031
0.45703
0.457027
0.45703
0.457013
0.457024
0.45703
0.457037
0.457044
0.457039
0.457029
0.457014
0.457
0.456996
0.456993
0.456974
0.456983
0.456976
0.456967
0.456957
0.456948
0.456927
0.456927
0.456884
0.456877
0.456865
0.456867
0.456861
0.45685
0.456835
0.456839
0.456846
0.456837
0.456849
0.45685
0.456849
0.456833
0.456825
0.456811
0.456798
0.45681
0.456796
0.456817
0.456806
0.456807
0.456816
0.456814
0.456807
0.4568
0.45679
0.45677
0.456775
0.456772
0.456772
0.456784
0.456777
0.456776
0.456762
0.456754
0.456742
0.456744
0.456748
0.456754
0.456741
0.456733
0.456734
0.456744
0.456737
0.456711
0.456692
0.456694
0.456686
0.456689
0.456684
0.456686
0.456668
0.456677
0.456669
0.456679
0.456677
0.456667
0.456663
0.456669
0.456653
0.45666
0.456668
0.456659
0.456643
0.456638
0.456641
0.456639
0.456641
0.456629
0.456635
0.456635
0.456645
0.456654
0.456668
0.456674
0.456685
0.456673
0.456657
0.456654
0.456651
0.456628
0.456619
0.456606
0.456598
0.456597
0.456597
0.456605
0.456631
0.456631
0.456645
0.456641
0.456642
0.456649
0.456664
0.456676
0.456677
0.456677
0.456685
0.456693
0.456707
0.456695
0.456694
0.456704
0.456707
0.456708
0.456725
0.456733
0.456729
0.456743
0.456738
0.456751
0.456752
0.456759
0.456775
0.456778
0.456767
0.456774
0.456776
0.456781
0.456775
0.456786
0.456788
0.456787
0.456796
0.456791
0.456799
0.456809
0.456799
0.456802
0.456806
0.456812
0.456814
0.456816
0.456828
0.456821
0.456813
0.456817
0.456834
0.456841
0.456836
0.456846
0.456857
0.456851
0.456849
0.456848
0.456838
0.456855
0.456849
0.456857
0.456861
0.456869
0.456886
0.456889
0.456883
0.456868
0.456853
0.456851
0.456844
0.456841
0.456846
0.456841
0.456854
0.456863
0.456861
0.456872
0.456871
0.456888
0.456888
0.456895
0.456889
0.456904
0.456893
0.456886
0.456897
0.456891
0.456888
0.456879
0.456873
0.456857
0.456859
0.45686
0.456866
0.456855
0.456857
0.456841
0.456828
0.456845
0.456833
0.456821
0.456812
0.456819
0.456819
0.456823
0.4568
0.456797
0.456794
0.456818
0.456812
0.456811
0.456809
0.456814
0.456814
0.456816
0.456789
0.456771
0.456763
0.456758
0.456741
0.45674
0.456735
0.456734
0.456739
0.456759
0.456753
0.456761
0.456764
0.456755
0.456745
0.45674
0.456751
0.456751
0.456742
0.456735
0.456739
0.45675
0.456747
0.456753
0.456764
0.456754
0.456775
0.456775
0.456767
0.456753
0.456757
0.456754
0.456768
0.456759
0.456766
0.456761
0.456758
0.45676
0.456761
0.456746
0.456745
0.456758
0.456777
0.456769
0.456772
0.456762
0.456758
0.456787
0.456788
0.456784
0.456792
0.45678
0.456796
0.456794
0.456789
0.456785
0.456796
0.456809
0.456821
0.456819
0.456815
0.45684
0.456837
0.456843
0.456859
0.456872
0.456875
0.456865
0.45686
0.456865
0.456881
0.456901
0.456909
0.456913
0.456935
0.456947
0.456956
0.456943
0.456952
0.456957
0.456963
0.456971
0.456977
0.456993
0.457002
0.45701
0.457017
0.457029
0.457029
0.457038
0.457049
0.457057
0.457058
0.45707
0.457059
0.457071
0.45709
0.457077
0.457089
0.457103
0.457107
0.45711
0.457108
0.45711
0.45712
0.457127
0.457138
0.457138
0.457133
0.457138
0.457141
0.457145
0.457148
0.457147
0.457159
0.457143
0.457141
0.457129
0.457142
0.457156
0.457154
0.45713
0.457133
0.457124
0.457121
0.457112
0.457103
0.457087
0.457091
0.457085
0.457091
0.457082
0.457079
0.457087
0.457095
0.457104
0.457117
0.457106
0.4571
0.457108
0.457117
0.457112
0.457093
0.457093
0.457093
0.457106
0.457097
0.457111
0.457118
0.45712
0.457117
0.457116
0.457118
0.457122
0.457123
0.457124
0.457113
0.457105
0.457102
0.457099
0.457107
0.457116
0.457134
0.457152
0.457162
0.457146
0.457151
0.457158
0.457157
0.457159
0.457158
0.457163
0.457159
0.457141
0.457135
0.457145
0.457144
0.457161
0.457156
0.457149
0.45715
0.457136
0.457139
0.457137
0.45713
0.457136
0.457139
0.457137
0.457144
0.457132
0.457141
0.457145
0.457147
0.457145
0.457138
0.457118
0.457108
0.457114
0.457117
0.457116
0.457121
0.457123
0.457116
0.457122
0.457123
0.457139
0.45714
0.457141
0.457133
0.457136
0.457125
0.457132
0.457126
0.457123
0.457137
0.457132
0.45713
0.457136
0.457141
0.457137
0.457131
0.457141
0.457148
0.457149
0.457153
0.457169
0.457177
0.457176
0.457166
0.457167
0.457158
0.457156
0.457138
0.457133
0.45714
0.457169
0.45717
0.457188
0.457198
0.457187
0.457178
0.457182
0.457182
0.457179
0.457182
0.457187
0.457194
0.457189
0.457191
0.457192
0.457196
0.45721
0.457218
0.457221
0.457233
0.457241
0.457254
0.457264
0.457265
0.457271
0.457272
0.457274
0.457281
0.457283
0.457281
0.457271
0.457274
0.457288
0.457281
0.457293
0.457288
0.457277
0.457287
0.457291
0.45729
0.457298
0.457292
0.457299
0.457304
0.457306
0.457311
0.457306
0.457308
0.457308
0.457314
0.457312
0.457315
0.457317
0.457324
0.457315
0.457329
0.457324
0.457317
0.457324
0.457316
0.457317
0.457323
0.457326
0.45732
0.457327
0.457327
0.457331
0.457338
0.457334
0.457328
0.457331
0.457317
0.45732
0.45733
0.457323
0.457323
0.457336
0.457335
0.457332
0.457332
0.457344
0.457345
0.457351
0.457346
0.457342
0.45734
0.45735
0.45733
0.457332
0.457334
0.457333
0.457345
0.457341
0.457348
0.457355
0.457348
0.457352
0.457372
0.457382
0.457389
0.457394
0.457394
0.457394
0.457392
0.4574
0.457405
0.457402
0.457402
0.457397
0.457407
0.45741
0.457414
0.457416
0.457414
0.457426
0.457409
0.457415
0.457427
0.457445
0.45745
0.457457
0.457447
0.457449
0.45746
0.457461
0.457472
0.457485
0.457488
0.457486
0.457497
0.457508
0.457502
0.45749
0.457483
0.457499
0.457502
0.457508
0.457518
0.457525
0.457542
0.457524
0.457521
0.457544
0.457551
0.457569
0.457565
0.457563
0.457567
0.457579
0.457573
0.457593
0.457609
0.457627
0.457632
0.457642
0.457628
0.457646
0.457637
0.457634
0.457638
0.457623
0.457618
0.457628
0.457625
0.457631
0.457629
0.457634
0.457634
0.457636
0.457644
0.457639
0.457655
0.457667
0.457659
0.457675
0.457685
0.457678
0.457683
0.457678
0.457683
0.457683
0.457688
0.457671
0.45766
0.457662
0.45767
0.457683
0.45771
0.457723
0.45773
0.457722
0.457717
0.457715
0.457708
0.457713
0.45771
0.457704
0.457701
0.457715
0.457714
0.457697
0.457709
0.457717
0.457715
0.457715
0.457711
0.457713
0.457706
0.457706
0.457696
0.457678
0.457687
0.457685
0.457683
0.457678
0.457677
0.457681
0.457696
0.457696
0.457705
0.457706
0.457721
0.457718
0.457717
0.457734
0.457762
0.457757
0.457756
0.457752
0.457747
0.457734
0.457742
0.457743
0.45774
0.457739
0.457746
0.457735
0.457733
0.457724
0.457717
0.457715
0.457702
0.457703
0.457697
0.457702
0.4577
0.457707
0.457703
0.457699
0.457692
0.457682
0.457681
0.457685
0.457698
0.457693
0.457687
0.457685
0.457695
0.4577
0.457699
0.457688
0.457687
0.457667
0.457665
0.457658
0.457654
0.457639
0.457627
0.457622
0.457634
0.457643
0.457638
0.457653
0.457647
0.457644
0.457643
0.457633
0.457629
0.45763
0.457619
0.457613
0.457624
0.457626
0.457629
0.457634
0.457627
0.457624
0.457627
0.457621
0.457626
0.457618
0.45761
0.457628
0.45763
0.457633
0.457626
0.45762
0.457609
0.457608
0.457602
0.457595
0.457589
0.457584
0.457586
0.457577
0.457571
0.45756
0.45756
0.457563
0.457558
0.457548
0.457544
0.45754
0.457532
0.45753
0.457523
0.457534
0.457526
0.457518
0.457528
0.457533
0.457529
0.457526
0.457522
0.45752
0.457504
0.457502
0.457503
0.457501
0.45749
0.457496
0.457503
0.457497
0.457492
0.457488
0.457481
0.457478
0.45748
0.457454
0.457434
0.457416
0.457407
0.457409
0.457402
0.457397
0.4574
0.45741
0.457406
0.457394
0.457388
0.45739
0.457396
0.457398
0.457402
0.457386
0.457377
0.457385
0.457388
0.457385
0.457387
0.457388
0.457405
0.457412
0.457405
0.457404
0.45739
0.4574
0.4574
0.457399
0.457397
0.457393
0.45738
0.457377
0.457373
0.457366
0.457361
0.457358
0.457369
0.457371
0.457367
0.457356
0.457359
0.457363
0.457352
0.457341
0.457332
0.457315
0.45732
0.45731
0.45729
0.45729
0.457295
0.457299
0.457305
0.457316
0.457316
0.457311
0.457324
0.45732
0.457318
0.457326
0.457326
0.457329
0.457335
0.457332
0.457332
0.457344
0.457334
0.45733
0.457329
0.457329
0.45732
0.457313
0.457301
0.457296
0.457286
0.4573
0.457299
0.45728
0.457281
0.457284
0.457287
0.457289
0.457295
0.457288
0.457283
0.457279
0.457273
0.457273
0.457279
0.457281
0.457281
0.457281
0.457276
0.45728
0.457282
0.457282
0.457285
0.457286
0.457281
0.457291
0.457281
0.457267
0.457255
0.457256
0.457253
0.457263
0.457264
0.457266
0.457269
0.457259
0.457251
0.457245
0.457252
0.457259
0.457257
0.457256
0.457248
0.457246
0.457242
0.457232
0.457223
0.457215
0.457209
0.45721
0.457216
0.457219
0.457214
0.457212
0.457215
0.457209
0.457198
0.457191
0.45718
0.457174
0.457167
0.457147
0.457142
0.457144
0.457138
0.457138
0.457121
0.457124
0.457117
0.457123
0.45711
0.457107
0.457106
0.45711
0.457103
0.457106
0.457094
0.45709
0.457084
0.45708
0.457073
0.457074
0.457078
0.45708
0.457062
0.457058
0.457066
0.457061
0.457055
0.457061
0.457052
0.45705
0.457042
0.457037
0.457035
0.457009
0.457015
0.45701
0.456998
0.456986
0.456981
0.456978
0.456983
0.456986
0.456973
0.456983
0.456978
0.456988
0.456992
0.45699
0.45699
0.456996
0.457003
0.456996
0.456998
0.456983
0.456989
0.456984
0.456968
0.456968
0.456966
0.456956
0.456964
0.456969
0.456975
0.456981
0.45699
0.456977
0.456984
0.456981
0.456985
0.456988
0.456983
0.456993
0.456993
0.457
0.456997
0.456998
0.457006
0.457014
0.456999
0.457005
0.456999
0.456991
0.456997
0.457015
0.457022
0.457019
0.457013
0.457016
0.457016
0.457027
0.45702
0.457018
0.457025
0.457037
0.457039
0.45704
0.457042
0.457037
0.457039
0.457038
0.457042
0.457046
0.457049
0.457036
0.457043
0.457049
0.457058
0.457053
0.457043
0.457039
0.457034
0.457047
0.457036
0.457042
0.45705
0.457051
0.457053
0.457058
0.45707
0.457061
0.457067
0.457065
0.457067
0.457064
0.457057
0.457065
0.457066
0.457053
0.457057
0.457061
0.457052
0.457061
0.457052
0.457053
0.457051
0.45706
0.457055
0.457054
0.457064
0.457059
0.457068
0.457057
0.457057
0.457054
0.457063
0.457054
0.45707
0.45707
0.457072
0.457088
0.457084
0.457088
0.457093
0.457089
0.457081
0.457081
0.45709
0.457084
0.457083
0.457077
0.457075
0.457067
0.457064
0.457057
0.457069
0.457063
0.457053
0.457054
0.457049
0.457047
0.457043
0.457031
0.457025
0.457034
0.45703
0.457046
0.457049
0.457048
0.457043
0.457042
0.457031
0.457032
0.457038
0.457031
0.457026
0.457022
0.457009
0.457015
0.457027
0.457029
0.457031
0.457032
0.45703
0.457033
0.457024
0.457021
0.457018
0.457012
0.457022
0.457022
0.457013
0.457011
0.457019
0.457013
0.457016
0.457014
0.45702
0.457023
0.457026
0.457037
0.457031
0.457033
0.457026
0.457021
0.457013
0.456999
0.457002
0.456995
0.456988
0.456982
0.456964
0.456976
0.456995
0.456989
0.456984
0.456984
0.456978
0.456961
0.456943
0.456947
0.456942
0.456946
0.456943
0.456943
0.456931
0.45693
0.456926
0.456942
0.456941
0.456934
0.456932
0.456932
0.456923
0.456917
0.456924
0.456922
0.456921
0.456924
0.456924
0.45692
0.456933
0.45693
0.456934
0.456939
0.456929
0.45692
0.456914
0.456901
0.456896
0.456896
0.456893
0.456897
0.456888
0.456881
0.456879
0.456875
0.456869
0.45687
0.456867
0.456878
0.456881
0.456893
0.456882
0.456882
0.456879
0.456882
0.456871
0.456872
0.45687
0.456876
0.456873
0.456879
0.456874
0.456866
0.456873
0.456866
0.456865
0.456863
0.456862
0.456872
0.456877
0.456885
0.45688
0.456875
0.456866
0.45687
0.456875
0.456875
0.456876
0.456876
0.456877
0.456874
0.456875
0.456881
0.456882
0.456891
0.456895
0.456898
0.456883
0.456886
0.456896
0.456894
0.456893
0.456891
0.456901
0.456893
0.456895
0.456912
0.456907
0.456897
0.456906
0.456915
0.456914
0.456913
0.45692
0.456911
0.456906
0.456916
0.456914
0.456905
0.456896
0.456901
0.4569
0.456903
0.456903
0.456906
0.456909
0.456906
0.456899
0.45689
0.456895
0.456901
0.456899
0.456907
0.456912
0.45692
0.45693
0.456924
0.456926
0.456933
0.456936
0.456944
0.456942
0.456935
0.456925
0.456918
0.45693
0.456923
0.456933
0.456919
0.456912
0.456925
0.45692
0.456908
0.4569
0.45691
0.456912
0.456913
0.456917
0.456919
0.456928
0.456924
0.45692
0.456922
0.456929
0.456924
0.456908
0.456907
0.456906
0.4569
0.456905
0.456915
0.456904
0.456893
0.456893
0.456886
0.456881
0.456887
0.456891
0.456896
0.45689
0.456884
0.456888
0.456887
0.456886
0.456879
0.456881
0.456872
0.45687
0.456868
0.456868
0.456853
0.456844
0.45684
0.456839
0.456841
0.456834
0.456837
0.456834
0.456823
0.456826
0.456822
0.456826
0.456836
0.456845
0.456837
0.45685
0.456843
0.456851
0.456844
0.456845
0.456852
0.45684
0.45684
0.456852
0.45685
0.456851
0.456851
0.456852
0.456853
0.456857
0.456853
0.456849
0.456862
0.456857
0.456852
0.45685
0.456834
0.456844
0.456839
0.456826
0.456824
0.456825
0.456823
0.456819
0.45682
0.456817
0.456815
0.456812
0.456817
0.45683
0.456823
0.456832
0.456832
0.456837
0.456825
0.456822
0.456829
0.456831
0.456833
0.45684
0.456836
0.456836
0.456831
0.45684
0.456829
0.456829
0.456828
0.456831
0.456831
0.456831
0.456833
0.45684
0.456843
0.456842
0.456841
0.456832
0.456838
0.45684
0.456833
0.456833
0.456836
0.45683
0.456825
0.456832
0.456822
0.456811
0.456822
0.456811
0.456811
0.456816
0.456814
0.456818
0.456833
0.456831
0.456828
0.456833
0.456827
0.456812
0.456821
0.45681
0.456805
0.45681
0.456807
0.456803
0.456792
0.45679
0.456775
0.456774
0.456775
0.456766
0.456766
0.456764
0.456763
0.456754
0.456753
0.456757
0.456756
0.456748
0.456745
0.456759
0.456759
0.456758
0.456757
0.456761
0.456755
0.456751
0.456746
0.456743
0.456746
0.456747
0.456752
0.456751
0.456757
0.456755
0.456755
0.456757
0.456753
0.456739
0.456741
0.456747
0.456743
0.456744
0.456742
0.456741
0.456744
0.456742
0.456737
0.456738
0.456724
0.456729
0.45673
0.456732
0.456735
0.456743
0.456734
0.456729
0.456735
0.456731
0.456728
0.456728
0.456714
0.456714
0.45671
0.4567
0.456708
0.456706
0.456708
0.456722
0.456733
0.45672
0.456709
0.456712
0.456719
0.456715
0.45672
0.456714
0.456724
0.456729
0.456735
0.456739
0.456753
0.45676
0.456759
0.456763
0.45677
0.456768
0.45677
0.456772
0.456782
0.456778
0.456776
0.456774
0.456773
0.45677
0.456773
0.456785
0.456773
0.456775
0.456778
0.45679
0.45679
0.456794
0.456799
0.456802
0.45679
0.456795
0.456806
0.45681
0.456816
0.45681
0.456812
0.456813
0.456814
0.456805
0.456812
0.456817
0.45681
0.456808
0.456806
0.456818
0.456816
0.456824
0.45682
0.456818
0.456818
0.456803
0.456803
0.456798
0.456805
0.456809
0.456802
0.456798
0.456798
0.4568
0.456797
0.456794
0.4568
0.456787
0.456793
0.456789
0.456782
0.456786
0.456789
0.456783
0.456795
0.456797
0.456803
0.456798
0.456791
0.456796
0.456791
0.456785
0.456785
0.456786
0.456784
0.456779
0.456781
0.456773
0.456778
0.456775
0.456788
0.456781
0.456782
0.45678
0.456787
0.456797
0.456802
0.456807
0.456804
0.456805
0.456802
0.456813
0.456811
0.456811
0.456815
0.456812
0.456818
0.456824
0.456822
0.456833
0.45684
0.456838
0.456838
0.456846
0.456844
0.456855
0.456857
0.45686
0.456866
0.456877
0.456885
0.456887
0.456887
0.456883
0.456894
0.45689
0.456902
0.456898
0.456893
0.456894
0.456888
0.456896
0.456887
0.456886
0.45689
0.456897
0.456895
0.456892
0.456892
0.45688
0.456871
0.456865
0.45686
0.456855
0.456856
0.456857
0.456857
0.456863
0.456869
0.456873
0.456873
0.456871
0.45687
0.456869
0.456868
0.456872
0.456878
0.456881
0.456889
0.456901
0.456914
0.456914
0.456914
0.456904
0.456898
0.456893
0.45689
0.456897
0.456908
0.456918
0.456925
0.456919
0.45692
0.456914
0.456912
0.456915
0.456911
0.456918
0.456917
0.456906
0.456912
0.45691
0.456905
0.456895
0.456895
0.456886
0.456872
0.456869
0.456868
0.456875
0.45687
0.456849
0.456844
0.456835
0.456837
0.456825
0.456821
0.456825
0.456823
0.456821
0.456821
0.456817
0.456807
0.456804
0.456802
0.456798
0.456784
0.456788
0.456791
0.456791
0.45679
0.456776
0.456769
0.456756
0.456763
0.45677
0.456768
0.456753
0.45675
0.45676
0.456764
0.456758
0.456754
0.456751
0.456749
0.456737
0.456725
0.456729
0.456722
0.456727
0.456728
0.456732
0.456725
0.456727
0.456723
0.45672
0.456717
0.456711
0.456713
0.456707
0.456696
0.456689
0.456698
0.456686
0.456693
0.456697
0.456695
0.456694
0.45669
0.456681
0.456685
0.456683
0.456679
0.456676
0.456662
0.456653
0.456653
0.456654
0.456652
0.456643
0.456636
0.456628
0.456627
0.456627
0.456629
0.456622
0.456614
0.456608
0.456605
0.4566
0.456587
0.456573
0.456573
0.456572
0.45656
0.456549
0.456552
0.45654
0.456532
0.456526
0.456531
0.456537
0.456543
0.456541
0.456539
0.456539
0.456537
0.456537
0.456535
0.456525
0.456524
0.45652
0.456515
0.456518
0.456515
0.456507
0.456498
0.456495
0.456489
0.456489
0.456487
0.456485
0.456479
0.456486
0.456472
0.456469
0.456462
0.456451
0.456444
0.456438
0.456438
0.456437
0.456431
0.456428
0.456426
0.456427
0.456409
0.456406
0.456404
0.4564
0.456393
0.456393
0.456395
0.456401
0.456407
0.456415
0.456413
0.456414
0.45641
0.456408
0.456413
0.456412
0.456407
0.456397
0.4564
0.456395
0.456387
0.45639
0.456387
0.456377
0.456375
0.456375
0.456383
0.456377
0.456387
0.456392
0.456393
0.456378
0.456383
0.45639
0.456394
0.456395
0.456398
0.456403
0.456404
0.45641
0.456406
0.456408
0.456408
0.4564
0.4564
0.4564
0.456399
0.456396
0.456392
0.456395
0.456395
0.456392
0.456384
0.456371
0.45637
0.456381
0.456379
0.456388
0.456375
0.456379
0.456378
0.456382
0.456391
0.456389
0.45639
0.456397
0.4564
0.456414
0.456418
0.45642
0.456428
0.456429
0.456425
0.456421
0.456412
0.456422
0.456424
0.456428
0.45642
0.456415
0.456416
0.456417
0.456419
0.456426
0.456434
0.45643
0.45643
0.456426
0.456433
0.456428
0.456432
0.456435
0.45642
0.456428
0.45643
0.45643
0.456432
0.456426
0.456431
0.456437
0.456442
0.456439
0.456442
0.456432
0.456428
0.456434
0.456444
0.456441
0.456428
0.456419
0.456423
0.456423
0.456415
0.456416
0.456411
0.456404
0.456407
0.456408
0.456406
0.4564
0.456402
0.456398
0.4564
0.456402
0.456402
0.456406
0.456408
0.456395
0.45639
0.456396
0.456401
0.4564
0.456403
0.456398
0.456389
0.45639
0.45639
0.456387
0.456382
0.456376
0.456374
0.456371
0.456356
0.456348
0.456352
0.456355
0.456355
0.456356
0.456355
0.456358
0.456362
0.456372
0.456363
0.456366
0.45637
0.456379
0.456372
0.456382
0.45639
0.456392
0.456389
0.456391
0.456391
0.456385
0.456385
0.456394
0.456395
0.456405
0.4564
0.456397
0.456396
0.456393
0.456394
0.4564
0.456401
0.456408
0.456408
0.456409
0.456408
0.456399
0.456401
0.4564
0.45639
0.456384
0.456384
0.456389
0.456395
0.456398
0.456395
0.456407
0.456401
0.456406
0.456403
0.456404
0.456404
0.456396
0.456389
0.456379
0.456379
0.456384
0.456384
0.456378
0.456379
0.456381
0.45638
0.456387
0.456391
0.456392
0.456394
0.456399
0.456394
0.456385
0.456377
0.456374
0.456383
0.456377
0.456383
0.456379
0.456376
0.456375
0.456373
0.456373
0.456375
0.456363
0.456368
0.456361
0.456357
0.456346
0.456341
0.456343
0.456354
0.456351
0.456347
0.456345
0.456343
0.456347
0.456342
0.456346
0.456351
0.456344
0.456353
0.456357
0.456357
0.45637
0.456362
0.456365
0.456365
0.456368
0.45637
0.456365
0.456355
0.456355
0.456356
0.456361
0.456376
0.456389
0.456379
0.456374
0.456363
0.45636
0.456367
0.456364
0.456358
0.456346
0.45635
0.456347
0.456346
0.45635
0.456348
0.456343
0.456349
0.456356
0.456352
0.456358
0.456358
0.45635
0.456355
0.456351
0.456353
0.456356
0.456356
0.456358
0.456363
0.456359
0.45635
0.456355
0.456357
0.456357
0.456363
0.456375
0.45638
0.45637
0.456368
0.456373
0.456374
0.456369
0.456377
0.456383
0.45638
0.456384
0.456384
0.456377
0.456379
0.456381
0.456382
0.456384
0.456386
0.45639
0.456394
0.456392
0.456393
0.456396
0.456399
0.456398
0.456391
0.456386
0.45638
0.456383
0.456379
0.456383
0.456381
0.456383
0.456386
0.45639
0.456401
0.456411
0.456434
0.456438
0.456434
0.456431
0.456429
0.456432
0.456435
0.456427
0.456428
0.456427
0.456435
0.456427
0.456424
0.45643
0.456431
0.456432
0.456437
0.456434
0.456427
0.456423
0.456433
0.456428
0.456423
0.456432
0.456429
0.456437
0.456431
0.456429
0.456429
0.456439
0.456446
0.45644
0.456436
0.456433
0.456435
0.456439
0.456439
0.456442
0.456441
0.456464
0.456479
0.456486
0.456489
0.4565
0.456504
0.456506
0.456517
0.456517
0.456527
0.456521
0.456529
0.456532
0.456527
0.456533
0.456527
0.456524
0.456521
0.456528
0.456522
0.456521
0.456517
0.456508
0.456507
0.456508
0.456515
0.45651
0.456512
0.456519
0.456528
0.456531
0.456526
0.456526
0.456526
0.456536
0.456537
0.456534
0.456542
0.456544
0.456552
0.456547
0.456551
0.456556
0.456553
0.456567
0.456576
0.456584
0.456586
0.456587
0.456586
0.456601
0.4566
0.456595
0.45659
0.456602
0.456603
0.456607
0.456622
0.456641
0.456649
0.456646
0.456657
0.456658
0.456666
0.456669
0.456665
0.456678
0.45668
0.456688
0.456688
0.456673
0.456678
0.456683
0.456693
0.456695
0.456704
0.456696
0.456691
0.45669
0.456699
0.456705
0.456709
0.456712
0.456713
0.45672
0.456723
0.456729
0.45673
0.456735
0.456718
0.456718
0.456728
0.456726
0.456723
0.456716
0.456716
0.456725
0.456725
0.456714
0.456718
0.456718
0.456718
0.456714
0.45672
0.45673
0.456733
0.456738
0.456733
0.456741
0.456748
0.456743
0.456737
0.456748
0.456757
0.456758
0.456769
0.456768
0.456772
0.456764
0.456766
0.456768
0.456761
0.45676
0.456755
0.456755
0.456744
0.456746
0.456738
0.456728
0.456719
0.456721
0.456726
0.456732
0.456733
0.456726
0.456718
0.456711
0.456709
0.456705
0.456691
0.456692
0.45669
0.456697
0.456696
0.456697
0.456702
0.4567
0.456705
0.456708
0.456705
0.456704
0.456691
0.456692
0.456695
0.456694
0.456691
0.456689
0.45669
0.456688
0.456687
0.456696
0.456694
0.456695
0.456699
0.456699
0.456695
0.456695
0.456693
0.456704
0.456707
0.456701
0.456691
0.456686
0.456697
0.456704
0.4567
0.4567
0.456699
0.456694
0.456697
0.456688
0.456693
0.456688
0.456698
0.456698
0.456705
0.456701
0.456702
0.456699
0.456695
0.456697
0.456698
0.456689
0.45669
0.456685
0.456696
0.456693
0.456686
0.456681
0.456681
0.456674
0.456674
0.456676
0.456676
0.456678
0.456697
0.456701
0.456699
0.456703
0.456704
0.4567
0.456693
0.456705
0.456704
0.456705
0.456702
0.456692
0.45669
0.456689
0.456688
0.456686
0.456682
0.456683
0.456674
0.456668
0.456661
0.456662
0.456658
0.45665
0.456642
0.456644
0.456645
0.456637
0.456639
0.456637
0.456637
0.456638
0.456637
0.456637
0.456644
0.456649
0.456637
0.456632
0.456633
0.456625
0.456623
0.45662
0.456632
0.456624
0.456621
0.456621
0.456627
0.456631
0.456636
0.456646
0.456632
0.456633
0.456625
0.45662
0.456623
0.456624
0.456623
0.456618
0.456619
0.456611
0.456614
0.456611
0.456606
0.456602
0.456594
0.456598
0.45659
0.456585
0.456583
0.456588
0.456583
0.456586
0.456581
0.456581
0.456582
0.45658
0.456566
0.456554
0.456552
0.456557
0.456549
0.456548
0.456548
0.456552
0.456549
0.456545
0.45656
0.456565
0.456561
0.456559
0.456552
0.456544
0.456542
0.456543
0.456555
0.456542
0.456539
0.45654
0.456534
0.456531
0.456526
0.456525
0.456529
0.456529
0.456537
0.45654
0.456545
0.456544
0.456543
0.456546
0.456547
0.456541
0.456548
0.456547
0.456551
0.456561
0.456567
0.456578
0.456588
0.45659
0.456584
0.456587
0.456584
0.456581
0.456587
0.45659
0.45658
0.456577
0.456579
0.456579
0.456569
0.456573
0.456575
0.456576
0.456575
0.456575
0.456565
0.45656
0.456557
0.45656
0.456564
0.45656
0.456564
0.456562
0.456565
0.456564
0.456563
0.456568
0.456565
0.456562
0.456566
0.456571
0.45657
0.45657
0.456562
0.456561
0.456557
0.456552
0.456549
0.456546
0.456539
0.456535
0.456538
0.45654
0.45653
0.456534
0.45653
0.456523
0.456529
0.456538
0.456539
0.456531
0.45653
0.456531
0.456534
0.45653
0.456525
0.456513
0.45652
0.456514
0.456512
0.456506
0.456507
0.456506
0.456507
0.456498
0.456494
0.456498
0.456499
0.456502
0.456498
0.456492
0.456496
0.456499
0.456503
0.45651
0.456512
0.456507
0.4565
0.456495
0.456496
0.456505
0.456492
0.456482
0.456478
0.456467
0.456468
0.456468
0.456466
0.456463
0.456449
0.456441
0.456436
0.456438
0.456444
0.456437
0.456444
0.456448
0.456441
0.456437
0.456436
0.456436
0.456431
0.456431
0.456424
0.456419
0.456419
0.456418
0.456413
0.456407
0.456406
0.456404
0.456405
0.456412
0.456403
0.456396
0.456399
0.456395
0.45639
0.456389
0.456379
0.456378
0.456368
0.456365
0.456369
0.456363
0.456363
0.456362
0.456361
0.456367
0.456369
0.456365
0.456379
0.456384
0.456388
0.456381
0.456379
0.456382
0.456385
0.45638
0.456373
0.456369
0.456372
0.456371
0.456364
0.456369
0.456372
0.456374
0.456377
0.456382
0.456371
0.456367
0.456369
0.456366
0.456366
0.456368
0.456368
0.456374
0.456377
0.456376
0.456383
0.45639
0.456395
0.456391
0.456389
0.456393
0.456398
0.456404
0.456409
0.456413
0.456407
0.456401
0.456407
0.456406
0.456409
0.456411
0.45641
0.456408
0.456406
0.456403
0.456395
0.456395
0.456394
0.456389
0.456374
0.456382
0.456389
0.456397
0.456399
0.4564
0.456407
0.456411
0.45642
0.456426
0.456434
0.456434
0.456432
0.456435
0.456436
0.456445
0.45645
0.456446
0.456442
0.456436
0.456437
0.456443
0.45644
0.456444
0.456453
0.456447
0.456449
0.456446
0.456454
0.456459
0.45647
0.456458
0.456461
0.45646
0.456457
0.45647
0.456472
0.456474
0.456475
0.456473
0.456472
0.456469
0.456481
0.456481
0.456485
0.456482
0.456489
0.456496
0.456505
0.456498
0.456505
0.456509
0.456502
0.456504
0.456509
0.456521
0.456529
0.45653
0.456526
0.456524
0.456526
0.456535
0.456535
0.456543
0.456549
0.456548
0.456553
0.456557
0.456555
0.456561
0.456551
0.456542
0.456544
0.456543
0.456537
0.456536
0.456532
0.456528
0.456521
0.456518
0.456517
0.456514
0.45652
0.456521
0.45652
0.456525
0.45653
0.456535
0.456526
0.456529
0.456523
0.456524
0.456523
0.456522
0.456529
0.456524
0.456524
0.456528
0.456525
0.456534
0.45653
0.456532
0.456533
0.45653
0.456527
0.456531
0.456538
0.456535
0.456535
0.456526
0.456531
0.456532
0.456537
0.456533
0.456528
0.456523
0.45652
0.45651
0.456508
0.456514
0.456522
0.456508
0.456512
0.456511
0.45652
0.456522
0.456534
0.456531
0.456535
0.45653
0.45653
0.45653
0.456526
0.456523
0.456528
0.456521
0.456517
0.45652
0.456519
0.456522
0.456523
0.456515
0.456515
0.456523
0.456527
0.456537
0.456526
0.456521
0.456521
0.456522
0.456524
0.45653
0.456529
0.456529
0.456528
0.456539
0.456537
0.456536
0.456536
0.456535
0.45653
0.456527
0.456519
0.456523
0.456518
0.45651
0.456513
0.456512
0.456508
0.456497
0.456493
0.456491
0.456495
0.456501
0.4565
0.456496
0.456497
0.456493
0.456492
0.456499
0.456491
0.45649
0.456492
0.456491
0.456485
0.45648
0.456484
0.456495
0.456499
0.456498
0.456498
0.456501
0.456509
0.456516
0.456522
0.456517
0.456511
0.456516
0.456518
0.45651
0.456523
0.456531
0.456531
0.456531
0.45653
0.456539
0.456546
0.456558
0.456563
0.456572
0.456569
0.45657
0.456568
0.456565
0.456567
0.456566
0.456564
0.456567
0.45657
0.456575
0.45657
0.456567
0.45657
0.45657
0.45657
0.45656
0.456551
0.456554
0.456545
0.456552
0.45656
0.456563
0.456564
0.456558
0.456565
0.456562
0.456566
0.456561
0.456549
0.456551
0.456554
0.456554
0.456552
0.456549
0.456547
0.456539
0.456533
0.456533
0.456537
0.456529
0.456521
0.456523
0.456527
0.45653
0.456525
0.456526
0.456523
0.456523
0.456525
0.456516
0.456513
0.456512
0.456509
0.45651
0.456508
0.456505
0.456502
0.456502
0.45649
0.456485
0.456481
0.456478
0.456472
0.456471
0.456467
0.456473
0.456476
0.456462
0.456464
0.456469
0.456467
0.456468
0.456469
0.456468
0.456468
0.456466
0.456461
0.456469
0.456469
0.456471
0.456471
0.456468
0.456467
0.456466
0.456457
0.456458
0.456464
0.456463
0.456464
0.456463
0.456457
0.456455
0.45646
0.456454
0.456443
0.456433
0.456437
0.456432
0.456423
0.456422
0.456415
0.456419
0.456413
0.456398
0.456402
0.456396
0.4564
0.456398
0.4564
0.4564
0.456396
0.456393
0.456386
0.45639
0.456393
0.456398
0.456407
0.456414
0.456407
0.456399
0.456402
0.456403
0.456398
0.456393
0.45639
0.456389
0.456392
0.456377
0.456375
0.456371
0.45637
0.456362
0.456357
0.456361
0.456358
0.456354
0.456349
0.456337
0.456334
0.45634
0.456336
0.45633
0.45633
0.456325
0.456318
0.456314
0.456316
0.456323
0.456327
0.456317
0.456318
0.456318
0.456307
0.456303
0.456301
0.4563
0.456297
0.456298
0.456306
0.456305
0.456301
0.456295
0.4563
0.4563
0.456296
0.456296
0.456296
0.456297
0.456295
0.456297
0.456297
0.4563
0.4563
0.456297
0.456295
0.456296
0.456297
0.456299
0.456289
0.456296
0.45629
0.456299
0.456299
0.456303
0.456298
0.456302
0.456302
0.456305
0.456306
0.456305
0.456305
0.4563
0.4563
0.456293
0.456292
0.456291
0.456288
0.456287
0.456286
0.456296
0.456292
0.456284
0.45628
0.456272
0.456274
0.456263
0.456263
0.456268
0.456258
0.456257
0.456253
0.45625
0.456255
0.456246
0.456245
0.456242
0.456235
0.456229
0.456228
0.456222
0.456214
0.456218
0.456202
0.456197
0.456186
0.456193
0.456189
0.456181
0.456174
0.456177
0.456167
0.456162
0.456159
0.456149
0.456146
0.456138
0.456131
0.456128
0.456124
0.456126
0.456126
0.456121
0.456123
0.456125
0.456129
0.456133
0.456137
0.456129
0.456122
0.456122
0.456122
0.456117
0.456116
0.456107
0.456107
0.456103
0.456101
0.456098
0.456099
0.456098
0.456108
0.456097
0.456099
0.456096
0.456088
0.456087
0.456088
0.456083
0.456081
0.456082
0.456079
0.456072
0.456068
0.456066
0.456058
0.45606
0.456059
0.456054
0.456044
0.456048
0.456048
0.456047
0.456042
0.456032
0.456032
0.456027
0.456028
0.456026
0.456023
0.456015
0.456005
0.455996
0.455992
0.455986
0.455987
0.45598
0.455981
0.455978
0.455971
0.455974
0.455977
0.455977
0.455984
0.455983
0.455978
0.455978
0.455971
0.455975
0.455977
0.455981
0.455977
0.455975
0.45598
0.455978
0.455968
0.45597
0.455969
0.455971
0.455975
0.455975
0.455977
0.455963
0.455957
0.45596
0.45597
0.455973
0.455973
0.455976
0.455969
0.455969
0.455969
0.455968
0.455969
0.455965
0.455968
0.455966
0.455962
0.455963
0.455964
0.455962
0.455969
0.455964
0.455955
0.455949
0.455943
0.455946
0.455943
0.455939
0.455938
0.455932
0.455929
0.455926
0.455927
0.455932
0.455933
0.455929
0.455926
0.455927
0.455928
0.455929
0.455932
0.455927
0.455927
0.455927
0.455924
0.455926
0.455926
0.455936
0.455935
0.455936
0.455945
0.455944
0.455945
0.455938
0.455944
0.455944
0.455935
0.455935
0.455924
0.455922
0.455925
0.455924
0.455926
0.455927
0.455924
0.455916
0.455914
0.455917
0.455915
0.455914
0.45591
0.455914
0.455915
0.455913
0.455908
0.455899
0.455895
0.455889
0.455886
0.455886
0.455879
0.455878
0.455879
0.455879
0.455875
0.455878
0.455875
0.455873
0.45588
0.455885
0.455889
0.45589
0.455889
0.455882
0.455884
0.455878
0.45588
0.45588
0.455877
0.455881
0.455884
0.455888
0.455889
0.455893
0.455893
0.45589
0.455891
0.455896
0.455895
0.455893
0.455887
0.455889
0.455889
0.455886
0.455883
0.45588
0.455888
0.455893
0.455891
0.455884
0.455892
0.455883
0.455882
0.455887
0.455883
0.455884
0.455886
0.455886
0.455884
0.455891
0.455894
0.455895
0.455901
0.455906
0.45591
0.455914
0.455914
0.455909
0.455903
0.455909
0.455907
0.455905
0.455901
0.455897
0.455904
0.455898
0.455896
0.455889
0.455886
0.455879
0.45588
0.455878
0.455888
0.455888
0.455884
0.455883
0.455885
0.455891
0.455893
0.455903
0.455905
0.455904
0.455904
0.455905
0.455904
0.4559
0.455902
0.455905
0.455906
0.455901
0.455898
0.455898
0.455899
0.455909
0.455909
0.455908
0.455911
0.455911
0.455917
0.455917
0.455911
0.455916
0.455918
0.455913
0.455924
0.455926
0.455917
0.455924
0.455927
0.455938
0.45593
0.455934
0.455933
0.455939
0.455936
0.455932
0.455933
0.455928
0.455926
0.455923
0.455922
0.455924
0.455926
0.455927
0.45592
0.455921
0.455926
0.455926
0.455926
0.455925
0.45593
0.455932
0.455938
0.455938
0.455943
0.45595
0.455961
0.455963
0.455967
0.455972
0.455973
0.455981
0.455984
0.455989
0.455984
0.455987
0.455991
0.455999
0.456006
0.456005
0.456003
0.456001
0.456005
0.456008
0.456006
0.456006
0.456013
0.456013
0.456011
0.456009
0.456009
0.456009
0.456012
0.456023
0.456028
0.456027
0.456032
0.456031
0.456031
0.456034
0.456037
0.456041
0.45604
0.456042
0.456043
0.456051
0.456053
0.456055
0.456056
0.456064
0.456075
0.456073
0.456081
0.456089
0.456085
0.456082
0.456077
0.456075
0.456082
0.456082
0.456093
0.456099
0.4561
0.456099
0.456104
0.456111
0.45612
0.456123
0.456127
0.456128
0.456138
0.456135
0.456133
0.456139
0.456145
0.45615
0.456156
0.456167
0.456173
0.456173
0.456173
0.45617
0.456169
0.456164
0.456167
0.456166
0.456176
0.456186
0.456186
0.456194
0.456198
0.456196
0.456197
0.456198
0.456195
0.456198
0.456206
0.456203
0.456205
0.456208
0.456212
0.456213
0.456211
0.456209
0.456213
0.456219
0.45622
0.456213
0.456214
0.456216
0.456222
0.456229
0.456231
0.456235
0.456234
0.456238
0.45624
0.456247
0.456241
0.456244
0.456253
0.456247
0.456241
0.456243
0.456252
0.456257
0.456255
0.456264
0.456262
0.456263
0.45626
0.456263
0.456269
0.456276
0.456275
0.456273
0.456277
0.456275
0.45628
0.456281
0.45628
0.456291
0.45629
0.456288
0.456281
0.456279
0.456274
0.456272
0.456268
0.456272
0.456273
0.456272
0.456275
0.45628
0.456274
0.456272
0.456269
0.456274
0.456274
0.456276
0.456274
0.45627
0.456267
0.45627
0.456269
0.456269
0.45627
0.456274
0.456273
0.456276
0.456271
0.456271
0.456272
0.456269
0.45627
0.456271
0.456272
0.45627
0.456271
0.456267
0.456265
0.456271
0.456274
0.456273
0.456273
0.456275
0.456279
0.456282
0.456288
0.456288
0.456286
0.456281
0.456283
0.456288
0.456291
0.456289
0.456286
0.456287
0.456286
0.456286
0.456286
0.456289
0.456297
0.456295
0.456285
0.456288
0.456279
0.456273
0.456272
0.456267
0.45627
0.456265
0.45627
0.456271
0.456277
0.456282
0.456278
0.456273
0.45627
0.456265
0.456267
0.456266
0.456262
0.456266
0.456266
0.456265
0.456264
0.456267
0.456271
0.456268
0.45626
0.456253
0.456253
0.456252
0.456248
0.456246
0.456246
0.45624
0.456231
0.456228
0.456219
0.456215
0.456219
0.45621
0.456212
0.456218
0.456214
0.456218
0.456218
0.45621
0.456209
0.45621
0.456208
0.456213
0.456215
0.456215
0.456214
0.456216
0.456214
0.456214
0.456211
0.456202
0.456202
0.4562
0.456194
0.456195
0.456189
0.456185
0.456181
0.456188
0.45618
0.456182
0.456175
0.456172
0.456176
0.456173
0.456165
0.456169
0.456167
0.456167
0.456168
0.45616
0.456162
0.456157
0.456148
0.456142
0.45614
0.456136
0.456135
0.456134
0.456132
0.456128
0.456128
0.456128
0.456125
0.456116
0.456112
0.456111
0.456112
0.456108
0.456102
0.4561
0.456098
0.456096
0.4561
0.4561
0.456101
0.456101
0.456102
0.456104
0.456095
0.456086
0.456087
0.456083
0.456078
0.456074
0.45607
0.456079
0.456079
0.456086
0.45608
0.456081
0.456083
0.456078
0.456073
0.456077
0.456078
0.456081
0.45609
0.45607
0.456071
0.456067
0.456064
0.456062
0.456056
0.456061
0.456055
0.456055
0.456059
0.456061
0.456065
0.456061
0.456053
0.456057
0.456061
0.456071
0.456065
0.456066
0.456065
0.456069
0.456068
0.456062
0.456058
0.456059
0.456065
0.456071
0.456064
0.456063
0.456066
0.456074
0.456072
0.456075
0.456078
0.456084
0.456089
0.456099
0.456096
0.456092
0.456088
0.456078
0.456071
0.456074
0.456067
0.456068
0.456071
0.456075
0.456077
0.456079
0.456078
0.456073
0.456075
0.456075
0.456076
0.456075
0.456075
0.456079
0.456074
0.456073
0.456074
0.45607
0.456071
0.45607
0.456072
0.456072
0.45607
0.456066
0.456057
0.456057
0.456052
0.45605
0.456049
0.456045
0.456051
0.45605
0.45606
0.456061
0.456054
0.45605
0.456054
0.456063
0.456063
0.456068
0.456066
0.456068
0.456068
0.456065
0.45607
0.456071
0.456069
0.456062
0.456066
0.456061
0.456065
0.456065
0.456068
0.45607
0.456068
0.456066
0.456062
0.456067
0.456064
0.456068
0.456063
0.45606
0.456053
0.456047
0.456048
0.456055
0.456058
0.456062
0.456062
0.456065
0.456073
0.456071
0.456077
0.456077
0.456077
0.45608
0.456077
0.456079
0.456082
0.456087
0.456087
0.456093
0.456096
0.456091
0.456098
0.456096
0.456097
0.456099
0.456104
0.456111
0.456113
0.456123
0.456125
0.456124
0.456131
0.456132
0.456132
0.456122
0.456133
0.456133
0.456138
0.456144
0.456144
0.456148
0.456157
0.456159
0.456168
0.456172
0.456176
0.456181
0.456188
0.45619
0.456187
0.45619
0.456187
0.456185
0.456187
0.4562
0.456203
0.4562
0.456203
0.456216
0.456226
0.456229
0.456236
0.456241
0.456243
0.456244
0.456253
0.456261
0.456263
0.456262
0.456269
0.456272
0.45628
0.45629
0.456286
0.456287
0.456291
0.456297
0.456292
0.456291
0.456297
0.456306
0.456303
0.456307
0.456308
0.456311
0.456298
0.456303
0.456302
0.456307
0.456311
0.456315
0.456315
0.456312
0.456314
0.456325
0.456326
0.456327
0.456326
0.456333
0.456336
0.456344
0.45635
0.456358
0.45636
0.456354
0.456352
0.456345
0.456342
0.45634
0.456342
0.456338
0.456336
0.456338
0.456338
0.456334
0.456332
0.456335
0.456343
0.456347
0.456345
0.456342
0.456338
0.456337
0.456341
0.456338
0.456336
0.456337
0.456333
0.45633
0.456334
0.45634
0.456337
0.456346
0.45635
0.456351
0.456339
0.456339
0.456335
0.456336
0.456336
0.456338
0.45634
0.456339
0.456347
0.45635
0.456347
0.456351
0.456346
0.456349
0.456344
0.456344
0.456342
0.456341
0.456334
0.456333
0.456332
0.456329
0.456328
0.45633
0.456329
0.456329
0.456334
0.456339
0.456336
0.456334
0.456332
0.456329
0.456325
0.456325
0.456324
0.456316
0.45631
0.456309
0.456307
0.456311
0.456314
0.456309
0.456308
0.456298
0.456301
0.456308
0.456311
0.456314
0.45631
0.456312
0.4563
0.456296
0.456288
0.456285
0.456287
0.456282
0.456281
0.456285
0.45629
0.456296
0.45629
0.456291
0.456294
0.456289
0.456287
0.456288
0.45629
0.456287
0.456293
0.456286
0.456281
0.456277
0.456271
0.456272
0.456271
0.456269
0.45627
0.456271
0.456275
0.456271
0.456266
0.456268
0.456269
0.45627
0.456269
0.456268
0.456266
0.456266
0.456268
0.456268
0.45627
0.456265
0.456266
0.456256
0.456251
0.456251
0.456251
0.456251
0.456259
0.456253
0.456252
0.456258
0.456258
0.456251
0.456252
0.456245
0.456243
0.456237
0.456238
0.456237
0.456235
0.456234
0.456233
0.456231
0.456233
0.456238
0.456232
0.456231
0.45623
0.456229
0.456232
0.456226
0.456235
0.45624
0.456247
0.45625
0.456246
0.456241
0.456247
0.456247
0.456244
0.456251
0.45625
0.456254
0.456255
0.456257
0.456251
0.456249
0.456258
0.456264
0.456272
0.456273
0.456277
0.456284
0.45628
0.456286
0.456286
0.456284
0.456282
0.456283
0.456289
0.456291
0.456301
0.456299
0.456302
0.456311
0.456317
0.456321
0.456326
0.45633
0.456328
0.456328
0.456334
0.456335
0.45634
0.456341
0.456346
0.45635
0.456356
0.456364
0.456373
0.456371
0.456373
0.456377
0.456376
0.456379
0.456382
0.456392
0.456398
0.456399
0.456399
0.456405
0.456407
0.456414
0.456418
0.456424
0.456421
0.456427
0.456434
0.456443
0.456451
0.456453
0.456459
0.45646
0.456464
0.456462
0.456463
0.456459
0.456463
0.45646
0.456451
0.456458
0.456461
0.456471
0.456467
0.456473
0.456479
0.45648
0.456469
0.45647
0.456464
0.45647
0.456473
0.456474
0.456468
0.45647
0.45647
0.456478
0.456478
0.456482
0.45648
0.456482
0.456476
0.456479
0.456478
0.456474
0.456477
0.456479
0.456481
0.456477
0.456474
0.456481
0.456479
0.456473
0.456471
0.456462
0.456465
0.456469
0.456466
0.456467
0.45647
0.456469
0.456467
0.456468
0.456467
0.456465
0.456462
0.456459
0.456446
0.456441
0.456437
0.456432
0.456425
0.456426
0.456423
0.456421
0.456425
0.45643
0.456435
0.456435
0.456428
0.456428
0.45642
0.456417
0.456417
0.456418
0.456422
0.456421
0.456422
0.456413
0.45641
0.456407
0.456404
0.456399
0.456398
0.456396
0.456401
0.456404
0.456396
0.456392
0.456386
0.456386
0.456385
0.456386
0.456377
0.456373
0.456364
0.45636
0.456366
0.456377
0.456373
0.456363
0.456361
0.45636
0.45636
0.456362
0.456359
0.456355
0.456355
0.456352
0.456348
0.45635
0.456351
0.456345
0.456341
0.456334
0.456325
0.45633
0.456328
0.456326
0.456323
0.456321
0.456321
0.456314
0.456313
0.456309
0.456312
0.456314
0.456309
0.456314
0.456318
0.456321
0.456321
0.456323
0.456324
0.456321
0.456321
0.456324
0.456314
0.456312
0.456312
0.456312
0.456317
0.456317
0.456312
0.456309
0.45631
0.45631
0.456311
0.456309
0.456297
0.456295
0.4563
0.456308
0.456302
0.456305
0.456313
0.456318
0.456319
0.456323
0.45632
0.45632
0.456325
0.456326
0.456322
0.456318
0.45632
0.456315
0.456321
0.456323
0.45632
0.456325
0.456321
0.456327
0.456334
0.456336
0.456329
0.456328
0.456327
0.45632
0.456324
0.456324
0.456324
0.456327
0.456328
0.456332
0.456336
0.456327
0.456336
0.456338
0.45634
0.456342
0.456339
0.456342
0.456345
0.456338
0.456339
0.456335
0.456334
0.456335
0.456338
0.456342
0.456341
0.456337
0.456333
0.456334
0.456334
0.456335
0.456338
0.45634
0.456343
0.456346
0.456341
0.45634
0.456346
0.456343
0.456345
0.456345
0.45634
0.456348
0.456352
0.45635
0.456354
0.45635
0.456353
0.456355
0.45635
0.456361
0.456366
0.456357
0.456354
0.456355
0.456355
0.456355
0.456361
0.456356
0.456359
0.456356
0.456357
0.456366
0.456373
0.456376
0.456378
0.456376
0.456377
0.456375
0.456376
0.456376
0.456377
0.456376
0.456379
0.456383
0.456389
0.456388
0.45639
0.456385
0.456383
0.456377
0.456379
0.456378
0.456374
0.456371
0.456363
0.45636
0.456362
0.456361
0.456357
0.45635
0.456351
0.456351
0.456349
0.45635
0.456352
0.456348
0.456352
0.456345
0.456349
0.456344
0.456344
0.45634
0.456333
0.456332
0.456331
0.456331
0.456325
0.456328
0.456325
0.456332
0.456332
0.456329
0.456327
0.456321
0.456324
0.456327
0.456328
0.456333
0.456337
0.456339
0.456334
0.456333
0.45633
0.45633
0.456322
0.456325
0.456328
0.456329
0.456332
0.456332
0.456325
0.456321
0.456321
0.456329
0.456322
0.456318
0.456314
0.456316
0.456302
0.45631
0.456311
0.456314
0.456316
0.456324
0.456324
0.456322
0.45632
0.456323
0.456328
0.456322
0.456323
0.456323
0.45632
0.456316
0.456312
0.456315
0.456314
0.456316
0.456314
0.456313
0.456312
0.456311
0.456307
0.45631
0.456311
0.456307
0.456306
0.456306
0.456306
0.456306
0.456308
0.456313
0.456314
0.456314
0.456316
0.456311
0.45631
0.456314
0.456314
0.456314
0.456315
0.456315
0.456318
0.456315
0.456307
0.456309
0.456311
0.456315
0.456315
0.456317
0.456318
0.456319
0.45632
0.456324
0.456328
0.456332
0.456329
0.456326
0.456323
0.456324
0.45632
0.456314
0.456308
0.456309
0.456312
0.456318
0.456323
0.456324
0.456331
0.456331
0.456335
0.456334
0.456339
0.456337
0.456336
0.456339
0.456338
0.456338
0.456335
0.456334
0.456338
0.456338
0.456343
0.456341
0.456348
0.456353
0.456357
0.456358
0.456357
0.456359
0.456353
0.456352
0.456347
0.456352
0.456355
0.456363
0.456365
0.456365
0.456366
0.456366
0.456357
0.456355
0.456364
0.456366
0.456363
0.456358
0.456362
0.456365
0.45636
0.456356
0.456358
0.456357
0.456352
0.456356
0.456359
0.456352
0.456358
0.456361
0.456366
0.456367
0.456367
0.456366
0.456365
0.456365
0.456362
0.456362
0.456361
0.456359
0.45636
0.456364
0.456361
0.456363
0.456366
0.456368
0.456373
0.456375
0.456375
0.456378
0.456377
0.456372
0.45637
0.456374
0.456378
0.456383
0.456386
0.456398
0.456403
0.456404
0.456404
0.45641
0.456408
0.45641
0.456409
0.45641
0.456412
0.456416
0.456418
0.456414
0.456417
0.456419
0.456414
0.456415
0.456413
0.456413
0.456416
0.456416
0.456419
0.456423
0.456423
0.456426
0.456433
0.456434
0.456432
0.456436
0.456439
0.456442
0.456445
0.456443
0.456444
0.45644
0.456442
0.456442
0.456448
0.456443
0.456448
0.456448
0.456443
0.456439
0.456439
0.456446
0.456436
0.456434
0.456433
0.456433
0.456432
0.45643
0.45642
0.456415
0.456413
0.456414
0.456412
0.456414
0.456407
0.456408
0.456407
0.456406
0.456408
0.456411
0.456414
0.45641
0.456409
0.456402
0.456398
0.456397
0.456403
0.456402
0.456402
0.456404
0.456401
0.456392
0.456391
0.456385
0.456387
0.456387
0.456389
0.456396
0.456394
0.456396
0.456399
0.456395
0.456393
0.45639
0.45639
0.456379
0.456376
0.456375
0.456367
0.456364
0.456361
0.456357
0.456358
0.456359
0.45635
0.45635
0.456348
0.456344
0.456342
0.456332
0.456323
0.456323
0.456321
0.456318
0.45632
0.456318
0.456312
0.45631
0.456311
0.456304
0.4563
0.456302
0.456301
0.4563
0.456294
0.456292
0.456289
0.456289
0.456288
0.456285
0.456282
0.456284
0.456279
0.456278
0.456278
0.456276
0.456278
0.456272
0.456272
0.456268
0.456261
0.456264
0.456262
0.456256
0.456251
0.456253
0.456251
0.456247
0.456254
0.456252
0.456249
0.456251
0.456256
0.456251
0.456243
0.456237
0.456237
0.456236
0.456233
0.456223
0.456227
0.456229
0.456225
0.456224
0.456225
0.45622
0.456218
0.456214
0.456211
0.456217
0.456219
0.456221
0.456214
0.456219
0.456229
0.456229
0.456225
0.456221
0.456215
0.456218
0.456216
0.456214
0.456217
0.456218
0.456223
0.456221
0.456217
0.456214
0.456211
0.456213
0.456213
0.456218
0.456216
0.456217
0.45622
0.456212
0.456209
0.456202
0.4562
0.456206
0.456202
0.456202
0.4562
0.456199
0.456194
0.456195
0.456194
0.456193
0.4562
0.456205
0.456204
0.456204
0.456205
0.456207
0.456203
0.456203
0.456201
0.456199
0.456205
0.456205
0.456202
0.456204
0.456206
0.456206
0.456198
0.456202
0.456196
0.456193
0.456195
0.456199
0.456201
0.456194
0.456198
0.456194
0.45619
0.456185
0.456183
0.45618
0.456182
0.456186
0.456186
0.456199
0.456198
0.456192
0.456188
0.456187
0.456192
0.456186
0.456185
0.456183
0.456182
0.456185
0.456182
0.456175
0.456172
0.456173
0.456168
0.456162
0.456165
0.456161
0.456157
0.456152
0.456155
0.456154
0.456152
0.456154
0.456155
0.456152
0.456154
0.456156
0.456151
0.456153
0.45615
0.456142
0.456141
0.456137
0.456136
0.456134
0.456129
0.456128
0.456129
0.456126
0.456124
0.456125
0.456126
0.456126
0.456128
0.456122
0.456123
0.456125
0.45613
0.45613
0.456128
0.456127
0.456126
0.456125
0.456123
0.45612
0.456118
0.456118
0.456118
0.456123
0.456123
0.456125
0.456129
0.456129
0.456132
0.456134
0.456133
0.456127
0.45613
0.456132
0.456126
0.456126
0.456119
0.456122
0.456116
0.456115
0.456109
0.456106
0.456106
0.456103
0.456099
0.456094
0.456094
0.456089
0.456096
0.456086
0.456087
0.456089
0.456082
0.456082
0.456078
0.456083
0.456075
0.456075
0.456073
0.456069
0.456074
0.456075
0.456069
0.456063
0.456063
0.456059
0.456059
0.456058
0.456057
0.456061
0.456066
0.456069
0.456071
0.456075
0.456079
0.456075
0.456071
0.45607
0.456068
0.45607
0.456072
0.456078
0.456079
0.456076
0.45607
0.456067
0.456068
0.456065
0.45607
0.456075
0.456079
0.456081
0.456083
0.456081
0.456078
0.456082
0.456082
0.456077
0.456077
0.45608
0.456077
0.456077
0.456074
0.456072
0.456076
0.45608
0.456072
0.456067
0.456069
0.456072
0.45607
0.456074
0.456071
0.456072
0.456074
0.456079
0.456082
0.456088
0.456096
0.456098
0.456102
0.456105
0.456108
0.456113
0.456111
0.456116
0.456121
0.456124
0.456122
0.456126
0.45613
0.45613
0.456134
0.456134
0.456132
0.456133
0.456131
0.45613
0.456122
0.456125
0.45612
0.456124
0.456123
0.456123
0.456121
0.456122
0.456125
0.456123
0.45612
0.456127
0.456123
0.456119
0.456117
0.456119
0.456119
0.456117
0.456116
0.456115
0.456111
0.456109
0.456111
0.45611
0.45611
0.456106
0.456103
0.456103
0.456102
0.456103
0.456101
0.456105
0.456104
0.456106
0.456102
0.456105
0.45611
0.456105
0.456105
0.456108
0.456097
0.456097
0.456097
0.456088
0.456086
0.45609
0.456093
0.4561
0.4561
0.456096
0.456095
0.456095
0.456098
0.456099
0.456101
0.456104
0.456106
0.456104
0.456104
0.456101
0.456102
0.456106
0.456109
0.456105
0.456108
0.456102
0.456095
0.456096
0.456096
0.456098
0.456102
0.456101
0.456101
0.456097
0.456096
0.456092
0.45609
0.456085
0.456086
0.456086
0.456085
0.456086
0.456086
0.456087
0.456088
0.45609
0.456084
0.456085
0.456084
0.456081
0.45608
0.456082
0.45608
0.456084
0.456075
0.456072
0.456066
0.456067
0.456067
0.456065
0.456066
0.456058
0.456057
0.456054
0.456053
0.456051
0.456051
0.456051
0.456055
0.456057
0.456055
0.456055
0.456054
0.456054
0.456052
0.456047
0.456047
0.456046
0.456046
0.456045
0.456043
0.456047
0.456049
0.456053
0.456053
0.45605
0.456052
0.456053
0.456058
0.456052
0.45605
0.45605
0.456048
0.456047
0.456045
0.456045
0.456039
0.456042
0.456045
0.45605
0.456052
0.456056
0.456064
0.456064
0.456065
0.456072
0.456073
0.456073
0.456069
0.45607
0.456073
0.456075
0.456072
0.456072
0.456073
0.456077
0.456076
0.456072
0.456067
0.456067
0.456063
0.456069
0.456066
0.45607
0.456066
0.456066
0.456062
0.456063
0.456058
0.456062
0.456057
0.456053
0.45606
0.456059
0.45606
0.456055
0.456059
0.456068
0.456067
0.456064
0.456065
0.456068
0.456076
0.456077
0.456088
0.456091
0.456089
0.456092
0.456101
0.456109
0.456111
0.456115
0.456121
0.456123
0.456125
0.456133
0.456134
0.456138
0.456132
0.45613
0.45613
0.456126
0.456129
0.45613
0.456125
0.456128
0.456127
0.456126
0.456126
0.456125
0.456122
0.456122
0.456121
0.456119
0.456118
0.456125
0.456129
0.456129
0.456125
0.456128
0.456129
0.456131
0.456129
0.456123
0.456119
0.456116
0.45611
0.456108
0.456115
0.456116
0.456116
0.456117
0.456118
0.456117
0.45611
0.45611
0.456111
0.456104
0.45611
0.45611
0.456112
0.456115
0.456116
0.456112
0.45611
0.456102
0.456101
0.456105
0.456114
0.456108
0.456108
0.45611
0.456114
0.456116
0.456111
0.456112
0.456116
0.456119
0.456126
0.456131
0.456138
0.456141
0.456148
0.45615
0.456155
0.456152
0.456151
0.456156
0.456157
0.456166
0.456166
0.456165
0.456172
0.456167
0.456173
0.456177
0.456185
0.45618
0.456181
0.456179
0.456186
0.456188
0.456188
0.456186
0.456184
0.456185
0.456189
0.456188
0.45619
0.456193
0.456186
0.456185
0.456187
0.45619
0.456186
0.456192
0.456199
0.456201
0.456201
0.456205
0.456207
0.456198
0.456197
0.456202
0.456203
0.456208
0.45621
0.45621
0.456215
0.456213
0.456212
0.456214
0.456214
0.45621
0.456217
0.456224
0.456227
0.456221
0.456224
0.456216
0.456215
0.45622
0.456219
0.456223
0.456227
0.456229
0.456224
0.456222
0.456225
0.45623
0.45623
0.456236
0.456241
0.456242
0.456248
0.456246
0.456243
0.456245
0.456241
0.456237
0.456231
0.456226
0.456228
0.456223
0.45622
0.456215
0.456215
0.456215
0.456215
0.456211
0.456207
0.456207
0.456199
0.456195
0.456195
0.456192
0.456191
0.456192
0.456191
0.456187
0.456184
0.456174
0.456166
0.45617
0.456162
0.456166
0.45616
0.456163
0.456156
0.456159
0.456155
0.456151
0.456153
0.456141
0.456133
0.456133
0.45613
0.456121
0.456121
0.456117
0.456116
0.456117
0.456112
0.45611
0.456107
0.456106
0.4561
0.456088
0.456084
0.456078
0.456077
0.456069
0.456068
0.456063
0.456062
0.456061
0.456056
0.456047
0.456045
0.456042
0.456038
0.456029
0.456025
0.45602
0.456021
0.456021
0.456019
0.456016
0.456018
0.456015
0.456014
0.456007
0.456001
0.455997
0.45599
0.455983
0.455984
0.45598
0.455978
0.45598
0.455981
0.455978
0.455974
0.455971
0.455966
0.455964
0.455962
0.455962
0.455959
0.455951
0.455951
0.455953
0.455952
0.455948
0.455951
0.455951
0.455949
0.455951
0.455949
0.455946
0.455954
0.455952
0.455949
0.455944
0.455947
0.455945
0.455946
0.455947
0.455946
0.455936
0.455934
0.455932
0.455933
0.455931
0.45593
0.455929
0.455929
0.455934
0.455924
0.455921
0.455919
0.455914
0.455918
0.455915
0.455916
0.455913
0.455911
0.455911
0.455913
0.455912
0.455909
0.455911
0.455914
0.455912
0.455904
0.455907
0.455907
0.45591
0.455905
0.455895
0.455892
0.455895
0.455904
0.455908
0.455903
0.455902
0.455899
0.455899
0.455896
0.4559
0.455906
0.455903
0.455908
0.455906
0.455909
0.455908
0.455907
0.45591
0.455908
0.455917
0.45591
0.455908
0.455909
0.455907
0.455905
0.455909
0.455913
0.455913
0.455913
0.45591
0.455914
0.455911
0.455916
0.455917
0.455911
0.455913
0.455917
0.455917
0.455915
0.455911
0.455906
0.45591
0.455911
0.455915
0.455915
0.455914
0.455914
0.45591
0.455907
0.455909
0.455908
0.455907
0.455904
0.455904
0.455896
0.455889
0.455885
0.455887
0.455888
0.455885
0.455886
0.45589
0.455891
0.455883
0.455882
0.45588
0.455877
0.455878
0.455876
0.455877
0.455875
0.455875
0.455874
0.455873
0.455873
0.455874
0.455872
0.455877
0.455877
0.455877
0.455879
0.455879
0.455874
0.455878
0.45588
0.455881
0.455885
0.455885
0.455891
0.455888
0.455888
0.455882
0.455882
0.455884
0.455884
0.455885
0.455882
0.455887
0.455889
0.455885
0.455884
0.455886
0.455888
0.455892
0.45589
0.455894
0.455896
0.455896
0.455899
0.455902
0.455906
0.455906
0.455908
0.455909
0.455906
0.455912
0.455916
0.455914
0.455913
0.455912
0.455914
0.455917
0.455917
0.455923
0.455922
0.455919
0.455915
0.455919
0.455918
0.455919
0.455918
0.455918
0.455919
0.455924
0.455927
0.455929
0.455929
0.455934
0.455938
0.455944
0.455938
0.455935
0.455929
0.455933
0.455931
0.455938
0.455936
0.455938
0.455936
0.455933
0.455934
0.455936
0.455943
0.455943
0.455945
0.455942
0.455942
0.455945
0.455947
0.455954
0.45596
0.455957
0.455954
0.455952
0.455953
0.45595
0.455946
0.455945
0.455946
0.455944
0.455947
0.455949
0.455949
0.455947
0.455948
0.455948
0.455953
0.455945
0.455944
0.455946
0.455945
0.455936
0.455937
0.455936
0.455933
0.455935
0.45594
0.455944
0.455942
0.455941
0.455941
0.455943
0.455943
0.455942
0.455949
0.455949
0.455948
0.455945
0.455945
0.455942
0.455936
0.455936
0.455933
0.455931
0.455923
0.45592
0.455919
0.455917
0.455914
0.455916
0.455913
0.455907
0.455911
0.455914
0.455914
0.455913
0.455908
0.45591
0.455904
0.455902
0.455897
0.455898
0.455899
0.455891
0.455889
0.455891
0.455892
0.455893
0.45589
0.455883
0.455881
0.455874
0.455878
0.455876
0.455875
0.455874
0.455866
0.455869
0.455865
0.45586
0.455856
0.45585
0.455852
0.455848
0.455846
0.455844
0.455835
0.455831
0.455835
0.455832
0.455831
0.455827
0.455826
0.455819
0.455817
0.455818
0.45582
0.455819
0.455816
0.455811
0.455816
0.455822
0.45582
0.455827
0.455827
0.455829
0.455825
0.45582
0.455818
0.455814
0.455819
0.455821
0.455819
0.455819
0.455817
0.455814
0.455809
0.45581
0.455804
0.455808
0.455806
0.455804
0.455806
0.455804
0.455798
0.455796
0.455802
0.455803
0.455798
0.455801
0.455806
0.455808
0.455806
0.455811
0.455813
0.455815
0.455815
0.455816
0.455816
0.455815
0.45582
0.45582
0.455819
0.455819
0.455821
0.455816
0.455816
0.455814
0.455816
0.455812
0.455809
0.455812
0.455814
0.455813
0.455817
0.455819
0.455818
0.455814
0.455814
0.455815
0.455812
0.455817
0.455817
0.455812
0.455817
0.455823
0.455826
0.455829
0.45583
0.455829
0.455831
0.455833
0.455831
0.455833
0.455833
0.455829
0.455833
0.455836
0.45584
0.455848
0.455848
0.455844
0.455846
0.455847
0.455847
0.455851
0.455851
0.455854
0.455855
0.455861
0.455862
0.45586
0.45586
0.455858
0.455865
0.45587
0.455869
0.455872
0.455869
0.455871
0.455871
0.45587
0.455876
0.455876
0.45588
0.455879
0.455879
0.455874
0.455876
0.455875
0.455871
0.455864
0.45586
0.455857
0.455859
0.455863
0.45586
0.455857
0.455868
0.455863
0.45586
0.455858
0.455857
0.455858
0.45586
0.45586
0.455852
0.455855
0.455859
0.455861
0.455865
0.455865
0.455861
0.455854
0.455858
0.455853
0.455851
0.455855
0.455855
0.455853
0.455855
0.455849
0.45585
0.45585
0.455851
0.455843
0.455841
0.455844
0.455848
0.455843
0.45584
0.455834
0.455831
0.455828
0.455833
0.455831
0.455825
0.455826
0.455823
0.455816
0.455817
0.45582
0.455816
0.45582
0.455817
0.455817
0.455817
0.455818
0.455818
0.455819
0.455817
0.455814
0.455823
0.455819
0.455814
0.455813
0.455816
0.455815
0.455806
0.455812
0.455809
0.455809
0.455808
0.455802
0.455802
0.455806
0.455803
0.455802
0.455799
0.455797
0.455799
0.455799
0.455797
0.455794
0.455795
0.45579
0.455791
0.455787
0.455787
0.455787
0.455784
0.455782
0.455785
0.455779
0.455777
0.455779
0.455782
0.455779
0.455778
0.45577
0.455771
0.455778
0.45578
0.455774
0.455769
0.455764
0.455764
0.455759
0.45576
0.455765
0.455759
0.455758
0.455758
0.455759
0.455756
0.455752
0.455745
0.455747
0.455746
0.455746
0.455744
0.45574
0.455741
0.455741
0.455735
0.455737
0.455735
0.455739
0.455735
0.455728
0.455732
0.455731
0.455736
0.45573
0.455721
0.455719
0.455718
0.455715
0.455714
0.455718
0.455717
0.455718
0.455717
0.455715
0.455714
0.455716
0.455711
0.455707
0.455704
0.455703
0.4557
0.455697
0.455693
0.455693
0.455691
0.455686
0.455678
0.455685
0.455681
0.455682
0.455679
0.455675
0.455673
0.455673
0.45567
0.455663
0.455656
0.455656
0.455654
0.455655
0.455654
0.455656
0.45565
0.455644
0.455642
0.455644
0.45564
0.455636
0.455637
0.455632
0.455633
0.45563
0.455628
0.455622
0.455622
0.45562
0.455623
0.455621
0.455615
0.455614
0.455611
0.455614
0.455611
0.455613
0.455613
0.455605
0.455601
0.455596
0.455593
0.455585
0.455585
0.455582
0.455583
0.455584
0.45558
0.455574
0.455574
0.455574
0.455571
0.455572
0.455571
0.455572
0.455577
0.455575
0.455574
0.45557
0.455569
0.455573
0.455577
0.455582
0.45558
0.455582
0.45558
0.455583
0.455583
0.455582
0.455587
0.455585
0.455584
0.45559
0.455592
0.455601
0.455603
0.455604
0.455604
0.455605
0.455604
0.4556
0.455602
0.455604
0.455605
0.455606
0.45561
0.455609
0.455612
0.455614
0.455619
0.455617
0.455618
0.455616
0.455618
0.455616
0.455621
0.455624
0.455627
0.455628
0.455634
0.455634
0.455634
0.455632
0.455636
0.455632
0.455634
0.455629
0.455635
0.455634
0.455634
0.455634
0.455633
0.455635
0.455633
0.455632
0.455625
0.455627
0.455629
0.455633
0.455633
0.455633
0.455633
0.455629
0.45563
0.455627
0.455631
0.455625
0.455619
0.455617
0.455611
0.455606
0.455605
0.455606
0.455607
0.455608
0.455604
0.455607
0.455607
0.455602
0.455601
0.455595
0.45559
0.455587
0.455585
0.455583
0.45558
0.455581
0.45558
0.455577
0.455577
0.455577
0.455577
0.455578
0.45557
0.455566
0.455562
0.455557
0.455555
0.455554
0.455553
0.455546
0.455545
0.455539
0.455537
0.455535
0.455532
0.455525
0.455524
0.455519
0.45552
0.455515
0.455519
0.45552
0.45552
0.455516
0.455517
0.455518
0.455516
0.455516
0.455523
0.455524
0.455528
0.455526
0.455526
0.455523
0.455524
0.45552
0.455514
0.455513
0.455506
0.455506
0.455506
0.455509
0.455509
0.455509
0.455512
0.455514
0.455512
0.455521
0.455524
0.455522
0.455522
0.455522
0.455528
0.455526
0.455527
0.455529
0.455529
0.455532
0.455531
0.455527
0.455532
0.455529
0.455532
0.455533
0.45553
0.455532
0.455529
0.455524
0.455526
0.455521
0.45552
0.455514
0.455515
0.455514
0.455514
0.455518
0.455521
0.455525
0.455526
0.455525
0.455526
0.455522
0.455524
0.455524
0.455525
0.455524
0.45552
0.45552
0.455517
0.455517
0.455521
0.45552
0.455518
0.455526
0.455523
0.455519
0.455519
0.455521
0.455524
0.455519
0.455519
0.455518
0.455521
0.455519
0.455519
0.455524
0.455527
0.455524
0.455519
0.455523
0.455524
0.455522
0.45552
0.455511
0.455516
0.455514
0.455513
0.455507
0.455506
0.455508
0.455507
0.455502
0.455501
0.455503
0.455504
0.455504
0.45551
0.455505
0.455503
0.455507
0.45551
0.455506
0.455502
0.4555
0.455504
0.455509
0.455514
0.455514
0.455512
0.455512
0.455514
0.455511
0.45551
0.455505
0.455504
0.4555
0.455503
0.455499
0.455496
0.455497
0.455496
0.455495
0.4555
0.4555
0.455497
0.455497
0.455496
0.455494
0.455493
0.455489
0.455494
0.455502
0.455499
0.455499
0.455492
0.455495
0.45549
0.455485
0.455482
0.455479
0.455478
0.455478
0.455475
0.455472
0.455467
0.455462
0.455464
0.455465
0.455459
0.455454
0.455455
0.455448
0.455445
0.455443
0.455438
0.455435
0.455427
0.455421
0.455424
0.455427
0.455426
0.455427
0.455421
0.45542
0.455421
0.455414
0.455409
0.455406
0.4554
0.455395
0.455399
0.455392
0.455394
0.455397
0.4554
0.455401
0.455402
0.455402
0.455399
0.455398
0.455392
0.455389
0.455394
0.455387
0.455388
0.455393
0.455391
0.455391
0.455396
0.455394
0.455394
0.455394
0.455397
0.455396
0.455395
0.455403
0.455402
0.455401
0.4554
0.455393
0.455391
0.455388
0.45539
0.455389
0.455389
0.455386
0.455386
0.455386
0.455385
0.455382
0.455383
0.45538
0.455383
0.45538
0.455382
0.455384
0.455384
0.45539
0.455391
0.455384
0.455392
0.455388
0.455386
0.455381
0.455384
0.455384
0.455385
0.455385
0.455385
0.455385
0.455386
0.455383
0.455381
0.455383
0.455388
0.455381
0.455379
0.45538
0.455379
0.455376
0.455377
0.455375
0.455374
0.45537
0.455374
0.455368
0.455367
0.455366
0.455361
0.455362
0.455362
0.455362
0.455363
0.45536
0.455361
0.455358
0.455354
0.455357
0.45536
0.455359
0.455361
0.455363
0.455368
0.455368
0.455366
0.455362
0.455362
0.45536
0.455355
0.455354
0.455353
0.455352
0.455353
0.455352
0.455354
0.45535
0.45535
0.45535
0.455347
0.455353
0.455347
0.455345
0.455345
0.45534
0.455343
0.455347
0.455348
0.45535
0.455355
0.455356
0.455354
0.455355
0.455357
0.455356
0.455354
0.455357
0.455352
0.455346
0.455348
0.455351
0.455354
0.455353
0.455357
0.455355
0.455359
0.455357
0.455363
0.455365
0.455365
0.455362
0.45536
0.455362
0.455362
0.455356
0.45535
0.45535
0.455347
0.455348
0.455351
0.455348
0.455348
0.455349
0.455347
0.455346
0.455351
0.45535
0.455352
0.455354
0.455355
0.455359
0.45536
0.455363
0.455371
0.455374
0.45537
0.455372
0.455373
0.455372
0.455369
0.45537
0.455378
0.455378
0.455377
0.45538
0.455374
0.455377
0.455382
0.455382
0.45538
0.45538
0.455384
0.455385
0.455388
0.455389
0.455392
0.455399
0.455393
0.45539
0.455389
0.455394
0.455392
0.455396
0.455399
0.455404
0.455407
0.455416
0.455417
0.455418
0.45542
0.455423
0.455425
0.455428
0.455428
0.455428
0.455429
0.45543
0.455433
0.455435
0.455437
0.455439
0.455436
0.455438
0.455444
0.455446
0.455446
0.455447
0.455449
0.45545
0.455451
0.455454
0.455459
0.455464
0.455464
0.455475
0.455474
0.455478
0.455481
0.455485
0.455489
0.455486
0.455487
0.455483
0.455482
0.455486
0.455494
0.455494
0.455496
0.4555
0.455504
0.455502
0.4555
0.455501
0.455501
0.455498
0.455495
0.455497
0.455494
0.455491
0.455493
0.455495
0.455488
0.455486
0.455489
0.455489
0.455487
0.455483
0.455485
0.455487
0.455487
0.455487
0.455486
0.455485
0.455485
0.455488
0.455494
0.455491
0.455492
0.455491
0.455491
0.455487
0.455488
0.455489
0.455493
0.455494
0.455491
0.455494
0.455497
0.455493
0.455489
0.455493
0.455489
0.455487
0.455484
0.455485
0.455489
0.455487
0.455486
0.455485
0.455485
0.455482
0.455477
0.455481
0.455476
0.45547
0.455467
0.455467
0.455464
0.45546
0.455461
0.455461
0.455461
0.455463
0.455461
0.455463
0.455464
0.45546
0.455459
0.455461
0.455459
0.455464
0.455465
0.455467
0.455461
0.455463
0.455463
0.455458
0.455462
0.455463
0.455459
0.45546
0.455458
0.455458
0.455454
0.45545
0.455448
0.455451
0.455448
0.455449
0.455447
0.455441
0.455442
0.455445
0.455447
0.455447
0.455446
0.455442
0.455439
0.45544
0.45544
0.455439
0.455435
0.455432
0.455426
0.455426
0.455425
0.455424
0.455427
0.455425
0.455423
0.455427
0.455422
0.455423
0.455426
0.455425
0.455433
0.455433
0.455432
0.455433
0.455427
0.455424
0.455427
0.45543
0.45543
0.455427
0.455428
0.45543
0.455429
0.455434
0.455431
0.455433
0.455435
0.455429
0.455427
0.455433
0.455428
0.455428
0.455428
0.455428
0.455432
0.455429
0.455429
0.455434
0.455435
0.45544
0.455439
0.45544
0.455437
0.455438
0.455435
0.455438
0.455436
0.455435
0.455437
0.455435
0.455431
0.455431
0.455434
0.455435
0.455432
0.455436
0.455433
0.455429
0.455429
0.455429
0.455431
0.455429
0.455429
0.455434
0.45543
0.455429
0.455429
0.455431
0.45543
0.455426
0.455424
0.455425
0.455426
0.455425
0.455424
0.45543
0.455435
0.455438
0.455438
0.455442
0.45545
0.455445
0.455446
0.455448
0.455448
0.455448
0.455449
0.455448
0.455451
0.455451
0.455447
0.45545
0.455454
0.455459
0.455465
0.455464
0.455469
0.455465
0.455466
