3.179681211055465233e-09	1.103284592036885291e-17	3.163358584726604033e-16	1.000000000000000000e+00
6.359362422110930466e-09	-1.378916324285696905e-16	3.166309722838441268e-16	1.000000000000000000e+00
9.539043633166396527e-09	-5.432973707537829756e-16	4.332634980824027190e-16	1.000000000000000000e+00
1.271872484422186093e-08	-2.597428537469786974e-16	4.258173496145945292e-16	1.000000000000000000e+00
1.589840605527732534e-08	-2.727566013983982103e-17	3.209867836200406413e-16	1.000000000000000000e+00
1.907808726633278974e-08	5.713980833850956505e-16	5.181956649840496376e-16	1.000000000000000000e+00
2.225776847738825746e-08	1.065322997571327399e-15	5.343626005366891859e-16	1.000000000000000000e+00
2.543744968844372187e-08	4.973034393483742552e-16	3.158671780524424558e-16	1.000000000000000000e+00
2.861713089949918627e-08	6.141389612447302326e-17	3.494022111327253878e-16	1.000000000000000000e+00
3.179681211055465068e-08	-1.267369332692321227e-16	3.170290643252126879e-16	1.000000000000000000e+00
3.497649332161011508e-08	3.436777530507111622e-17	3.158650181732912570e-16	1.000000000000000000e+00
3.815617453266557949e-08	-5.286390705623305399e-16	3.521069033621051926e-16	1.000000000000000000e+00
4.133585574372105051e-08	9.063677299034842619e-17	3.190924003745861004e-16	1.000000000000000000e+00
4.451553695477651492e-08	-1.249460297626895514e-16	3.164459058338099456e-16	1.000000000000000000e+00
4.769521816583197932e-08	4.446942536580876414e-17	3.158722057070385172e-16	1.000000000000000000e+00
5.087489937688744373e-08	-1.830781064983359568e-16	4.000082239415774741e-16	1.000000000000000000e+00
5.405458058794290814e-08	1.354485487418214126e-16	3.164276134554250715e-16	1.000000000000000000e+00
5.723426179899837254e-08	8.384666322810454532e-17	3.165230172096327874e-16	1.000000000000000000e+00
6.041394301005383695e-08	-1.144284358596416998e-16	3.158644729566311513e-16	1.000000000000000000e+00
6.359362422110930135e-08	4.978197581513027088e-16	3.159731802619744492e-16	1.000000000000000000e+00
