3.179681211055455307e-09	-2.204300070683464682e-16	3.159066071807335054e-16	1.000000000000000000e+00
6.359362422110910614e-09	1.404070726256531002e-16	3.237641540366599743e-16	1.000000000000000000e+00
9.539043633166366748e-09	6.698032875925195370e-16	3.160799292154144876e-16	1.000000000000000000e+00
1.271872484422182123e-08	7.399345337858322784e-16	6.580691726791082192e-16	1.000000000000000000e+00
1.589840605527727571e-08	2.063568537872110412e-15	1.098750896608338875e-15	1.000000000000000000e+00
1.907808726633273019e-08	1.119696994391531724e-14	6.849551970212903976e-15	1.000000000000000000e+00
2.225776847738818798e-08	7.644183826218999857e-14	2.153216243340477530e-14	1.000000000000000000e+00
2.543744968844364246e-08	1.547212986695594201e-15	6.835650738615750880e-16	1.000000000000000000e+00
2.861713089949909694e-08	-6.907893917450340224e-16	4.223909711606026526e-16	1.000000000000000000e+00
3.179681211055455142e-08	2.749354994993056652e-17	6.576014633298210379e-16	1.000000000000000000e+00
3.497649332161000920e-08	-3.684354510535103734e-17	3.313389099209621278e-16	1.000000000000000000e+00
3.815617453266546699e-08	8.760069653196212827e-17	3.416972582790768227e-16	1.000000000000000000e+00
4.133585574372092478e-08	-2.693802098962417786e-16	3.540272192017646796e-16	1.000000000000000000e+00
4.451553695477637595e-08	-3.817954258924311900e-16	4.612140307952030692e-16	1.000000000000000000e+00
4.769521816583183374e-08	-2.466834683975671349e-16	3.159150589848580083e-16	1.000000000000000000e+00
5.087489937688728491e-08	-7.239011524537140583e-16	4.576349710024139297e-16	1.000000000000000000e+00
5.405458058794274270e-08	1.139970846282070064e-16	3.561690029970588497e-16	1.000000000000000000e+00
5.723426179899820049e-08	1.836105833693150129e-16	3.179984011117860298e-16	1.000000000000000000e+00
6.041394301005365166e-08	-1.085444450567496162e-16	3.160395982037647808e-16	1.000000000000000000e+00
6.359362422110910283e-08	-3.781256442601095961e-16	3.672361730243262383e-16	1.000000000000000000e+00
