3.179681211055436282e-09	1.403904030542769690e-15	9.228681976704362729e-15	1.000000000000000000e+00
6.359362422110872564e-09	3.179561901194285015e-16	3.173043737859216827e-14	1.000000000000000000e+00
9.539043633166307191e-09	-2.127234164551846999e-13	3.511427347022639518e-13	1.000000000000000000e+00
1.271872484422174347e-08	-4.127901526986668902e-13	3.068694897690080090e-13	1.000000000000000000e+00
1.589840605527717975e-08	2.899893136308662785e-13	1.622803327665089109e-13	1.000000000000000000e+00
1.907808726633261438e-08	5.740263267869495861e-14	1.133715996008424180e-13	1.000000000000000000e+00
2.225776847738805232e-08	2.754863571213504693e-12	7.334222845626084656e-13	1.000000000000000000e+00
2.543744968844349025e-08	-1.471402552743537475e-15	5.320184782898942667e-15	1.000000000000000000e+00
2.861713089949892157e-08	-4.723471430162215000e-16	2.709790435529904021e-15	1.000000000000000000e+00
3.179681211055435951e-08	1.021683074461498605e-15	2.060470334223904512e-15	1.000000000000000000e+00
3.497649332160979745e-08	4.416316599975024530e-16	1.721458049232093141e-15	1.000000000000000000e+00
3.815617453266523538e-08	1.055025808949715001e-15	1.405939705657725972e-15	1.000000000000000000e+00
4.133585574372066670e-08	7.260433530854290094e-16	1.170846847188457391e-15	1.000000000000000000e+00
4.451553695477610464e-08	1.586881501816036481e-15	1.276867254614968904e-15	1.000000000000000000e+00
4.769521816583154257e-08	1.058723596648609165e-15	5.624895200203867126e-16	1.000000000000000000e+00
5.087489937688697389e-08	6.385631619942890704e-16	6.405873107491825953e-16	1.000000000000000000e+00
5.405458058794241183e-08	5.505821777725398734e-16	7.562034452904165906e-16	1.000000000000000000e+00
5.723426179899784976e-08	1.342623525164929387e-15	8.379128128544845364e-16	1.000000000000000000e+00
6.041394301005328108e-08	3.001986599643593349e-16	7.294236519605754941e-16	1.000000000000000000e+00
6.359362422110871902e-08	1.395682860664023972e-15	6.249880368932019631e-16	1.000000000000000000e+00
