0.665347
0.354582
0.248652
0.199799
0.167954
0.148649
0.137097
0.129462
0.123967
0.117481
0.115662
0.115122
0.114651
0.113324
0.114281
0.115771
0.115461
0.114689
0.115365
0.115844
0.115087
0.116067
0.117952
0.117647
0.118165
0.118796
0.119095
0.120421
0.121189
0.122007
0.12234
0.123209
0.124036
0.124359
0.125373
0.126398
0.127769
0.128242
0.129082
0.130156
0.130204
0.131617
0.132593
0.134151
0.134027
0.134606
0.135803
0.136783
0.13697
0.137465
0.138383
0.139091
0.140491
0.141156
0.143199
0.143654
0.144251
0.144698
0.144822
0.145892
0.146824
0.147429
0.147991
0.148525
0.149245
0.149972
0.150557
0.150902
0.151673
0.15183
0.152226
0.152682
0.152895
0.154058
0.154088
0.154791
0.155381
0.155881
0.156833
0.15738
0.158106
0.158638
0.159076
0.159574
0.160322
0.160582
0.161443
0.162385
0.163239
0.16353
0.163913
0.164454
0.164742
0.165818
0.166102
0.166332
0.1669
0.168151
0.16915
0.169934
0.170883
0.171255
0.172119
0.173022
0.17361
0.173625
0.174233
0.174839
0.175204
0.176006
0.176624
0.177293
0.177938
0.178549
0.178887
0.179341
0.179995
0.180593
0.181136
0.18178
0.182475
0.182755
0.183102
0.183539
0.184008
0.184482
0.184899
0.185568
0.186198
0.186652
0.187283
0.187766
0.187929
0.188329
0.188761
0.189254
0.189474
0.189778
0.190273
0.190675
0.191131
0.191525
0.191951
0.192159
0.192662
0.193019
0.193212
0.193802
0.19408
0.194504
0.194772
0.195214
0.1956
0.196028
0.196693
0.197343
0.19808
0.198314
0.198585
0.199058
0.199337
0.199641
0.200306
0.20084
0.201456
0.202106
0.202795
0.203447
0.203742
0.204249
0.204687
0.204804
0.20516
0.205428
0.205781
0.206239
0.206496
0.206964
0.207235
0.20771
0.208019
0.208533
0.209254
0.20943
0.209685
0.210138
0.210681
0.211245
0.211614
0.21188
0.212296
0.212514
0.212984
0.213103
0.213317
0.213468
0.213863
0.214071
0.214339
0.214702
0.215053
0.215431
0.215407
0.215644
0.215981
0.216423
0.216924
0.217374
0.217757
0.218182
0.218638
0.218894
0.21944
0.219634
0.22002
0.22042
0.220834
0.221124
0.22165
0.221783
0.222152
0.222538
0.223025
0.223183
0.22359
0.223672
0.22401
0.224465
0.224927
0.225102
0.225652
0.226061
0.226169
0.226567
0.22702
0.227236
0.227442
0.22771
0.227869
0.228185
0.228302
0.228406
0.228549
0.228854
0.229175
0.229308
0.229657
0.229897
0.230071
0.230429
0.230793
0.230977
0.23142
0.231832
0.232
0.232227
0.232518
0.232793
0.23315
0.233545
0.23381
0.234137
0.234503
0.234686
0.234933
0.235304
0.235481
0.235709
0.236
0.236542
0.236955
0.237327
0.237667
0.238062
0.238269
0.238631
0.239025
0.239259
0.239587
0.239739
0.240126
0.240312
0.24055
0.240871
0.241163
0.241598
0.241894
0.242431
0.24256
0.242898
0.243174
0.243476
0.243741
0.244042
0.244316
0.24459
0.244924
0.245017
0.245298
0.245514
0.245832
0.246009
0.246077
0.24643
0.246663
0.246773
0.246999
0.247156
0.24735
0.247561
0.247895
0.248009
0.248287
0.248366
0.248512
0.248807
0.249112
0.249351
0.249614
0.249853
0.250147
0.250405
0.250664
0.250815
0.251006
0.25122
0.25157
0.251628
0.251726
0.251963
0.252155
0.252213
0.252511
0.252714
0.253004
0.253178
0.253445
0.253748
0.254053
0.254498
0.254687
0.255011
0.25515
0.25537
0.255641
0.255897
0.256087
0.256344
0.256523
0.256761
0.256967
0.257101
0.257301
0.257555
0.257774
0.257988
0.258164
0.25836
0.25852
0.258747
0.258896
0.259064
0.259219
0.259327
0.259439
0.259616
0.259758
0.259923
0.260194
0.26049
0.260728
0.260976
0.261099
0.261297
0.261406
0.261508
0.261822
0.262042
0.262307
0.262476
0.262712
0.262982
0.263281
0.263595
0.263743
0.263993
0.264128
0.264262
0.264506
0.264632
0.264777
0.264908
0.265036
0.265211
0.265291
0.265433
0.265614
0.265728
0.265898
0.266192
0.266434
0.266548
0.266654
0.266801
0.267009
0.267119
0.26727
0.267419
0.267577
0.267644
0.267953
0.268133
0.268299
0.268435
0.268587
0.268754
0.26893
0.269131
0.269439
0.269533
0.26982
0.269982
0.270283
0.270535
0.270733
0.27097
0.271156
0.271249
0.271479
0.271595
0.271774
0.271931
0.27211
0.272222
0.272468
0.272707
0.272817
0.272996
0.273114
0.27322
0.273304
0.273493
0.273602
0.273702
0.273812
0.273918
0.274041
0.27418
0.274323
0.274574
0.2747
0.274865
0.275005
0.27518
0.275506
0.275753
0.276022
0.276079
0.27614
0.276352
0.276571
0.276844
0.277003
0.277185
0.27732
0.277487
0.277616
0.277702
0.277845
0.278004
0.278172
0.278313
0.278418
0.278562
0.278712
0.278932
0.279072
0.279203
0.279357
0.279501
0.279644
0.279809
0.279904
0.280037
0.280157
0.280391
0.280553
0.280714
0.280979
0.28125
0.281419
0.28158
0.281811
0.281984
0.282144
0.282143
0.282377
0.282548
0.282727
0.282907
0.283091
0.283188
0.283369
0.283447
0.283663
0.283732
0.283868
0.284014
0.284279
0.284397
0.284587
0.284757
0.284971
0.285081
0.285322
0.28551
0.285697
0.285812
0.285921
0.286075
0.286168
0.286311
0.2865
0.286689
0.286808
0.287043
0.287181
0.28741
0.287489
0.287663
0.287793
0.287913
0.288062
0.288258
0.288296
0.288511
0.288626
0.288737
0.288837
0.288944
0.28907
0.289142
0.289282
0.289309
0.289491
0.289597
0.289696
0.289871
0.290026
0.290206
0.290278
0.290471
0.290613
0.290703
0.290783
0.290951
0.29111
0.291149
0.29136
0.291554
0.291594
0.291771
0.291909
0.292052
0.29226
0.292455
0.292682
0.29279
0.292919
0.293013
0.293161
0.29316
0.293321
0.293475
0.293567
0.293628
0.293713
0.293792
0.293927
0.294058
0.294163
0.294334
0.294351
0.294422
0.294572
0.294713
0.294821
0.294854
0.294964
0.295075
0.295271
0.29539
0.295485
0.295651
0.295763
0.295859
0.295991
0.296187
0.296308
0.296463
0.296652
0.29686
0.29697
0.297041
0.297132
0.297147
0.297221
0.297383
0.297479
0.297558
0.297715
0.297863
0.297933
0.298059
0.298224
0.298384
0.298494
0.298533
0.298664
0.298868
0.299073
0.299163
0.299375
0.299619
0.299754
0.299955
0.299997
0.300077
0.300147
0.300263
0.300408
0.300493
0.300602
0.300729
0.300842
0.301006
0.3011
0.301186
0.301226
0.301364
0.301376
0.301458
0.301553
0.301686
0.301807
0.30186
0.301904
0.30207
0.302193
0.302321
0.302447
0.302559
0.302677
0.302754
0.302827
0.302922
0.303078
0.303226
0.303317
0.303494
0.303691
0.303828
0.3041
0.30422
0.304375
0.304511
0.304558
0.304688
0.304829
0.30495
0.305083
0.305213
0.305272
0.305386
0.305526
0.305609
0.305628
0.305723
0.305894
0.305992
0.306102
0.306213
0.306385
0.306418
0.306545
0.306662
0.306733
0.306838
0.306964
0.30704
0.307244
0.307325
0.307426
0.307496
0.307655
0.307744
0.307833
0.307922
0.308094
0.308154
0.308284
0.308354
0.30847
0.308587
0.308674
0.3088
0.308856
0.308992
0.309042
0.309065
0.30921
0.309288
0.309329
0.309452
0.309633
0.309755
0.309838
0.30999
0.309973
0.310088
0.310184
0.310196
0.310273
0.310305
0.310392
0.310534
0.310632
0.310681
0.310756
0.31086
0.310905
0.310942
0.31103
0.311167
0.311201
0.311291
0.311352
0.311475
0.3115
0.311601
0.311687
0.311758
0.3118
0.311862
0.312049
0.312169
0.312279
0.312361
0.312439
0.312488
0.312543
0.312624
0.312751
0.312804
0.312966
0.313049
0.313138
0.313259
0.313402
0.313492
0.313611
0.313738
0.313903
0.314005
0.314116
0.314177
0.314293
0.314416
0.314571
0.314666
0.314757
0.314894
0.315005
0.31512
0.315193
0.315259
0.315372
0.315475
0.315619
0.315709
0.31577
0.31586
0.315948
0.31606
0.316112
0.316181
0.316294
0.31641
0.316451
0.316538
0.316637
0.316775
0.316849
0.316908
0.316988
0.31708
0.31719
0.317275
0.317405
0.317398
0.317548
0.317601
0.317675
0.317722
0.317819
0.317961
0.317991
0.318171
0.318202
0.318314
0.318411
0.31855
0.318595
0.318699
0.318764
0.318826
0.318888
0.318999
0.319161
0.319264
0.319423
0.319496
0.319659
0.31973
0.319789
0.319878
0.319919
0.320032
0.320219
0.32026
0.320331
0.320379
0.320485
0.320512
0.320571
0.320666
0.320766
0.320846
0.3209
0.320994
0.321067
0.321127
0.321208
0.321295
0.321411
0.32148
0.3215
0.32159
0.321697
0.321762
0.321813
0.321898
0.322037
0.322177
0.322265
0.322345
0.322382
0.322489
0.322516
0.322629
0.322759
0.322749
0.322837
0.322937
0.322969
0.323003
0.323063
0.32312
0.323171
0.323307
0.323375
0.323459
0.323487
0.323581
0.323657
0.323753
0.323811
0.323893
0.323897
0.323925
0.323989
0.324142
0.3242
0.324287
0.324343
0.324376
0.324439
0.3245
0.324634
0.324727
0.324851
0.324937
0.325018
0.325082
0.325197
0.325252
0.32535
0.325465
0.325544
0.325666
0.325775
0.325862
0.325896
0.325953
0.326038
0.326141
0.326255
0.326338
0.326396
0.326465
0.32654
0.326659
0.326753
0.326822
0.326928
0.326989
0.327036
0.327042
0.327101
0.327164
0.327271
0.32734
0.327443
0.327501
0.327585
0.327609
0.327681
0.327764
0.327831
0.327929
0.327962
0.328
0.328029
0.328124
0.328142
0.328218
0.328332
0.328374
0.328423
0.328513
0.328616
0.328716
0.328833
0.328874
0.328957
0.329046
0.329101
0.32923
0.329315
0.329347
0.329435
0.329497
0.329614
0.329741
0.329815
0.329912
0.329976
0.330062
0.330126
0.330174
0.330261
0.330293
0.330409
0.330492
0.330568
0.33063
0.330714
0.330775
0.330829
0.330912
0.330964
0.331049
0.331075
0.331134
0.331161
0.3313
0.331394
0.331424
0.331483
0.331622
0.331683
0.331764
0.33187
0.331924
0.332058
0.332152
0.332188
0.332296
0.332392
0.332457
0.332489
0.332562
0.332661
0.332793
0.332869
0.332931
0.33298
0.333049
0.333124
0.333167
0.333214
0.333293
0.333421
0.333428
0.333513
0.333576
0.333648
0.333697
0.333774
0.33385
0.333928
0.333998
0.334082
0.334191
0.334325
0.334402
0.334451
0.334509
0.334562
0.33461
0.334768
0.334792
0.334892
0.334972
0.33507
0.335149
0.335267
0.335332
0.335385
0.335474
0.335508
0.335601
0.335696
0.335768
0.335839
0.335947
0.335992
0.336069
0.336133
0.3362
0.336308
0.336377
0.336464
0.336549
0.336672
0.336723
0.336787
0.336823
0.336873
0.33692
0.337006
0.337106
0.337135
0.337226
0.337283
0.337357
0.33743
0.337517
0.337591
0.337696
0.337761
0.337795
0.337849
0.337904
0.337948
0.337968
0.338043
0.338069
0.338147
0.338248
0.338348
0.338437
0.338514
0.338538
0.338599
0.338645
0.338721
0.338781
0.338813
0.338875
0.33896
0.339055
0.339145
0.339203
0.339297
0.339382
0.33947
0.339549
0.339597
0.33966
0.339709
0.33976
0.339822
0.339896
0.339959
0.340047
0.340122
0.340185
0.340231
0.340333
0.340446
0.340502
0.340543
0.340615
0.340701
0.340698
0.340709
0.340768
0.340808
0.34091
0.340984
0.341044
0.341138
0.341223
0.341245
0.34129
0.341355
0.341417
0.34149
0.341562
0.341666
0.341773
0.3418
0.341828
0.34194
0.342029
0.342118
0.342197
0.342282
0.342293
0.342367
0.342413
0.3425
0.342552
0.342572
0.342632
0.342706
0.342817
0.342873
0.342924
0.343032
0.343091
0.343162
0.34327
0.343311
0.343363
0.343453
0.343459
0.343521
0.343579
0.343609
0.343652
0.343683
0.343729
0.343807
0.343836
0.343846
0.343886
0.343945
0.344037
0.344139
0.344198
0.344241
0.344291
0.344346
0.344413
0.344463
0.344522
0.344606
0.344696
0.344725
0.344741
0.344792
0.344864
0.344918
0.344986
0.345076
0.34514
0.345217
0.345268
0.345361
0.345449
0.34551
0.345541
0.34561
0.345705
0.345742
0.345786
0.34583
0.34586
0.345857
0.345932
0.346007
0.346047
0.346131
0.346193
0.346224
0.346265
0.346318
0.346354
0.346393
0.346454
0.346468
0.34657
0.346675
0.346748
0.346832
0.346908
0.347006
0.347089
0.347115
0.347157
0.347194
0.347298
0.347316
0.347359
0.347432
0.347499
0.347523
0.347623
0.347703
0.347735
0.347771
0.347813
0.347871
0.347922
0.347914
0.347961
0.348038
0.348058
0.348109
0.3482
0.348222
0.348259
0.348309
0.348365
0.348461
0.348499
0.348585
0.34865
0.34872
0.348792
0.34884
0.34889
0.348994
0.349063
0.349116
0.349156
0.349216
0.349256
0.349288
0.349338
0.349389
0.34946
0.349481
0.349521
0.349595
0.34964
0.349718
0.349804
0.349859
0.349856
0.349902
0.349973
0.350009
0.350067
0.350115
0.350204
0.350292
0.350374
0.350422
0.350505
0.350551
0.350624
0.350708
0.350734
0.350772
0.350793
0.35082
0.35088
0.35095
0.350986
0.351011
0.351074
0.351108
0.351154
0.351186
0.351267
0.351315
0.35137
0.351398
0.351457
0.351514
0.351535
0.351614
0.351632
0.3517
0.351765
0.35184
0.351928
0.351963
0.351988
0.352046
0.352084
0.352116
0.352177
0.352236
0.352265
0.352355
0.352418
0.352483
0.352546
0.352629
0.352673
0.352707
0.352733
0.352794
0.352791
0.352846
0.352894
0.352983
0.353022
0.353064
0.353094
0.353123
0.353153
0.353197
0.353252
0.353301
0.353365
0.353408
0.353451
0.353482
0.35352
0.35357
0.35363
0.353699
0.353764
0.353813
0.35388
0.35389
0.353958
0.353975
0.354004
0.354085
0.354132
0.354219
0.354305
0.354363
0.354414
0.354468
0.35451
0.354598
0.354612
0.354651
0.354738
0.354783
0.354831
0.354881
0.354935
0.354985
0.355029
0.355058
0.355105
0.355169
0.355205
0.355227
0.355317
0.355375
0.355411
0.355451
0.355486
0.355543
0.355606
0.355663
0.355706
0.355749
0.355778
0.355834
0.355889
0.35595
0.356011
0.356036
0.356057
0.356119
0.356192
0.356261
0.356313
0.35638
0.356433
0.356498
0.356554
0.356577
0.356596
0.35668
0.3567
0.356774
0.356797
0.356857
0.356902
0.356963
0.357019
0.357075
0.357118
0.357134
0.3572
0.357246
0.357291
0.357295
0.35732
0.357368
0.3574
0.357442
0.357502
0.357509
0.357554
0.357587
0.357646
0.357696
0.357735
0.357767
0.357824
0.357828
0.357867
0.35792
0.357975
0.358028
0.358029
0.358096
0.358099
0.358131
0.358188
0.35823
0.358258
0.358292
0.358323
0.358382
0.358444
0.358516
0.358563
0.358603
0.358657
0.358718
0.358759
0.358796
0.358849
0.358874
0.358942
0.358988
0.359017
0.359057
0.359107
0.359146
0.35919
0.359257
0.359301
0.359357
0.359411
0.359453
0.359501
0.359561
0.359619
0.359651
0.359658
0.3597
0.359731
0.35975
0.359798
0.35982
0.359849
0.359896
0.359933
0.359938
0.35995
0.359986
0.360019
0.360069
0.360093
0.360113
0.360155
0.360191
0.36021
0.360242
0.360256
0.360275
0.360282
0.360281
0.360306
0.360327
0.360354
0.360393
0.360397
0.36039
0.36045
0.360499
0.360537
0.360559
0.360607
0.360618
0.360657
0.36069
0.360711
0.360764
0.360787
0.360809
0.360862
0.360899
0.360943
0.361013
0.361052
0.361098
0.361131
0.361147
0.36119
0.361297
0.361305
0.361347
0.361388
0.361431
0.361457
0.36147
0.361493
0.361518
0.361569
0.361582
0.361627
0.361665
0.36173
0.361791
0.361837
0.361902
0.361946
0.362022
0.362059
0.362101
0.362125
0.362153
0.362211
0.362266
0.362262
0.362311
0.362395
0.362459
0.362507
0.362556
0.362608
0.362652
0.362687
0.362724
0.362791
0.362826
0.362871
0.362939
0.362973
0.363029
0.36305
0.363059
0.363095
0.363149
0.363186
0.363221
0.363253
0.363291
0.363329
0.363366
0.363374
0.363429
0.363469
0.363482
0.363507
0.363557
0.363609
0.363662
0.363658
0.363722
0.363771
0.363812
0.36385
0.363847
0.363893
0.363919
0.363972
0.364031
0.364024
0.364083
0.364128
0.364189
0.364221
0.364276
0.364307
0.36435
0.364389
0.364461
0.364487
0.364521
0.364566
0.364597
0.364647
0.364672
0.3647
0.364754
0.364755
0.364777
0.364803
0.36484
0.364869
0.364891
0.364927
0.364967
0.365007
0.365062
0.365102
0.365171
0.365183
0.365251
0.36531
0.365321
0.365363
0.365364
0.365395
0.365435
0.36549
0.365536
0.365607
0.365636
0.365664
0.365681
0.365733
0.365777
0.365816
0.365867
0.365896
0.36594
0.365987
0.366027
0.366069
0.366072
0.366108
0.366142
0.366165
0.366193
0.366196
0.366226
0.366249
0.366286
0.366336
0.366363
0.366402
0.366385
0.366391
0.3664
0.36645
0.366499
0.366516
0.366562
0.366583
0.366621
0.366677
0.366691
0.366726
0.366762
0.366808
0.366853
0.366887
0.366942
0.366991
0.367024
0.367048
0.367059
0.367121
0.367203
0.367239
0.367287
0.36734
0.367388
0.367402
0.367409
0.367446
0.367482
0.367524
0.367544
0.367557
0.367602
0.367612
0.36764
0.36769
0.367703
0.367743
0.367773
0.367797
0.367832
0.367841
0.367882
0.367912
0.367965
0.367967
0.367977
0.367994
0.368004
0.368032
0.368081
0.368117
0.368166
0.368174
0.368219
0.368233
0.368286
0.368335
0.368386
0.368409
0.368448
0.368484
0.368522
0.36854
0.368585
0.368645
0.368671
0.368703
0.36871
0.368762
0.368795
0.368829
0.368857
0.368888
0.368932
0.368969
0.368974
0.368963
0.368973
0.369008
0.369055
0.369068
0.369119
0.369161
0.369208
0.369205
0.369214
0.369229
0.369242
0.369266
0.369296
0.369361
0.369423
0.369442
0.369456
0.369475
0.36953
0.369575
0.369615
0.369636
0.369659
0.369677
0.369707
0.36972
0.369788
0.36982
0.369839
0.369878
0.369903
0.369934
0.369941
0.369971
0.370038
0.370065
0.370084
0.370115
0.370184
0.370204
0.370249
0.370274
0.370302
0.370315
0.370342
0.370368
0.370415
0.37045
0.370486
0.370514
0.370526
0.370571
0.370609
0.370635
0.370649
0.370674
0.370726
0.370773
0.370806
0.370825
0.370855
0.370902
0.370935
0.370965
0.370936
0.370983
0.371018
0.37107
0.371121
0.371147
0.371208
0.371244
0.371246
0.371279
0.371307
0.371317
0.371377
0.371394
0.371463
0.371494
0.37153
0.371562
0.371566
0.371624
0.371642
0.371641
0.37163
0.371678
0.371728
0.371781
0.37179
0.371824
0.371899
0.371923
0.371953
0.372001
0.372021
0.37206
0.372091
0.37215
0.372183
0.372216
0.372242
0.372258
0.372285
0.372319
0.372363
0.372415
0.372446
0.372443
0.372473
0.372507
0.372564
0.372578
0.372628
0.372636
0.372661
0.372698
0.372729
0.372758
0.372788
0.37281
0.372838
0.372876
0.372874
0.372904
0.372925
0.372964
0.372987
0.37304
0.373068
0.373095
0.373128
0.373151
0.373216
0.373243
0.373256
0.373276
0.373305
0.373339
0.373372
0.373394
0.3734
0.373411
0.373468
0.373502
0.373553
0.373563
0.373571
0.373589
0.373616
0.373663
0.373684
0.373694
0.373734
0.373743
0.373777
0.373818
0.373857
0.37388
0.373934
0.373949
0.373978
0.373974
0.374014
0.37405
0.374094
0.374137
0.374178
0.374224
0.374243
0.374269
0.374291
0.374301
0.37433
0.374336
0.374377
0.37441
0.374438
0.374477
0.374511
0.374546
0.37459
0.374619
0.374664
0.374701
0.374741
0.374776
0.374831
0.374862
0.374929
0.374968
0.375012
0.375026
0.37507
0.375115
0.375123
0.375153
0.375177
0.375186
0.375191
0.375197
0.375189
0.375204
0.375221
0.375274
0.375293
0.37534
0.375386
0.37541
0.375428
0.37546
0.375499
0.375527
0.375559
0.375591
0.375591
0.375619
0.375649
0.375652
0.3757
0.375734
0.375757
0.375773
0.375837
0.375843
0.375877
0.375917
0.375941
0.375997
0.376041
0.376071
0.376132
0.376157
0.376166
0.376189
0.376225
0.376247
0.376253
0.376297
0.376324
0.376336
0.376353
0.376378
0.37643
0.376474
0.376509
0.376537
0.376583
0.376616
0.376641
0.376648
0.37667
0.376729
0.376724
0.376735
0.376779
0.376822
0.376826
0.376839
0.376884
0.376886
0.376907
0.376912
0.376953
0.37699
0.377016
0.377023
0.377048
0.377084
0.377106
0.377146
0.377176
0.377188
0.377209
0.377242
0.377277
0.377294
0.377301
0.377317
0.377358
0.377384
0.377411
0.377441
0.377468
0.377503
0.37753
0.377565
0.377605
0.377641
0.377657
0.377682
0.377726
0.377718
0.377757
0.377785
0.377795
0.377823
0.377868
0.377871
0.377912
0.377922
0.377943
0.377971
0.37797
0.378005
0.378028
0.378035
0.378057
0.378063
0.378092
0.378128
0.378132
0.378164
0.378184
0.378225
0.37826
0.378274
0.378292
0.378332
0.378383
0.378406
0.378444
0.378442
0.378464
0.378481
0.378527
0.378546
0.378573
0.378608
0.378624
0.378649
0.378673
0.37869
0.378698
0.37874
0.378786
0.378804
0.378808
0.378838
0.378836
0.378875
0.378891
0.37891
0.37894
0.37898
0.378981
0.37901
0.37905
0.379076
0.379088
0.379118
0.379152
0.379172
0.379161
0.379194
0.379204
0.379221
0.379252
0.379257
0.379291
0.379319
0.379327
0.379388
0.379407
0.379419
0.379446
0.379457
0.379478
0.379487
0.379504
0.379532
0.379552
0.379591
0.379624
0.379642
0.379667
0.37971
0.379737
0.379771
0.379783
0.379815
0.379836
0.379857
0.379863
0.379881
0.379886
0.379922
0.379915
0.379947
0.379955
0.379996
0.380017
0.380026
0.380048
0.380068
0.380122
0.380162
0.380184
0.380195
0.38019
0.380214
0.380259
0.380299
0.380308
0.380351
0.38039
0.380398
0.380445
0.380476
0.380482
0.380494
0.380533
0.38054
0.380542
0.380557
0.380577
0.380608
0.380632
0.380659
0.380672
0.380675
0.380721
0.380755
0.380787
0.380804
0.380829
0.380865
0.380891
0.380912
0.380918
0.380925
0.380953
0.380965
0.381001
0.381037
0.381088
0.38112
0.381138
0.381137
0.381128
0.381154
0.381164
0.381172
0.381194
0.381229
0.381247
0.381288
0.381316
0.381334
0.381358
0.381373
0.38139
0.381419
0.381431
0.381452
0.381486
0.381518
0.381526
0.381533
0.38155
0.381575
0.381612
0.381657
0.381672
0.381682
0.38171
0.381734
0.381772
0.381776
0.381795
0.381813
0.381846
0.381854
0.381856
0.381904
0.381947
0.381958
0.381959
0.381983
0.382004
0.382017
0.38203
0.382073
0.382096
0.382103
0.382095
0.382119
0.382162
0.382173
0.382183
0.382197
0.382245
0.382259
0.382262
0.382273
0.382291
0.382311
0.382322
0.382358
0.382404
0.382407
0.382428
0.382457
0.382494
0.382518
0.382529
0.38254
0.382563
0.382563
0.382569
0.382603
0.382623
0.38266
0.382681
0.382705
0.382719
0.38271
0.382747
0.382776
0.38278
0.38279
0.382802
0.382822
0.382834
0.382869
0.382894
0.382913
0.38292
0.382947
0.382962
0.383001
0.383014
0.383055
0.383077
0.383087
0.383092
0.38311
0.383141
0.383145
0.383183
0.383204
0.38322
0.383258
0.38327
0.383326
0.383344
0.383349
0.383358
0.383385
0.383413
0.383441
0.383478
0.383515
0.383549
0.383587
0.383597
0.383614
0.383656
0.383671
0.383693
0.383733
0.383759
0.383776
0.383808
0.383839
0.38386
0.383864
0.383881
0.383917
0.383955
0.383992
0.383974
0.383987
0.38403
0.384016
0.384047
0.384065
0.38409
0.384125
0.384157
0.384173
0.384204
0.384218
0.384237
0.384228
0.38425
0.384274
0.384287
0.384321
0.38432
0.384333
0.384376
0.384409
0.384443
0.384449
0.384454
0.384471
0.384483
0.384503
0.384513
0.384558
0.384607
0.384627
0.384629
0.384643
0.384693
0.384695
0.384711
0.384729
0.384756
0.384778
0.384793
0.384832
0.384851
0.384877
0.384906
0.384919
0.384957
0.384986
0.384999
0.385
0.385001
0.385017
0.385049
0.385053
0.385087
0.385087
0.385109
0.385097
0.385112
0.385146
0.385158
0.385193
0.385224
0.385245
0.385253
0.385272
0.3853
0.385326
0.38534
0.385343
0.385361
0.38539
0.3854
0.385398
0.38543
0.385447
0.385488
0.385509
0.385521
0.385546
0.385565
0.38557
0.385575
0.385577
0.385619
0.385645
0.385696
0.385719
0.385749
0.385771
0.385793
0.385798
0.385801
0.385832
0.385846
0.385888
0.385914
0.38593
0.385936
0.385943
0.385947
0.385984
0.386021
0.386033
0.386039
0.386066
0.386064
0.386097
0.386127
0.386153
0.386171
0.386199
0.386225
0.386239
0.386253
0.386294
0.386331
0.38636
0.386389
0.386398
0.386436
0.386448
0.386466
0.386478
0.386492
0.386513
0.38654
0.38653
0.386532
0.386568
0.386592
0.386592
0.386587
0.386616
0.386637
0.386669
0.386694
0.386714
0.38673
0.386744
0.386757
0.386794
0.386816
0.386842
0.386853
0.386861
0.386869
0.386903
0.386923
0.386953
0.386942
0.386947
0.386977
0.387029
0.38709
0.387112
0.38715
0.387184
0.387203
0.387213
0.387226
0.387243
0.387245
0.387267
0.387308
0.387327
0.387358
0.387389
0.387397
0.387419
0.387454
0.387458
0.387467
0.387494
0.387506
0.387547
0.387561
0.387598
0.387611
0.38764
0.387653
0.387695
0.387707
0.387729
0.387724
0.387741
0.387755
0.387765
0.387793
0.387813
0.387823
0.387828
0.38784
0.387853
0.387849
0.387891
0.38789
0.387913
0.387928
0.387952
0.387944
0.387955
0.387978
0.387997
0.388024
0.388048
0.388067
0.388098
0.388123
0.38815
0.388172
0.388175
0.388214
0.388238
0.388265
0.388291
0.38831
0.388325
0.388352
0.388382
0.388407
0.388433
0.388449
0.388474
0.388482
0.388498
0.38852
0.388526
0.388557
0.388604
0.388612
0.388641
0.388669
0.388696
0.388728
0.388749
0.388767
0.388775
0.388797
0.38883
0.38885
0.38887
0.388877
0.388894
0.388898
0.388929
0.388951
0.388966
0.388998
0.389032
0.389045
0.389067
0.389094
0.38908
0.389109
0.38913
0.389146
0.389155
0.389191
0.389198
0.389227
0.389232
0.389232
0.389258
0.389286
0.389321
0.389343
0.38936
0.38937
0.389387
0.38942
0.389442
0.389452
0.389472
0.3895
0.389549
0.389561
0.389584
0.389605
0.389636
0.389648
0.389679
0.3897
0.389716
0.389739
0.38975
0.389763
0.389773
0.389787
0.389808
0.389834
0.38986
0.389866
0.389887
0.389912
0.389925
0.389948
0.389979
0.390002
0.390022
0.390048
0.390077
0.390084
0.390105
0.390112
0.390119
0.390138
0.390158
0.390176
0.390196
0.390203
0.390218
0.390235
0.39025
0.390286
0.390297
0.390311
0.390335
0.390348
0.390354
0.390379
0.390401
0.390411
0.390415
0.390427
0.390444
0.390451
0.390469
0.390472
0.39049
0.390525
0.39053
0.390546
0.390544
0.390566
0.390579
0.390582
0.390583
0.390613
0.390633
0.390636
0.390642
0.390664
0.390668
0.390688
0.390696
0.390714
0.390739
0.390761
0.390786
0.390801
0.390835
0.390853
0.390849
0.39086
0.390861
0.390875
0.3909
0.390935
0.390948
0.390955
0.390987
0.391007
0.391017
0.391061
0.391073
0.391093
0.391103
0.391097
0.391123
0.391111
0.39112
0.391144
0.391163
0.391169
0.391193
0.391214
0.391234
0.391267
0.391296
0.391312
0.391333
0.39135
0.39136
0.39138
0.391395
0.391421
0.391449
0.391456
0.391484
0.39149
0.391516
0.391546
0.391565
0.391588
0.391609
0.39162
0.391615
0.391629
0.391642
0.391662
0.391696
0.391714
0.391712
0.391742
0.391751
0.391746
0.391771
0.391805
0.391824
0.391846
0.391834
0.391841
0.391845
0.391873
0.39189
0.391908
0.391942
0.391955
0.391975
0.391986
0.391997
0.392013
0.392042
0.392049
0.392063
0.392084
0.392101
0.39212
0.392127
0.392151
0.392151
0.39216
0.392173
0.392195
0.392226
0.392249
0.392255
0.392268
0.392288
0.392316
0.392306
0.392324
0.392344
0.392357
0.392377
0.392403
0.392432
0.392465
0.392485
0.392494
0.392486
0.392499
0.392509
0.392523
0.392543
0.392568
0.392584
0.392599
0.392616
0.39263
0.392632
0.392643
0.392657
0.39267
0.392685
0.392706
0.392738
0.392765
0.392792
0.392814
0.392844
0.392863
0.392883
0.392905
0.392911
0.392929
0.392936
0.392969
0.392988
0.392997
0.393
0.393016
0.393025
0.39301
0.393014
0.393014
0.393035
0.393036
0.393059
0.393074
0.393087
0.393096
0.393125
0.393153
0.393159
0.393154
0.393172
0.393183
0.393196
0.393223
0.393238
0.393243
0.393268
0.393294
0.393318
0.393307
0.393312
0.393319
0.39333
0.393355
0.393374
0.393403
0.393412
0.393431
0.393452
0.39346
0.393465
0.3935
0.393494
0.393506
0.393516
0.393531
0.393551
0.393558
0.393588
0.3936
0.393611
0.393622
0.393644
0.393657
0.39368
0.393683
0.393706
0.393713
0.393735
0.393758
0.39377
0.393786
0.39379
0.39381
0.393827
0.393841
0.393856
0.393878
0.393889
0.393896
0.393932
0.393946
0.393954
0.39397
0.393975
0.393978
0.393993
0.394015
0.394046
0.394078
0.394095
0.394118
0.394142
0.394155
0.394169
0.394189
0.394195
0.394212
0.394232
0.394259
0.394259
0.394274
0.394287
0.394311
0.394334
0.394355
0.394358
0.394374
0.394372
0.394381
0.394411
0.394433
0.394448
0.394467
0.394497
0.39452
0.394539
0.394556
0.394568
0.394585
0.3946
0.394608
0.394613
0.394638
0.394667
0.394691
0.394667
0.394683
0.39472
0.394726
0.394724
0.394735
0.394736
0.39476
0.394784
0.394799
0.394816
0.394837
0.39485
0.394877
0.394874
0.394894
0.394915
0.394926
0.394945
0.394936
0.394944
0.394968
0.394972
0.394977
0.394988
0.395004
0.395022
0.395044
0.395054
0.395067
0.395089
0.3951
0.395144
0.395168
0.395178
0.39519
0.395198
0.395204
0.395232
0.395265
0.395271
0.395291
0.395308
0.395299
0.39533
0.395347
0.395374
0.395383
0.395385
0.395391
0.395428
0.395435
0.395445
0.395461
0.395481
0.395493
0.395495
0.395515
0.395539
0.395558
0.39556
0.395564
0.395584
0.395614
0.39564
0.395648
0.39567
0.395685
0.395692
0.395698
0.395706
0.39573
0.395754
0.395773
0.395777
0.39579
0.395811
0.39581
0.39583
0.395837
0.39585
0.395859
0.395871
0.395866
0.395872
0.395898
0.3959
0.395927
0.395958
0.395973
0.395982
0.395991
0.395997
0.395985
0.39599
0.396007
0.396013
0.396003
0.396003
0.396003
0.396025
0.396057
0.396048
0.396034
0.396058
0.396068
0.396077
0.396098
0.396104
0.396125
0.39614
0.396168
0.396186
0.396203
0.396214
0.396227
0.396244
0.396262
0.396277
0.396286
0.39628
0.396291
0.396307
0.396313
0.396343
0.396357
0.396376
0.396386
0.396405
0.396422
0.396438
0.396437
0.396463
0.396485
0.396511
0.396531
0.396547
0.396556
0.396576
0.396589
0.3966
0.396624
0.396638
0.396642
0.39665
0.396672
0.396658
0.39667
0.396682
0.396693
0.396692
0.396699
0.396725
0.396742
0.396758
0.396791
0.396817
0.39683
0.396852
0.396862
0.396866
0.396883
0.396894
0.396922
0.396927
0.396946
0.396942
0.396953
0.396972
0.396987
0.396979
0.396982
0.396994
0.397009
0.397042
0.397046
0.397061
0.397053
0.397058
0.397057
0.397083
0.397109
0.397124
0.397138
0.397162
0.397168
0.39718
0.397194
0.397216
0.397243
0.397257
0.397244
0.397251
0.39727
0.397288
0.397312
0.397326
0.397323
0.397327
0.397346
0.397352
0.397368
0.397384
0.397391
0.397404
0.397418
0.397423
0.397447
0.397464
0.397478
0.397516
0.397527
0.39755
0.397574
0.397573
0.397591
0.397616
0.397625
0.397637
0.397665
0.397682
0.397699
0.397722
0.397756
0.397761
0.397788
0.397822
0.39785
0.397866
0.397875
0.397891
0.397906
0.397924
0.39794
0.397952
0.397968
0.397997
0.398003
0.39802
0.39804
0.398039
0.398052
0.398064
0.398101
0.3981
0.398119
0.39813
0.398133
0.398146
0.398172
0.398188
0.398177
0.398196
0.398212
0.398223
0.398238
0.398238
0.398248
0.398271
0.398283
0.398305
0.398314
0.398319
0.398323
0.398336
0.398356
0.398363
0.398361
0.398388
0.398391
0.398397
0.398404
0.398414
0.398424
0.398449
0.398467
0.398481
0.398498
0.398494
0.398517
0.398531
0.398536
0.398543
0.398547
0.398564
0.398573
0.398581
0.398591
0.398591
0.398609
0.398621
0.398641
0.398648
0.39865
0.398665
0.398694
0.3987
0.398704
0.398717
0.398733
0.398739
0.398754
0.398766
0.398779
0.398782
0.398788
0.398797
0.398801
0.398809
0.398817
0.398832
0.398844
0.398875
0.398877
0.398885
0.39888
0.398888
0.398897
0.398905
0.398923
0.398942
0.398952
0.398965
0.398972
0.398975
0.398994
0.399027
0.399057
0.39908
0.399072
0.399096
0.399119
0.399139
0.399163
0.399171
0.399186
0.399203
0.399207
0.399213
0.399234
0.399246
0.39926
0.399268
0.39928
0.399288
0.399296
0.399312
0.399332
0.399372
0.399391
0.399396
0.399413
0.399433
0.399445
0.399464
0.399475
0.399501
0.399516
0.399519
0.399529
0.399545
0.399573
0.399578
0.399589
0.399607
0.399618
0.399632
0.399634
0.399644
0.399649
0.399664
0.399658
0.399673
0.399687
0.399695
0.399711
0.399738
0.39976
0.399788
0.399806
0.399832
0.399846
0.399854
0.399877
0.3999
0.399912
0.399924
0.399936
0.399948
0.39996
0.399977
0.39999
0.400011
0.400001
0.400018
0.400028
0.400039
0.400041
0.400068
0.400077
0.400099
0.400096
0.400113
0.400136
0.400158
0.400167
0.400175
0.400175
0.400167
0.400188
0.400201
0.400206
0.400237
0.400262
0.400267
0.40028
0.400288
0.400301
0.400308
0.400315
0.400324
0.400342
0.400335
0.400358
0.400375
0.400407
0.400427
0.400426
0.400445
0.400454
0.400462
0.400489
0.400492
0.400505
0.400512
0.400529
0.400524
0.40052
0.400532
0.400541
0.400545
0.40058
0.400599
0.400618
0.400628
0.400631
0.400628
0.400648
0.400681
0.400693
0.400706
0.400712
0.400726
0.400749
0.400753
0.40076
0.400753
0.40076
0.40076
0.400764
0.400793
0.400804
0.400823
0.40085
0.40087
0.400877
0.400887
0.400911
0.400924
0.400947
0.400959
0.400968
0.40097
0.401007
0.401021
0.401019
0.401024
0.401021
0.401029
0.401045
0.401048
0.401063
0.401081
0.401083
0.401087
0.401098
0.401117
0.401146
0.401144
0.401148
0.401164
0.401193
0.40121
0.401212
0.401219
0.401206
0.401202
0.401204
0.401213
0.401237
0.401236
0.401255
0.401272
0.401292
0.401295
0.401309
0.401315
0.401335
0.401357
0.401372
0.401388
0.401381
0.401413
0.401411
0.401424
0.401433
0.401445
0.401443
0.40146
0.40147
0.401492
0.401507
0.401525
0.401529
0.401547
0.401551
0.401571
0.401595
0.401598
0.401595
0.401595
0.401605
0.401628
0.401629
0.401645
0.401655
0.401663
0.401682
0.401698
0.401718
0.401733
0.401734
0.40175
0.401763
0.401764
0.401772
0.401784
0.401795
0.401815
0.401835
0.401856
0.401872
0.401887
0.401918
0.401939
0.401956
0.401954
0.401944
0.401937
0.401963
0.401977
0.401978
0.401985
0.401998
0.402019
0.402035
0.402054
0.402078
0.402104
0.402123
0.402148
0.402162
0.402188
0.402183
0.402204
0.402217
0.402217
0.402234
0.402266
0.402271
0.402276
0.402277
0.402273
0.402268
0.402268
0.402282
0.402287
0.402294
0.402299
0.402303
0.402305
0.402312
0.402337
0.402356
0.402353
0.402365
0.402366
0.402401
0.402414
0.402413
0.402421
0.402439
0.402459
0.402485
0.402495
0.402514
0.402527
0.402547
0.402565
0.402581
0.402595
0.402601
0.402611
0.402611
0.402634
0.40264
0.402664
0.402676
0.402682
0.402699
0.40272
0.402725
0.402725
0.402745
0.40276
0.402776
0.402777
0.402782
0.402784
0.402814
0.402828
0.402829
0.402832
0.402858
0.402884
0.402895
0.402921
0.402922
0.402934
0.402962
0.402967
0.402975
0.40298
0.402992
0.403021
0.40303
0.403035
0.403046
0.403072
0.403095
0.403098
0.40309
0.403103
0.403118
0.403119
0.403128
0.403147
0.403164
0.403166
0.403174
0.403172
0.403184
0.403206
0.403213
0.403216
0.403238
0.403233
0.40324
0.403258
0.403265
0.403275
0.403306
0.403316
0.40333
0.403344
0.403375
0.403384
0.403395
0.403412
0.403427
0.40342
0.403436
0.403441
0.40345
0.40346
0.403479
0.403497
0.403506
0.403502
0.403528
0.403544
0.403559
0.403557
0.403588
0.403602
0.403615
0.40363
0.403642
0.40365
0.403636
0.403642
0.403651
0.403647
0.403665
0.403672
0.403696
0.403717
0.403726
0.403733
0.403731
0.403759
0.403779
0.403782
0.403787
0.403794
0.40382
0.40385
0.40385
0.403874
0.403866
0.403877
0.403894
0.403908
0.403925
0.403928
0.403931
0.403949
0.403969
0.403984
0.404002
0.404025
0.404032
0.404043
0.404054
0.404065
0.404073
0.404097
0.40412
0.404135
0.40415
0.404166
0.404173
0.404182
0.404204
0.404213
0.404234
0.404249
0.404257
0.404274
0.404308
0.404315
0.404344
0.404358
0.404373
0.404376
0.404386
0.404404
0.404422
0.404438
0.404442
0.404447
0.404456
0.404462
0.404469
0.404485
0.404499
0.404498
0.404509
0.404524
0.404552
0.404565
0.404581
0.404598
0.404623
0.404632
0.404642
0.404656
0.404666
0.404677
0.404688
0.404699
0.404711
0.404716
0.404732
0.40473
0.404744
0.404749
0.404752
0.404771
0.404792
0.404797
0.404814
0.404845
0.404852
0.404869
0.404872
0.404903
0.40492
0.404935
0.404952
0.404961
0.404983
0.405007
0.405006
0.405009
0.405016
0.405025
0.405034
0.405039
0.405062
0.405082
0.405087
0.405085
0.405077
0.405079
0.4051
0.405106
0.40513
0.405139
0.405152
0.405157
0.405183
0.405187
0.405194
0.405195
0.405202
0.405228
0.405242
0.405256
0.405256
0.405269
0.40529
0.4053
0.405325
0.405335
0.40536
0.405371
0.405383
0.405375
0.405378
0.40539
0.405382
0.405393
0.40541
0.405413
0.40542
0.405426
0.405432
0.405438
0.405458
0.405472
0.405492
0.405516
0.405532
0.405545
0.40556
0.405558
0.405578
0.405578
0.405595
0.405592
0.4056
0.405628
0.405655
0.405655
0.405681
0.405692
0.405717
0.40573
0.405744
0.405752
0.405775
0.405781
0.405777
0.405782
0.405802
0.405799
0.405799
0.405818
0.405823
0.405828
0.405836
0.405858
0.405872
0.405873
0.405885
0.405903
0.405914
0.405928
0.40594
0.40596
0.405967
0.40598
0.405975
0.405987
0.405983
0.405991
0.405994
0.405996
0.405995
0.405995
0.405998
0.406016
0.406024
0.406033
0.406032
0.406043
0.406061
0.406067
0.406076
0.406092
0.40609
0.4061
0.406104
0.406113
0.406119
0.406119
0.40612
0.406119
0.406124
0.40612
0.406129
0.406142
0.406156
0.406173
0.406177
0.406189
0.406206
0.406208
0.40623
0.406245
0.40626
0.406264
0.406271
0.406291
0.406311
0.406319
0.406338
0.40635
0.406367
0.406372
0.406388
0.406398
0.406389
0.406404
0.406411
0.406424
0.406434
0.40643
0.406444
0.406464
0.406475
0.406479
0.406487
0.40648
0.406488
0.406487
0.406492
0.406487
0.40649
0.40651
0.406515
0.406533
0.406534
0.406525
0.406528
0.406537
0.406563
0.406589
0.406611
0.406621
0.40663
0.406648
0.406659
0.406679
0.406686
0.406683
0.406689
0.406711
0.406731
0.406737
0.406733
0.406757
0.406765
0.406782
0.406793
0.406798
0.40681
0.406832
0.40684
0.406825
0.406846
0.406842
0.406845
0.406859
0.406878
0.406879
0.406886
0.406898
0.406904
0.406913
0.406924
0.406925
0.406929
0.406933
0.406942
0.406946
0.406945
0.406954
0.406961
0.406965
0.406986
0.406994
0.407006
0.407023
0.407034
0.40705
0.407062
0.407075
0.407073
0.407096
0.40712
0.407136
0.407153
0.40717
0.407187
0.407186
0.407192
0.407208
0.407215
0.407221
0.407243
0.407252
0.40725
0.407262
0.407278
0.407291
0.407308
0.407326
0.407334
0.407347
0.407358
0.407362
0.407379
0.40739
0.407409
0.407419
0.407417
0.407436
0.407444
0.407447
0.407454
0.407462
0.407474
0.407486
0.407497
0.407504
0.407523
0.407535
0.407551
0.40758
0.407594
0.407608
0.407608
0.40762
0.407629
0.407651
0.407668
0.407666
0.407676
0.407684
0.407696
0.407715
0.40772
0.407741
0.407738
0.407724
0.407741
0.40774
0.40774
0.407757
0.407769
0.407772
0.407803
0.407785
0.407796
0.40783
0.407831
0.407847
0.407861
0.407867
0.407873
0.407877
0.407883
0.407884
0.407897
0.407903
0.407916
0.40792
0.407928
0.407942
0.407946
0.407943
0.407947
0.407953
0.407956
0.407964
0.407979
0.407995
0.407991
0.407994
0.407994
0.407996
0.408014
0.408016
0.408031
0.408037
0.408044
0.408041
0.40806
0.408079
0.408085
0.408103
0.408114
0.408133
0.408144
0.408165
0.408173
0.408176
0.408187
0.4082
0.408207
0.408224
0.408228
0.408252
0.408274
0.408293
0.408289
0.408306
0.408315
0.408322
0.408333
0.408356
0.408382
0.408379
0.408386
0.408401
0.4084
0.4084
0.408417
0.408432
0.408455
0.408458
0.408461
0.408471
0.408477
0.408476
0.408485
0.408491
0.408514
0.408524
0.408525
0.408539
0.408565
0.408578
0.408582
0.408597
0.4086
0.408627
0.408632
0.408629
0.40863
0.408645
0.408662
0.408676
0.408694
0.408708
0.408707
0.40872
0.408719
0.408728
0.408751
0.408753
0.408761
0.408785
0.408791
0.408797
0.408806
0.408811
0.408815
0.408821
0.408825
0.408849
0.408862
0.408868
0.408873
0.408881
0.408885
0.408893
0.4089
0.408907
0.40893
0.408935
0.408958
0.40896
0.408962
0.408985
0.409006
0.409022
0.409023
0.409032
0.409032
0.409036
0.409034
0.409046
0.409058
0.409073
0.409083
0.409091
0.409117
0.409135
0.409144
0.409154
0.40916
0.409166
0.409182
0.409174
0.409177
0.409198
0.409213
0.409226
0.409241
0.409255
0.409268
0.409298
0.409298
0.409317
0.409336
0.409353
0.40937
0.409378
0.409385
0.409393
0.409401
0.409401
0.409412
0.409432
0.409461
0.409468
0.40949
0.409498
0.409498
0.409493
0.409508
0.409505
0.409514
0.409519
0.409527
0.409533
0.409567
0.409571
0.409575
0.409595
0.409607
0.409617
0.409614
0.409625
0.40963
0.40963
0.409646
0.409656
0.409649
0.409674
0.40969
0.409701
0.409709
0.409721
0.409737
0.409753
0.409756
0.409761
0.409772
0.409759
0.409765
0.409781
0.409798
0.409804
0.409829
0.409835
0.409839
0.409855
0.409864
0.409882
0.409889
0.4099
0.409907
0.409924
0.40993
0.40993
0.409942
0.409952
0.409956
0.409962
0.409962
0.409962
0.409968
0.409974
0.409979
0.409978
0.409967
0.409982
0.409978
0.40999
0.409999
0.41
0.410008
0.410012
0.410023
0.41004
0.410052
0.41006
0.410083
0.41009
0.410094
0.410108
0.410118
0.410132
0.41014
0.410156
0.410166
0.410163
0.410181
0.410192
0.410214
0.410221
0.410234
0.410251
0.410252
0.410264
0.410282
0.41029
0.41029
0.410296
0.410302
0.410302
0.410302
0.410306
0.410309
0.410322
0.410325
0.410336
0.410346
0.410354
0.410365
0.410369
0.41038
0.41038
0.410381
0.410386
0.410385
0.410402
0.410405
0.410403
0.410412
0.410428
0.410425
0.410435
0.41044
0.410456
0.410459
0.410462
0.410467
0.41048
0.410484
0.410496
0.410517
0.410525
0.410553
0.410571
0.410583
0.410589
0.410606
0.410607
0.410621
0.410633
0.410638
0.410657
0.410658
0.41068
0.410695
0.410694
0.410702
0.410709
0.410718
0.410728
0.410748
0.41076
0.410756
0.410777
0.410794
0.41081
0.410812
0.410842
0.410857
0.410854
0.410861
0.410862
0.410875
0.410889
0.410892
0.410906
0.410917
0.410921
0.410934
0.410939
0.410944
0.410969
0.410964
0.410977
0.410996
0.411006
0.411025
0.411045
0.41106
0.411068
0.411067
0.411069
0.411074
0.411085
0.411099
0.41111
0.411113
0.411121
0.411122
0.41112
0.411131
0.411143
0.411148
0.411156
0.411167
0.411186
0.411201
0.411218
0.411227
0.411232
0.411241
0.411248
0.411248
0.411241
0.411252
0.411259
0.41126
0.411275
0.411286
0.411289
0.411291
0.41129
0.411306
0.411311
0.411326
0.411332
0.411339
0.411356
0.411359
0.411362
0.411376
0.411396
0.41142
0.411432
0.411431
0.411437
0.411446
0.411447
0.411451
0.411464
0.411476
0.411489
0.4115
0.411513
0.411526
0.411532
0.411533
0.411541
0.411557
0.411572
0.411589
0.411596
0.41161
0.411613
0.411621
0.411628
0.411641
0.41165
0.411645
0.411643
0.411664
0.411687
0.411692
0.4117
0.411715
0.411725
0.411733
0.411732
0.411739
0.411741
0.411743
0.411751
0.411751
0.411763
0.41176
0.411774
0.411771
0.411776
0.41179
0.411786
0.411778
0.411779
0.411786
0.4118
0.411807
0.4118
0.411803
0.411818
0.411807
0.411811
0.411814
0.411814
0.411818
0.411829
0.411841
0.411836
0.411861
0.411865
0.411869
0.411878
0.411881
0.411898
0.411908
0.41192
0.411918
0.411921
0.411936
0.411941
0.411938
0.411958
0.411978
0.411991
0.411992
0.411997
0.412004
0.412019
0.412044
0.412052
0.412057
0.412055
0.412062
0.412062
0.412077
0.412079
0.412091
0.412106
0.412119
0.412123
0.412128
0.412127
0.41214
0.412156
0.412162
0.412175
0.412189
0.412201
0.41221
0.412205
0.412216
0.412227
0.41224
0.41225
0.412245
0.412235
0.412231
0.41223
0.412234
0.412235
0.412243
0.412254
0.412263
0.41226
0.412268
0.412281
0.412275
0.41228
0.412275
0.41227
0.412286
0.412295
0.412305
0.412308
0.412315
0.412334
0.412332
0.412345
0.412346
0.41235
0.412355
0.412371
0.412373
0.412387
0.412394
0.412405
0.412414
0.412421
0.412419
0.412416
0.412423
0.412437
0.412456
0.412466
0.412474
0.412479
0.412484
0.412489
0.412496
0.412501
0.412503
0.412512
0.412531
0.412536
0.412559
0.412563
0.412573
0.41259
0.412599
0.412607
0.412598
0.412608
0.412604
0.412626
0.412623
0.412629
0.412635
0.412656
0.412667
0.41267
0.412674
0.412679
0.412686
0.412693
0.412694
0.412694
0.412698
0.412712
0.41272
0.412734
0.412742
0.412749
0.412747
0.412761
0.412766
0.412768
0.412772
0.412782
0.412788
0.412803
0.41281
0.412816
0.412824
0.412823
0.412834
0.412842
0.412844
0.412857
0.412858
0.412865
0.412868
0.412878
0.412896
0.412907
0.412918
0.412911
0.412921
0.412941
0.412943
0.412958
0.412959
0.412965
0.412976
0.412992
0.413002
0.413016
0.413018
0.413026
0.413036
0.413046
0.413056
0.413068
0.41307
0.41308
0.413098
0.413111
0.41311
0.413114
0.413121
0.41312
0.413125
0.413132
0.413137
0.413145
0.413154
0.41317
0.413174
0.413191
0.413196
0.413202
0.413208
0.413221
0.413236
0.413243
0.413267
0.413279
0.413277
0.41328
0.413284
0.413299
0.413301
0.413312
0.413324
0.413323
0.413336
0.413343
0.413354
0.413355
0.413362
0.413376
0.413382
0.413378
0.413379
0.41339
0.413406
0.413423
0.413415
0.413424
0.413427
0.413451
0.413455
0.413464
0.413472
0.413475
0.413483
0.413493
0.413511
0.413525
0.413537
0.413538
0.413544
0.413555
0.413559
0.413575
0.413571
0.413589
0.413583
0.413592
0.413599
0.413611
0.413618
0.413641
0.413647
0.413647
0.413656
0.413667
0.413675
0.413691
0.413691
0.413704
0.41371
0.413715
0.413734
0.41374
0.413748
0.413752
0.413758
0.413758
0.413765
0.41377
0.413768
0.413774
0.413785
0.413792
0.413791
0.4138
0.413821
0.413832
0.413836
0.413837
0.413847
0.413855
0.41386
0.413869
0.413895
0.413901
0.413907
0.413913
0.413912
0.413917
0.413928
0.413928
0.413939
0.413945
0.413947
0.413954
0.413971
0.413976
0.413967
0.413982
0.413997
0.41401
0.41402
0.41403
0.414038
0.414062
0.414071
0.41407
0.414081
0.414083
0.414095
0.414104
0.414114
0.414125
0.414144
0.414156
0.414162
0.414172
0.414168
0.414178
0.414177
0.414201
0.414217
0.414208
0.414212
0.414224
0.414231
0.414243
0.414255
0.414269
0.414288
0.414292
0.414308
0.414314
0.414329
0.414334
0.41435
0.414369
0.414383
0.414386
0.414399
0.414397
0.414409
0.414418
0.414415
0.414419
0.414424
0.414436
0.414447
0.414448
0.414466
0.414466
0.414478
0.414489
0.414485
0.414502
0.414517
0.414526
0.414536
0.414541
0.414547
0.414556
0.414559
0.414567
0.414567
0.414576
0.414576
0.414583
0.414589
0.414577
0.414592
0.414584
0.414599
0.414613
0.414617
0.414625
0.414635
0.414652
0.414661
0.414673
0.414691
0.414702
0.414723
0.414738
0.41475
0.414759
0.414761
0.414768
0.414783
0.414789
0.414803
0.414798
0.414814
0.414818
0.414832
0.414836
0.414846
0.414849
0.414851
0.414861
0.414859
0.414871
0.414886
0.414898
0.414898
0.414898
0.414913
0.414922
0.41493
0.414938
0.414949
0.414947
0.414948
0.414957
0.414965
0.414981
0.414992
0.415005
0.415007
0.415016
0.415029
0.415037
0.415045
0.415048
0.415045
0.415052
0.41506
0.415061
0.415068
0.415077
0.41508
0.415082
0.415094
0.415111
0.415118
0.415123
0.415139
0.415146
0.415155
0.415171
0.415181
0.415179
0.415181
0.41519
0.415194
0.415198
0.415204
0.415218
0.41522
0.415222
0.415226
0.41523
0.415232
0.415229
0.415227
0.415245
0.41526
0.415271
0.41527
0.415286
0.415287
0.415295
0.415305
0.415315
0.415325
0.415324
0.415327
0.415336
0.415355
0.41537
0.415371
0.415375
0.415384
0.415394
0.415399
0.415398
0.415407
0.415417
0.415424
0.415439
0.41543
0.415436
0.415441
0.415452
0.415456
0.415459
0.415467
0.415478
0.41548
0.415484
0.415484
0.415495
0.415505
0.415509
0.415508
0.415514
0.415527
0.415532
0.415543
0.41555
0.415561
0.415571
0.415581
0.415584
0.415589
0.4156
0.415606
0.415613
0.415616
0.415629
0.415643
0.415653
0.415656
0.415663
0.415662
0.415667
0.415677
0.415684
0.415695
0.4157
0.415716
0.415728
0.415752
0.41576
0.415768
0.415791
0.415792
0.415801
0.415801
0.415816
0.415828
0.415827
0.415843
0.415848
0.415857
0.415865
0.415871
0.415885
0.415895
0.415895
0.4159
0.415912
0.415909
0.41592
0.415918
0.415924
0.415929
0.415946
0.415955
0.415967
0.415976
0.415997
0.415997
0.415995
0.415996
0.415994
0.415986
0.415989
0.416011
0.416024
0.416028
0.416029
0.416035
0.416047
0.416069
0.416075
0.416091
0.416087
0.41609
0.416108
0.416122
0.416135
0.416137
0.416151
0.416167
0.416168
0.416177
0.416178
0.41618
0.416183
0.416193
0.416197
0.416201
0.416203
0.416219
0.416226
0.416233
0.416244
0.416255
0.416265
0.416264
0.416262
0.416258
0.416263
0.416268
0.416272
0.416285
0.416297
0.416307
0.416301
0.416299
0.416306
0.416313
0.416318
0.416327
0.416339
0.41635
0.416353
0.416355
0.416367
0.416379
0.416382
0.416401
0.416416
0.416414
0.416418
0.416421
0.41643
0.416438
0.41644
0.416442
0.416451
0.416457
0.416469
0.416464
0.416468
0.416474
0.416488
0.416506
0.41652
0.41653
0.416537
0.416546
0.416552
0.41656
0.416578
0.416583
0.416586
0.416586
0.416587
0.416596
0.416614
0.416613
0.416627
0.416645
0.41665
0.416659
0.416669
0.416676
0.416689
0.416684
0.416697
0.416697
0.416703
0.416719
0.416728
0.416734
0.416742
0.416754
0.416761
0.416764
0.416764
0.416771
0.416775
0.416778
0.416783
0.416787
0.416793
0.416805
0.416807
0.416823
0.416834
0.416839
0.416856
0.416867
0.416877
0.416883
0.416896
0.416893
0.416898
0.416892
0.416896
0.416908
0.416924
0.416944
0.416956
0.416965
0.416978
0.416991
0.416996
0.416999
0.417004
0.417005
0.417013
0.417022
0.41703
0.417039
0.41704
0.417047
0.417056
0.417053
0.417062
0.417062
0.417071
0.417077
0.417089
0.417095
0.417097
0.417094
0.417098
0.417089
0.417098
0.417108
0.417111
0.417134
0.417144
0.417149
0.417164
0.417163
0.417161
0.417162
0.417162
0.417167
0.417166
0.417165
0.417167
0.417167
0.417178
0.417174
0.417181
0.417193
0.417195
0.4172
0.417198
0.417208
0.417202
0.417209
0.41722
0.417219
0.417229
0.417235
0.41725
0.417253
0.417257
0.417277
0.417293
0.417303
0.417306
0.417313
0.417323
0.417338
0.417347
0.417364
0.417363
0.417369
0.417375
0.417385
0.417383
0.41739
0.417393
0.41741
0.417414
0.417405
0.4174
0.417406
0.417408
0.417408
0.417413
0.417431
0.417434
0.417443
0.41745
0.417456
0.417465
0.417473
0.417489
0.417492
0.417499
0.417504
0.417513
0.417516
0.417524
0.417528
0.417542
0.417543
0.417553
0.417559
0.417567
0.417566
0.417579
0.41759
0.417602
0.417594
0.417597
0.417616
0.417627
0.41763
0.417636
0.417638
0.417647
0.417654
0.417663
0.417669
0.417677
0.417677
0.417684
0.417689
0.41769
0.417695
0.417697
0.417699
0.41771
0.41771
0.417714
0.417712
0.41771
0.417709
0.41771
0.41772
0.417717
0.417724
0.417729
0.417724
0.417735
0.417744
0.417746
0.417748
0.41776
0.417764
0.417778
0.41778
0.417793
0.417802
0.417807
0.417808
0.417815
0.417823
0.417825
0.417825
0.417833
0.417834
0.417842
0.41785
0.417853
0.417861
0.417872
0.417874
0.417874
0.417874
0.417864
0.417867
0.417878
0.417884
0.417895
0.417899
0.417887
0.41789
0.417903
0.417913
0.417919
0.417916
0.417919
0.417929
0.417931
0.417948
0.417956
0.417963
0.417974
0.417985
0.417992
0.417997
0.418004
0.418002
0.418007
0.418013
0.418011
0.418014
0.418025
0.418039
0.418047
0.418046
0.418049
0.418049
0.418056
0.418056
0.418061
0.418073
0.418083
0.418088
0.418097
0.418107
0.418119
0.418109
0.418121
0.418123
0.418126
0.418143
0.418148
0.418159
0.418158
0.418162
0.41817
0.418177
0.418179
0.418177
0.418168
0.418177
0.418172
0.418172
0.418181
0.418186
0.418196
0.418199
0.418205
0.418208
0.418217
0.418213
0.418227
0.418242
0.418243
0.418247
0.418249
0.41825
0.418256
0.418267
0.41827
0.418278
0.418288
0.418288
0.418296
0.418293
0.418306
0.418313
0.418325
0.418329
0.418328
0.418343
0.418345
0.418347
0.418358
0.418366
0.41837
0.418373
0.418393
0.41839
0.418398
0.418411
0.418413
0.41841
0.418418
0.418427
0.418426
0.418434
0.41844
0.418449
0.418461
0.418449
0.418449
0.418452
0.418458
0.418476
0.418485
0.418493
0.418503
0.418505
0.418509
0.418516
0.418523
0.418523
0.418536
0.418535
0.418536
0.418541
0.41855
0.418557
0.418547
0.418553
0.418559
0.418573
0.418568
0.418571
0.418564
0.418579
0.418596
0.418603
0.41861
0.418615
0.418628
0.418639
0.418645
0.418659
0.418656
0.418668
0.418672
0.41868
0.418683
0.418694
0.418701
0.418712
0.418712
0.418714
0.418722
0.418723
0.41874
0.418745
0.418747
0.418755
0.41876
0.418767
0.418777
0.418783
0.418797
0.418813
0.418826
0.418823
0.418825
0.418836
0.41884
0.418839
0.418848
0.418856
0.418866
0.418868
0.41887
0.418872
0.418875
0.418878
0.418892
0.418891
0.418892
0.4189
0.418893
0.418906
0.418909
0.41892
0.418929
0.418917
0.418923
0.418933
0.418935
0.41893
0.418942
0.418943
0.418952
0.418953
0.41896
0.418966
0.418976
0.41898
0.418984
0.418992
0.418991
0.418994
0.418993
0.419012
0.419014
0.419025
0.419044
0.419044
0.419051
0.419056
0.419063
0.419076
0.419081
0.419081
0.419089
0.419092
0.419101
0.41911
0.419124
0.419128
0.419135
0.419127
0.419128
0.419137
0.419147
0.419162
0.419157
0.41916
0.419167
0.419174
0.419175
0.419184
0.419187
0.419198
0.419207
0.419211
0.419216
0.419216
0.419216
0.41922
0.419226
0.419224
0.419221
0.419232
0.419237
0.419235
0.419242
0.419252
0.419249
0.419263
0.419259
0.41926
0.419271
0.419278
0.419286
0.419286
0.419288
0.419298
0.419308
0.419324
0.419327
0.419344
0.419351
0.419363
0.419372
0.419373
0.419375
0.419378
0.419383
0.419384
0.419392
0.419396
0.419396
0.419396
0.419398
0.419411
0.419418
0.419433
0.419436
0.419441
0.419452
0.419466
0.419471
0.419481
0.419474
0.419483
0.419488
0.419509
0.419515
0.419519
0.419519
0.419525
0.41953
0.419536
0.419545
0.419559
0.419569
0.419572
0.419579
0.419586
0.419587
0.41959
0.419589
0.419588
0.419591
0.419593
0.419591
0.419598
0.419603
0.419595
0.419599
0.419604
0.419604
0.419607
0.419615
0.419619
0.419621
0.419625
0.419633
0.419631
0.419639
0.419654
0.419665
0.419669
0.419677
0.41969
0.419698
0.419711
0.419714
0.419726
0.419739
0.41975
0.419756
0.419767
0.419772
0.419786
0.419803
0.419817
0.419822
0.419832
0.419843
0.419853
0.419865
0.41988
0.4199
0.419914
0.419916
0.41993
0.419941
0.419945
0.419952
0.419947
0.419957
0.419971
0.419982
0.41999
0.419995
0.420011
0.420021
0.420019
0.420024
0.420022
0.420032
0.42003
0.420035
0.420047
0.42006
0.420063
0.420068
0.420066
0.420072
0.420081
0.42009
0.42009
0.420091
0.420093
0.420085
0.420097
0.420108
0.420113
0.420124
0.420123
0.42012
0.420125
0.42012
0.420124
0.42013
0.420131
0.420129
0.420141
0.420142
0.420151
0.420155
0.420153
0.420159
0.420162
0.420166
0.420178
0.420189
0.420199
0.420201
0.420215
0.420224
0.420229
0.420238
0.420239
0.420243
0.420244
0.420246
0.420247
0.420262
0.420252
0.420256
0.420255
0.420268
0.420269
0.420269
0.420267
0.420271
0.42028
0.420282
0.420282
0.420291
0.420291
0.420292
0.420304
0.420315
0.420322
0.420321
0.420328
0.42034
0.420347
0.420355
0.420363
0.420371
0.420372
0.42038
0.420383
0.420388
0.420393
0.420404
0.42041
0.420418
0.420423
0.42043
0.42044
0.420451
0.42046
0.42046
0.420463
0.420465
0.420475
0.420477
0.420487
0.420491
0.420504
0.420508
0.420513
0.420521
0.420528
0.420539
0.420544
0.42055
0.420563
0.420564
0.420571
0.42058
0.420586
0.420591
0.420589
0.420605
0.420603
0.420603
0.42061
0.420623
0.420636
0.420645
0.420647
0.420662
0.420667
0.420672
0.420677
0.420689
0.420693
0.420698
0.420706
0.420713
0.420722
0.420733
0.420742
0.420747
0.42076
0.420781
0.420782
0.420787
0.420793
0.420798
0.420807
0.420812
0.420812
0.420816
0.420817
0.42083
0.420832
0.420842
0.420852
0.42086
0.420866
0.420871
0.420885
0.420888
0.420893
0.4209
0.420912
0.420912
0.420917
0.420924
0.420922
0.420923
0.420932
0.420934
0.420944
0.420947
0.420946
0.420945
0.420947
0.420953
0.420962
0.420965
0.420965
0.420972
0.420966
0.420974
0.420978
0.420983
0.420978
0.420983
0.420987
0.420989
0.421002
0.42101
0.421014
0.42101
0.421019
0.421032
0.421033
0.421042
0.421034
0.421032
0.42104
0.421041
0.421039
0.421052
0.421053
0.421065
0.421066
0.42108
0.421083
0.421079
0.421081
0.421083
0.421083
0.421084
0.421083
0.421092
0.421099
0.421098
0.421102
0.421103
0.421107
0.421114
0.421113
0.421114
0.421115
0.421119
0.421129
0.421124
0.421132
0.421137
0.421137
0.421146
0.421146
0.421162
0.421175
0.421184
0.421198
0.421202
0.421208
0.421207
0.421212
0.421231
0.421238
0.421248
0.421263
0.421276
0.421288
0.421295
0.421307
0.421309
0.421316
0.42132
0.421321
0.421324
0.421324
0.42134
0.42134
0.42134
0.421341
0.421346
0.42135
0.421363
0.421371
0.421376
0.421386
0.421389
0.42139
0.42141
0.421416
0.42142
0.421429
0.421439
0.421455
0.421476
0.421493
0.421502
0.421502
0.421506
0.421506
0.421504
0.421507
0.421512
0.421516
0.421516
0.421522
0.421538
0.421538
0.421545
0.42155
0.42156
0.421557
0.421564
0.421564
0.421569
0.421572
0.421588
0.421592
0.421599
0.421597
0.421606
0.42161
0.421614
0.421618
0.421621
0.421632
0.421633
0.421634
0.421647
0.421649
0.421662
0.42167
0.421683
0.421687
0.421695
0.421711
0.421709
0.421715
0.421735
0.421746
0.421749
0.421752
0.42176
0.421761
0.421757
0.421763
0.421773
0.421787
0.421806
0.421804
0.421806
0.421805
0.421803
0.421809
0.42181
0.421823
0.421823
0.42182
0.421819
0.421823
0.421827
0.421823
0.421818
0.421828
0.421834
0.421836
0.421836
0.421845
0.42186
0.421862
0.421863
0.421874
0.421867
0.421865
0.421873
0.421872
0.421877
0.421883
0.421885
0.421893
0.421899
0.421905
0.421909
0.42191
0.421913
0.421927
0.421931
0.421943
0.42194
0.421948
0.42195
0.421955
0.421963
0.421967
0.421976
0.421981
0.42198
0.421991
0.422009
0.422013
0.422026
0.422023
0.422027
0.422027
0.422023
0.422016
0.422023
0.422022
0.422015
0.422021
0.422017
0.422024
0.42203
0.422037
0.422041
0.422037
0.422046
0.422061
0.422062
0.422075
0.422084
0.4221
0.422109
0.422109
0.422114
0.422122
0.422132
0.422137
0.422138
0.422142
0.422144
0.422146
0.422147
0.42215
0.422161
0.422164
0.422167
0.422166
0.422168
0.422181
0.422182
0.422192
0.4222
0.422207
0.42221
0.422218
0.422221
0.422237
0.422246
0.422251
0.422257
0.422266
0.422277
0.422272
0.422278
0.422283
0.422293
0.422298
0.422305
0.422307
0.422309
0.422319
0.42233
0.422336
0.422338
0.422346
0.422353
0.422361
0.422363
0.422361
0.422368
0.422369
0.422374
0.422375
0.422376
0.42237
0.422378
0.422382
0.42238
0.422388
0.422391
0.422406
0.422401
0.422394
0.422408
0.422407
0.422411
0.422411
0.422414
0.422414
0.422417
0.422423
0.422433
0.422437
0.422436
0.422439
0.422433
0.42244
0.422446
0.42246
0.422475
0.422473
0.422469
0.422474
0.42248
0.422478
0.422488
0.42249
0.422488
0.422485
0.422485
0.422491
0.422498
0.422498
0.422515
0.422514
0.422515
0.422522
0.422521
0.422532
0.422534
0.422544
0.422539
0.422534
0.422538
0.422544
0.42255
0.422554
0.422559
0.422565
0.422574
0.422582
0.422589
0.422588
0.422598
0.422605
0.422615
0.422612
0.422623
0.422623
0.422623
0.422627
0.422622
0.422626
0.422631
0.422632
0.422636
0.422644
0.422652
0.422652
0.422665
0.422664
0.422669
0.422681
0.422674
0.422687
0.422698
0.422706
0.422714
0.422721
0.422724
0.422728
0.422731
0.422747
0.422755
0.422756
0.422761
0.422773
0.422782
0.422779
0.422782
0.422789
0.422796
0.422801
0.422806
0.422819
0.422835
0.422849
0.422862
0.42286
0.422862
0.42286
0.422859
0.42286
0.422871
0.422869
0.422881
0.422884
0.42289
0.422889
0.422889
0.422886
0.42289
0.422892
0.422899
0.422902
0.422905
0.422911
0.422911
0.422926
0.422931
0.422941
0.422952
0.422958
0.422963
0.422962
0.422963
0.422974
0.422975
0.422982
0.422982
0.422988
0.422989
0.422997
0.423004
0.423003
0.423005
0.423016
0.42302
0.423035
0.423028
0.423043
0.423042
0.423041
0.423045
0.42305
0.423048
0.423054
0.423064
0.423059
0.423067
0.423076
0.423082
0.423075
0.423084
0.423091
0.423096
0.423104
0.423107
0.423116
0.423115
0.423121
0.42314
0.423158
0.423165
0.423165
0.423165
0.423171
0.42317
0.423177
0.423182
0.423182
0.423185
0.423202
0.423209
0.423219
0.423222
0.423235
0.423243
0.423251
0.423258
0.42327
0.423277
0.42328
0.423283
0.423288
0.423286
0.423293
0.423299
0.423317
0.423315
0.423319
0.42333
0.423338
0.423344
0.423346
0.423354
0.423357
0.423364
0.423374
0.423373
0.423376
0.423385
0.423396
0.423404
0.423409
0.423406
0.42341
0.42341
0.423407
0.423411
0.423423
0.423442
0.42345
0.423459
0.423466
0.423468
0.423475
0.423484
0.423489
0.423501
0.423507
0.423515
0.423521
0.42353
0.423541
0.423543
0.42355
0.423553
0.42355
0.423558
0.423562
0.423566
0.423569
0.423581
0.423587
0.423585
0.423589
0.423591
0.423608
0.423615
0.423614
0.423621
0.42362
0.423629
0.423638
0.423638
0.423646
0.423657
0.423661
0.423665
0.423676
0.42368
0.423684
0.423685
0.423684
0.423687
0.423689
0.423694
0.423699
0.4237
0.423703
0.423711
0.423716
0.423722
0.423719
0.423719
0.423725
0.42372
0.423723
0.423737
0.42375
0.423756
0.423755
0.423761
0.423767
0.423771
0.423778
0.423776
0.423775
0.423784
0.423789
0.423791
0.423794
0.423798
0.423811
0.423815
0.423818
0.42382
0.423821
0.423824
0.42383
0.423839
0.42384
0.423853
0.423861
0.423856
0.423862
0.423864
0.423869
0.423877
0.423881
0.423886
0.423893
0.423914
0.423921
0.423927
0.423933
0.423951
0.423952
0.423953
0.423964
0.423966
0.423973
0.423978
0.423991
0.423995
0.423994
0.423995
0.424
0.424008
0.424022
0.424026
0.424026
0.42403
0.424039
0.424042
0.424041
0.424039
0.424044
0.424045
0.424051
0.424055
0.424062
0.424067
0.424071
0.424084
0.424081
0.424081
0.424079
0.424081
0.424088
0.424092
0.424089
0.424092
0.424099
0.424109
0.424116
0.424112
0.424116
0.424118
0.424127
0.424126
0.424133
0.424138
0.42414
0.424144
0.424142
0.424149
0.424165
0.424172
0.424179
0.424173
0.424176
0.424186
0.42419
0.424191
0.424197
0.424201
0.424204
0.42421
0.424206
0.424206
0.42421
0.424222
0.42423
0.424242
0.42424
0.42424
0.424252
0.424262
0.424265
0.424271
0.424273
0.424284
0.424292
0.424301
0.424302
0.424314
0.424321
0.424321
0.424322
0.424325
0.424328
0.424336
0.424337
0.424339
0.424338
0.424334
0.424332
0.424339
0.424338
0.424341
0.424345
0.42435
0.424344
0.424347
0.424352
0.424356
0.424358
0.424359
0.424364
0.424367
0.42437
0.424376
0.424372
0.424374
0.424384
0.424386
0.424393
0.424388
0.4244
0.4244
0.424393
0.424395
0.424395
0.4244
0.424398
0.4244
0.424406
0.424411
0.424417
0.42443
0.424431
0.424441
0.424445
0.424455
0.424463
0.424473
0.424489
0.424495
0.424498
0.4245
0.424507
0.424518
0.42452
0.424525
0.424526
0.424537
0.424535
0.424544
0.424552
0.424551
0.424554
0.424557
0.42456
0.424564
0.424566
0.42457
0.424579
0.424582
0.424586
0.42459
0.424597
0.424609
0.424616
0.424627
0.42463
0.424634
0.424636
0.424638
0.424644
0.424646
0.424648
0.424651
0.424657
0.424658
0.42466
0.424657
0.424665
0.424673
0.424676
0.424677
0.42468
0.424677
0.424678
0.424677
0.424687
0.424691
0.424689
0.424694
0.4247
0.424718
0.424715
0.424724
0.424726
0.424731
0.424732
0.42474
0.424742
0.424748
0.424761
0.424764
0.424771
0.424769
0.424777
0.424784
0.424791
0.424793
0.424799
0.424805
0.424812
0.424811
0.424817
0.424818
0.424829
0.424834
0.424836
0.424842
0.424846
0.424841
0.424853
0.424861
0.424867
0.424878
0.424886
0.424893
0.424901
0.424908
0.424917
0.42491
0.424918
0.424922
0.424927
0.424931
0.424932
0.424942
0.424945
0.424955
0.424968
0.42498
0.424998
0.425014
0.425015
0.425016
0.425017
0.425019
0.425015
0.425022
0.425029
0.425037
0.425041
0.425045
0.425038
0.425038
0.425043
0.425046
0.425048
0.425059
0.425062
0.425067
0.425068
0.425076
0.42508
0.425086
0.425083
0.425083
0.425093
0.425099
0.425115
0.425111
0.425119
0.425131
0.42513
0.425129
0.425127
0.425125
0.425132
0.42514
0.425151
0.425156
0.425158
0.425166
0.425173
0.425186
0.425186
0.425194
0.425201
0.425202
0.425211
0.425213
0.425217
0.425227
0.425239
0.425255
0.425256
0.425253
0.425259
0.425266
0.425262
0.425262
0.425261
0.425267
0.425274
0.425269
0.425273
0.425274
0.425284
0.425292
0.425301
0.425307
0.425311
0.425315
0.425321
0.425321
0.425317
0.425324
0.425328
0.425332
0.425338
0.425336
0.425345
0.425348
0.42535
0.425356
0.425352
0.425351
0.425357
0.425355
0.425365
0.425369
0.425373
0.425378
0.425389
0.4254
0.425408
0.425418
0.425435
0.425448
0.425446
0.425444
0.425446
0.425452
0.425463
0.425468
0.425472
0.425477
0.425477
0.42548
0.425474
0.425488
0.42549
0.425498
0.425499
0.425499
0.425504
0.425514
0.425519
0.42552
0.425529
0.425537
0.425533
0.425532
0.425537
0.425534
0.425533
0.425537
0.425542
0.425547
0.425556
0.425555
0.425557
0.425556
0.425561
0.425567
0.425572
0.425584
0.425582
0.425589
0.425593
0.425602
0.425605
0.425612
0.425607
0.425623
0.425624
0.425637
0.425635
0.425628
0.425633
0.425639
0.425641
0.425647
0.425647
0.425652
0.425654
0.425662
0.425667
0.425671
0.425681
0.425683
0.425692
0.425699
0.425709
0.425709
0.425714
0.425714
0.425712
0.425718
0.425707
0.425719
0.425725
0.425727
0.425732
0.425738
0.425744
0.425742
0.425743
0.425753
0.425758
0.425764
0.42577
0.425773
0.425783
0.425784
0.425796
0.425802
0.425815
0.425818
0.425823
0.425821
0.42582
0.425832
0.425833
0.425841
0.425843
0.425849
0.425864
0.425863
0.425861
0.42587
0.425882
0.425883
0.425889
0.425898
0.425904
0.425903
0.425912
0.425919
0.425927
0.425932
0.425937
0.425944
0.425943
0.42594
0.425948
0.425959
0.425964
0.425965
0.425963
0.425972
0.425976
0.425969
0.425973
0.425981
0.425985
0.425993
0.425994
0.426002
0.426005
0.426015
0.426021
0.426025
0.426026
0.42603
0.426035
0.426038
0.426045
0.426048
0.426052
0.426058
0.426067
0.426065
0.426064
0.426063
0.426065
0.426063
0.426069
0.426075
0.426081
0.426084
0.426096
0.4261
0.426107
0.426106
0.426098
0.426105
0.426104
0.426111
0.426124
0.426128
0.426135
0.426137
0.426139
0.426139
0.426149
0.426155
0.426163
0.426171
0.426177
0.426173
0.426177
0.426172
0.426168
0.426172
0.426179
0.426183
0.42619
0.426196
0.426195
0.4262
0.426202
0.426204
0.426203
0.426203
0.426197
0.426196
0.426197
0.426196
0.426197
0.426194
0.426196
0.426203
0.426206
0.426206
0.42621
0.426213
0.426212
0.426216
0.426223
0.426226
0.426236
0.426242
0.426247
0.42625
0.426256
0.426266
0.426274
0.426279
0.426286
0.426287
0.42629
0.426289
0.426287
0.426289
0.4263
0.426307
0.426307
0.426304
0.42631
0.426315
0.426317
0.426327
0.426341
0.426345
0.426346
0.426356
0.426365
0.426371
0.426369
0.426367
0.426364
0.42637
0.42638
0.426389
0.42639
0.426391
0.426404
0.426403
0.426405
0.426409
0.426411
0.426415
0.426425
0.426438
0.426447
0.426448
0.426453
0.426458
0.426462
0.426464
0.426464
0.426474
0.426477
0.426487
0.426493
0.426496
0.426505
0.426511
0.426517
0.426512
0.42652
0.426526
0.426525
0.426531
0.426543
0.426548
0.426556
0.426561
0.426561
0.426556
0.426566
0.426565
0.42657
0.426569
0.426579
0.426583
0.426588
0.426588
0.4266
0.426603
0.426602
0.426608
0.426615
0.426618
0.426617
0.426614
0.426621
0.426617
0.426617
0.426624
0.426629
0.426636
0.426643
0.42664
0.42664
0.426641
0.426638
0.42664
0.426652
0.426648
0.426644
0.426648
0.426652
0.426659
0.426672
0.426674
0.426676
0.426685
0.426688
0.426689
0.426697
0.426699
0.4267
0.426705
0.426708
0.426714
0.42672
0.426727
0.426739
0.426743
0.426738
0.426742
0.42674
0.426742
0.426743
0.42675
0.426749
0.426749
0.426758
0.426761
0.426771
0.426783
0.426788
0.426787
0.426789
0.426798
0.426802
0.426803
0.426807
0.426811
0.426819
0.426823
0.426828
0.426834
0.426839
0.426846
0.426848
0.426853
0.426857
0.426862
0.426863
0.426869
0.426873
0.426873
0.426874
0.426878
0.426875
0.426878
0.426872
0.426878
0.426879
0.426884
0.426886
0.426883
0.426885
0.426881
0.426886
0.426895
0.426906
0.426915
0.42692
0.426925
0.42693
0.426941
0.426942
0.426946
0.426951
0.426957
0.426956
0.426953
0.426956
0.426955
0.426954
0.42695
0.426959
0.42696
0.426962
0.426973
0.426975
0.426985
0.426993
0.426991
0.426994
0.427002
0.426999
0.42701
0.427015
0.427011
0.427015
0.427021
0.427024
0.42703
0.427031
0.427033
0.427037
0.427043
0.42705
0.427056
0.427051
0.427048
0.427058
0.42706
0.427072
0.427077
0.42708
0.4271
0.427108
0.427109
0.42711
0.42711
0.427116
0.42713
0.427134
0.427145
0.427146
0.427152
0.427169
0.427177
0.42718
0.427189
0.427202
0.427202
0.427211
0.427208
0.427218
0.427224
0.427223
0.427222
0.427226
0.427221
0.427231
0.427229
0.427232
0.427241
0.427239
0.427242
0.427241
0.427252
0.427253
0.427257
0.427264
0.427266
0.427272
0.427276
0.427275
0.42727
0.427277
0.42728
0.427283
0.42729
0.427291
0.427293
0.427296
0.4273
0.427308
0.42731
0.427323
0.427326
0.427327
0.42733
0.427334
0.427346
0.427348
0.427356
0.427362
0.427364
0.427369
0.42737
0.427378
0.427384
0.427388
0.427394
0.427397
0.427396
0.427397
0.427398
0.4274
0.427396
0.427404
0.427402
0.427404
0.427412
0.427403
0.427408
0.427411
0.427418
0.427424
0.427437
0.427439
0.427445
0.427448
0.427445
0.427453
0.427451
0.427458
0.427456
0.427457
0.427459
0.427453
0.427454
0.427451
0.427453
0.427457
0.427455
0.42746
0.42746
0.427462
0.427467
0.427467
0.427469
0.427475
0.427476
0.427474
0.42748
0.427477
0.427484
0.427487
0.427493
0.427496
0.427501
0.427506
0.4275
0.427495
0.427501
0.427508
0.427509
0.427513
0.427517
0.42752
0.427519
0.42752
0.427529
0.427536
0.427527
0.427532
0.427545
0.427547
0.427546
0.427546
0.427545
0.427548
0.42755
0.427558
0.427567
0.427566
0.427566
0.427571
0.427577
0.427584
0.427589
0.4276
0.427601
0.427596
0.4276
0.427601
0.427602
0.427606
0.427611
0.42762
0.427625
0.427626
0.427628
0.427633
0.427634
0.427634
0.427641
0.427646
0.427654
0.427655
0.427661
0.427678
0.427687
0.427685
0.427691
0.427693
0.427699
0.4277
0.427703
0.427706
0.427707
0.427713
0.427719
0.427715
0.427721
0.427721
0.427732
0.427744
0.427752
0.427753
0.427763
0.427772
0.427774
0.427778
0.427777
0.427784
0.427791
0.427798
0.427796
0.427797
0.427803
0.427805
0.427809
0.42781
0.427814
0.427818
0.427824
0.427828
0.427835
0.427836
0.427844
0.427851
0.427857
0.427859
0.427866
0.427869
0.427882
0.427881
0.427882
0.427884
0.427886
0.42789
0.427889
0.427905
0.42792
0.42791
0.427913
0.427918
0.42792
0.427926
0.427928
0.427935
0.427939
0.427949
0.427952
0.427955
0.427966
0.427971
0.427974
0.427971
0.427973
0.427974
0.427971
0.427965
0.42797
0.427974
0.427979
0.427979
0.42799
0.427997
0.428008
0.428017
0.428011
0.428018
0.428024
0.428024
0.428025
0.428027
0.428034
0.428039
0.428037
0.42804
0.428044
0.428049
0.428053
0.428059
0.428065
0.42806
0.428064
0.428064
0.42807
0.428075
0.428078
0.428083
0.428087
0.428091
0.428097
0.428101
0.428107
0.428113
0.428122
0.428125
0.428125
0.42813
0.428127
0.428129
0.428138
0.42814
0.428139
0.428137
0.42814
0.428143
0.42815
0.428151
0.428157
0.428152
0.428157
0.42816
0.428166
0.428168
0.428178
0.428183
0.428181
0.428179
0.428181
0.428187
0.428191
0.428194
0.428193
0.428193
0.428195
0.428205
0.428208
0.428204
0.428216
0.428213
0.428213
0.428209
0.428214
0.428215
0.428214
0.428223
0.428222
0.42823
0.428235
0.428241
0.428246
0.428255
0.428253
0.428256
0.428257
0.428265
0.428277
0.428284
0.428291
0.428296
0.428298
0.428301
0.428311
0.42832
0.428333
0.428334
0.428345
0.428348
0.428348
0.428345
0.42835
0.428353
0.428359
0.428367
0.428371
0.42837
0.428368
0.428371
0.428373
0.428382
0.428388
0.428387
0.428385
0.428384
0.428383
0.428389
0.428391
0.428392
0.4284
0.428403
0.428409
0.428412
0.428415
0.42842
0.42843
0.42844
0.428437
0.428438
0.428444
0.428447
0.428442
0.428442
0.428452
0.428451
0.428452
0.428456
0.428468
0.428476
0.428479
0.428478
0.428487
0.428489
0.428493
0.428495
0.428499
0.428505
0.428504
0.428508
0.428513
0.428516
0.428516
0.428525
0.428528
0.428532
0.428538
0.428539
0.428548
0.428556
0.42856
0.428565
0.428569
0.428571
0.428578
0.428577
0.42858
0.428585
0.428585
0.428587
0.428589
0.428602
0.428602
0.42861
0.428616
0.428622
0.428627
0.428625
0.428625
0.428631
0.428632
0.42864
0.428644
0.428645
0.428647
0.42865
0.428649
0.428652
0.42866
0.428663
0.42866
0.428661
0.428665
0.428668
0.428678
0.428677
0.428682
0.428686
0.428687
0.428689
0.428692
0.428695
0.428704
0.428706
0.428717
0.428721
0.428722
0.428722
0.428731
0.428735
0.428739
0.428737
0.428745
0.428746
0.428749
0.428743
0.428754
0.428756
0.428755
0.428753
0.428759
0.428761
0.428768
0.428765
0.428774
0.428777
0.428779
0.428786
0.428794
0.428788
0.42879
0.428793
0.428791
0.4288
0.428801
0.428807
0.428822
0.428821
0.428823
0.428828
0.428828
0.428829
0.42884
0.428844
0.428847
0.428846
0.428851
0.428853
0.428855
0.428854
0.428856
0.428859
0.428863
0.428864
0.428874
0.428879
0.428891
0.428895
0.428892
0.428897
0.428898
0.428904
0.42891
0.42892
0.42893
0.428934
0.42894
0.42894
0.428941
0.428949
0.428947
0.428951
0.428956
0.428958
0.428963
0.428967
0.428964
0.428968
0.42897
0.42897
0.428971
0.428976
0.428977
0.428977
0.428984
0.428993
0.428992
0.42901
0.429017
0.429017
0.429021
0.429023
0.429022
0.429029
0.429026
0.429036
0.429041
0.429047
0.429048
0.429058
0.429065
0.429067
0.429064
0.429066
0.429061
0.429066
0.429069
0.429071
0.429079
0.429086
0.42909
0.429092
0.429097
0.429102
0.429105
0.42911
0.429111
0.429111
0.429109
0.429115
0.42912
0.429117
0.429121
0.429124
0.429133
0.429142
0.429146
0.429149
0.429142
0.429149
0.429153
0.429154
0.429163
0.429166
0.42917
0.429174
0.42918
0.429187
0.429182
0.429191
0.429187
0.429187
0.429189
0.429191
0.429192
0.429192
0.429194
0.429195
0.429199
0.429202
0.429197
0.429203
0.429198
0.429202
0.429209
0.429217
0.429217
0.429221
0.429216
0.42922
0.429225
0.429231
0.429235
0.429241
0.429253
0.429261
0.429263
0.429268
0.429268
0.429267
0.429272
0.429275
0.429282
0.429287
0.429288
0.429284
0.429287
0.429299
0.429296
0.4293
0.429308
0.429318
0.42932
0.429316
0.429309
0.429309
0.429307
0.429316
0.429319
0.429315
0.42932
0.429333
0.42934
0.429341
0.429344
0.429349
0.429353
0.429355
0.429364
0.429365
0.42937
0.429375
0.429379
0.429377
0.429376
0.429383
0.429392
0.429387
0.429386
0.429389
0.42939
0.429397
0.429398
0.429404
0.429407
0.429412
0.42942
0.429422
0.429424
0.429424
0.42942
0.429424
0.429431
0.429432
0.429439
0.42944
0.429447
0.429455
0.429457
0.429459
0.429466
0.429465
0.429467
0.429468
0.429467
0.429468
0.429478
0.42948
0.429486
0.429495
0.429497
0.4295
0.429501
0.429502
0.429497
0.4295
0.429515
0.429514
0.429516
0.42952
0.429522
0.429528
0.42953
0.429532
0.429531
0.429533
0.429538
0.429544
0.429544
0.429545
0.429548
0.429546
0.429555
0.429561
0.429565
0.429563
0.429559
0.429567
0.429571
0.429574
0.429568
0.429568
0.429565
0.429567
0.429565
0.429568
0.429573
0.429586
0.429587
0.429593
0.429599
0.429608
0.42961
0.429614
0.429625
0.429624
0.429625
0.429629
0.429634
0.42964
0.429642
0.429642
0.429642
0.429651
0.429649
0.429648
0.429655
0.429661
0.429661
0.42966
0.429665
0.429666
0.429673
0.42968
0.429676
0.429675
0.429676
0.429679
0.429681
0.429681
0.429679
0.429684
0.429691
0.429691
0.429693
0.429694
0.4297
0.429704
0.429706
0.429715
0.429712
0.429717
0.429713
0.429722
0.429722
0.429725
0.429728
0.429733
0.429739
0.429745
0.429746
0.429743
0.429739
0.429738
0.429743
0.429746
0.429746
0.42975
0.429763
0.429769
0.429771
0.429779
0.429781
0.429785
0.42979
0.429796
0.4298
0.4298
0.429803
0.429802
0.429804
0.42981
0.429813
0.429811
0.429808
0.42981
0.429814
0.429813
0.429813
0.429812
0.429811
0.429814
0.429825
0.429825
0.429831
0.429835
0.429839
0.42984
0.429846
0.429853
0.429861
0.429873
0.429883
0.429883
0.429885
0.429891
0.429889
0.429896
0.429898
0.429903
0.429909
0.429906
0.429907
0.429904
0.42991
0.429916
0.429916
0.429924
0.429928
0.429928
0.429934
0.429942
0.429948
0.42996
0.429958
0.429952
0.429953
0.429954
0.429957
0.429961
0.429962
0.429959
0.429958
0.429965
0.429977
0.429985
0.429985
0.429994
0.430003
0.430003
0.430001
0.430002
0.430002
0.430005
0.430003
0.43001
0.430011
0.430012
0.430016
0.430011
0.430013
0.430017
0.430023
0.430027
0.43003
0.430033
0.430037
0.430041
0.430039
0.430042
0.430037
0.430037
0.430039
0.430048
0.430056
0.430064
0.430068
0.430069
0.430071
0.430078
0.43008
0.430085
0.430093
0.430096
0.430099
0.430103
0.430109
0.43011
0.430115
0.430123
0.430121
0.430124
0.430123
0.430121
0.430124
0.430125
0.430121
0.430125
0.430122
0.430123
0.430129
0.430131
0.430137
0.430138
0.43014
0.430149
0.430153
0.43016
0.430169
0.430175
0.43018
0.430181
0.430184
0.43019
0.430189
0.430196
0.430193
0.4302
0.430208
0.430207
0.430216
0.430222
0.430234
0.430238
0.43024
0.430246
0.430248
0.430248
0.430244
0.43025
0.430252
0.430253
0.430259
0.430267
0.430276
0.430274
0.43027
0.430278
0.430276
0.430279
0.430288
0.430289
0.430286
0.43029
0.430288
0.430291
0.430293
0.430299
0.4303
0.430302
0.430307
0.430312
0.430315
0.430317
0.430321
0.430322
0.430331
0.430335
0.430339
0.430335
0.43034
0.430341
0.430343
0.430348
0.430349
0.43035
0.430351
0.430358
0.430364
0.430371
0.430373
0.430369
0.430375
0.430385
0.430384
0.430389
0.430393
0.430396
0.430394
0.430395
0.430399
0.430407
0.430413
0.430419
0.430427
0.430423
0.430426
0.430428
0.430428
0.430432
0.43043
0.430429
0.43043
0.430432
0.430437
0.430435
0.430442
0.430455
0.430455
0.430454
0.430459
0.43047
0.430471
0.430475
0.430478
0.430485
0.430491
0.430492
0.430495
0.430495
0.430495
0.430499
0.430502
0.430505
0.430508
0.430512
0.430519
0.430529
0.430532
0.430534
0.430538
0.430538
0.430542
0.430546
0.430554
0.430557
0.430558
0.430562
0.430568
0.430573
0.430573
0.430575
0.43058
0.430577
0.430586
0.43059
0.430595
0.430601
0.430601
0.430607
0.430618
0.430618
0.430617
0.430621
0.430628
0.430632
0.430634
0.430636
0.430637
0.43064
0.430642
0.430647
0.430647
0.430641
0.430646
0.430654
0.430658
0.430668
0.43067
0.430676
0.430685
0.430687
0.430696
0.430701
0.430697
0.4307
0.430704
0.430712
0.430714
0.43072
0.43072
0.430724
0.430724
0.430728
0.430726
0.430725
0.430722
0.430727
0.43073
0.43073
0.430731
0.430735
0.430739
0.430743
0.430751
0.430758
0.430762
0.430771
0.430772
0.430773
0.430776
0.430773
0.430782
0.430785
0.430795
0.430805
0.430809
0.430808
0.430812
0.430812
0.430814
0.430814
0.43082
0.430822
0.430826
0.430827
0.43083
0.430829
0.430834
0.43084
0.43084
0.430846
0.430854
0.430856
0.430854
0.430858
0.430857
0.430863
0.430865
0.430864
0.430864
0.43087
0.430874
0.43088
0.430882
0.430884
0.430883
0.430891
0.430908
0.430911
0.430913
0.430916
0.430918
0.430923
0.430922
0.430928
0.430926
0.43093
0.43094
0.430938
0.430937
0.43094
0.430949
0.430944
0.430943
0.430944
0.430943
0.430953
0.430958
0.430969
0.430975
0.430969
0.430977
0.430976
0.430983
0.430984
0.430987
0.43099
0.430993
0.431003
0.431003
0.431005
0.431005
0.431009
0.431015
0.431021
0.431024
0.431024
0.43102
0.431022
0.431027
0.431027
0.431031
0.431037
0.431043
0.431047
0.431048
0.431053
0.431057
0.431062
0.431061
0.431068
0.431078
0.431081
0.431088
0.431088
0.431095
0.431106
0.431107
0.431109
0.431119
0.431124
0.431132
0.431136
0.431139
0.431139
0.431138
0.431149
0.431149
0.431158
0.431162
0.431158
0.431163
0.431156
0.431156
0.431162
0.431163
0.431164
0.431171
0.431175
0.431174
0.431181
0.431185
0.431188
0.431188
0.431189
0.431197
0.431204
0.431203
0.431208
0.431214
0.431217
0.431222
0.431221
0.431227
0.43123
0.431226
0.431227
0.431235
0.431242
0.431244
0.431249
0.431253
0.431256
0.431256
0.43126
0.431264
0.431263
0.431265
0.431277
0.431281
0.431285
0.431288
0.431288
0.431292
0.431297
0.431298
0.431301
0.431303
0.431308
0.431311
0.431319
0.431315
0.431319
0.431326
0.431335
0.431341
0.43135
0.43135
0.431358
0.431367
0.431375
0.431373
0.431377
0.43137
0.431375
0.431377
0.43137
0.431371
0.431368
0.431373
0.431377
0.431385
0.431384
0.431396
0.431393
0.431395
0.431402
0.431409
0.431416
0.431427
0.431429
0.431433
0.431436
0.431442
0.431438
0.431442
0.43144
0.431447
0.431451
0.431457
0.431465
0.431466
0.431468
0.43147
0.431474
0.431471
0.431473
0.431478
0.431478
0.431486
0.431489
0.431492
0.431492
0.431489
0.431486
0.431481
0.431488
0.431493
0.4315
0.431506
0.431513
0.431514
0.431514
0.43152
0.431525
0.431536
0.431534
0.431536
0.431534
0.431532
0.431532
0.431536
0.431539
0.431531
0.431534
0.431549
0.431552
0.431557
0.431558
0.431564
0.431566
0.431565
0.431569
0.431568
0.431566
0.43157
0.431573
0.431572
0.431579
0.431584
0.431586
0.431587
0.43159
0.43159
0.431593
0.431599
0.431597
0.431597
0.431606
0.431607
0.431612
0.431623
0.43163
0.431632
0.431641
0.431646
0.431647
0.43165
0.431656
0.431661
0.431665
0.431664
0.431673
0.431675
0.431673
0.431672
0.431672
0.431681
0.431683
0.431684
0.431678
0.431675
0.431675
0.43168
0.431682
0.431684
0.431687
0.431692
0.431689
0.431692
0.431689
0.431696
0.431698
0.4317
0.431703
0.431706
0.431708
0.431711
0.431713
0.431719
0.431724
0.431722
0.431729
0.431732
0.431739
0.431744
0.431745
0.431749
0.431751
0.431754
0.431759
0.431764
0.431767
0.43177
0.431769
0.431774
0.431777
0.431778
0.43178
0.431773
0.431776
0.431776
0.431774
0.431775
0.431775
0.431779
0.431784
0.431785
0.431787
0.431795
0.431797
0.431798
0.431802
0.431803
0.431809
0.431811
0.431813
0.431812
0.431815
0.431813
0.431822
0.431818
0.431823
0.431827
0.431829
0.431828
0.431824
0.431825
0.431827
0.431831
0.431839
0.431848
0.431851
0.431865
0.431863
0.431871
0.431872
0.431879
0.431883
0.431887
0.431887
0.431895
0.4319
0.431902
0.431909
0.431917
0.431918
0.431915
0.431924
0.431924
0.431925
0.431924
0.431922
0.431921
0.431927
0.431942
0.431948
0.431946
0.43195
0.431946
0.431946
0.431947
0.431953
0.431956
0.431957
0.431959
0.431957
0.431963
0.431968
0.431975
0.431975
0.431976
0.431981
0.431981
0.43198
0.431983
0.431985
0.431986
0.431996
0.432002
0.432004
0.432005
0.432011
0.432013
0.432013
0.432021
0.432022
0.432028
0.432031
0.432038
0.432042
0.432043
0.432049
0.432056
0.432055
0.432052
0.432057
0.432055
0.432058
0.43206
0.432054
0.432053
0.432061
0.432073
0.432081
0.432087
0.432087
0.432088
0.43209
0.432089
0.432085
0.432089
0.432097
0.432107
0.432111
0.432115
0.432116
0.432124
0.432131
0.432129
0.432128
0.432131
0.432133
0.432136
0.432146
0.432145
0.432153
0.432163
0.432169
0.43217
0.432175
0.432177
0.432181
0.432181
0.432182
0.432181
0.432182
0.432183
0.432187
0.432189
0.432193
0.432196
0.432199
0.432199
0.432205
0.432207
0.432206
0.432209
0.432216
0.432219
0.432222
0.432224
0.43223
0.432235
0.432239
0.432242
0.432238
0.432244
0.432248
0.432251
0.432259
0.432259
0.432264
0.432269
0.432268
0.432266
0.43227
0.432276
0.43228
0.432286
0.432295
0.432296
0.432298
0.432298
0.4323
0.432301
0.432305
0.432306
0.432304
0.432303
0.432314
0.432318
0.432326
0.432333
0.432333
0.432342
0.432342
0.432338
0.432339
0.432343
0.432354
0.432353
0.432355
0.432359
0.432363
0.432369
0.432373
0.43237
0.432374
0.432376
0.432381
0.432384
0.432391
0.43239
0.4324
0.432398
0.432395
0.432404
0.432407
0.432409
0.43241
0.432415
0.432416
0.432419
0.43242
0.432422
0.432426
0.432427
0.432422
0.432425
0.432432
0.432432
0.432432
0.432433
0.432436
0.432438
0.432442
0.432441
0.43245
0.43245
0.43245
0.43245
0.432454
0.432458
0.432461
0.432461
0.432462
0.432469
0.43247
0.432474
0.432477
0.432476
0.432473
0.432475
0.432479
0.432474
0.432482
0.432484
0.432493
0.432492
0.432498
0.432506
0.432509
0.432509
0.432514
0.43252
0.432522
0.432523
0.432531
0.432534
0.432533
0.432532
0.432534
0.432533
0.432534
0.43254
0.432542
0.432547
0.432551
0.432551
0.432542
0.432548
0.432546
0.432553
0.432553
0.432554
0.432557
0.432558
0.432563
0.432566
0.432562
0.432569
0.432576
0.432583
0.432589
0.43259
0.432586
0.432587
0.432595
0.432598
0.432603
0.432601
0.432604
0.432599
0.432596
0.432593
0.432595
0.432603
0.432609
0.432612
0.432619
0.432621
0.432628
0.432633
0.432631
0.432634
0.432643
0.432646
0.432648
0.432649
0.432651
0.432648
0.432646
0.432653
0.432654
0.432658
0.43266
0.432667
0.432667
0.432669
0.432671
0.432671
0.432668
0.43267
0.43268
0.432684
0.432678
0.432679
0.43268
0.432681
0.432678
0.432685
0.432682
0.432684
0.432685
0.432686
0.432694
0.432704
0.432704
0.432708
0.432711
0.432713
0.432718
0.432721
0.432723
0.432721
0.432728
0.432737
0.432739
0.432743
0.432746
0.432746
0.432752
0.432759
0.432757
0.432766
0.432775
0.432775
0.432785
0.432792
0.432796
0.432806
0.432809
0.43281
0.432817
0.432819
0.432829
0.432828
0.43283
0.43283
0.432833
0.432833
0.432838
0.432838
0.432833
0.43284
0.432847
0.432848
0.432851
0.432853
0.432855
0.432863
0.432871
0.43287
0.432876
0.432881
0.432888
0.432893
0.432894
0.432898
0.4329
0.432904
0.432905
0.432906
0.43291
0.43291
0.432913
0.432912
0.432915
0.432921
0.43292
0.432919
0.432927
0.432928
0.432931
0.432938
0.432941
0.432945
0.432948
0.43295
0.432953
0.432956
0.432954
0.432961
0.432963
0.432964
0.432971
0.432975
0.432972
0.432976
0.432976
0.43298
0.432986
0.432987
0.432987
0.432989
0.43299
0.432989
0.432999
0.433004
0.433009
0.433015
0.433022
0.433027
0.433035
0.433035
0.433033
0.433038
0.433039
0.433044
0.433041
0.433048
0.433053
0.433059
0.433054
0.43306
0.433063
0.433061
0.433059
0.433059
0.433061
0.433067
0.433071
0.433072
0.433074
0.433084
0.433087
0.433092
0.433095
0.4331
0.4331
0.433105
0.433104
0.433106
0.433107
0.433107
0.433109
0.433109
0.433112
0.433113
0.433117
0.43312
0.433125
0.43313
0.433136
0.433138
0.433139
0.433141
0.433147
0.433143
0.433145
0.433149
0.433151
0.43315
0.433149
0.433154
0.433151
0.433152
0.43316
0.433166
0.433171
0.433175
0.433177
0.433181
0.433181
0.433186
0.433186
0.433184
0.433189
0.433196
0.433195
0.433198
0.433202
0.433202
0.433201
0.433201
0.433201
0.433204
0.433203
0.433206
0.433206
0.433215
0.433229
0.433232
0.433235
0.43324
0.433242
0.433248
0.433254
0.433261
0.433265
0.433263
0.433272
0.433271
0.433275
0.433279
0.433275
0.433276
0.433278
0.433284
0.433293
0.433295
0.433304
0.433305
0.433304
0.433301
0.4333
0.433298
0.433303
0.43331
0.433314
0.43331
0.433313
0.433316
0.433316
0.433321
0.433326
0.433325
0.433326
0.433323
0.433331
0.433336
0.433339
0.433335
0.433338
0.433346
0.433344
0.433347
0.433353
0.433362
0.433363
0.433364
0.433369
0.433371
0.433371
0.433374
0.433378
0.433377
0.433375
0.433377
0.433385
0.433389
0.433391
0.433389
0.433386
0.43339
0.433391
0.433394
0.433394
0.433397
0.433396
0.433394
0.433392
0.433392
0.433397
0.433403
0.433407
0.433405
0.433408
0.433406
0.43341
0.433416
0.433418
0.433427
0.433438
0.433446
0.433448
0.433451
0.433448
0.433454
0.433461
0.433464
0.433468
0.433472
0.433479
0.433478
0.433479
0.433489
0.433496
0.433498
0.4335
0.433499
0.4335
0.433502
0.433502
0.433518
0.433522
0.433522
0.433531
0.433529
0.433534
0.433547
0.433545
0.433554
0.433552
0.433546
0.43354
0.433543
0.433542
0.433548
0.433553
0.433557
0.433557
0.433561
0.433556
0.43356
0.433561
0.433559
0.433556
0.433552
0.433555
0.433555
0.433558
0.433568
0.433571
0.433574
0.433577
0.433581
0.43358
0.433578
0.433579
0.433581
0.433586
0.433587
0.433593
0.433601
0.433608
0.433612
0.433618
0.433616
0.433619
0.433618
0.433625
0.43363
0.43363
0.433634
0.433634
0.433638
0.433637
0.433639
0.433643
0.433644
0.433654
0.433656
0.433656
0.433652
0.433657
0.433658
0.433662
0.43366
0.433661
0.433665
0.433671
0.433677
0.433683
0.433686
0.433683
0.433686
0.433686
0.433692
0.433698
0.433703
0.433702
0.433704
0.433707
0.433709
0.433714
0.433712
0.433718
0.433714
0.433708
0.433712
0.433715
0.433726
0.43373
0.433735
0.433733
0.433737
0.43374
0.433741
0.433746
0.433754
0.433759
0.433759
0.433759
0.433763
0.433764
0.433767
0.433778
0.433776
0.433774
0.433777
0.433776
0.433781
0.433783
0.433785
0.433784
0.43379
0.433792
0.433801
0.433804
0.433809
0.433807
0.43381
0.43381
0.433812
0.433816
0.433816
0.433818
0.433816
0.433822
0.433827
0.433833
0.433836
0.433843
0.433844
0.433853
0.433859
0.433863
0.433869
0.433871
0.433871
0.433876
0.433881
0.433884
0.433886
0.43389
0.433891
0.433895
0.433905
0.433897
0.433901
0.433909
0.43391
0.433909
0.433909
0.433908
0.433904
0.433913
0.433912
0.433912
0.433916
0.433914
0.433915
0.433918
0.433921
0.433931
0.43394
0.433945
0.433953
0.433958
0.433958
0.433964
0.433965
0.433966
0.433964
0.433965
0.43397
0.43397
0.43397
0.43397
0.433973
0.433971
0.433974
0.433981
0.433982
0.433981
0.433983
0.43398
0.433977
0.433981
0.433978
0.433984
0.433988
0.433993
0.433997
0.434001
0.433997
0.433998
0.434
0.434005
0.434007
0.434007
0.434005
0.434008
0.434009
0.434017
0.434019
0.434023
0.434032
0.434033
0.434032
0.434032
0.434031
0.434034
0.43404
0.43404
0.43404
0.434039
0.434039
0.43404
0.43404
0.434042
0.434046
0.434049
0.434054
0.434056
0.434057
0.434062
0.434068
0.434066
0.434066
0.43407
0.434072
0.434075
0.434086
0.434084
0.434085
0.434088
0.434097
0.434099
0.434098
0.434101
0.434103
0.43411
0.434116
0.434118
0.434119
0.434122
0.434123
0.434131
0.434136
0.43414
0.434147
0.434145
0.434146
0.434149
0.434153
0.434152
0.434158
0.434155
0.434157
0.434163
0.434165
0.434171
0.434173
0.434178
0.434186
0.434188
0.434191
0.434188
0.434197
0.434199
0.43421
0.434207
0.434208
0.43421
0.434211
0.43421
0.434208
0.434212
0.434218
0.434219
0.434226
0.434231
0.434238
0.434242
0.434246
0.434247
0.434245
0.434251
0.434254
0.434254
0.434256
0.434255
0.43426
0.43427
0.434271
0.434268
0.434273
0.434273
0.434273
0.434271
0.43427
0.434268
0.434275
0.434277
0.434285
0.434284
0.434283
0.434282
0.434282
0.434281
0.434287
0.434296
0.434303
0.434304
0.434311
0.434317
0.434327
0.434326
0.434326
0.434335
0.434332
0.434332
0.434334
0.434336
0.434339
0.434343
0.434348
0.43435
0.434358
0.434359
0.434354
0.434361
0.434368
0.434372
0.434381
0.434383
0.434386
0.434389
0.434391
0.43439
0.434393
0.434393
0.434401
0.434404
0.434407
0.434409
0.434404
0.43441
0.434409
0.434409
0.434408
0.434412
0.434417
0.434412
0.434411
0.434416
0.43442
0.434421
0.434425
0.434427
0.434433
0.434436
0.434436
0.43444
0.434448
0.434447
0.434446
0.434444
0.434448
0.434451
0.434452
0.43445
0.434451
0.434453
0.434454
0.434463
0.434475
0.434483
0.434486
0.434493
0.434501
0.434502
0.434501
0.434501
0.43451
0.434509
0.434508
0.434509
0.434511
0.434511
0.43451
0.434512
0.434515
0.434525
0.43453
0.434527
0.434531
0.434528
0.434531
0.434535
0.434541
0.434542
0.434546
0.43455
0.434553
0.434552
0.434554
0.43455
0.434553
0.434558
0.434556
0.434558
0.434562
0.43457
0.434567
0.434565
0.434564
0.434566
0.434566
0.434574
0.434577
0.434585
0.43459
0.434591
0.434589
0.434591
0.434595
0.434605
0.434607
0.434615
0.434611
0.434611
0.434614
0.434611
0.43462
0.434627
0.434629
0.434631
0.43463
0.434637
0.434635
0.434633
0.434636
0.434637
0.43464
0.434643
0.43464
0.434646
0.43465
0.434653
0.434655
0.434658
0.434659
0.434662
0.434663
0.434663
0.434664
0.434664
0.434671
0.434673
0.434676
0.43468
0.434682
0.434685
0.434692
0.434694
0.434691
0.434695
0.4347
0.434699
0.434703
0.434705
0.434706
0.434709
0.434709
0.434708
0.434717
0.434714
0.434713
0.43471
0.434717
0.43472
0.434731
0.434737
0.434748
0.434749
0.434749
0.434746
0.434752
0.434749
0.434758
0.434764
0.434765
0.434767
0.43477
0.434769
0.434772
0.434774
0.43478
0.434784
0.434786
0.434789
0.434787
0.434786
0.434791
0.434794
0.434795
0.4348
0.434797
0.434798
0.434802
0.434808
0.434814
0.43482
0.434828
0.434829
0.434829
0.434831
0.434834
0.434832
0.434834
0.434831
0.434831
0.434834
0.434832
0.434837
0.434836
0.434838
0.434847
0.434852
0.434855
0.434858
0.434867
0.434868
0.434873
0.434878
0.434877
0.43488
0.434876
0.43488
0.434882
0.434882
0.43488
0.434877
0.434879
0.43488
0.434883
0.434888
0.434893
0.434893
0.434893
0.434896
0.434899
0.434901
0.434902
0.434901
0.434906
0.434906
0.434908
0.434908
0.434915
0.434917
0.434917
0.434916
0.434918
0.434916
0.43492
0.434919
0.434928
0.434932
0.434926
0.434926
0.434928
0.434932
0.434935
0.434942
0.434942
0.434939
0.434944
0.434947
0.434955
0.434954
0.434953
0.434957
0.434952
0.434957
0.434957
0.434956
0.434957
0.434958
0.434961
0.434963
0.434963
0.434967
0.434969
0.434974
0.434977
0.434974
0.434977
0.434986
0.434989
0.434996
0.435003
0.435008
0.435009
0.435015
0.435021
0.435027
0.435028
0.435028
0.435033
0.43503
0.435032
0.435033
0.435034
0.435034
0.435039
0.435049
0.435044
0.435045
0.435049
0.435052
0.435058
0.435058
0.435061
0.435061
0.43507
0.435071
0.43507
0.435073
0.435071
0.435073
0.435078
0.435077
0.435079
0.43508
0.435078
0.435078
0.435076
0.435075
0.435078
0.435077
0.435075
0.435079
0.435075
0.435075
0.435077
0.435078
0.435082
0.435083
0.435085
0.435096
0.435095
0.4351
0.435101
0.435105
0.435106
0.435109
0.435114
0.435114
0.435113
0.435116
0.435119
0.435119
0.435118
0.43512
0.435124
0.435119
0.435118
0.435118
0.435117
0.435121
0.43512
0.435122
0.435127
0.435125
0.435125
0.435129
0.435128
0.435129
0.435131
0.435131
0.43514
0.435145
0.435146
0.435146
0.435145
0.435151
0.435154
0.435157
0.435156
0.435164
0.43516
0.435165
0.435169
0.435173
0.435174
0.435177
0.435176
0.43518
0.435177
0.435177
0.43518
0.43518
0.435182
0.435185
0.435188
0.435192
0.43519
0.435191
0.435194
0.435197
0.435199
0.435203
0.435206
0.435205
0.435212
0.435209
0.435211
0.435221
0.435219
0.435225
0.435231
0.435235
0.435236
0.435239
0.435239
0.435244
0.435249
0.43525
0.435256
0.435259
0.435258
0.435261
0.435264
0.435269
0.43527
0.435274
0.435268
0.435269
0.435271
0.435276
0.435281
0.435281
0.435283
0.435283
0.435285
0.435284
0.435281
0.435288
0.435287
0.43529
