3.179681211055455307e-09	-2.496733499875164099e-17	3.866314651221871741e-17	1.000000000000000000e+00
6.359362422110910614e-09	-2.430457895608869436e-17	3.513366547966524933e-17	1.000000000000000000e+00
9.539043633166366748e-09	5.051571507530547590e-17	6.746343660409714159e-17	1.000000000000000000e+00
1.271872484422182123e-08	3.160950987008794496e-17	9.555862100588134311e-17	1.000000000000000000e+00
1.589840605527727571e-08	-8.724315876831580886e-17	1.217014879635301949e-16	1.000000000000000000e+00
1.907808726633273019e-08	-4.380649458787077470e-17	6.900305198824008790e-17	1.000000000000000000e+00
2.225776847738818798e-08	6.286194722530441780e-16	1.333701423421900372e-16	1.000000000000000000e+00
2.543744968844364246e-08	4.381064155285940981e-17	3.842599086278503347e-17	1.000000000000000000e+00
2.861713089949909694e-08	-2.623036603096112336e-17	4.231509237450544849e-17	1.000000000000000000e+00
3.179681211055455142e-08	-3.872494796342857867e-17	3.535731903350560102e-17	1.000000000000000000e+00
3.497649332161000920e-08	4.214656216448058989e-17	3.510254365597721335e-17	1.000000000000000000e+00
3.815617453266546699e-08	-6.212369383536251042e-18	3.642635717106846239e-17	1.000000000000000000e+00
4.133585574372092478e-08	-2.039196120102519912e-17	3.770573050148556309e-17	1.000000000000000000e+00
4.451553695477637595e-08	-6.969578214810249782e-17	4.555534251678391694e-17	1.000000000000000000e+00
4.769521816583183374e-08	-4.020387834244195579e-17	4.312729727367785601e-17	1.000000000000000000e+00
5.087489937688728491e-08	4.374064683617149333e-17	3.788172133525955977e-17	1.000000000000000000e+00
5.405458058794274270e-08	2.811386877432352352e-17	3.512662123755697800e-17	1.000000000000000000e+00
5.723426179899820049e-08	-4.352950996065376650e-17	3.517698569655733196e-17	1.000000000000000000e+00
6.041394301005365166e-08	-2.845797460153271093e-17	3.519394207364546556e-17	1.000000000000000000e+00
6.359362422110910283e-08	-5.044906896896966211e-17	4.570323814025038041e-17	1.000000000000000000e+00
