0.996078
0.785075
0.709742
0.664336
0.640738
0.620173
0.60396
0.59675
0.59067
0.585664
0.587895
0.587125
0.583961
0.582361
0.579752
0.574679
0.570869
0.569629
0.567285
0.565925
0.566347
0.56768
0.567084
0.56649
0.566573
0.565839
0.56625
0.566807
0.567532
0.566742
0.566805
0.56728
0.568011
0.567464
0.567365
0.56792
0.566827
0.566035
0.566347
0.56739
0.567033
0.567167
0.567175
0.567265
0.567529
0.568009
0.568686
0.568896
0.5691
0.569603
0.569346
0.569014
0.56911
0.568317
0.567995
0.568132
0.566894
0.567329
0.566974
0.567511
0.567715
0.567583
0.567079
0.56688
0.566861
0.565725
0.565095
0.563605
0.562824
0.562598
0.56274
0.562598
0.562463
0.56264
0.562559
0.562685
0.56232
0.562727
0.563032
0.563089
0.562918
0.562965
0.562215
0.561821
0.561828
0.561521
0.561498
0.561874
0.561547
0.561408
0.561007
0.561046
0.560994
0.560353
0.560365
0.560196
0.559845
0.560276
0.559607
0.559474
0.559407
0.559157
0.558509
0.558805
0.558945
0.558667
0.558186
0.558391
0.558187
0.557937
0.558275
0.557784
0.557479
0.557554
0.557742
0.557914
0.558198
0.558079
0.557896
0.557946
0.558165
0.558098
0.557908
0.557436
0.557401
0.557595
0.557692
0.557429
0.557135
0.557028
0.557179
0.55702
0.556884
0.556968
0.556747
0.556965
0.556843
0.556754
0.556615
0.556549
0.556277
0.556176
0.556307
0.556096
0.556278
0.556231
0.556127
0.556544
0.556744
0.556628
0.556871
0.556813
0.556388
0.556645
0.55638
0.556377
0.556406
0.55651
0.556806
0.556741
0.556968
0.556873
0.55676
0.556372
0.556661
0.55694
0.556984
0.557011
0.556834
0.556872
0.556612
0.55651
0.556583
0.556783
0.556476
0.556176
0.556269
0.556248
0.556118
0.556311
0.556028
0.556289
0.556483
0.556617
0.556473
0.556254
0.556403
0.556193
0.556132
0.555909
0.555637
0.555603
0.555585
0.555755
0.555659
0.555679
0.555557
0.555559
0.555361
0.555429
0.555529
0.555534
0.55554
0.555355
0.555601
0.555376
0.555272
0.555112
0.555166
0.554997
0.554996
0.555085
0.555302
0.55531
0.555422
0.555505
0.555552
0.555402
0.555456
0.555481
0.55556
0.55566
0.55595
0.555877
0.55587
0.555851
0.555666
0.555729
0.556008
0.556023
0.555845
0.555878
0.555864
0.555829
0.556031
0.555981
0.556082
0.556116
0.55621
0.55634
0.556433
0.5565
0.556493
0.556502
0.556571
0.556647
0.556529
0.556778
0.556879
0.556768
0.556823
0.556844
0.556665
0.556775
0.556812
0.55678
0.556661
0.556687
0.556874
0.556815
0.556774
0.557021
0.55704
0.557039
0.556925
0.556967
0.556837
0.557039
0.557109
0.556968
0.556885
0.557005
0.557011
0.556851
0.556985
0.556985
0.557018
0.556983
0.557033
0.557087
0.557124
0.557167
0.557067
0.557008
0.557108
0.557222
0.557338
0.557176
0.557234
0.557126
0.556951
0.55695
0.556882
0.556905
0.556729
0.55662
0.556823
0.556847
0.556777
0.55677
0.55682
0.55663
0.556674
0.556583
0.556627
0.556639
0.556679
0.556746
0.556717
0.556748
0.5567
0.556677
0.556583
0.55663
0.556647
0.556711
0.556738
0.556721
0.556746
0.556689
0.556526
0.556656
0.556598
0.556721
0.556627
0.556827
0.556908
0.556887
0.556962
0.556956
0.557002
0.556977
0.557053
0.556997
0.556985
0.557016
0.557043
0.556989
0.557137
0.557179
0.557237
0.557086
0.557059
0.557062
0.556987
0.557085
0.557072
0.557025
0.556931
0.556945
0.556765
0.556685
0.556576
0.556678
0.556763
0.556752
0.556721
0.556656
0.556655
0.556695
0.556697
0.55654
0.556486
0.55649
0.556491
0.556538
0.556643
0.55653
0.556444
0.556442
0.556495
0.556411
0.556404
0.556387
0.556265
0.556275
0.556388
0.556348
0.556416
0.556403
0.556381
0.55632
0.556113
0.556007
0.555959
0.555958
0.556024
0.555946
0.555942
0.555945
0.55592
0.555835
0.555809
0.555783
0.555694
0.555675
0.55553
0.555576
0.555553
0.555545
0.555444
0.555431
0.555408
0.555306
0.555357
0.555408
0.555433
0.555499
0.55563
0.555688
0.555653
0.555677
0.555761
0.555656
0.555675
0.555618
0.555551
0.55553
0.555594
0.555599
0.555647
0.555659
0.555729
0.555722
0.555779
0.555772
0.555842
0.555851
0.555745
0.555726
0.555747
0.555711
0.55576
0.55584
0.555937
0.555892
0.555878
0.555863
0.555847
0.555803
0.555711
0.555698
0.555619
0.555671
0.555619
0.555655
0.555679
0.555774
0.555706
0.555671
0.555709
0.555709
0.555782
0.555805
0.555816
0.555857
0.555897
0.555913
0.555894
0.555825
0.555776
0.555782
0.555711
0.555709
0.555685
0.555668
0.555597
0.555663
0.555669
0.555618
0.555694
0.555675
0.555722
0.55575
0.55571
0.555807
0.555819
0.555758
0.555709
0.555621
0.555626
0.555554
0.555742
0.555844
0.555803
0.555787
0.555701
0.555725
0.555752
0.555755
0.555701
0.555625
0.555591
0.555565
0.555609
0.555568
0.555454
0.555494
0.555401
0.555505
0.555545
0.555524
0.555473
0.555423
0.555443
0.555379
0.555242
0.555285
0.555257
0.555124
0.555062
0.555049
0.555084
0.555011
0.554895
0.554994
0.555114
0.555053
0.555126
0.555007
0.555145
0.555165
0.555178
0.555115
0.555166
0.555117
0.555047
0.555103
0.555018
0.555006
0.55488
0.554917
0.554879
0.554882
0.55487
0.554835
0.55483
0.554831
0.5548
0.554811
0.554834
0.554696
0.55471
0.554766
0.554834
0.554749
0.554759
0.554799
0.554788
0.554819
0.554789
0.554688
0.554717
0.554759
0.554767
0.554772
0.55476
0.554805
0.554787
0.554768
0.554714
0.554768
0.554769
0.554776
0.554786
0.55485
0.554822
0.554842
0.554747
0.554719
0.554814
0.554896
0.5549
0.554966
0.554958
0.554942
0.554892
0.554905
0.554946
0.554903
0.554934
0.554995
0.554897
0.554835
0.554861
0.554868
0.554822
0.554709
0.554697
0.554731
0.554715
0.554697
0.554682
0.554581
0.554585
0.554557
0.554513
0.554534
0.554506
0.554504
0.554512
0.554606
0.554635
0.554628
0.554518
0.55455
0.554479
0.554476
0.554417
0.554465
0.554436
0.554369
0.554348
0.554321
0.554306
0.554269
0.554278
0.554349
0.554379
0.55441
0.554463
0.554573
0.554575
0.55449
0.554449
0.554586
0.554628
0.554617
0.554573
0.554605
0.554633
0.554636
0.554647
0.554677
0.554734
0.554734
0.554845
0.554886
0.554885
0.554841
0.554873
0.554801
0.554859
0.554854
0.554865
0.55484
0.554808
0.554816
0.554874
0.554891
0.554875
0.55489
0.554883
0.554944
0.554991
0.555015
0.555019
0.555003
0.554981
0.554974
0.555064
0.555073
0.555035
0.554956
0.555052
0.555049
0.555027
0.555026
0.555009
0.55492
0.55494
0.554931
0.554867
0.554906
0.554947
0.554959
0.555013
0.554996
0.554995
0.555019
0.554979
0.555016
0.555011
0.55503
0.554956
0.554952
0.554964
0.554956
0.554974
0.555045
0.555029
0.554932
0.554991
0.555065
0.55503
0.55495
0.554875
0.554831
0.554842
0.554794
0.554718
0.554736
0.554718
0.554715
0.554752
0.554771
0.554627
0.554598
0.554615
0.554695
0.554703
0.554681
0.554651
0.554703
0.55473
0.554777
0.554724
0.554725
0.554675
0.554627
0.554645
0.554666
0.554598
0.554492
0.554523
0.554576
0.554587
0.554587
0.554584
0.55462
0.55466
0.554653
0.55465
0.554618
0.554572
0.554518
0.554538
0.554567
0.554634
0.554614
0.554617
0.554604
0.554615
0.554562
0.554571
0.554602
0.554578
0.554567
0.554516
0.554527
0.554512
0.554538
0.554537
0.554475
0.554491
0.554499
0.554513
0.554517
0.554555
0.554517
0.554535
0.554491
0.554549
0.554473
0.554516
0.554549
0.554533
0.554457
0.554432
0.554478
0.554511
0.554491
0.55451
0.55456
0.554636
0.554612
0.554624
0.554586
0.554552
0.554552
0.554571
0.554557
0.554529
0.554495
0.554467
0.554475
0.554498
0.554506
0.554516
0.554527
0.554487
0.554541
0.554608
0.554581
0.554597
0.554567
0.554557
0.554577
0.554533
0.554567
0.554572
0.554618
0.554538
0.554495
0.554482
0.5545
0.554512
0.554514
0.55453
0.554521
0.554571
0.554494
0.554557
0.554563
0.554513
0.554531
0.554567
0.554549
0.554553
0.554523
0.554592
0.554612
0.554585
0.554556
0.55447
0.554415
0.554416
0.554352
0.554278
0.554196
0.554262
0.554263
0.55429
0.554301
0.554318
0.554245
0.554259
0.554331
0.554334
0.554317
0.554295
0.554303
0.554309
0.554294
0.554308
0.554274
0.554246
0.554256
0.55423
0.554266
0.554263
0.554224
0.554175
0.554199
0.5542
0.554252
0.554249
0.554223
0.554251
0.554271
0.554251
0.554221
0.554211
0.554243
0.554271
0.554284
0.554224
0.554269
0.554276
0.554247
0.554234
0.554271
0.55423
0.554203
0.55419
0.554161
0.5542
0.554147
0.554142
0.554112
0.554111
0.554093
0.554086
0.554092
0.554086
0.554103
0.554101
0.554082
0.55404
0.554098
0.554071
0.554033
0.554083
0.554052
0.55406
0.554046
0.554072
0.554018
0.553974
0.553977
0.55398
0.553989
0.553981
0.554015
0.554013
0.553986
0.554085
0.554114
0.554097
0.554098
0.554058
0.554069
0.554078
0.554106
0.554085
0.55402
0.554034
0.554059
0.554016
0.553996
0.55402
0.55405
0.554086
0.554065
0.554048
0.554013
0.55401
0.554011
0.553959
0.553998
0.553994
0.554053
0.55404
0.554
0.553972
0.553956
0.553918
0.553918
0.553958
0.554006
0.554022
0.55399
0.553934
0.553935
0.553914
0.553903
0.553887
0.553908
0.553942
0.553924
0.553857
0.55382
0.553832
0.55377
0.553772
0.553737
0.553742
0.553711
0.55373
0.553697
0.553712
0.553707
0.553673
0.553659
0.553612
0.553621
0.553575
0.553554
0.553567
0.553606
0.553637
0.553617
0.55361
0.553592
0.553575
0.553549
0.553514
0.553487
0.553502
0.553504
0.553479
0.553473
0.553475
0.553482
0.553531
0.553533
0.553488
0.553515
0.553469
0.553439
0.553456
0.553453
0.553516
0.553501
0.553502
0.553497
0.553441
0.553456
0.553429
0.553404
0.553386
0.553378
0.553323
0.553318
0.553303
0.553334
0.553298
0.553282
0.553299
0.553285
0.553245
0.553253
0.553212
0.553273
0.553301
0.553312
0.553301
0.553308
0.553291
0.553276
0.553285
0.553335
0.553359
0.553345
0.553298
0.553296
0.553329
0.55333
0.553376
0.553358
0.553354
0.553366
0.553371
0.553404
0.553351
0.553362
0.553312
0.5533
0.553341
0.553318
0.553336
0.553307
0.553346
0.553353
0.55334
0.553322
0.553293
0.553302
0.553308
0.553335
0.553391
0.553391
0.553348
0.553327
0.553345
0.553366
0.55333
0.553293
0.553292
0.553313
0.553335
0.553311
0.553312
0.553314
0.553321
0.553328
0.55335
0.553367
0.553393
0.553445
0.553426
0.553427
0.553415
0.553438
0.553405
0.553382
0.553403
0.553427
0.553429
0.553374
0.553346
0.553382
0.553338
0.553354
0.553368
0.553347
0.553379
0.553393
0.553389
0.55336
0.553404
0.553385
0.553416
0.553423
0.553441
0.55346
0.553465
0.553431
0.553414
0.553412
0.553385
0.553362
0.553356
0.553333
0.553315
0.553283
0.553256
0.553288
0.553309
0.55335
0.55333
0.553354
0.553318
0.553345
0.55332
0.553322
0.55329
0.553268
0.553247
0.553244
0.553235
0.553227
0.553186
0.553156
0.553123
0.553167
0.553205
0.553228
0.553254
0.55323
0.553236
0.553233
0.553177
0.553131
0.553152
0.553126
0.553169
0.553145
0.553172
0.553204
0.553187
0.553195
0.553182
0.553186
0.553113
0.553141
0.553106
0.553116
0.55311
0.55314
0.553141
0.553123
0.553115
0.553127
0.553199
0.553189
0.553195
0.553192
0.553222
0.553221
0.553227
0.553236
0.553245
0.553231
0.553259
0.55321
0.553167
0.553174
0.55319
0.55317
0.553154
0.553179
0.553174
0.553197
0.553216
0.553188
0.55317
0.553152
0.553103
0.553115
0.55311
0.553151
0.55316
0.553129
0.553091
0.553143
0.553103
0.553125
0.553087
0.553113
0.553105
0.553102
0.553135
0.553121
0.553105
0.553096
0.553075
0.553078
0.553097
0.553107
0.553104
0.553103
0.553092
0.553078
0.553056
0.55309
0.553086
0.553137
0.553127
0.553114
0.553158
0.553184
0.553271
0.553251
0.553291
0.553252
0.553249
0.553255
0.553269
0.553292
0.553321
0.553335
0.55336
0.553331
0.553324
0.553293
0.553266
0.553285
0.553298
0.553278
0.553324
0.553315
0.553303
0.55328
0.553247
0.553237
0.553241
0.553235
0.553198
0.553228
0.553228
0.553226
0.553243
0.553272
0.553246
0.553245
0.553218
0.553194
0.553154
0.553183
0.553191
0.553143
0.553161
0.553211
0.553205
0.553178
0.553178
0.553177
0.553181
0.553159
0.553149
0.55315
0.553147
0.553138
0.553109
0.553133
0.553152
0.553129
0.553143
0.553169
0.553158
0.553105
0.553112
0.55315
0.553138
0.553146
0.55315
0.553147
0.553091
0.553092
0.553109
0.553124
0.553167
0.553157
0.553149
0.55311
0.553088
0.553104
0.553064
0.553039
0.553022
0.552998
0.552984
0.552934
0.552915
0.5529
0.552945
0.552929
0.552918
0.552929
0.552956
0.552969
0.552958
0.552999
0.553003
0.552947
0.552951
0.552979
0.552985
0.552961
0.552962
0.552929
0.552934
0.552949
0.552987
0.552976
0.552963
0.552958
0.552972
0.552973
0.552974
0.553026
0.55306
0.553067
0.553046
0.553052
0.553036
0.553012
0.552993
0.553004
0.553
0.553016
0.552978
0.552973
0.552966
0.552963
0.553004
0.552978
0.552978
0.552991
0.553002
0.553066
0.553052
0.553078
0.553068
0.553079
0.55309
0.55308
0.553052
0.553105
0.55311
0.553145
0.553096
0.553109
0.553108
0.553111
0.553098
0.55311
0.553082
0.55305
0.553052
0.553051
0.553031
0.553015
0.553036
0.553073
0.553061
0.553049
0.553016
0.553024
0.553035
0.553036
0.553034
0.553046
0.553086
0.553055
0.553083
0.553068
0.553049
0.553067
0.55305
0.553036
0.553047
0.553037
0.553044
0.553036
0.553006
0.553003
0.553003
0.553003
0.553016
0.553022
0.553044
0.55306
0.553111
0.553126
0.553095
0.553088
0.553093
0.55313
0.553082
0.553083
0.553078
0.553029
0.553009
0.553011
0.55295
0.552929
0.55294
0.552952
0.552948
0.55295
0.552916
0.552905
0.552898
0.552913
0.552933
0.55296
0.552954
0.552968
0.55298
0.552997
0.553011
0.553003
0.553002
0.553
0.552995
0.552973
0.552974
0.552946
0.552949
0.552941
0.552922
0.552887
0.552872
0.55287
0.55286
0.552886
0.552881
0.55287
0.552876
0.552882
0.552833
0.55286
0.552865
0.552842
0.55285
0.552845
0.552877
0.552878
0.552872
0.552869
0.552853
0.552844
0.552844
0.552871
0.552874
0.552878
0.552889
0.552855
0.552842
0.552889
0.552943
0.552955
0.55294
0.552941
0.552944
0.552962
0.552966
0.552968
0.552965
0.552945
0.552963
0.552971
0.552977
0.552951
0.552984
0.552982
0.552984
0.552995
0.553
0.55298
0.552973
0.552937
0.552932
0.552945
0.552941
0.552928
0.552944
0.552942
0.55294
0.552944
0.552946
0.552943
0.552939
0.55298
0.552949
0.552953
0.552976
0.553007
0.553019
0.553039
0.553056
0.553023
0.553045
0.553051
0.553053
0.553012
0.553016
0.552994
0.552972
0.552929
0.552876
0.552857
0.552844
0.552835
0.552826
0.552821
0.552825
0.55281
0.552803
0.552812
0.552809
0.552777
0.552763
0.552722
0.552737
0.552767
0.55276
0.552753
0.552742
0.552752
0.552731
0.55275
0.552753
0.552757
0.552763
0.552766
0.552752
0.552757
0.552784
0.55276
0.552749
0.552713
0.552707
0.552684
0.552651
0.552661
0.552649
0.552628
0.552639
0.552643
0.552672
0.552701
0.552696
0.552682
0.552673
0.552655
0.552664
0.552643
0.552641
0.552648
0.552647
0.552638
0.55262
0.552615
0.552645
0.552662
0.552662
0.552693
0.552668
0.552686
0.552674
0.552678
0.552703
0.552673
0.552684
0.552685
0.552644
0.552662
0.552628
0.552629
0.552635
0.552635
0.552637
0.552655
0.552637
0.552631
0.552592
0.552595
0.552574
0.552564
0.55256
0.552585
0.552579
0.552574
0.552561
0.552573
0.552564
0.552545
0.552576
0.552592
0.552585
0.552625
0.552621
0.552598
0.552621
0.552628
0.552613
0.552606
0.552621
0.552631
0.552647
0.552642
0.552623
0.552645
0.552622
0.552629
0.552627
0.552632
0.552657
0.552618
0.552629
0.552625
0.552625
0.552671
0.552676
0.55267
0.552705
0.552691
0.552707
0.552703
0.552724
0.552746
0.552731
0.552756
0.552738
0.552711
0.552718
0.552712
0.552727
0.552697
0.552704
0.552698
0.552723
0.552771
0.55278
0.55279
0.552778
0.552831
0.552795
0.552776
0.552791
0.552792
0.552798
0.552798
0.552788
0.552775
0.552794
0.552791
0.552806
0.552794
0.552782
0.552793
0.552807
0.552776
0.552771
0.55274
0.552745
0.552709
0.552697
0.5527
0.552703
0.552669
0.552677
0.5527
0.552681
0.552704
0.552734
0.552745
0.552709
0.552696
0.552687
0.552698
0.552708
0.552684
0.55268
0.55269
0.55272
0.552688
0.55269
0.552671
0.552654
0.552643
0.552662
0.552685
0.5527
0.552715
0.552715
0.55272
0.552702
0.552709
0.552686
0.552676
0.552714
0.552705
0.552691
0.552675
0.552675
0.552679
0.552681
0.552671
0.55265
0.552664
0.552668
0.552681
0.552665
0.552677
0.552662
0.552648
0.552638
0.552623
0.552657
0.552623
0.552602
0.552607
0.55263
0.552619
0.552605
0.552578
0.552599
0.55261
0.552597
0.55258
0.552578
0.552585
0.552581
0.552564
0.552547
0.552531
0.552537
0.552547
0.552576
0.552554
0.552547
0.552569
0.552566
0.552554
0.552539
0.552543
0.552538
0.552559
0.552582
0.552623
0.552665
0.552702
0.552708
0.552712
0.552694
0.552701
0.552701
0.552683
0.552701
0.552712
0.552731
0.552719
0.55274
0.55275
0.55275
0.552756
0.552772
0.552776
0.552803
0.552818
0.552823
0.552823
0.552843
0.552851
0.55286
0.552869
0.552866
0.552867
0.552859
0.552884
0.552889
0.552901
0.552902
0.552891
0.552876
0.552874
0.55288
0.552897
0.552876
0.552899
0.552918
0.552928
0.552916
0.552904
0.552875
0.552887
0.552889
0.552869
0.552881
0.552874
0.552849
0.552845
0.552846
0.552836
0.552853
0.552838
0.552844
0.552844
0.552813
0.552846
0.552838
0.552849
0.55284
0.552848
0.552856
0.552865
0.552875
0.552877
0.552889
0.552878
0.55287
0.552902
0.552894
0.552879
0.552859
0.552842
0.552848
0.552856
0.552831
0.552843
0.552814
0.552804
0.552792
0.552787
0.552796
0.552804
0.552795
0.552823
0.552834
0.5528
0.552821
0.552831
0.552809
0.55279
0.552781
0.552788
0.552791
0.55281
0.552802
0.552776
0.552778
0.552784
0.552791
0.552791
0.552805
0.552791
0.552809
0.552816
0.552811
0.552803
0.55279
0.552779
0.552783
0.552768
0.55277
0.552776
0.552769
0.55278
0.552772
0.552791
0.552771
0.552753
0.552733
0.552725
0.552709
0.552704
0.552698
0.55266
0.552654
0.552677
0.552671
0.55266
0.552695
0.552694
0.552699
0.552712
0.552735
0.552731
0.552716
0.552717
0.552723
0.552729
0.552715
0.552717
0.552715
0.552695
0.552705
0.552733
0.552732
0.552747
0.552731
0.552727
0.55272
0.552727
0.552741
0.552714
0.552706
0.552697
0.552689
0.552655
0.552663
0.552675
0.552687
0.552683
0.552676
0.552686
0.552671
0.552662
0.55265
0.552651
0.552688
0.552666
0.552646
0.552655
0.552666
0.55269
0.552697
0.552693
0.552682
0.552661
0.55266
0.552684
0.552688
0.552714
0.552728
0.552716
0.552706
0.552714
0.552703
0.552696
0.552722
0.552711
0.552725
0.552736
0.552716
0.552751
0.552759
0.552747
0.552755
0.552768
0.552733
0.552744
0.552744
0.552758
0.552751
0.55275
0.552771
0.552768
0.552733
0.55271
0.552705
0.552731
0.552739
0.552756
0.552737
0.552776
0.552756
0.552753
0.552749
0.552742
0.552727
0.552696
0.552699
0.552731
0.552726
0.552732
0.552748
0.552708
0.552715
0.552765
0.552781
0.552797
0.552803
0.552784
0.552799
0.552782
0.552754
0.552748
0.552749
0.552748
0.552777
0.552764
0.552723
0.552713
0.552739
0.552726
0.552724
0.552712
0.552719
0.552702
0.552687
0.552689
0.552707
0.552712
0.552717
0.552733
0.552728
0.552729
0.552714
0.552711
0.552723
0.552735
0.552741
0.552768
0.552753
0.55274
0.552749
0.552725
0.552709
0.55272
0.552732
0.552721
0.552716
0.552712
0.552734
0.552748
0.552751
0.552747
0.552723
0.552724
0.552734
0.552731
0.552723
0.552716
0.552719
0.552688
0.552694
0.55269
0.552686
0.552715
0.552711
0.552741
0.552713
0.552732
0.552729
0.552727
0.55269
0.5527
0.552699
0.552684
0.552692
0.552697
0.552683
0.552672
0.552668
0.552646
0.552666
0.552656
0.552648
0.552653
0.552664
0.552676
0.552671
0.552674
0.552683
0.55264
0.552654
0.55265
0.552654
0.552645
0.552652
0.552674
0.552684
0.552677
0.552681
0.552696
0.552706
0.552711
0.552711
0.552699
0.552678
0.552675
0.552672
0.552651
0.552654
0.552653
0.552649
0.552631
0.552624
0.552616
0.552642
0.552632
0.552604
0.552594
0.552585
0.552567
0.552555
0.552574
0.552571
0.552572
0.552576
0.552578
0.552589
0.552588
0.552596
0.55258
0.552571
0.55257
0.552595
0.552591
0.552585
0.552602
0.552594
0.552568
0.552563
0.552554
0.552539
0.552535
0.552529
0.552529
0.552525
0.552551
0.55257
0.552573
0.552564
0.552543
0.552547
0.552543
0.552529
0.552531
0.552559
0.55257
0.552566
0.552573
0.552579
0.552581
0.552584
0.552578
0.552572
0.552563
0.552576
0.552607
0.552608
0.552602
0.552593
0.552598
0.552576
0.552591
0.552608
0.552612
0.552615
0.552626
0.552647
0.552655
0.552639
0.552655
0.552649
0.552651
0.552662
0.552677
0.552683
0.552672
0.552656
0.552666
0.552668
0.552656
0.552664
0.552684
0.552673
0.55264
0.552628
0.552627
0.552631
0.552647
0.552631
0.552599
0.552588
0.552577
0.552591
0.5526
0.552566
0.552557
0.552558
0.552581
0.552578
0.552596
0.552601
0.552608
0.552602
0.552605
0.552601
0.552602
0.552592
0.552609
0.552598
0.552615
0.5526
0.552584
0.552587
0.552591
0.55257
0.552587
0.552589
0.552597
0.55259
0.552575
0.552571
0.552541
0.552555
0.552559
0.552542
0.552557
0.552539
0.55254
0.552563
0.552545
0.552558
0.552577
0.552565
0.552542
0.552541
0.552514
0.55251
0.552523
0.552535
0.55251
0.552501
0.552485
0.552495
0.552475
0.552463
0.552476
0.552475
0.552467
0.552477
0.552481
0.55249
0.55247
0.552451
0.55243
0.552409
0.552414
0.552401
0.552418
0.552441
0.552426
0.552448
0.552414
0.552385
0.552368
0.552349
0.552352
0.552326
0.55234
0.552319
0.552303
0.552301
0.552314
0.552325
0.55231
0.552315
0.552315
0.552307
0.552311
0.552331
0.552332
0.552319
0.552306
0.552319
0.552331
0.552327
0.552318
0.552329
0.552352
0.552347
0.552329
0.552306
0.552315
0.552317
0.552308
0.552298
0.552279
0.552275
0.552289
0.552302
0.55229
0.552306
0.552282
0.552294
0.55229
0.552312
0.552315
0.552322
0.552347
0.552326
0.552323
0.552304
0.552295
0.552292
0.552291
0.552288
0.552307
0.552298
0.552307
0.552317
0.552316
0.552311
0.552315
0.552306
0.552303
0.55231
0.55232
0.552309
0.5523
0.552304
0.552308
0.55232
0.552339
0.552333
0.552337
0.552332
0.552357
0.552389
0.552395
0.552369
0.552368
0.552359
0.552335
0.552334
0.55233
0.552336
0.552314
0.552318
0.552322
0.552322
0.552332
0.552341
0.552342
0.552347
0.552339
0.552359
0.552354
0.552358
0.552359
0.552358
0.552368
0.552391
0.552387
0.552378
0.552385
0.552413
0.552397
0.552416
0.552386
0.552363
0.552356
0.55236
0.552352
0.552347
0.552357
0.552358
0.552336
0.552328
0.552336
0.55233
0.552338
0.552333
0.552317
0.552308
0.552283
0.55228
0.552297
0.552282
0.5523
0.552304
0.552305
0.552307
0.552311
0.552314
0.552285
0.552279
0.552274
0.552274
0.552267
0.552275
0.55228
0.552297
0.552295
0.55231
0.552307
0.552318
0.552322
0.552341
0.552354
0.552368
0.552355
0.552358
0.552357
0.55237
0.552384
0.5524
0.552377
0.552367
0.552387
0.552371
0.552338
0.552345
0.55233
0.552328
0.552339
0.552343
0.552345
0.552321
0.552331
0.552321
0.55232
0.552325
0.55232
0.552308
0.552314
0.5523
0.552293
0.552302
0.552288
0.552276
0.552281
0.552312
0.552303
0.552318
0.552334
0.552317
0.55233
0.552331
0.552326
0.552322
0.552337
0.552349
0.552359
0.55235
0.552334
0.552311
0.552318
0.552324
0.552327
0.552329
0.552363
0.552362
0.552374
0.552379
0.552369
0.552362
0.552355
0.55234
0.552338
0.552347
0.552347
0.552357
0.552356
0.552348
0.552367
0.552371
0.552359
0.552372
0.552388
0.552404
0.552398
0.552383
0.552377
0.552383
0.552373
0.552347
0.552356
0.552371
0.552384
0.552369
0.552379
0.552395
0.552374
0.552378
0.552393
0.552401
0.552413
0.552425
0.552431
0.552419
0.552425
0.552421
0.552439
0.552438
0.552421
0.552402
0.552407
0.552412
0.552419
0.552417
0.552417
0.552412
0.552418
0.552387
0.552407
0.552395
0.552409
0.552401
0.552404
0.552406
0.552429
0.55245
0.552435
0.552452
0.552469
0.552475
0.552479
0.552474
0.552473
0.552496
0.552474
0.552472
0.55246
0.552457
0.552469
0.552468
0.552473
0.552464
0.552453
0.552479
0.552514
0.552528
0.552524
0.552513
0.552528
0.552531
0.552532
0.55253
0.552515
0.552507
0.552483
0.552491
0.552507
0.552509
0.552514
0.552512
0.552517
0.5525
0.552487
0.552492
0.55249
0.552489
0.552477
0.552464
0.552459
0.55246
0.552462
0.552468
0.552464
0.552471
0.552484
0.552483
0.552482
0.55248
0.552467
0.552476
0.552483
0.552463
0.552474
0.552481
0.552493
0.552484
0.552484
0.552482
0.552496
0.552497
0.552488
0.552491
0.552481
0.552475
0.552483
0.55248
0.552483
0.552463
0.552458
0.552462
0.552449
0.552465
0.552474
0.552468
0.552484
0.552481
0.552485
0.552489
0.552499
0.552504
0.552494
0.552499
0.552486
0.552485
0.55247
0.552473
0.55247
0.552492
0.552473
0.552482
0.552478
0.552459
0.552454
0.552444
0.552443
0.55244
0.552448
0.552446
0.55243
0.552428
0.552421
0.552434
0.552423
0.552424
0.552412
0.552423
0.552436
0.55242
0.55239
0.552401
0.552402
0.552399
0.552411
0.552402
0.552379
0.552382
0.552367
0.552368
0.552371
0.552376
0.552385
0.552376
0.552375
0.552371
0.552374
0.552365
0.552374
0.552383
0.552382
0.552384
0.55237
0.552355
0.552361
0.552354
0.552351
0.552354
0.552334
0.552301
0.552305
0.552308
0.5523
0.552298
0.552318
0.552333
0.552323
0.552334
0.552333
0.55233
0.552309
0.55231
0.552307
0.552292
0.552281
0.552278
0.552269
0.552271
0.552276
0.552277
0.552264
0.55226
0.552272
0.552271
0.552269
0.552269
0.552267
0.552259
0.552264
0.552256
0.552276
0.552272
0.552262
0.552255
0.552238
0.552233
0.552217
0.552223
0.55223
0.552247
0.552227
0.552217
0.552217
0.552216
0.552212
0.552234
0.552222
0.552207
0.552223
0.552222
0.552222
0.552216
0.552225
0.552242
0.552242
0.552245
0.552265
0.552262
0.552259
0.552263
0.552263
0.552264
0.55227
0.552271
0.552282
0.552277
0.552258
0.552253
0.552262
0.552258
0.552245
0.552251
0.552243
0.552261
0.552256
0.552241
0.552246
0.552254
0.552244
0.552257
0.552265
0.552263
0.552264
0.55227
0.55227
0.55227
0.552284
0.552292
0.552282
0.552287
0.552287
0.552296
0.552304
0.552309
0.5523
0.552303
0.552324
0.552346
0.552354
0.552362
0.552379
0.552384
0.552379
0.552367
0.552376
0.552356
0.552349
0.55235
0.552343
0.552346
0.552355
0.552351
0.55235
0.55235
0.552345
0.55233
0.552348
0.55234
0.552338
0.552345
0.552349
0.552332
0.552341
0.552337
0.552337
0.552343
0.552338
0.552332
0.552328
0.552326
0.552334
0.552346
0.552347
0.552359
0.552334
0.552352
0.552341
0.552344
0.552354
0.552347
0.552347
0.55236
0.55238
0.552378
0.552378
0.552378
0.552385
0.552382
0.552387
0.552387
0.552393
0.552411
0.552416
0.552417
0.552408
0.552441
0.552463
0.552449
0.552462
0.552456
0.552459
0.552448
0.552449
0.552468
0.552481
0.552482
0.552464
0.55245
0.552438
0.552431
0.552453
0.552444
0.552469
0.552478
0.552487
0.55251
0.552505
0.552513
0.552509
0.552496
0.552503
0.552507
0.552505
0.552528
0.552531
0.552532
0.552541
0.552529
0.552524
0.552514
0.552538
0.552541
0.55256
0.552572
0.552574
0.552583
0.552587
0.552574
0.552583
0.552585
0.552581
0.552576
0.55258
0.552561
0.552563
0.552568
0.552569
0.552569
0.552588
0.552595
0.552602
0.552605
0.552594
0.552586
0.552601
0.552611
0.552606
0.552601
0.552597
0.552593
0.552585
0.552577
0.552574
0.552557
0.552564
0.552555
0.552562
0.552552
0.552561
0.552575
0.552569
0.55255
0.552561
0.552571
0.552555
0.552552
0.55256
0.552555
0.552562
0.552562
0.552559
0.552578
0.552566
0.552581
0.552592
0.552584
0.552592
0.552588
0.552586
0.552596
0.552587
0.552577
0.552567
0.552566
0.552565
0.552571
0.552565
0.552559
0.552539
0.552538
0.552542
0.552534
0.552548
0.552542
0.552538
0.552523
0.552519
0.552541
0.552527
0.552531
0.552532
0.552534
0.552535
0.552541
0.552559
0.552577
0.552577
0.552587
0.552589
0.552594
0.552598
0.552595
0.552601
0.55259
0.55261
0.552609
0.552597
0.552586
0.552584
0.552591
0.552601
0.552595
0.552578
0.552593
0.552594
0.552601
0.552624
0.552602
0.552624
0.552638
0.552628
0.552637
0.552631
0.552634
0.552644
0.552653
0.552642
0.552633
0.552621
0.552605
0.552608
0.552598
0.552594
0.552578
0.552587
0.552581
0.552599
0.552594
0.552593
0.552593
0.55259
0.552603
0.5526
0.552584
0.55258
0.552583
0.552587
0.55259
0.552578
0.552573
0.552576
0.552589
0.552589
0.55261
0.552601
0.552615
0.552614
0.552635
0.552622
0.552621
0.552613
0.552614
0.552604
0.552598
0.552601
0.552587
0.55261
0.552617
0.552598
0.5526
0.552603
0.552582
0.552587
0.552587
0.552583
0.55259
0.55259
0.552613
0.552607
0.552591
0.552585
0.552576
0.552561
0.552564
0.552552
0.552559
0.552554
0.552568
0.552576
0.552585
0.552596
0.552619
0.552629
0.552625
0.552627
0.55263
0.552619
0.552611
0.552618
0.552625
0.552635
0.552626
0.552607
0.552618
0.552611
0.55261
0.552601
0.552583
0.552573
0.552571
0.552565
0.552566
0.552553
0.552544
0.552538
0.552534
0.55254
0.552543
0.552538
0.552546
0.552555
0.552538
0.55256
0.552551
0.552546
0.552536
0.552526
0.552514
0.552507
0.552497
0.552488
0.552473
0.552477
0.552456
0.552456
0.552461
0.55246
0.55244
0.552425
0.552419
0.552414
0.552424
0.552422
0.552426
0.552424
0.552432
0.552418
0.552417
0.552408
0.552394
0.552388
0.552378
0.552376
0.552367
0.552363
0.552368
0.552349
0.552348
0.552361
0.552345
0.552346
0.552343
0.552329
0.552334
0.552318
0.55231
0.552309
0.5523
0.552297
0.552307
0.552305
0.552302
0.552278
0.552283
0.552293
0.552279
0.552261
0.552262
0.552251
0.552247
0.552253
0.552258
0.552275
0.552254
0.55226
0.552264
0.552271
0.552261
0.552271
0.55226
0.552257
0.552255
0.552263
0.55227
0.552272
0.552252
0.552261
0.552258
0.552267
0.552249
0.552261
0.55226
0.55226
0.552269
0.552248
0.552233
0.552239
0.552242
0.55223
0.552228
0.552234
0.552234
0.552232
0.552236
0.55225
0.552255
0.552251
0.552229
0.552217
0.552213
0.552222
0.552223
0.552224
0.552227
0.552209
0.552218
0.55222
0.552213
0.55221
0.552203
0.552209
0.552204
0.552203
0.552199
0.552205
0.552202
0.552194
0.552195
0.55218
0.552172
0.552166
0.552163
0.552163
0.552154
0.552165
0.552157
0.552165
0.552162
0.552167
0.552167
0.552169
0.552142
0.552136
0.552136
0.552123
0.552136
0.552171
0.552164
0.552154
0.55216
0.552163
0.552161
0.552145
0.552147
0.552146
0.552152
0.552155
0.552167
0.552156
0.552159
0.552148
0.552155
0.552155
0.552154
0.552155
0.552158
0.552147
0.552148
0.552148
0.55214
0.55214
0.55214
0.552129
0.552116
0.552122
0.552117
0.552114
0.552103
0.552115
0.552114
0.552115
0.552097
0.552093
0.55209
0.552083
0.55208
0.552075
0.552063
0.552069
0.552075
0.552072
0.552076
0.552077
0.552082
0.552104
0.55211
0.552101
0.552108
0.552101
0.552112
0.552106
0.552108
0.552106
0.552113
0.552117
0.552114
0.552126
0.552137
0.552147
0.552155
0.552154
0.552157
0.552141
0.55215
0.552155
0.552152
0.552158
0.552162
0.552159
0.552171
0.552171
0.552172
0.55218
0.552177
0.552183
0.552178
0.552181
0.552191
0.552186
0.5522
0.552209
0.552212
0.552208
0.552218
0.552208
0.552217
0.552228
0.552239
0.552233
0.552234
0.552227
0.552239
0.552238
0.552227
0.552224
0.552218
0.552216
0.552219
0.552212
0.552222
0.552219
0.55222
0.552227
0.552224
0.552217
0.552215
0.552191
0.552195
0.5522
0.552211
0.552216
0.552204
0.55221
0.552194
0.552194
0.552175
0.552172
0.552159
0.552153
0.552156
0.552148
0.552147
0.552139
0.552131
0.552121
0.552136
0.55214
0.552137
0.552133
0.552117
0.552118
0.552109
0.55211
0.552117
0.552109
0.552101
0.552107
0.552101
0.552098
0.552088
0.552091
0.552112
0.552119
0.55213
0.552129
0.552122
0.552119
0.552125
0.552137
0.552143
0.552155
0.552145
0.552143
0.552133
0.552132
0.552147
0.552166
0.55215
0.552144
0.552138
0.552131
0.552133
0.552122
0.552152
0.552162
0.552143
0.55214
0.55214
0.552132
0.552151
0.552155
0.552156
0.552156
0.552159
0.552161
0.552162
0.552165
0.552169
0.55217
0.552174
0.55217
0.552168
0.552168
0.552165
0.55217
0.552164
0.552158
0.552154
0.552157
0.55215
0.552157
0.552157
0.552154
0.552149
0.55214
0.552131
0.552134
0.552135
0.552137
0.55214
0.552144
0.552138
0.552152
0.552159
0.552176
0.552198
0.552202
0.552195
0.552209
0.552196
0.552204
0.552213
0.552222
0.552219
0.552228
0.552217
0.552218
0.552243
0.552243
0.55225
0.552245
0.552243
0.552245
0.552249
0.552255
0.552255
0.552263
0.552259
0.55226
0.552251
0.552259
0.552261
0.552254
0.552248
0.552246
0.552229
0.552229
0.552238
0.552231
0.552223
0.552219
0.552218
0.55221
0.552201
0.552207
0.552229
0.552225
0.552221
0.552217
0.552213
0.552217
0.552217
0.552223
0.552238
0.552225
0.552219
0.552219
0.552222
0.552217
0.552209
0.552207
0.552206
0.552202
0.55221
0.552212
0.552212
0.552228
0.552225
0.552228
0.552228
0.552226
0.552242
0.552236
0.55223
0.552218
0.552215
0.552212
0.552226
0.552225
0.552226
0.55223
0.552208
0.552213
0.55221
0.552198
0.552186
0.552188
0.552184
0.552184
0.552184
0.552191
0.552177
0.552188
0.552183
0.552182
0.552176
0.552194
0.552196
0.552206
0.552214
0.552223
0.552235
0.552231
0.552241
0.552253
0.552251
0.552258
0.552264
0.552265
0.552272
0.552287
0.552279
0.552275
0.552283
0.552289
0.552283
0.552281
0.552254
0.552255
0.552246
0.552243
0.552243
0.552233
0.552223
0.552237
0.552228
0.552218
0.552228
0.552211
0.552213
0.552222
0.552218
0.552213
0.552196
0.552192
0.552192
0.552194
0.552202
0.552216
0.552207
0.552204
0.552181
0.55217
0.552159
0.552158
0.552156
0.552168
0.552159
0.55217
0.552163
0.552163
0.552153
0.552146
0.552149
0.552134
0.552143
0.552139
0.552123
0.552132
0.552139
0.552127
0.552121
0.552125
0.552131
0.552125
0.552119
0.552126
0.552129
0.55213
0.552135
0.552138
0.552149
0.552143
0.552152
0.552153
0.552164
0.552153
0.552146
0.55214
0.552117
0.552136
0.552128
0.552106
0.552112
0.552113
0.552115
0.552125
0.552136
0.552136
0.552146
0.552136
0.552139
0.552144
0.552154
0.55214
0.552141
0.552135
0.552123
0.552113
0.552111
0.552113
0.552122
0.552128
0.552149
0.552162
0.552168
0.552172
0.552172
0.552161
0.552166
0.552168
0.552164
0.552163
0.552162
0.55217
0.55217
0.552171
0.55217
0.552191
0.552199
0.552187
0.552179
0.552189
0.552192
0.552199
0.552196
0.552196
0.552181
0.552202
0.552209
0.552205
0.552213
0.552212
0.552201
0.552216
0.552205
0.552203
0.552206
0.55221
0.55221
0.552212
0.552213
0.552202
0.552202
0.552213
0.552208
0.552197
0.552182
0.552173
0.552178
0.552183
0.552191
0.552174
0.552171
0.552172
0.552174
0.552184
0.552194
0.552198
0.552186
0.552182
0.552182
0.552184
0.552174
0.552192
0.552172
0.552167
0.552172
0.55216
0.552155
0.552167
0.552157
0.552149
0.552137
0.552123
0.552115
0.552118
0.552111
0.552123
0.552121
0.55211
0.552115
0.552129
0.552115
0.552096
0.552112
0.552108
0.552103
0.552095
0.552095
0.552113
0.552111
0.552114
0.552113
0.552108
0.552122
0.552122
0.552116
0.552106
0.552104
0.55211
0.552122
0.552116
0.552115
0.552085
0.552075
0.552083
0.552082
0.552099
0.552108
0.552114
0.552113
0.552106
0.552102
0.552107
0.552111
0.552126
0.552127
0.552128
0.552113
0.552108
0.552103
0.552113
0.552111
0.552106
0.552101
0.552086
0.552077
0.552062
0.552057
0.552058
0.552047
0.552043
0.552035
0.552037
0.552028
0.552025
0.552022
0.55202
0.552002
0.552017
0.552018
0.55201
0.552008
0.55201
0.552017
0.552013
0.552007
0.552009
0.551998
0.551993
0.551993
0.552001
0.551995
0.551986
0.551986
0.551977
0.551977
0.551973
0.551966
0.551951
0.551952
0.551963
0.551972
0.551982
0.551971
0.551969
0.55195
0.551949
0.551944
0.551949
0.551952
0.551951
0.551939
0.551944
0.551939
0.551926
0.551921
0.551917
0.551919
0.551927
0.551923
0.55192
0.551922
0.551926
0.551937
0.551943
0.55193
0.55194
0.551942
0.55194
0.551939
0.551945
0.551945
0.551945
0.551959
0.551958
0.551956
0.551955
0.551953
0.551958
0.551956
0.551962
0.551965
0.551953
0.551968
0.551961
0.551944
0.551964
0.551969
0.551967
0.551979
0.55198
0.551976
0.551972
0.551985
0.55199
0.551987
0.551988
0.55199
0.551985
0.551972
0.551973
0.55198
0.551969
0.551969
0.551974
0.551977
0.551977
0.551968
0.55197
0.551967
0.551972
0.551972
0.55199
0.551998
0.551997
0.551982
0.55199
0.552006
0.552006
0.552006
0.551992
0.551992
0.551999
0.551999
0.55198
0.551979
0.551991
0.552001
0.551993
0.551989
0.551983
0.551997
0.551995
0.551981
0.551978
0.551978
0.551986
0.551981
0.551979
0.551977
0.551989
0.552
0.552001
0.552014
0.552023
0.552026
0.552028
0.552034
0.55204
0.552044
0.552059
0.552055
0.552053
0.552045
0.552039
0.552044
0.55203
0.552037
0.552041
0.552034
0.552042
0.552052
0.552045
0.552053
0.552043
0.552037
0.552033
0.55204
0.552055
0.552055
0.552049
0.55204
0.552055
0.552063
0.552057
0.552057
0.552047
0.552022
0.552018
0.552011
0.552002
0.551998
0.551999
0.552002
0.551995
0.551999
0.552007
0.552019
0.552019
0.552021
0.552026
0.552015
0.552043
0.552039
0.552024
0.552021
0.552024
0.552031
0.552022
0.552016
0.552032
0.552029
0.552031
0.552031
0.552042
0.552025
0.552004
0.552001
0.551992
0.551987
0.552007
0.552015
0.552019
0.552026
0.552044
0.552043
0.552033
0.552025
0.552026
0.552008
0.552019
0.552022
0.552018
0.552023
0.552018
0.552035
0.552034
0.55203
0.552016
0.552026
0.552027
0.552022
0.552036
0.55202
0.552006
0.552015
0.552016
0.552023
0.552018
0.552024
0.552024
0.552028
0.552022
0.552023
0.552018
0.552023
0.552029
0.552025
0.552021
0.552023
0.552018
0.552025
0.55203
0.552024
0.552028
0.55202
0.552023
0.552023
0.552036
0.552033
0.552036
0.55203
0.552045
0.552041
0.552042
0.552042
0.552044
0.552049
0.55205
0.552061
0.552053
0.552043
0.552039
0.552026
0.552029
0.55203
0.552038
0.552037
0.552024
0.552017
0.552017
0.552032
0.552034
0.552026
0.552021
0.552008
0.552019
0.552026
0.552024
0.552015
0.552024
0.552034
0.552042
0.552039
0.552046
0.552045
0.552039
0.552037
0.552037
0.552031
0.552034
0.552035
0.552035
0.55204
0.552031
0.552025
0.552021
0.552029
0.552031
0.552031
0.552036
0.552036
0.552033
0.552033
0.552036
0.552027
0.552016
0.552017
0.552014
0.552021
0.552019
0.552026
0.552036
0.552052
0.552058
0.552057
0.552051
0.552049
0.552054
0.552061
0.552065
0.552077
0.55208
0.552079
0.552076
0.552076
0.552083
0.552078
0.552079
0.552075
0.552076
0.552088
0.55209
0.552097
0.552111
0.552111
0.552105
0.552106
0.552116
0.552127
0.552112
0.552109
0.552115
0.552128
0.552128
0.552115
0.552139
0.552134
0.552126
0.552127
0.552122
0.552127
0.552129
0.552126
0.552125
0.552121
0.552118
0.55211
0.552095
0.552093
0.552089
0.552098
0.552095
0.552094
0.552083
0.552091
0.552103
0.552093
0.55209
0.552095
0.552099
0.552098
0.5521
0.552106
0.552106
0.552105
0.552119
0.552133
0.552135
0.552136
0.552133
0.55213
0.552127
0.55212
0.55212
0.552121
0.552133
0.55214
0.552138
0.552151
0.552151
0.552157
0.552154
0.552159
0.552155
0.552163
0.552152
0.552168
0.552173
0.552171
0.552177
0.552185
0.552184
0.552179
0.552173
0.552172
0.552167
0.552157
0.552148
0.552148
0.55215
0.552169
0.552181
0.552172
0.552178
0.55219
0.552185
0.552197
0.552198
0.552192
0.552198
0.552208
0.55221
0.552203
0.552206
0.552213
0.552218
0.552221
0.552211
0.552213
0.552222
0.552215
0.552215
0.552227
0.552234
0.552246
0.552258
0.552257
0.55226
0.552268
0.552272
0.552286
0.552279
0.552275
0.552289
0.552279
0.552287
0.552281
0.552275
0.552284
0.552284
0.552281
0.55229
0.552282
0.552286
0.552296
0.552292
0.552287
0.552302
0.552309
0.55232
0.552324
0.552316
0.55232
0.552317
0.552324
0.552323
0.552305
0.552317
0.552322
0.552326
0.552314
0.552322
0.552329
0.552334
0.552351
0.552361
0.552362
0.552354
0.55236
0.552367
0.552382
0.552379
0.552378
0.552366
0.552365
0.55236
0.55235
0.552349
0.55235
0.552352
0.552351
0.552354
0.55236
0.552361
0.552356
0.552347
0.552337
0.552332
0.552342
0.55234
0.552344
0.552341
0.552345
0.552327
0.552331
0.552321
0.552308
0.552306
0.552314
0.552314
0.552311
0.552307
0.552316
0.552327
0.552337
0.552332
0.55234
0.552336
0.552325
0.552332
0.552328
0.55233
0.552331
0.552344
0.552345
0.552353
0.55235
0.552355
0.552359
0.552342
0.55233
0.552332
0.552345
0.552336
0.552338
0.552337
0.552339
0.552355
0.552365
0.552373
0.552374
0.55238
0.55238
0.552367
0.552375
0.552373
0.552375
0.552385
0.552388
0.552385
0.552392
0.552389
0.552397
0.552403
0.5524
0.552387
0.552394
0.552394
0.552389
0.552386
0.552385
0.55238
0.552391
0.552397
0.552387
0.552385
0.552375
0.552374
0.552384
0.552382
0.552378
0.55237
0.552367
0.552362
0.552356
0.552365
0.552358
0.552353
0.552361
0.552358
0.552361
0.552364
0.55236
0.552368
0.552372
0.552367
0.552363
0.552355
0.552341
0.552329
0.552333
0.552346
0.552338
0.552336
0.552339
0.552351
0.552354
0.552354
0.552356
0.552348
0.552346
0.552334
0.552349
0.552353
0.552359
0.55235
0.552352
0.552351
0.552351
0.552354
0.552362
0.552356
0.552356
0.552357
0.552357
0.55237
0.552363
0.552376
0.552367
0.552372
0.552372
0.552368
0.552367
0.552364
0.552359
0.552359
0.552351
0.552354
0.552348
0.552337
0.552347
0.552346
0.552344
0.552352
0.552365
0.552371
0.552365
0.552362
0.552363
0.552363
0.552356
0.552358
0.552356
0.552361
0.55236
0.552365
0.552359
0.552365
0.552368
0.552375
0.552372
0.552382
0.552372
0.55236
0.55236
0.552369
0.552378
0.552364
0.552362
0.552362
0.552367
0.552374
0.552368
0.552374
0.552373
0.552381
0.552378
0.552373
0.552378
0.55238
0.552378
0.552388
0.552379
0.552379
0.552383
0.552387
0.552386
0.552381
0.552382
0.552381
0.552377
0.552371
0.552371
0.552367
0.552366
0.552362
0.552375
0.552379
0.552389
0.552381
0.552381
0.552387
0.552382
0.552382
0.552386
0.55238
0.552374
0.552371
0.552371
0.55238
0.552372
0.552375
0.552376
0.55237
0.552367
0.552361
0.552356
0.55237
0.552372
0.55237
0.55236
0.552357
0.552353
0.552351
0.552358
0.552364
0.552367
0.552367
0.552362
0.552354
0.552358
0.552349
0.552333
0.552333
0.552341
0.552348
0.552347
0.552347
0.552357
0.552356
0.552357
0.55235
0.552354
0.552356
0.552364
0.552359
0.552362
0.552365
0.55237
0.552375
0.552387
0.552394
0.552393
0.552383
0.552396
0.552391
0.552386
0.552386
0.552392
0.552393
0.552387
0.552388
0.552386
0.552388
0.552387
0.552392
0.552397
0.552398
0.552398
0.552408
0.552418
0.552428
0.552426
0.552413
0.55242
0.552426
0.552428
0.552425
0.552427
0.552426
0.55243
0.552428
0.552431
0.552436
0.55244
0.552449
0.552445
0.55244
0.552429
0.55242
0.552413
0.5524
0.552403
0.552412
0.552414
0.552423
0.552415
0.552402
0.552404
0.552408
0.552405
0.552409
0.5524
0.552395
0.552413
0.552413
0.552415
0.552405
0.552409
0.552403
0.552407
0.552412
0.552409
0.552406
0.552409
0.552401
0.552401
0.552392
0.552401
0.552401
0.552401
0.5524
0.552383
0.552377
0.552374
0.552369
0.552374
0.552384
0.552376
0.552373
0.552362
0.552362
0.552362
0.552361
0.552367
0.552376
0.552377
0.552374
0.552382
0.552378
0.55238
0.552383
0.552374
0.552377
0.552381
0.552392
0.552388
0.552394
0.552399
0.552395
0.552387
0.552398
0.552398
0.5524
0.552402
0.552393
0.552394
0.552393
0.552401
0.552413
0.552408
0.552413
0.552418
0.55242
0.552423
0.552413
0.552411
0.552416
0.552411
0.552412
0.552411
0.552406
0.552409
0.552412
0.552405
0.552396
0.552394
0.552388
0.552386
0.552384
0.552382
0.552387
0.552387
0.552394
0.552391
0.552384
0.552378
0.552383
0.552384
0.552385
0.552383
0.552379
0.552381
0.552391
0.552387
0.552389
0.552388
0.552384
0.552379
0.552369
0.552362
0.552353
0.552362
0.552359
0.552359
0.552349
0.552353
0.552346
0.552338
0.552341
0.552337
0.552335
0.552336
0.552334
0.552331
0.552338
0.552335
0.552337
0.552328
0.552329
0.552317
0.552315
0.55231
0.552315
0.552313
0.552313
0.552313
0.552319
0.552316
0.552316
0.55231
0.552314
0.552318
0.552312
0.552303
0.552303
0.552289
0.552276
0.552282
0.552292
0.552297
0.552304
0.552304
0.552298
0.5523
0.552305
0.552309
0.552321
0.552318
0.552316
0.552307
0.552305
0.552305
0.552315
0.552305
0.552306
0.552305
0.552303
0.552301
0.552302
0.552302
0.552299
0.552291
0.55228
0.552285
0.55229
0.55229
0.552295
0.552296
0.5523
0.552295
0.552281
0.552279
0.552282
0.552282
0.552282
0.552282
0.552281
0.552288
0.552279
0.552283
0.552277
0.552272
0.552271
0.55226
0.552258
0.552262
0.55226
0.552263
0.552263
0.552267
0.552268
0.552268
0.552262
0.552263
0.552265
0.552265
0.552269
0.552279
0.552285
0.552295
0.552298
0.552298
0.552294
0.552292
0.552293
0.552299
0.552302
0.552296
0.552306
0.552312
0.552312
0.552308
0.552309
0.552313
0.552305
0.552313
0.55231
0.552315
0.55231
0.552315
0.552309
0.552299
0.552291
0.552285
0.552294
0.552298
0.552291
0.552287
0.552282
0.552286
0.552289
0.552292
0.552297
0.552292
0.552293
0.552288
0.552288
0.552287
0.552289
0.552284
0.552291
0.552284
0.552291
0.552301
0.55229
0.552291
0.552297
0.552294
0.552297
0.552303
0.552308
0.552302
0.552298
0.552288
0.552295
0.552294
0.55229
0.552299
0.552301
0.552304
0.5523
0.552302
0.5523
0.5523
0.552298
0.552293
0.552294
0.552299
0.552294
0.552304
0.552295
0.552289
0.552291
0.552284
0.552288
0.552297
0.552301
0.552304
0.552308
0.552312
0.55232
0.552315
0.552306
0.552308
0.552316
0.552315
0.552314
0.552314
0.552311
0.552312
0.552319
0.552323
0.552321
0.552322
0.55232
0.552323
0.552317
0.552304
0.552301
0.552304
0.552301
0.552292
0.552298
0.552298
0.552299
0.552308
0.552315
0.552308
0.552306
0.552302
0.552295
0.552293
0.552276
0.552269
0.55227
0.552253
0.552253
0.552254
0.552266
0.55226
0.55226
0.552259
0.552278
0.552277
0.552285
0.552292
0.552292
0.552291
0.552299
0.552309
0.552316
0.552332
0.552342
0.552331
0.552327
0.552326
0.552333
0.552319
0.552325
0.552327
0.552324
0.552324
0.552327
0.552321
0.552321
0.552307
0.5523
0.552296
0.552288
0.552288
0.552289
0.552296
0.55229
0.55229
0.552287
0.552296
0.55231
0.552307
0.552304
0.552312
0.552316
0.552312
0.5523
0.552302
0.552306
0.552307
0.552315
0.552319
0.552317
0.552327
0.552322
0.552318
0.552325
0.552338
0.552329
0.552322
0.552324
0.55233
0.55233
0.552331
0.552322
0.552324
0.552329
0.552321
0.55232
0.552317
0.552313
0.552316
0.552319
0.552314
0.552314
0.552309
0.552319
0.552315
0.552312
0.552312
0.552312
0.552316
0.552314
0.552318
0.552323
0.552311
0.552314
0.552317
0.552309
0.552318
0.552322
0.552332
0.552335
0.552346
0.552347
0.552346
0.552356
0.552349
0.552361
0.552367
0.552367
0.552376
0.552373
0.552357
0.552357
0.55236
0.552364
0.55237
0.552368
0.55238
0.552369
0.552367
0.552375
0.552369
0.552377
0.552373
0.552384
0.552374
0.552369
0.552371
0.552368
0.552368
0.552375
0.552365
0.552359
0.55235
0.552352
0.552346
0.552343
0.552334
0.55234
0.552341
0.55235
0.552341
0.552347
0.552335
0.552326
0.552333
0.552336
0.552346
0.55234
0.552342
0.552333
0.552334
0.55233
0.552332
0.552328
0.55232
0.552323
0.55232
0.552323
0.552333
0.552335
0.55234
0.552335
0.552331
0.552333
0.55234
0.552336
0.55233
0.552328
0.552322
0.552326
0.552326
0.552326
0.552318
0.552325
0.552311
0.55232
0.552322
0.552328
0.552331
0.552332
0.552329
0.552326
0.552326
0.552326
0.55232
0.552316
0.552328
0.552325
0.55233
0.552331
0.55233
0.55234
0.552343
0.552346
0.552356
0.55236
0.552356
0.552354
0.552361
0.552363
0.552359
0.552353
0.552359
0.552359
0.552351
0.552355
0.552354
0.55235
0.552347
0.552357
0.552356
0.552355
0.552342
0.552346
0.55234
0.552342
0.552346
0.552338
0.552332
0.552339
0.552343
0.552342
0.552345
0.552342
0.552339
0.552339
0.552342
0.552336
0.552325
0.552332
0.552336
0.55234
0.55234
0.552335
0.55234
0.552342
0.552337
0.552342
0.552341
0.552345
0.552342
0.552339
0.55234
0.552352
0.552355
0.552347
0.55235
0.552345
0.55234
0.552333
0.552337
0.552342
0.552327
0.552324
0.552312
0.55231
0.552315
0.552315
0.552332
0.552334
0.552338
0.552344
0.55234
0.552334
0.55234
0.552341
0.552341
0.552338
0.552344
0.552339
0.552337
0.552341
0.552344
0.552342
0.552333
0.552336
0.552341
0.552338
0.552335
0.552339
0.552343
0.552343
0.552348
0.552344
0.552342
0.552337
0.552332
0.552334
0.552338
0.552342
0.552345
0.552353
0.552348
0.552348
0.552354
0.552343
0.552337
0.552337
0.552341
0.552334
0.552332
0.552328
0.552327
0.552325
0.552333
0.552332
0.552328
0.552323
0.552321
0.552322
0.552322
0.552316
0.552313
0.552322
0.55232
0.552327
0.552321
0.552317
0.55233
0.552324
0.552326
0.552319
0.55232
0.552318
0.552322
0.552316
0.552325
0.55233
0.552326
0.552338
0.552344
0.552341
0.552344
0.552345
0.552353
0.552345
0.552354
0.552357
0.552362
0.552363
0.552361
0.552361
0.55236
0.552363
0.552353
0.552354
0.552354
0.552353
0.552338
0.55234
0.552336
0.552333
0.552334
0.552329
0.552336
0.552334
0.552328
0.552322
0.55231
0.552314
0.552316
0.552321
0.552323
0.552321
0.552319
0.55232
0.552306
0.552305
0.552298
0.552304
0.552307
0.552305
0.55231
0.552314
0.55232
0.552316
0.552328
0.552337
0.552334
0.55233
0.55233
0.552338
0.55234
0.552336
0.552345
0.552342
0.552338
0.552328
0.55233
0.552337
0.552334
0.552327
0.55234
0.552335
0.552335
0.552342
0.552345
0.552354
0.552365
0.55237
0.552366
0.552359
0.552359
0.552357
0.552358
0.552359
0.552356
0.552356
0.552348
0.552344
0.552343
0.552358
0.552364
0.552356
0.552345
0.55234
0.552341
0.552341
0.552337
0.55234
0.55234
0.552342
0.552349
0.552351
0.552349
0.552344
0.552345
0.552339
0.552343
0.552344
0.552341
0.552338
0.552335
0.552343
0.552346
0.552354
0.552343
0.552336
0.552323
0.552326
0.552333
0.552334
0.552337
0.552332
0.552335
0.552334
0.552335
0.552337
0.55233
0.552338
0.552343
0.552349
0.552358
0.552368
0.55236
0.552356
0.552352
0.552357
0.552354
0.552357
0.552356
0.552352
0.552356
0.552353
0.552357
0.552349
0.552361
0.55237
0.552368
0.552367
0.552366
0.552357
0.552356
0.552358
0.552362
0.552366
0.552371
0.552365
0.552359
0.552353
0.552362
0.552351
0.552352
0.55236
0.552366
0.552359
0.552355
0.552348
0.552351
0.552363
0.55237
0.55237
0.552366
0.55235
0.552356
0.552365
0.552364
0.552364
0.552361
0.552373
0.552375
0.552368
0.552371
0.552378
0.552375
0.552371
0.552363
0.552369
0.552373
0.552364
0.552361
0.552347
0.552345
0.55234
0.552347
0.552349
0.552351
0.552353
0.552356
0.552359
0.552353
0.552359
0.552356
0.552357
0.552352
0.552351
0.552345
0.552347
0.552348
0.552358
0.552358
0.552352
0.552359
0.552355
0.552359
0.552365
0.552373
0.552367
0.552364
0.552364
0.552364
0.552374
0.552373
0.55239
0.552393
0.552396
0.552381
0.552374
0.55237
0.552373
0.552378
0.552389
0.55239
0.552386
0.552387
0.552388
0.552397
0.552402
0.5524
0.552404
0.552405
0.552403
0.552406
0.552413
0.552412
0.552412
0.55242
0.552413
0.552412
0.55241
0.552405
0.552397
0.552389
0.552394
0.552399
0.552399
0.552403
0.552392
0.552385
0.552382
0.552387
0.552375
0.552372
0.552359
0.552359
0.552361
0.552356
0.552359
0.552357
0.552351
0.552349
0.552341
0.552347
0.552345
0.552356
0.552352
0.552357
0.552363
0.552363
0.552371
0.552371
0.552379
0.552391
0.552401
0.552396
0.552404
0.55239
0.552395
0.552383
0.552381
0.552377
0.552376
0.552378
0.552374
0.552377
0.552371
0.552379
0.552375
0.552363
0.552373
0.55236
0.552361
0.55236
0.552355
0.552363
0.552365
0.552364
0.55237
0.552371
0.55237
0.552374
0.552374
0.552369
0.552376
0.552374
0.552378
0.552361
0.552371
0.552373
0.552359
0.552367
0.552366
0.552367
0.552372
0.552373
0.55237
0.552364
0.552364
0.55237
0.552382
0.552388
0.552387
0.552394
0.552402
0.552398
0.552386
0.55239
0.552383
0.552384
0.55238
0.552381
0.552383
0.552387
0.552389
0.552386
0.55239
0.552394
0.552388
0.552397
0.552399
0.552407
0.552408
0.552407
0.552407
0.552402
0.552389
0.552381
0.552381
0.552384
0.552384
0.552383
0.552385
0.552381
0.552386
0.552395
0.552395
0.552394
0.552393
0.55241
0.552409
0.55242
0.552425
0.552429
0.552437
0.552435
0.552437
0.552432
0.552436
0.552433
0.552441
0.552442
0.552432
0.55244
0.55244
0.552445
0.552439
0.552435
0.552438
0.552441
0.552445
0.55245
0.552438
0.552438
0.552442
0.55244
0.552445
0.552446
0.552442
0.552444
0.552448
0.552453
0.552455
0.552455
0.55245
0.552445
0.552445
0.552433
0.552435
0.552438
0.552435
0.552436
0.552445
0.552449
0.552456
0.552452
0.55246
0.552458
0.552462
0.552463
0.552459
0.552449
0.552464
0.552459
0.552464
0.552465
0.552467
0.55247
0.552476
0.552486
0.552481
0.552477
0.552474
0.552473
0.552473
0.552472
0.552473
0.552471
0.552472
0.552469
0.552474
0.55248
0.552483
0.552493
0.552499
0.552498
0.552501
0.552505
0.552503
0.5525
0.5525
0.55249
0.552485
0.552488
0.552493
0.552487
0.552486
0.552499
0.552505
0.552498
0.552493
0.552501
0.552491
0.552491
0.552479
0.552473
0.55248
0.552477
0.552484
0.552486
0.55249
0.552495
0.552498
0.552497
0.552506
0.552512
0.552504
0.552509
0.552506
0.552504
0.552511
0.55252
0.552524
0.552513
0.552508
0.552503
0.552501
0.552495
0.552486
0.552475
0.552471
0.552459
0.552468
0.552477
0.552486
0.552481
0.552481
0.552478
0.552477
0.552471
0.552473
0.552471
0.552473
0.552465
0.552463
0.552467
0.552476
0.552469
0.55248
0.552481
0.552483
0.552482
0.552491
0.552477
0.552484
0.552488
0.552492
0.552494
0.552494
0.55249
0.552488
0.552487
0.552493
0.552497
0.552497
0.552492
0.55248
0.552482
0.552481
0.55248
0.552479
0.552473
0.55247
0.552477
0.552479
0.552477
0.552483
0.552481
0.552481
0.55248
0.552476
0.55247
0.552458
0.552456
0.552449
0.552453
0.552456
0.552446
0.55245
0.552448
0.552441
0.55244
0.552441
0.552446
0.552435
0.552424
0.552422
0.552425
0.55242
0.552417
0.552412
0.55242
0.55242
0.552419
0.552421
0.552427
0.552435
0.552432
0.552431
0.552426
0.552427
0.552424
0.552434
0.552437
0.552429
0.552431
0.552425
0.552418
0.552415
0.552419
0.552416
0.552415
0.552418
0.55242
0.552412
0.552413
0.552407
0.552419
0.552418
0.552415
0.552414
0.552415
0.552415
0.55241
0.552405
0.552399
0.5524
0.552401
0.552403
0.55241
0.55241
0.552408
0.552399
0.552397
0.552401
0.552393
0.5524
0.552394
0.552403
0.552412
0.552407
0.552413
0.55241
0.552398
0.552395
0.552396
0.552391
0.552386
0.55239
0.552393
0.552391
0.552392
0.552388
0.552384
0.552376
0.552382
0.552386
0.552385
0.552396
0.552395
0.552398
0.552394
0.552391
0.552384
0.552379
0.55239
0.552375
0.552373
0.552376
0.552377
0.552367
0.552362
0.552364
0.552365
0.552362
0.552359
0.552361
0.552364
0.552358
0.552359
0.552362
0.552356
0.552351
0.552347
0.552345
0.552348
0.552351
0.552357
0.552364
0.552365
0.552361
0.55236
0.552359
0.552363
0.552365
0.552364
0.552373
0.552379
0.55238
0.552377
0.552378
0.552375
0.552376
0.552371
0.552364
0.552361
0.552361
0.552365
0.552366
0.552358
0.552352
0.552342
0.552345
0.552336
0.552324
0.552324
0.552326
0.552323
0.552332
0.552332
0.552331
0.552335
0.552338
0.552341
0.55234
0.552346
0.552343
0.552339
0.552339
0.552343
0.552343
0.552339
0.552337
0.552336
0.552332
0.552325
0.55232
0.552326
0.55232
0.55232
0.552311
0.552316
0.552317
0.552327
0.552331
0.552321
0.552324
0.552329
0.55233
0.552335
0.552329
0.552327
0.552329
0.552319
0.552316
0.552321
0.552319
0.552327
0.552325
0.552319
0.552324
0.552325
0.552324
0.552325
0.552326
0.552318
0.552313
0.552319
0.552317
0.552319
0.552316
0.552316
0.552306
0.552308
0.552317
0.552324
0.55232
0.552326
0.552329
0.552333
0.552326
0.55232
0.552311
0.552311
0.552302
0.552301
0.55229
0.552294
0.552299
0.552295
0.552297
0.55229
0.552285
0.552291
0.552285
0.552288
0.552291
0.552298
0.55229
0.552287
0.55229
0.552297
0.552299
0.552303
0.55231
0.552316
0.552316
0.552312
0.55231
0.552304
0.552303
0.552299
0.552304
0.5523
0.552308
0.552312
0.552314
0.552301
0.552305
0.552313
0.55231
0.552301
0.552303
0.552304
0.552299
0.552303
0.552306
0.552309
0.552309
0.552313
0.552318
0.55232
0.552318
0.552322
0.552322
0.552325
0.552324
0.552318
0.552325
0.552324
0.552335
0.552336
0.552334
0.552338
0.552331
0.552331
0.552338
0.552339
0.552331
0.552327
0.55233
0.552322
0.55232
0.552321
0.552316
0.552318
0.552314
0.552321
0.552315
0.552319
0.552325
0.552324
0.552324
0.552335
0.552344
0.552333
0.552324
0.55231
0.552301
0.552309
0.552307
0.552304
0.552308
0.552308
0.552307
0.552299
0.552305
0.552303
0.552308
0.552309
0.552307
0.552311
0.552309
0.552312
0.552326
0.552321
0.552323
0.552323
0.552319
0.552313
0.552304
0.55231
0.552317
0.552322
0.552328
0.552332
0.55232
0.552311
0.552307
0.552311
0.552315
0.552321
0.552321
0.552324
0.552324
0.552323
0.552331
0.552332
0.552339
0.552344
0.552339
0.552333
0.552334
0.552352
0.552358
0.552357
0.552353
0.552355
0.552354
0.552349
0.552346
0.552351
0.55235
0.552347
0.552341
0.552341
0.552354
0.552363
0.55236
0.552355
0.552358
0.552354
0.552351
0.552353
0.552353
0.552348
0.552358
0.552363
0.552358
0.552362
0.552368
0.552359
0.552363
0.552369
0.552359
0.552356
0.552354
0.552364
0.552355
0.552351
0.552354
0.55235
0.552354
0.552364
0.552358
0.552358
0.552354
0.552359
0.552368
0.552364
0.552366
0.552372
0.552367
0.552368
0.552364
0.552364
0.552369
0.552368
0.55236
0.552362
0.552363
0.552359
0.552354
0.552359
0.552358
0.552358
0.552364
0.552367
0.552368
0.55237
0.552375
0.552375
0.552366
0.552367
0.552367
0.552367
0.552366
0.55237
0.552366
0.55237
0.552377
0.552387
0.552386
0.552383
0.55237
0.552362
0.552366
0.552366
0.552367
0.552366
0.552365
0.552354
0.552359
0.552367
0.55236
0.552361
0.552368
0.552371
0.552368
0.552358
0.55236
0.552364
0.552372
0.552373
0.552369
0.552366
0.552375
0.552377
0.552377
0.552379
0.55238
0.552379
0.552389
0.552388
0.55239
0.552385
0.552378
0.552372
0.552373
0.552368
0.552362
0.552365
0.55237
0.55237
0.552368
0.552369
0.552368
0.552375
0.552373
0.552374
0.552374
0.552372
0.552369
0.552368
0.552365
0.552369
0.552365
0.552367
0.552369
0.552369
0.552366
0.552362
0.552357
0.552358
0.552349
0.55236
0.552361
0.552362
0.552355
0.552357
0.55235
0.552352
0.552351
0.552348
0.552343
0.552343
0.552336
0.552337
0.552335
0.552337
0.552337
0.552335
0.552334
0.552333
0.552334
0.552334
0.552326
0.552331
0.552335
0.552335
0.55233
0.552332
0.552339
0.552336
0.552333
0.552338
0.55233
0.552336
0.552342
0.552338
0.552339
0.552332
0.552332
0.552332
0.552333
0.552332
0.55234
0.552335
0.552339
0.552344
0.552343
0.552342
0.552354
0.552355
0.552355
0.552358
0.552351
0.552352
0.552356
0.552348
0.552336
0.552327
0.552328
0.552326
0.552326
0.55233
0.552335
0.552334
0.552334
0.552332
0.552333
0.552332
0.55234
0.55234
0.552335
0.552334
0.552334
0.552344
0.552348
0.552351
0.552358
0.552352
0.552352
0.552357
0.552361
0.552353
0.552356
0.552359
0.552355
0.552354
0.552358
0.552354
0.552345
0.552345
0.55235
0.552349
0.552348
0.552336
0.552343
0.552349
0.552349
0.552345
0.552352
0.55235
0.552348
0.552354
0.552361
0.552363
0.552353
0.552345
0.552345
0.552338
0.552332
0.552329
0.552332
0.552331
0.55233
0.552326
0.552323
0.552333
0.552332
0.552337
0.552336
0.552331
0.552328
0.552327
0.552325
0.552317
0.552308
0.552306
0.552296
0.552297
0.55229
0.552297
0.552296
0.552294
0.552303
0.552306
0.552307
0.552305
0.552302
0.552296
0.552295
0.55229
0.55229
0.552288
0.552286
0.552278
0.552271
0.552271
0.552269
0.552257
0.55226
0.552253
0.552266
0.552259
0.55226
0.552264
0.552254
0.552261
0.552263
0.55227
0.552271
0.552276
0.552274
0.552272
0.552272
0.552266
0.552265
0.552269
0.552272
0.552276
0.552275
0.552279
0.552279
0.552282
0.552289
0.552288
0.552288
0.552294
0.552284
0.552293
0.552295
0.552287
0.552288
0.552292
0.552292
0.552293
0.552295
0.552293
0.55229
0.55229
0.552294
0.552299
0.552298
0.5523
0.552299
0.552302
0.552301
0.552295
0.552296
0.552295
0.55229
0.552289
0.552287
0.552295
0.552295
0.55229
0.552292
0.552287
0.552291
0.552296
0.552305
0.552312
0.552313
0.552307
0.552311
0.552305
0.552302
0.552309
0.552308
0.552297
0.552293
0.552295
0.552298
0.5523
0.552288
0.552284
0.552284
0.552281
0.552276
0.552275
0.552273
0.552273
0.55228
0.552275
0.552283
0.552275
0.552282
0.552287
0.552285
0.552287
0.552292
0.552295
0.552291
0.552293
0.552293
0.55229
0.552291
0.552295
0.552301
0.552302
0.552301
0.552306
0.552303
0.552293
0.552286
0.55229
0.552286
0.552292
0.55229
0.552291
0.55229
0.55229
0.552285
0.552287
0.552287
0.552291
0.552289
0.55229
0.552299
0.552295
0.552289
0.552289
0.552287
0.552283
0.552289
0.552294
0.552287
0.552283
0.552284
0.552293
0.552292
0.552297
0.552297
0.552297
0.552289
0.552293
0.552291
0.552295
0.552297
0.552296
0.55229
0.552286
0.552292
0.552292
0.552291
0.552299
0.552301
0.552299
0.552301
0.552306
0.552308
0.552305
0.552304
0.552311
0.552319
0.552321
0.55232
0.552325
0.552322
0.552327
0.552332
0.552333
0.552335
0.552339
0.552342
0.552344
0.552346
0.552346
0.552345
0.552344
0.552342
0.552334
0.552333
0.55234
0.552345
0.552344
0.55235
0.552352
0.552349
0.552354
0.552346
0.552353
0.552361
0.552361
0.552359
0.552356
0.552362
0.552362
0.552358
0.552359
0.552359
0.552357
0.552356
0.552352
0.55235
0.552345
0.552349
0.552341
0.552345
0.552347
0.55234
0.552344
0.55234
0.552329
0.55233
0.552338
0.552339
0.552337
0.552331
0.552332
0.55233
0.552324
0.552317
0.552322
0.552324
0.552323
0.552326
0.552323
0.552319
0.552323
0.552328
0.552336
0.552335
0.552342
0.552348
0.552344
0.552345
0.552341
0.552343
0.552338
0.552341
0.552332
0.552332
0.552332
0.552331
0.552333
0.552341
0.552342
0.552346
0.552342
0.55235
0.552348
0.552355
0.552351
0.552345
0.552335
0.552333
0.552334
0.552329
0.552329
0.552331
0.552333
0.552328
0.552327
0.552329
0.552326
0.552329
0.552328
0.552331
0.552333
0.552331
0.552332
0.552329
0.552329
0.552325
0.552329
0.552322
0.552316
0.552313
0.552321
0.552325
0.552326
0.552332
0.552333
0.552333
0.552326
0.552333
0.552329
0.552322
0.552316
0.552321
0.552327
0.552323
0.552322
0.552323
0.55232
0.552325
0.552324
0.552315
0.552308
0.552304
0.552306
0.552304
0.552307
0.552302
0.552298
0.552293
0.552289
0.552287
0.552285
0.552285
0.55229
0.552295
0.552302
0.552309
0.5523
0.552293
0.552308
0.552312
0.55231
0.552306
0.552295
0.552302
0.552295
0.5523
0.552299
0.552298
0.552302
0.5523
0.552305
0.552308
0.552308
0.552318
0.552319
0.552321
0.552325
0.552327
0.552326
0.552327
0.552326
0.552322
0.552326
0.552331
0.552328
0.552324
0.552327
0.552328
0.552323
0.552325
0.552326
0.552327
0.552323
0.552318
0.55232
0.552319
0.55231
0.552307
0.552297
0.552292
0.552288
0.55229
0.552296
0.552296
0.552287
0.552285
0.552286
0.552282
0.552283
0.552288
0.552294
0.552296
0.552302
0.552304
0.552309
0.552315
0.552306
0.552315
0.552311
0.552323
0.552326
0.552323
0.552316
0.552317
0.552318
0.552321
0.552321
0.552319
0.552318
0.552317
0.552324
0.552325
0.552323
0.552325
0.552324
0.552321
0.552317
0.552302
0.552298
0.55229
0.552291
0.552288
0.552285
0.552279
0.552276
0.552275
0.552277
0.552271
0.55227
0.552268
0.552268
0.552272
0.552271
0.552273
0.552262
0.552263
0.552261
0.552263
0.552255
0.552254
0.552242
0.55224
0.552246
0.552244
0.55224
0.552249
0.552249
0.552248
0.552255
0.552255
0.552251
0.552254
0.552254
0.552255
0.552254
0.552254
0.552247
0.552245
0.55225
0.552243
0.55224
0.552233
0.552233
0.552232
0.552231
0.552231
0.552231
0.552234
0.552231
0.55223
0.552236
0.552231
0.552227
0.552226
0.552227
0.552219
0.552223
0.552224
0.552224
0.552223
0.552229
0.552221
0.552221
0.552222
0.552227
0.552225
0.552216
0.552218
0.552207
0.552202
0.552196
0.552213
0.552212
0.552202
0.552206
0.552199
0.552202
0.552201
0.552205
0.552203
0.552207
0.552208
0.552208
0.552207
0.552199
0.552205
0.552207
0.552207
0.552205
0.55221
0.552213
0.552216
0.552214
0.552209
0.552204
0.552209
0.552201
0.5522
0.552195
0.552196
0.552191
0.552189
0.552193
0.552187
0.552194
0.552194
0.552187
0.552182
0.552188
0.552192
0.552185
0.55218
0.552176
0.552171
0.552164
0.552167
0.552162
0.552161
0.552165
0.552166
0.552168
0.552168
0.552165
0.552159
0.552163
0.552174
0.552166
0.552166
0.552161
0.552152
0.552158
0.552164
0.55217
0.552166
0.55217
0.552168
0.552163
0.55216
0.552159
0.552159
0.552161
0.552165
0.552166
0.552164
0.552161
0.552165
0.552165
0.552164
0.552161
0.552158
0.552157
0.552153
0.552153
0.552147
0.552142
0.552146
0.552136
0.552142
0.552144
0.552142
0.552138
0.552144
0.552143
0.552147
0.552138
0.552139
0.552143
0.552148
0.552153
0.552153
0.552148
0.552147
0.552151
0.552149
0.552159
0.552165
0.552169
0.552168
0.552165
0.552173
0.552165
0.552169
0.552173
0.552167
0.552171
0.552171
0.552165
0.552164
0.552164
0.552162
0.552174
0.552171
0.552169
0.552169
0.552173
0.552172
0.552174
0.552176
0.552175
0.552168
0.552166
0.552164
0.552165
0.552165
0.552164
0.552168
0.552162
0.552164
0.552171
0.552177
0.55218
0.55218
0.552182
0.552184
0.552187
0.552186
0.552187
0.552182
0.552185
0.552181
0.552187
0.552184
0.552181
0.552179
0.552174
0.552171
0.552172
0.552179
0.552178
0.552175
0.552165
0.552169
0.552164
0.552167
0.552164
0.552166
0.55217
0.552168
0.552164
0.552167
0.552168
0.552167
0.552173
0.552171
0.55218
0.552189
0.55219
0.552199
0.552197
0.552197
0.552196
0.552202
0.552197
0.552194
0.552194
0.552189
0.55219
0.552185
0.552178
0.552182
0.552178
0.552183
0.552181
0.552176
0.552166
0.55217
0.552168
0.552168
0.55217
0.552172
0.552171
0.552174
0.552175
0.55217
0.552176
0.552173
0.552174
0.552182
0.552179
0.552179
0.552177
0.552185
0.552177
0.552179
0.552174
0.552172
0.55217
0.552179
0.552189
0.552187
0.552186
0.552186
0.552186
0.552186
0.55219
0.552187
0.552184
0.552178
0.552179
0.552179
0.552175
0.552173
0.552168
0.552167
0.552167
0.552169
0.552167
0.552163
0.552168
0.552168
0.552168
0.552162
0.552165
0.552169
0.552172
0.55217
0.552171
0.552168
0.552168
0.552168
0.55217
0.55217
0.552171
0.552175
0.552177
0.552171
0.552171
0.552172
0.552172
0.552183
0.552177
0.552177
0.552177
0.552182
0.552181
0.552183
0.552188
0.552183
0.552191
0.552203
0.552203
0.552198
0.552198
0.552201
0.552205
0.552205
0.552203
0.552199
0.552197
0.552203
0.552198
0.552199
0.552193
0.552193
0.552185
0.552185
0.552184
0.55218
0.552177
0.552182
0.552184
0.552185
0.552176
0.552176
0.552174
0.552184
0.552181
0.552185
0.552182
0.552183
0.552187
0.552181
0.552185
0.552185
0.552188
0.552189
0.552195
0.552202
0.552196
0.55219
0.552188
0.552188
0.55218
0.552182
0.552191
0.552189
0.552192
0.552191
0.552196
0.55219
0.55219
0.552191
0.552192
0.552187
0.552178
0.552176
0.552175
0.552177
0.55218
0.552179
0.552192
0.552198
0.552199
0.552195
0.552198
0.552194
0.552195
0.552199
0.552199
0.552192
0.55219
0.552187
0.552191
0.552189
0.552184
0.552184
0.552182
0.552188
0.552178
0.552181
0.55218
0.552179
0.552177
0.552178
0.552175
0.552177
0.552174
0.552174
0.552177
0.552182
0.552184
0.552183
0.552179
0.552177
0.552178
0.552178
0.552177
0.552177
0.552172
0.552178
0.55218
0.552183
0.552185
0.552188
0.552184
0.552186
0.552183
0.552181
0.552184
0.552185
0.552187
0.552195
0.552192
0.552192
0.55219
0.552182
0.552183
0.552187
0.552191
0.552193
0.552191
0.552186
0.552184
0.552191
0.552195
0.552191
0.552194
0.552198
0.552197
0.552193
0.552194
0.552199
0.552201
0.552205
0.552207
0.55221
0.55221
0.552217
0.552219
0.552225
0.552225
0.552224
0.552229
0.552219
0.552216
0.552217
0.552219
0.552217
0.552217
0.552219
0.552214
0.552217
0.552218
0.55221
0.552209
0.552207
0.552208
0.552206
0.552205
0.552209
0.552208
0.552207
0.552207
0.55221
0.552209
0.552214
0.552215
0.552215
0.552215
0.552214
0.55222
0.55222
0.55222
0.552219
0.552221
0.552227
0.552231
0.552233
0.552232
0.552237
0.552237
0.552233
0.552237
0.552233
0.552232
0.552235
0.552232
0.552234
0.552239
0.552238
0.552229
0.552233
0.552232
0.552236
0.552243
0.552238
0.552234
0.552233
0.55223
0.552228
0.552226
0.552234
0.552236
0.552231
0.55224
0.552241
0.552241
0.552239
0.552237
0.552237
0.552246
0.552245
0.552243
0.552242
0.55224
0.552237
0.552239
0.55224
0.552243
0.552245
0.552246
0.552246
0.552247
0.552247
0.552246
0.552245
0.552246
0.552246
0.552243
0.552254
0.552248
0.552257
0.552258
0.552255
0.552261
0.552266
0.552268
0.552269
0.552265
0.552268
0.552268
0.552265
0.552267
0.552265
0.552265
0.552263
0.552269
0.552273
0.552275
0.552278
0.552276
0.552271
0.552265
0.552262
0.552268
0.552271
0.55227
0.552273
0.552263
0.552261
0.552257
0.552256
0.552262
0.552264
0.552269
0.552271
0.552281
0.552274
0.552275
0.55227
0.552272
0.552269
0.55227
0.55227
0.552263
0.55226
0.552254
0.552257
0.552257
0.552254
0.552253
0.552252
0.552252
0.552255
0.552254
0.55225
0.552247
0.552247
0.552248
0.552245
0.552241
0.552244
0.552245
0.552239
0.552238
0.552238
0.552237
0.552238
0.552237
0.55224
0.552238
0.552243
0.552241
0.552245
0.552248
0.552256
0.552255
0.552258
0.552259
0.55226
0.552265
0.552262
0.552256
0.552255
0.552259
0.552269
0.552274
0.552276
0.552275
0.552263
0.55227
0.552271
0.552271
0.552272
0.552268
0.552258
0.552255
0.552263
0.552267
0.552264
0.552266
0.552258
0.552263
0.552263
0.552262
0.552261
0.552259
0.552257
0.552261
0.552264
0.552265
0.552271
0.552273
0.552272
0.552274
0.552271
0.552268
0.55227
0.552267
0.552269
0.552264
0.552271
0.552273
0.552274
0.552268
0.55227
0.55227
0.552275
0.552278
0.552275
0.552288
0.552291
0.552286
0.552289
0.552286
0.552286
0.552281
0.552286
0.552286
0.55228
0.552278
0.552279
0.552281
0.552277
0.552277
0.552273
0.55227
0.552277
0.552276
0.552277
0.552272
0.552265
0.552264
0.552266
0.552269
0.552265
0.55226
0.552266
0.552268
0.55227
0.552275
0.552275
0.552276
0.552277
0.552277
0.552278
0.552276
0.552272
0.552275
0.552272
0.552273
0.552275
0.552277
0.552276
0.552272
0.55227
0.552271
0.55227
0.552271
0.552272
0.552276
0.552277
0.552274
0.55227
0.552275
0.552273
0.552274
0.552272
0.552262
0.552261
0.552265
0.55227
0.552269
0.552268
0.552264
0.55226
0.552259
0.552262
0.552258
0.552259
0.552259
0.552261
0.55226
0.552256
0.55225
0.55225
0.552246
0.55225
0.55225
0.552251
0.552249
0.552249
0.552252
0.552263
0.552261
0.552262
0.552263
0.55226
0.552256
0.552259
0.55226
0.552262
0.552264
0.552257
0.552248
0.55225
0.552245
0.552242
0.552241
0.552242
0.552237
0.552237
0.552238
0.552238
0.552241
0.552235
0.552234
0.552226
0.552223
0.55223
0.55223
0.552233
0.55223
0.552229
0.552231
0.552234
0.55224
0.552241
0.552242
0.552236
0.55224
0.552239
0.55224
0.552249
0.55224
0.552239
0.552232
0.552232
0.552228
0.552228
0.552223
0.552221
0.552223
0.552214
0.55221
0.552204
0.552202
0.552205
0.552209
0.552214
0.552211
0.552215
0.552214
0.552215
0.552217
0.552216
0.552216
0.552222
0.552224
0.552218
0.552216
0.552215
0.552219
0.552218
0.552223
0.55222
0.552221
0.552226
0.552231
0.552229
0.552227
0.552228
0.552226
0.552224
0.552221
0.552218
0.55222
0.552223
0.552231
0.552236
0.552234
0.552234
0.552236
0.552232
0.55223
0.552238
0.552244
0.552244
0.552244
0.55224
0.55224
0.552239
0.552238
0.552238
0.55224
0.55224
0.552241
0.552245
0.552239
0.552239
0.552236
0.552234
0.552221
0.552218
0.552222
0.552221
0.55222
0.552222
0.552224
0.552223
0.552221
0.552221
0.552217
0.552218
0.55223
0.552225
0.552225
0.552219
0.552228
0.552227
0.552224
0.552223
0.552222
0.552222
0.552225
0.55222
0.552216
0.552219
0.552219
0.552221
0.552219
0.552222
0.552211
0.552218
0.552214
0.552211
0.552205
0.552198
0.552193
0.552195
0.552191
0.552189
0.552192
0.552192
0.552189
0.552186
0.552177
0.552179
0.552173
0.552175
0.552172
0.552174
0.552173
0.552169
0.552162
0.552164
0.552166
0.552168
0.552168
0.552167
0.552171
0.552175
0.552174
0.552174
0.552167
0.552166
0.552166
0.552171
0.552175
0.552174
0.552177
0.552187
0.55219
0.552191
0.552193
0.55219
0.552189
0.552195
0.552199
0.552196
0.552196
0.552195
0.552192
0.552191
0.552187
0.552178
0.552175
0.552183
0.552186
0.552186
0.55219
0.552188
0.552183
0.552189
0.552194
0.552192
0.55219
0.552183
0.552181
0.552178
0.552173
0.552173
0.552174
0.552181
0.552179
0.552179
0.552186
0.552185
0.552186
0.552186
0.552193
0.552195
0.552197
0.552194
0.552193
0.552193
0.552197
0.552198
0.552201
0.552206
0.552206
0.552201
0.552197
0.552201
0.552207
0.552209
0.552209
0.552204
0.552207
0.55221
0.55221
0.552209
0.552205
0.552208
0.552213
0.552211
0.552209
0.552203
0.552207
0.552213
0.552214
0.552222
0.552224
0.552225
0.552222
0.552218
0.552221
0.552226
0.552226
0.552225
0.552225
0.552218
0.552222
0.552224
0.552226
0.552228
0.552228
0.552229
0.552228
0.552234
0.552237
0.552237
0.55224
0.552246
0.55224
0.552241
0.552242
0.552242
0.552237
0.552232
0.552219
0.552219
0.552217
0.552218
0.552223
0.552215
0.552208
0.552217
0.552225
0.552223
0.552227
0.552223
0.552222
0.552224
0.552226
0.552224
0.552222
0.55222
0.552215
0.552206
0.552207
0.552214
0.552212
0.55221
0.55221
0.552212
0.552211
0.55221
0.552204
0.552208
0.552207
0.552209
0.552208
0.552204
0.552202
0.552205
0.552205
0.552202
0.552203
0.552203
0.552206
0.552202
0.552204
0.552202
0.552206
0.552209
0.552218
0.552214
0.55221
0.552214
0.552213
0.552212
0.552214
0.552214
0.552209
0.552204
0.55221
0.552206
0.552202
0.552198
0.552201
0.552203
0.552202
0.552202
0.552202
0.552198
0.552202
0.552204
0.552203
0.552196
0.552197
0.552197
0.552198
0.552196
0.552189
0.552188
0.552189
0.552193
0.552197
0.552201
0.5522
0.552205
0.552202
0.552201
0.552196
0.552189
0.552193
0.552195
0.5522
0.552201
0.552205
0.552207
0.552209
0.552207
0.5522
0.5522
0.552197
0.5522
0.552199
0.552195
0.552194
0.552192
0.552187
0.552186
0.552186
0.552191
0.552195
0.552192
0.552194
0.552193
0.552186
0.552188
0.552186
0.552181
0.552188
0.552186
0.55219
0.552187
0.55219
0.552183
0.552188
0.552186
0.552175
0.552184
0.552189
0.552185
0.552186
0.552181
0.552185
0.552178
0.552181
0.552179
0.552179
0.552185
0.55219
0.552185
0.552189
0.552188
0.552183
0.552179
0.552185
0.552182
0.552185
0.552184
0.552184
0.552188
0.552185
0.552177
0.552179
0.552181
0.552182
0.552185
0.552186
0.552184
0.552182
0.55218
0.552183
0.552187
0.552193
0.552195
0.552191
0.552189
0.552196
0.552195
0.552199
0.552199
0.552196
0.552195
0.552189
0.552189
0.55219
0.552189
0.552183
0.552179
0.552177
0.552177
0.55218
0.552176
0.552177
0.552176
0.552171
0.552172
0.552177
0.552171
0.552175
0.552179
0.552179
0.552181
0.552173
0.552178
0.552181
0.552177
0.552179
0.552176
0.552176
0.552179
0.552174
0.552171
0.552168
0.55217
0.552168
0.55217
0.552173
0.552179
0.552178
0.552175
0.552178
0.552179
0.552181
0.55218
0.552176
0.552177
0.552182
0.552183
0.552176
0.552185
0.552184
0.552188
0.552194
0.552195
0.552192
0.552187
0.552187
0.552188
0.552194
0.552193
0.552195
0.552196
0.5522
0.552195
0.552196
0.552196
0.552193
0.552189
0.552188
0.552183
0.552184
0.552184
0.55218
0.552176
0.552178
0.552188
0.552188
0.552191
0.552193
0.552191
0.552187
0.552191
0.55219
0.552189
0.552195
0.552191
0.552191
0.552191
0.552186
0.552187
0.552188
0.552182
0.552179
0.552182
0.552184
0.552184
0.552184
0.552188
0.552193
0.552192
0.552198
0.552199
0.552199
0.552196
0.552202
0.552207
0.552215
0.552208
0.552212
0.552204
0.552207
0.552205
0.552208
0.552204
0.552204
0.552209
0.552209
0.552208
0.552214
0.552214
0.552209
0.552206
0.552201
0.552198
0.552201
0.552195
0.552192
0.552188
0.552185
0.552188
0.552189
0.552185
0.552187
0.552185
0.552182
0.552181
0.552181
0.552178
0.552172
0.552177
0.552176
0.552174
0.552172
0.552172
0.552173
0.55217
0.552167
0.552172
0.552175
0.55217
0.552172
0.552176
0.552186
0.552183
0.552183
0.552189
0.552197
0.552201
0.552193
0.55219
0.552187
0.55219
0.552194
0.552194
0.5522
0.552204
0.552205
0.552204
0.552201
0.552194
0.552195
0.552194
0.552198
0.552198
0.552194
0.552189
0.552188
0.552191
0.552194
0.552195
0.552199
0.552192
0.552185
0.552188
0.552194
0.5522
0.552203
0.552205
0.552205
0.552201
0.552202
0.552205
0.552205
0.552204
0.552199
0.552198
0.552197
0.552195
0.552194
0.552192
0.552196
0.552188
0.552184
0.552179
0.552181
0.552182
0.552182
0.552177
0.552174
0.552168
0.552176
0.552173
0.552169
0.552168
0.552164
0.552168
0.552169
0.552169
0.552172
0.552177
0.552179
0.552176
0.552175
0.552176
0.552175
0.552175
0.552176
0.552182
0.552179
0.552185
0.552182
0.552188
0.552188
0.552182
0.552179
0.552183
0.552179
0.552182
0.552182
0.55218
0.552181
0.552184
0.552181
0.552186
0.552182
0.552195
0.552197
0.55219
0.552192
0.552196
0.552195
0.552193
0.552199
0.552199
0.552196
0.55219
0.552196
0.552195
0.552194
0.552196
0.552196
0.552192
0.55219
0.552191
0.552188
0.55219
0.552184
0.55219
0.552189
0.55219
0.552187
0.552182
0.55218
0.552182
0.552184
0.552189
0.552193
0.552192
0.552187
0.552185
0.552179
0.552178
0.552179
0.552177
0.552181
0.552189
0.552195
0.552194
0.552193
0.552191
0.552182
0.552189
0.552188
0.552183
0.552175
0.552177
0.552169
0.55217
0.552167
0.552161
0.552164
0.55216
0.552159
0.552159
0.552155
0.552156
0.552156
0.552151
0.55215
0.552158
0.552163
0.552165
0.552171
0.55217
0.552169
0.552168
0.552172
0.552172
0.552166
0.552163
0.552164
0.552165
0.552164
0.552164
0.552168
0.552171
0.552167
0.552167
0.552169
0.552173
0.552173
0.552176
0.552178
0.552179
0.552179
0.552182
0.552184
0.552185
0.552178
0.552177
0.552171
0.55217
0.552166
0.552165
0.552165
0.55216
0.552167
0.552169
0.552161
0.552163
0.552169
0.55217
0.552169
0.552171
0.552173
0.552185
0.552181
0.552184
0.552183
0.552187
0.552191
0.552189
0.552189
0.552192
0.552196
0.552193
0.552196
0.552197
0.552202
0.552203
0.552206
0.552208
0.552206
0.552207
0.55221
0.55221
0.552213
0.552209
0.552206
0.552206
0.55221
0.552211
0.55221
0.552209
0.552209
0.552202
0.552198
0.552188
0.552191
0.552189
0.552196
0.552198
0.552196
0.55219
0.552193
0.552191
0.552199
0.5522
0.552202
0.552202
0.552198
0.552197
0.552196
0.552198
0.552198
0.552203
0.552208
0.552208
0.552209
0.552217
0.552215
0.55221
0.552207
0.552212
0.552213
0.552214
0.552209
0.55221
0.552213
0.552214
0.552213
0.552209
0.552208
0.552211
0.552211
0.552215
0.552218
0.552216
0.552211
0.552215
0.552216
0.552212
0.55221
0.552212
0.55222
0.552223
0.552228
0.552226
0.552223
0.552225
0.552228
0.552228
0.552234
0.552231
0.552233
0.552228
0.552223
0.552222
0.552221
0.552216
0.552216
0.552214
0.552213
0.552215
0.552215
0.552213
0.552211
0.552211
0.552214
0.552216
0.552214
0.552215
0.552218
0.552216
0.552212
0.552206
0.552203
0.552206
0.552204
0.552206
0.552203
0.552203
0.552191
0.552195
0.55219
0.55219
0.552188
0.552193
0.552197
0.552199
0.552199
0.552201
0.552199
0.552198
0.552201
0.552198
0.552198
0.552192
0.552197
0.552191
0.552191
0.552188
0.552187
0.552186
0.55219
0.552186
0.552187
0.552194
0.552193
0.55219
0.552185
0.552185
0.552188
0.55219
0.55219
0.552194
0.552196
0.552191
0.55219
0.552189
0.552187
0.552178
0.552178
0.552174
0.552175
0.552181
0.552186
0.55219
0.552187
0.552191
0.552194
0.552197
0.552197
0.552195
0.552195
0.552191
0.552185
0.552191
0.552191
0.552193
0.552191
0.552189
0.552191
0.552186
0.552185
0.552191
0.552184
0.552186
0.552192
0.552186
0.552179
0.552175
0.552177
0.552177
0.552183
0.552182
0.55218
0.552174
0.552177
0.552172
0.552177
0.552181
0.552185
0.552187
0.55219
0.552196
0.552197
0.552197
0.552195
0.552193
0.552195
0.552197
0.552194
0.552191
0.552197
0.552197
0.552199
0.552194
0.552192
0.55219
0.55219
0.55219
0.552197
0.552198
0.552191
0.552193
0.552185
0.552183
0.552185
0.552187
0.552189
0.552185
0.552182
0.552178
0.552174
0.552169
0.552166
0.552168
0.552168
0.552169
0.552176
0.552175
0.552185
0.55218
0.552178
0.552177
0.552183
0.552181
0.552183
0.552182
0.55218
0.552179
0.552174
0.552169
0.552169
0.552166
0.552165
0.552164
0.552159
0.552165
0.552167
0.552168
0.552162
0.552167
0.552161
0.552158
0.552159
0.552155
0.552156
0.552158
0.552153
0.552155
0.552149
0.552152
0.552148
0.552146
0.552143
0.552145
0.552145
0.552143
0.552148
0.552149
0.552153
0.55215
0.552149
0.55215
0.552154
0.552155
0.552153
0.552153
0.552148
0.552145
0.552151
0.552153
0.552153
0.552147
0.552153
0.552157
0.552159
0.552153
0.552149
0.552151
0.552154
0.552153
0.552148
0.552156
0.552153
0.552149
0.552145
0.552147
0.552142
0.552137
0.552139
0.552135
0.552132
0.552128
0.552125
0.552127
0.552125
0.552124
0.552131
0.55213
0.552126
0.552128
0.55213
0.552126
0.552122
0.552126
0.552122
0.552123
0.552123
0.552122
0.552121
0.552124
0.55212
0.55212
0.552118
0.552123
0.552124
0.552125
0.552121
0.552122
0.552124
0.552125
0.552124
0.552124
0.552134
0.552136
0.552145
0.552149
0.552149
0.552144
0.552141
0.552141
0.552144
0.552146
0.552146
0.552147
0.552149
0.552153
0.552151
0.552161
0.552164
0.552162
0.552167
0.552169
0.552166
0.552168
0.552171
0.552169
0.552169
0.552168
0.552175
0.552181
0.552181
0.552187
0.552187
0.552186
0.552185
0.552187
0.552187
0.552187
0.552191
0.552193
0.552195
0.552192
0.55219
0.552192
0.552196
0.552193
0.552192
0.552195
0.552189
0.552182
0.552183
0.552175
0.552174
0.552171
0.552165
0.552166
0.552172
0.552173
0.552175
0.552173
0.552173
0.55218
0.55218
0.552185
0.552183
0.552181
0.55218
0.55218
0.552179
0.552178
0.552181
0.552181
0.552181
0.552186
0.55219
0.552189
0.552186
0.552188
0.55219
0.552187
0.552188
0.552185
0.55218
0.552172
0.552168
0.552169
0.552166
0.552164
0.552157
0.552155
0.552152
0.552152
0.552155
0.552157
0.552162
0.55216
0.552159
0.55216
0.552165
0.552168
0.552165
0.552166
0.552169
0.552165
0.552168
0.552166
0.552163
0.552164
0.552164
0.552169
0.552172
0.55217
0.552171
0.552175
0.55217
0.552174
0.552176
0.552179
0.552175
0.552177
0.552173
0.552172
0.552177
0.552175
0.552175
0.552175
0.552178
0.552171
0.552169
0.552174
0.552178
0.552177
0.552177
0.552172
0.552175
0.552178
0.552177
0.552175
0.552172
0.552167
0.552171
0.552165
0.552164
0.552167
0.552167
0.552172
0.552176
0.552184
0.552185
0.552187
0.552189
0.552191
0.552196
0.552199
0.552198
0.552195
0.552202
0.552204
0.552209
0.55221
0.552213
0.552218
0.55222
0.552223
0.552217
0.552221
0.552223
0.552228
0.552233
0.552234
0.552236
0.552236
0.552236
0.552237
0.552239
0.552241
0.552235
0.552234
0.552235
0.552238
0.552238
0.552237
0.552235
0.552231
0.552232
0.552225
0.552233
0.552233
0.55223
0.552232
0.55223
0.552224
0.552223
0.552224
0.552226
0.552224
0.552226
0.552231
0.552236
0.552241
0.552234
0.552234
0.552236
0.552236
0.552231
0.552233
0.552234
0.552233
0.552231
0.55223
0.552229
0.552231
0.552234
0.55224
0.552244
0.552245
0.552242
0.552249
0.552253
0.552253
0.552257
0.552255
0.552256
0.552263
0.552255
0.552255
0.552258
0.55226
0.55226
0.552257
0.552257
0.552256
0.552256
0.552261
0.552267
0.552265
0.552262
0.552263
0.552265
0.552268
0.55227
0.552269
0.552266
0.552271
0.55227
0.552271
0.55227
0.55227
0.552273
0.552279
0.552277
0.552274
0.552278
0.552275
0.552278
0.552275
0.552271
0.552272
0.552276
0.55228
0.552278
0.552282
0.552286
0.552289
0.552289
0.552292
0.552296
0.552295
0.552295
0.552292
0.55229
0.552296
0.552298
0.552303
0.552305
0.552301
0.552298
0.552296
0.55229
0.552291
0.552289
0.552286
0.552287
0.552285
0.552283
0.552287
0.552288
0.55229
0.552287
0.552289
0.552284
0.552282
0.552279
0.552282
0.552279
0.552281
0.552277
0.552275
0.552273
0.552272
0.552272
0.552267
0.552269
0.552267
0.552273
0.552271
0.552271
0.552269
0.552273
0.552272
0.552274
0.552273
0.552274
0.55227
0.552273
0.552277
0.552278
0.552277
0.552274
0.552274
0.55228
0.552277
0.55228
0.552284
0.552277
0.552269
0.552267
0.552264
0.552271
0.552277
0.552286
0.552284
0.552283
0.552282
0.552281
0.552282
0.552281
0.552278
0.552277
0.552275
0.552277
0.552276
0.552272
0.552277
0.552274
0.552276
0.552275
0.552276
0.55228
0.552276
0.552275
0.552276
0.552274
0.552277
0.552278
0.552279
0.552283
0.552281
0.552279
0.552274
0.552276
0.552279
0.552285
0.552288
0.552291
0.552294
0.552296
0.55229
0.552294
0.552293
0.552294
0.55229
0.552294
0.55229
0.552293
0.552292
0.552293
0.552295
0.552301
0.552299
0.552298
0.552295
0.552293
0.552291
0.552285
0.552284
0.552287
0.552283
0.552279
0.552285
0.552279
0.552278
0.55228
0.552278
0.552279
0.552279
0.55228
0.552273
0.552276
0.552283
0.552282
0.552281
0.55228
0.552279
0.552279
0.552279
0.552276
0.552282
0.552273
0.552275
0.552276
0.552274
0.552275
0.55227
0.552271
0.552274
0.55227
0.552269
0.552263
0.552259
0.552257
0.552258
0.55226
0.552261
0.552254
0.552251
0.552254
0.552252
0.552258
0.552257
0.552257
0.552257
0.552256
0.552251
0.552258
0.552256
0.552252
0.552251
0.552249
0.552251
0.552246
0.552247
0.552254
0.552248
0.552245
0.552245
0.552241
0.552243
0.552244
0.552242
0.552241
0.552239
0.552234
0.552236
0.552237
0.552234
0.552238
0.552237
0.552238
0.552235
0.552234
0.552236
0.552233
0.552233
0.552229
0.552231
0.552229
0.552228
0.552229
0.552226
0.552229
0.552226
0.55222
0.55222
0.55222
0.552224
0.552224
0.552223
0.552226
0.552224
0.552227
0.552225
0.55223
0.552223
0.552229
0.55223
0.552227
0.552228
0.552231
0.552236
0.552234
0.552237
0.552232
0.552231
0.552227
0.552231
0.552228
0.552224
0.552225
0.552231
0.552233
0.552234
0.552235
0.552228
0.552224
0.552224
0.552224
0.552221
0.55222
0.552221
0.55222
0.552223
0.552223
0.552222
0.552215
0.552212
0.552209
0.552211
0.552206
0.552214
0.552215
0.552211
0.552209
0.552209
0.552204
0.552202
0.552204
0.552204
0.552201
0.5522
0.552204
0.552202
0.552204
0.552203
0.552202
0.552201
0.552198
0.5522
0.552203
0.552204
0.552201
0.552195
0.552196
0.552193
0.552191
0.552189
0.552188
0.552192
0.552189
0.552189
0.552188
0.552182
0.552179
0.552174
0.552173
0.552171
0.552173
0.552179
0.552179
0.552176
0.552178
0.552179
0.552177
0.552174
0.552172
0.552177
0.552175
0.552177
0.552179
0.552182
0.552183
0.552184
0.552192
0.552191
0.552192
0.552194
0.552198
0.552197
0.552197
0.552194
0.552191
0.552191
0.552191
0.552196
0.552195
0.552199
0.552207
0.552202
0.552203
0.552202
0.552202
0.552205
0.55221
0.552209
0.552212
0.552215
0.552218
0.552222
0.552229
0.552232
0.552231
0.552231
0.552231
0.55223
0.552231
0.552238
0.552237
0.55223
0.552224
0.552226
0.552228
0.552225
0.55223
0.55223
0.552228
0.55223
0.552225
0.552228
0.552223
0.552219
0.55222
0.552223
0.552222
0.552219
0.552217
0.552217
0.552216
0.552216
0.552216
0.552217
0.552216
0.552215
0.552209
0.552212
0.552211
0.552213
0.552214
0.552216
0.552212
0.552217
0.552218
0.552219
0.552217
0.552217
0.552214
0.552214
0.552214
0.55221
0.552208
0.55221
0.55221
0.55221
0.552216
0.552216
0.552215
0.552215
0.552215
0.552217
0.552219
0.55222
0.552228
0.552231
0.552229
0.55223
0.552228
0.552225
0.552224
0.552225
0.55222
0.552219
0.55222
0.552217
0.552219
0.552221
0.552219
0.552219
0.552219
0.55222
0.552222
0.552213
0.552212
0.552215
0.552211
0.552208
0.552211
0.552215
0.552216
0.552216
0.552218
0.552217
0.552217
0.552217
0.552216
0.552217
0.552211
0.552201
0.552197
0.552197
0.552201
0.552209
0.552209
0.552211
0.552211
0.552207
0.552207
0.552199
0.5522
0.552197
0.552201
0.552202
0.552203
0.552203
0.552201
0.552195
0.552193
0.552201
0.5522
0.552196
0.552192
0.552197
0.552198
0.552197
0.552201
0.552206
0.55221
0.55221
0.552213
0.552211
0.552209
0.552209
0.552206
0.552204
0.552196
0.552201
0.552203
0.552209
0.552208
0.552208
0.552206
0.552204
0.552204
0.552199
0.552192
0.552199
0.552198
0.552195
0.552194
0.552195
0.552195
0.552189
0.552188
0.552192
0.552192
0.552187
0.552184
0.552183
0.552188
0.552187
0.552187
0.552187
0.55219
0.552192
0.552189
0.552189
0.55219
0.552198
0.55221
0.552209
0.552209
0.552203
0.5522
0.552201
0.552204
0.552203
0.552208
0.552205
0.552199
0.552195
0.5522
0.5522
0.5522
0.552195
0.552197
0.55219
0.5522
0.552196
0.552198
0.5522
0.552201
0.552197
0.552193
0.552191
0.552191
0.552197
0.552195
0.552195
0.552198
0.552198
0.5522
0.552196
0.552194
0.55219
0.55219
0.55219
0.55219
0.552195
0.552195
0.552193
0.552196
0.552202
0.552205
0.552198
0.5522
0.552206
0.5522
0.552203
0.552205
0.552206
0.552206
0.552203
0.552206
0.552207
0.552208
0.552208
0.552206
0.552204
0.552206
0.55221
0.552209
0.552206
0.552204
0.552197
0.552203
0.552203
0.552202
0.552201
0.552197
0.552194
0.552189
0.552188
0.552185
0.552187
0.552178
0.552177
0.552177
0.552178
0.552174
0.552176
0.552176
0.552174
0.552173
0.55218
0.55218
0.552182
0.552175
0.552174
0.552172
0.552173
0.552169
0.552169
0.552173
0.552169
0.552168
0.552171
0.552173
0.552174
0.552177
0.552177
0.55218
0.552178
0.552179
0.552183
0.552182
0.552189
0.552186
0.552183
0.552184
0.552178
0.552178
0.552178
0.55218
0.552179
0.552183
0.552186
0.55219
0.552194
0.552194
0.552193
0.552196
0.552201
0.552204
0.552206
0.552209
0.552207
0.552209
0.552208
0.552213
0.552216
0.55222
0.552226
0.552224
0.552221
0.552219
0.552219
0.55222
0.55222
0.55222
0.552219
0.552222
0.552222
0.552219
0.552217
0.552218
0.552222
0.55222
0.552223
0.552222
0.552216
0.552217
0.55222
0.552218
0.552223
0.55222
0.552214
0.552217
0.552217
0.552218
0.552214
0.552214
0.552217
0.552217
0.552211
0.552212
0.55221
0.552208
0.552209
0.552208
0.552201
0.552204
0.552204
0.552203
0.5522
0.552203
0.552204
0.552206
0.552211
0.552206
0.552211
0.552206
0.552204
0.552209
0.55221
0.55221
0.552212
0.55221
0.552213
0.552213
0.552213
0.552211
0.552214
0.552212
0.552208
0.552206
0.552203
0.552201
0.552202
0.552195
0.552196
0.552192
0.552192
0.552193
0.552192
0.552188
0.552191
0.552187
0.552185
0.552188
0.552183
0.552181
0.552183
0.552182
0.552186
0.55218
0.552182
0.552186
0.552192
0.552196
0.552196
0.552193
0.552195
0.552199
0.552197
0.552198
0.552202
0.552202
0.552206
0.552202
0.552197
0.552197
0.552198
0.552198
0.552199
0.552198
0.552197
0.552198
0.552192
0.552192
0.552194
0.55219
0.552192
0.552192
0.552192
0.552191
0.552186
0.552189
0.552186
0.552187
0.552184
0.552185
0.552183
0.552182
0.552181
0.552177
0.55218
0.55218
0.552179
0.552181
0.552181
0.55218
0.552175
0.552174
0.552171
0.552171
0.552169
0.552171
0.552169
0.552169
0.552167
0.552166
0.552161
0.552162
0.552161
0.552163
0.552168
0.552165
0.552166
0.552163
0.552159
0.55216
0.552167
0.552167
0.55217
0.552162
0.552167
0.552164
0.552165
0.552173
0.55218
0.552176
0.552177
0.552183
0.552182
0.552189
0.552191
0.552191
0.55219
0.552196
0.552197
0.552203
0.552206
0.552199
0.552202
0.552205
0.552199
0.552199
0.5522
0.5522
0.552199
0.552201
0.552203
0.552204
0.552204
0.552209
0.55221
0.552211
0.552217
0.552218
0.552217
0.552216
0.552216
0.552218
0.552221
0.552217
0.552219
0.552218
0.552214
0.552208
0.552209
0.55221
0.55221
0.552209
0.552205
0.552201
0.552202
0.552204
0.552206
0.552203
0.5522
0.552207
0.55221
0.552209
0.552218
0.552212
0.552214
0.552215
0.552213
0.552209
0.55221
0.55221
0.552204
0.552205
0.552204
0.552202
0.552198
0.552198
0.552196
0.552196
0.552193
0.552194
0.552188
0.552188
0.552185
0.552182
0.552184
0.552179
0.552183
0.552189
0.552192
0.552192
0.552188
0.552188
0.552184
0.552187
0.552189
0.552191
0.552194
0.552195
0.552199
0.552194
0.552198
0.552199
0.5522
0.552202
0.552196
0.552195
0.552201
0.552202
0.552209
0.552211
0.552212
0.552203
0.552207
0.552212
0.552211
0.552212
0.552208
0.552212
0.552211
0.552215
0.552213
0.552212
0.552215
0.552218
0.552214
0.552215
0.552212
0.552205
0.552206
0.552212
0.552214
0.552217
0.552214
0.552215
0.552218
0.552217
0.552222
0.552218
0.552228
0.552227
0.552223
0.552224
0.552223
0.55222
0.552217
0.552218
0.552221
0.55222
0.552224
0.552222
0.552219
0.552222
0.552224
0.552228
0.552224
0.552224
0.552222
0.552224
0.552225
0.552226
0.552227
0.552228
0.552228
0.552224
0.552229
0.55223
0.552234
0.552234
0.552229
0.55223
0.552233
0.55223
0.552232
0.552229
0.552229
0.552231
0.552228
0.552233
0.552239
0.552244
0.552248
0.552239
0.552243
0.55224
0.55224
0.552237
0.552243
0.552244
0.552246
0.552244
0.552244
0.552244
0.552238
0.552242
0.552247
0.552244
0.552246
0.552242
0.552242
0.552241
0.55224
0.552239
0.552238
0.552236
0.552235
0.552238
0.552237
0.552236
0.552236
0.552239
0.552239
0.552238
0.552232
0.552241
0.552242
