3.179681211055445794e-09	2.194559510715034418e-17	3.158897845594176156e-16	1.000000000000000000e+00
6.359362422110891589e-09	-2.813817560078279143e-16	4.013405178064149588e-16	1.000000000000000000e+00
9.539043633166336970e-09	1.856937538303355540e-16	3.524462553131239610e-16	1.000000000000000000e+00
1.271872484422178318e-08	2.018967611825173903e-16	3.162636846989197110e-16	1.000000000000000000e+00
1.589840605527722939e-08	6.932226440676212048e-16	3.585692449841084608e-16	1.000000000000000000e+00
1.907808726633267394e-08	-1.435186916462777634e-17	3.160673928343010610e-16	1.000000000000000000e+00
2.225776847738811849e-08	1.362264441648531308e-15	6.507361128031046263e-16	1.000000000000000000e+00
2.543744968844356636e-08	-7.416113445292553732e-18	3.158807902245139779e-16	1.000000000000000000e+00
2.861713089949901091e-08	-2.139171881691089199e-17	3.281206183486670461e-16	1.000000000000000000e+00
3.179681211055445877e-08	2.161256656611299182e-16	3.158598569336797588e-16	1.000000000000000000e+00
3.497649332160990332e-08	2.215389848884857666e-16	3.158666554070224514e-16	1.000000000000000000e+00
3.815617453266534788e-08	-7.372281865612952435e-17	3.158634048988819823e-16	1.000000000000000000e+00
4.133585574372079243e-08	-2.357524768839152944e-16	3.158819000169414983e-16	1.000000000000000000e+00
4.451553695477623699e-08	-3.814755389642677888e-16	3.158655320522396007e-16	1.000000000000000000e+00
4.769521816583168816e-08	1.641254372946816681e-16	3.158667405022644728e-16	1.000000000000000000e+00
5.087489937688713271e-08	-5.729045938003230760e-16	3.161336972693259250e-16	1.000000000000000000e+00
5.405458058794257726e-08	-8.321628721594059491e-17	3.830603985232001563e-16	1.000000000000000000e+00
5.723426179899802182e-08	-1.304204257035684798e-16	3.461208472905089018e-16	1.000000000000000000e+00
6.041394301005346637e-08	-3.259299577549190316e-16	3.197497156404264422e-16	1.000000000000000000e+00
6.359362422110891754e-08	-2.146878140654303833e-17	3.158780495773325408e-16	1.000000000000000000e+00
