3.179681211055455307e-09	1.883619605805717704e-17	4.190963355600668895e-17	1.000000000000000000e+00
6.359362422110910614e-09	-5.146205848980381031e-18	3.515924391240269124e-17	1.000000000000000000e+00
9.539043633166366748e-09	5.434331828097068559e-18	3.592919211001205112e-17	1.000000000000000000e+00
1.271872484422182123e-08	8.345864560745196331e-17	7.057152279739150458e-17	1.000000000000000000e+00
1.589840605527727571e-08	-6.162770273485908650e-17	1.141183090123669550e-16	1.000000000000000000e+00
1.907808726633273019e-08	-1.023981707905404459e-16	7.149156734222174756e-17	1.000000000000000000e+00
2.225776847738818798e-08	8.908530200156824747e-16	2.095911459898500527e-16	1.000000000000000000e+00
2.543744968844364246e-08	1.896015902707447840e-17	3.512427591029747992e-17	1.000000000000000000e+00
2.861713089949909694e-08	-5.230664772677058359e-17	4.847073418632594835e-17	1.000000000000000000e+00
3.179681211055455142e-08	5.827853157352826362e-17	5.516963655257584236e-17	1.000000000000000000e+00
3.497649332161000920e-08	4.002462077069824096e-17	3.639264930242503282e-17	1.000000000000000000e+00
3.815617453266546699e-08	-4.639431436061382738e-17	3.510217610534144433e-17	1.000000000000000000e+00
4.133585574372092478e-08	-1.411035046084933126e-17	3.735795302468442003e-17	1.000000000000000000e+00
4.451553695477637595e-08	1.027156445973917841e-17	3.535056364726919662e-17	1.000000000000000000e+00
4.769521816583183374e-08	9.980068429521857910e-17	4.296038661380136642e-17	1.000000000000000000e+00
5.087489937688728491e-08	5.482489102181713770e-18	3.646523475494263910e-17	1.000000000000000000e+00
5.405458058794274270e-08	-1.709000099155503934e-17	4.028608506997885225e-17	1.000000000000000000e+00
5.723426179899820049e-08	1.194974734025407624e-17	3.640534941674814181e-17	1.000000000000000000e+00
6.041394301005365166e-08	-3.968999654624183995e-17	3.510263132355412467e-17	1.000000000000000000e+00
6.359362422110910283e-08	-3.944916524350930178e-17	3.537147240162362984e-17	1.000000000000000000e+00
