3.179681211055455307e-09	-7.078432794689432330e-19	4.958532337471135536e-17	1.000000000000000000e+00
6.359362422110910614e-09	-3.134534559596561710e-17	3.511218785446529795e-17	1.000000000000000000e+00
9.539043633166366748e-09	4.934559903383985182e-17	3.511444414818896187e-17	1.000000000000000000e+00
1.271872484422182123e-08	5.359349780269643525e-17	3.513831608014552425e-17	1.000000000000000000e+00
1.589840605527727571e-08	1.151612062429949388e-17	3.514441114549246867e-17	1.000000000000000000e+00
1.907808726633273019e-08	1.006935633743227576e-16	1.092941492186722498e-16	1.000000000000000000e+00
2.225776847738818798e-08	8.664911930339135710e-16	2.344048635634855581e-16	1.000000000000000000e+00
2.543744968844364246e-08	-5.374524267945733686e-17	4.337018408030262497e-17	1.000000000000000000e+00
2.861713089949909694e-08	3.205529538990295196e-17	3.512776516038234204e-17	1.000000000000000000e+00
3.179681211055455142e-08	-3.829098446400548456e-17	3.837386597213621569e-17	1.000000000000000000e+00
3.497649332161000920e-08	3.819088671534595887e-17	3.510129919704879389e-17	1.000000000000000000e+00
3.815617453266546699e-08	-4.108484638092452630e-18	3.510280981109781984e-17	1.000000000000000000e+00
4.133585574372092478e-08	-4.485101276651380382e-17	4.723659633436310340e-17	1.000000000000000000e+00
4.451553695477637595e-08	8.164592005652939079e-17	3.514540665733106154e-17	1.000000000000000000e+00
4.769521816583183374e-08	-2.391271053387993282e-17	3.510395062600764984e-17	1.000000000000000000e+00
5.087489937688728491e-08	7.052120636130616830e-17	3.510129963506352802e-17	1.000000000000000000e+00
5.405458058794274270e-08	4.369615191118636513e-17	4.070717088479899859e-17	1.000000000000000000e+00
5.723426179899820049e-08	8.019430365615338836e-17	3.981641198666985978e-17	1.000000000000000000e+00
6.041394301005365166e-08	-4.899222922261036606e-17	5.356286301288931678e-17	1.000000000000000000e+00
6.359362422110910283e-08	5.249548844106852151e-18	3.513588313233838275e-17	1.000000000000000000e+00
