3.179681211055445794e-09	-3.000856934700850804e-16	3.616169789417653795e-16	1.000000000000000000e+00
6.359362422110891589e-09	-1.536706960886927367e-17	3.158915521844017568e-16	1.000000000000000000e+00
9.539043633166336970e-09	-3.742620213623301664e-16	3.159072884329901166e-16	1.000000000000000000e+00
1.271872484422178318e-08	7.184855650815237215e-16	5.363987303379187560e-16	1.000000000000000000e+00
1.589840605527722939e-08	1.052448748148730269e-16	3.603508185509676115e-16	1.000000000000000000e+00
1.907808726633267394e-08	1.652097428242500816e-16	3.159067030286989094e-16	1.000000000000000000e+00
2.225776847738811849e-08	8.300319449139574075e-16	5.188035181122085483e-16	1.000000000000000000e+00
2.543744968844356636e-08	5.158918560259623673e-16	3.158889601094364363e-16	1.000000000000000000e+00
2.861713089949901091e-08	-3.971163137455555134e-16	3.450223284683298264e-16	1.000000000000000000e+00
3.179681211055445877e-08	-1.895199283698360565e-16	4.159180996186032145e-16	1.000000000000000000e+00
3.497649332160990332e-08	-2.423287010257012288e-16	3.161671821121375861e-16	1.000000000000000000e+00
3.815617453266534788e-08	9.287428126091082067e-17	3.158713893063826987e-16	1.000000000000000000e+00
4.133585574372079243e-08	-1.529648258553208278e-16	3.158699663178101869e-16	1.000000000000000000e+00
4.451553695477623699e-08	2.305175283569252521e-16	3.158719354830748904e-16	1.000000000000000000e+00
4.769521816583168816e-08	-1.359380932120010970e-16	3.158877927704158923e-16	1.000000000000000000e+00
5.087489937688713271e-08	2.478320751913088246e-16	4.355177766488197051e-16	1.000000000000000000e+00
5.405458058794257726e-08	-3.996510624237794722e-16	3.158634342705235496e-16	1.000000000000000000e+00
5.723426179899802182e-08	1.297434853158997958e-16	3.166186179215791578e-16	1.000000000000000000e+00
6.041394301005346637e-08	-1.985252890500496400e-17	3.175844758438626130e-16	1.000000000000000000e+00
6.359362422110891754e-08	-9.612726892083081909e-17	3.160989743910899386e-16	1.000000000000000000e+00
