3.179681211055416843e-09	-1.239866561867240702e-14	8.949642532598142139e-15	1.000000000000000000e+00
6.359362422110833686e-09	-1.673193241431226639e-14	1.787563903284675257e-14	1.000000000000000000e+00
9.539043633166250943e-09	-3.665045503384936810e-13	2.488592575176759342e-13	1.000000000000000000e+00
1.271872484422166737e-08	-8.653893669841558413e-14	3.368372849915903484e-13	1.000000000000000000e+00
1.589840605527708380e-08	-3.143722670696622915e-14	2.047772709346585171e-13	1.000000000000000000e+00
1.907808726633250189e-08	-4.194880059344343808e-15	1.129633581524937995e-13	1.000000000000000000e+00
2.225776847738791997e-08	3.081400121769300158e-12	6.239719420953129586e-13	1.000000000000000000e+00
2.543744968844333474e-08	-7.733042517673215580e-15	6.369744807463311227e-15	1.000000000000000000e+00
2.861713089949875283e-08	-3.474246396855779364e-15	2.891575280236215330e-15	1.000000000000000000e+00
3.179681211055416760e-08	1.750614679599272177e-16	2.198511440861377378e-15	1.000000000000000000e+00
3.497649332160958569e-08	-1.539134522091818912e-15	1.605167459793390893e-15	1.000000000000000000e+00
3.815617453266500377e-08	-8.386883617829643138e-16	9.180498820929464119e-16	1.000000000000000000e+00
4.133585574372042186e-08	-1.294650160037747601e-15	9.755329770570052525e-16	1.000000000000000000e+00
4.451553695477583994e-08	-1.351878229100585083e-16	9.186424635398439289e-16	1.000000000000000000e+00
4.769521816583125141e-08	-7.524299593357416355e-16	5.265666499128134232e-16	1.000000000000000000e+00
5.087489937688666949e-08	-1.934548532925056120e-15	9.341924935444903401e-16	1.000000000000000000e+00
5.405458058794208757e-08	-4.313580276450743628e-16	5.499209072776060142e-16	1.000000000000000000e+00
5.723426179899750566e-08	-6.614942130240931110e-16	5.225071350972486104e-16	1.000000000000000000e+00
6.041394301005292374e-08	5.270311171655060184e-16	4.387944502799370191e-16	1.000000000000000000e+00
6.359362422110833521e-08	-1.232249312641060933e-15	6.403766175101027269e-16	1.000000000000000000e+00
