0.423077
0.405941
0.373239
0.359788
0.330544
0.315436
0.301136
0.275862
0.283516
0.291089
0.294118
0.299115
0.30363
0.294488
0.292793
0.290831
0.288462
0.28496
0.282084
0.27845
0.272306
0.268076
0.265525
0.25903
0.258517
0.25731
0.248831
0.245266
0.241259
0.239831
0.233884
0.227818
0.22265
0.217262
0.210678
0.20922
0.208508
0.203641
0.199868
0.196498
0.193589
0.19033
0.189645
0.185446
0.183066
0.182227
0.178473
0.178959
0.177754
0.177209
0.175475
0.175819
0.175595
0.173807
0.172762
0.172201
0.17064
0.169421
0.169008
0.167338
0.166814
0.165724
0.164032
0.162947
0.16113
0.16067
0.158826
0.158479
0.158183
0.15706
0.156773
0.156309
0.15462
0.154044
0.153428
0.152143
0.151836
0.150541
0.149775
0.148376
0.147773
0.147108
0.146261
0.144767
0.143964
0.143498
0.142586
0.141873
0.14184
0.141504
0.140271
0.139486
0.138667
0.13779
0.137209
0.136076
0.135845
0.136299
0.13565
0.134813
0.134488
0.134133
0.134127
0.133905
0.132856
0.133316
0.132883
0.132887
0.132739
0.132171
0.132213
0.131958
0.131301
0.130952
0.130958
0.130591
0.130228
0.129215
0.128595
0.129055
0.128158
0.12779
0.12777
0.126852
0.127005
0.126493
0.125851
0.1253
0.124973
0.124678
0.123672
0.122789
0.12189
0.121445
0.120838
0.120024
0.120179
0.120266
0.119624
0.119317
0.118888
0.118521
0.119011
0.119521
0.119655
0.119573
0.11916
0.118963
0.118834
0.118575
0.118319
0.117959
0.117904
0.118211
0.118906
0.118762
0.118232
0.117709
0.117307
0.116919
0.116944
0.116836
0.116379
0.116125
0.115652
0.115937
0.115475
0.115507
0.11594
0.116191
0.116306
0.116188
0.11574
0.115434
0.115718
0.115557
0.11566
0.115324
0.114953
0.114775
0.114621
0.114543
0.114334
0.114202
0.113911
0.113557
0.11339
0.112978
0.112821
0.11255
0.112824
0.112977
0.112657
0.112276
0.112208
0.111721
0.111574
0.111652
0.111396
0.111001
0.11108
0.110472
0.110381
0.110059
0.110372
0.110283
0.109922
0.109713
0.109401
0.109032
0.109339
0.109181
0.108777
0.108568
0.108373
0.108693
0.10808
0.107636
0.107782
0.107345
0.107276
0.107403
0.10727
0.107496
0.107638
0.107484
0.107317
0.107107
0.107054
0.107165
0.106976
0.107279
0.107514
0.107647
0.107728
0.107782
0.107513
0.107833
0.107527
0.107462
0.107634
0.107847
0.107734
0.107698
0.107728
0.107383
0.106941
0.107147
0.107078
0.10724
0.107119
0.106893
0.106886
0.107151
0.107227
0.106996
0.106866
0.106686
0.106582
0.106618
0.106153
0.10608
0.106203
0.10616
0.106111
0.106103
0.105988
0.105974
0.10616
0.106374
0.106298
0.10641
0.106032
0.10604
0.106059
0.10592
0.105836
0.106206
0.106268
0.106078
0.10577
0.105891
0.105894
0.105791
0.105621
0.106061
0.106334
0.106956
0.10666
0.106594
0.106663
0.106591
0.106541
0.106557
0.10643
0.106325
0.106205
0.105904
0.106212
0.106004
0.106161
0.106109
0.106062
0.105921
0.106092
0.106168
0.106008
0.106035
0.105887
0.105996
0.106013
0.106151
0.106255
0.106069
0.106114
0.105902
0.105828
0.105713
0.105608
0.105484
0.105498
0.10539
0.105496
0.105389
0.105249
0.105503
0.105521
0.105199
0.105364
0.10514
0.105218
0.104937
0.104749
0.104935
0.104671
0.104583
0.104433
0.104369
0.104218
0.104036
0.103898
0.10392
0.103643
0.1035
0.103348
0.103454
0.103272
0.102968
0.103
0.103024
0.102908
0.102755
0.102749
0.10263
0.102488
0.102379
0.102227
0.102183
0.10188
0.101931
0.101766
0.101849
0.10179
0.101848
0.10182
0.10176
0.101592
0.101758
0.101645
0.101602
0.101575
0.101439
0.101411
0.101338
0.101244
0.10137
0.101169
0.10112
0.101035
0.101062
0.100917
0.10069
0.101046
0.100842
0.100958
0.100822
0.100806
0.100781
0.100647
0.100535
0.100571
0.100372
0.100393
0.100319
0.100261
0.100166
0.100159
0.100295
0.100359
0.100658
0.100642
0.100669
0.100582
0.100624
0.100777
0.101057
0.100844
0.100736
0.100602
0.100607
0.100612
0.10059
0.100333
0.100519
0.100539
0.100476
0.100474
0.100301
0.100396
0.100436
0.100326
0.100339
0.100095
0.100108
0.100088
0.10002
0.0998523
0.0997523
0.0995925
0.0997333
0.0996074
0.0994622
0.0993575
0.0993325
0.0992417
0.0992628
0.0991464
0.0990761
0.0990578
0.0990397
0.0991003
0.0990762
0.0990979
0.0991516
0.099244
0.0991879
0.0990487
0.0990321
0.099015
0.0991319
0.099032
0.0990143
0.0988579
0.0989046
0.0991344
0.0990798
0.0992266
0.0992223
0.0994306
0.0992443
0.0995326
0.0994341
0.0995843
0.0995542
0.0995056
0.0994822
0.0995016
0.09973
0.0996877
0.0999694
0.0999207
0.1
0.1
0.100024
0.100012
0.100072
0.100036
0.100078
0.099994
0.0999641
0.100125
0.100107
0.100202
0.100345
0.100474
0.10042
0.100265
0.1002
0.100311
0.100428
0.100462
0.100484
0.100501
0.100535
0.100464
0.100492
0.100416
0.100346
0.100328
0.100121
0.100023
0.100063
0.0999372
0.0998917
0.0997781
0.099756
0.0997451
0.0996946
0.0995766
0.0997239
0.0996964
0.0995455
0.0994509
0.0993792
0.0996258
0.0996376
0.0995883
0.0994392
0.0993462
0.0994356
0.0993761
0.0993772
0.099356
0.0992417
0.0992542
0.09925
0.0991582
0.0990839
0.0988575
0.098756
0.0987855
0.0986045
0.0985376
0.0984914
0.0984188
0.0984539
0.0985576
0.0984475
0.098365
0.0982138
0.0983136
0.0983485
0.0984198
0.0983754
0.0983355
0.0983901
0.0983883
0.0982702
0.0982152
0.0982232
0.0982834
0.0983127
0.0983572
0.0983811
0.0985337
0.0984381
0.0982961
0.0982844
0.0982415
0.0983117
0.0982225
0.0982354
0.098212
0.0983833
0.0984578
0.0984609
0.0984691
0.0985637
0.0983989
0.098301
0.0982481
0.0982408
0.0983343
0.0982915
0.0983697
0.0983623
0.0984402
0.0982985
0.0983313
0.0983933
0.098416
0.0984191
0.0983031
0.0983016
0.0981619
0.0982244
0.0981297
0.098167
0.0981562
0.0981014
0.0982025
0.0982499
0.0982039
0.0981684
0.0980696
0.0981462
0.0981356
0.0982448
0.0982914
0.0982169
0.0981528
0.0981311
0.0981478
0.098099
0.0981735
0.0982664
0.0982829
0.0984041
0.098473
0.0983715
0.0983321
0.098255
0.0982244
0.0982645
0.0981825
0.0980777
0.0979468
0.0979405
0.0978084
0.0977615
0.0976684
0.097649
0.0975644
0.0975126
0.0975205
0.0974409
0.0972931
0.0973293
0.0973833
0.0973188
0.097424
0.0973141
0.0972045
0.0971761
0.0972676
0.0972524
0.0973235
0.0971914
0.0970918
0.0972729
0.0972778
0.0972553
0.0974964
0.0976342
0.0975326
0.0975849
0.0975534
0.0974243
0.0973215
0.0971963
0.0971299
0.097108
0.097069
0.0969959
0.0969175
0.096913
0.0968195
0.0967318
0.0966712
0.0966291
0.0966167
0.0965508
0.0965076
0.0965263
0.0965057
0.0963777
0.0964871
0.0966002
0.0965309
0.0964508
0.0964761
0.0963742
0.0963112
0.0962526
0.096314
0.0961415
0.0961727
0.0961449
0.0961196
0.0962011
0.09621
0.0961221
0.0961189
0.0962423
0.0962008
0.0961514
0.0960965
0.0961232
0.0960201
0.0960348
0.095994
0.0960527
0.09602
0.0959594
0.0959325
0.0959512
0.0959523
0.0959868
0.0958932
0.0959865
0.0960501
0.0960178
0.096044
0.0959764
0.0961003
0.096109
0.0961271
0.0960911
0.0960277
0.095945
0.095886
0.0958504
0.0957589
0.095712
0.0957133
0.0956897
0.0955835
0.0955734
0.095569
0.0955036
0.0954422
0.0953943
0.0952952
0.0953483
0.0952476
0.0951907
0.0952154
0.0952324
0.0951984
0.0952287
0.0952117
0.0951949
0.0953169
0.0953712
0.0953017
0.0953353
0.0954398
0.0954544
0.0954355
0.0954427
0.0955742
0.0955292
0.0954252
0.0953232
0.0953138
0.0953248
0.0952418
0.095181
0.095104
0.095016
0.0949703
0.0948919
0.0949326
0.0949476
0.0949042
0.0949067
0.0949053
0.0948457
0.0948371
0.0947997
0.094744
0.0947428
0.0946894
0.0946396
0.0947754
0.0948461
0.0947606
0.0947487
0.0947064
0.0946479
0.0946914
0.0947723
0.0947873
0.0947719
0.0947459
0.0948247
0.0948571
0.0947513
0.0947341
0.0946958
0.0946241
0.0945686
0.0946151
0.094628
0.0945727
0.094605
0.0948108
0.0948203
0.0947824
0.0948579
0.0947749
0.0948556
0.0947553
0.0946847
0.0946074
0.0946688
0.0945711
0.0945907
0.0945329
0.0945491
0.0944555
0.0944016
0.0944559
0.0945134
0.0945553
0.0945015
0.0944871
0.0945274
0.0945299
0.0944696
0.0943638
0.0943786
0.094561
0.0945078
0.0944734
0.0944625
0.094413
0.0944009
0.0943682
0.0943157
0.0942281
0.0941858
0.094147
0.0940434
0.0939534
0.0940864
0.0940511
0.0940541
0.0941353
0.0941348
0.094067
0.094007
0.0940112
0.0940639
0.0939683
0.0940522
0.0940831
0.0940203
0.0938844
0.0938446
0.0939035
0.0939708
0.0940048
0.0939457
0.0939359
0.0939815
0.0940174
0.0939915
0.0939764
0.0939135
0.0939153
0.0938908
0.0939795
0.0940035
0.0939683
0.0939376
0.0938795
0.0937868
0.0937563
0.0937741
0.0938243
0.0937782
0.0937813
0.0937354
0.0937927
0.093877
0.0938644
0.0938975
0.0938631
0.0938443
0.0937697
0.093718
0.0938233
0.0938997
0.093952
0.0939034
0.0938672
0.0938671
0.0940064
0.0939877
0.0939342
0.0939841
0.0940054
0.0939163
0.0938081
0.0937714
0.0937449
0.0937185
0.0937358
0.0937915
0.0937955
0.0937833
0.0938338
0.0937903
0.0937893
0.0937591
0.0937299
0.093745
0.093742
0.0937931
0.093769
0.093737
0.0936322
0.0936782
0.0936226
0.093565
0.0936626
0.0936419
0.093642
0.0935698
0.0935404
0.0935575
0.0936031
0.093615
0.0935206
0.0936232
0.0936999
0.0937255
0.0938029
0.0938283
0.0937539
0.0938194
0.0937627
0.0937139
0.0936818
0.0936197
0.0936703
0.0937015
0.0937209
0.0936648
0.0936533
0.0937094
0.0936361
0.0937789
0.093723
0.0937346
0.0938375
0.0938902
0.0938699
0.0938774
0.0938007
0.0937557
0.093855
0.093811
0.0939082
0.0938966
0.0938631
0.093862
0.0938562
0.0939538
0.0939508
0.0939845
0.0939644
0.09385
0.0937698
0.0937999
0.0938017
0.0937359
0.0937031
0.0936572
0.0935862
0.0935265
0.0934753
0.093499
0.0934451
0.0934967
0.0934588
0.0934535
0.0934407
0.0933436
0.0933357
0.0932824
0.0932662
0.0932454
0.0932652
0.0933026
0.0932818
0.0932226
0.0933647
0.0933788
0.0934148
0.093329
0.0933075
0.0932697
0.0932171
0.0931857
0.0931543
0.0931548
0.0931574
0.0930997
0.0930794
0.0931036
0.0931198
0.093086
0.0930387
0.0929782
0.0929339
0.0929212
0.0928637
0.0928043
0.092852
0.0928481
0.0928229
0.0927669
0.0927599
0.0928361
0.0927564
0.0927806
0.0927973
0.0928832
0.0928767
0.0929233
0.0928651
0.0928454
0.0928898
0.09289
0.0928414
0.0928988
0.0928147
0.0927124
0.0927567
0.09273
0.0927591
0.0927365
0.092791
0.0927841
0.0927876
0.0927806
0.0927913
0.0927258
0.0927547
0.0926971
0.0927565
0.0927269
0.0926462
0.0925782
0.0924958
0.0924944
0.0924976
0.0924074
0.0923635
0.0923924
0.092391
0.0923922
0.0924961
0.0925217
0.0925126
0.092506
0.092527
0.0925128
0.0925362
0.0925571
0.0925131
0.0925637
0.0926169
0.0926401
0.0926012
0.0925941
0.0925261
0.0925075
0.0925237
0.0925469
0.0925655
0.092554
0.0925034
0.092519
0.0924735
0.0925801
0.0926036
0.0925651
0.0925168
0.0925134
0.0924876
0.0924076
0.0923845
0.0924318
0.0923963
0.0924464
0.0924594
0.0924338
0.0924567
0.0925185
0.0924835
0.092494
0.0924443
0.0924479
0.0924894
0.0924958
0.0924851
0.0925009
0.0924755
0.0924716
0.0924874
0.0923946
0.0923884
0.0923774
0.0923859
0.0923344
0.0923279
0.0923452
0.0923912
0.0924136
0.0924385
0.0925084
0.0925849
0.0925834
0.0925631
0.0925309
0.0926095
0.0925796
0.0925378
0.0925364
0.0925393
0.0924674
0.0924048
0.0924011
0.0923506
0.0923307
0.0923529
0.0922954
0.09232
0.0923678
0.092378
0.0924695
0.0924635
0.0923901
0.0923817
0.0922943
0.0923069
0.09227
0.0922042
0.0921522
0.0921863
0.0921809
0.0921658
0.0921183
0.0922047
0.0921509
0.0921526
0.0921882
0.0921828
0.0921538
0.0921272
0.092087
0.0921159
0.0920874
0.0921317
0.092101
0.0920676
0.0920551
0.0920176
0.0920009
0.0920273
0.0920034
0.0920094
0.0920013
0.0919595
0.0918974
0.0918626
0.0919495
0.091899
0.0919862
0.0919762
0.0920066
0.0920529
0.0922066
0.0922037
0.0922451
0.092208
0.0922115
0.0921927
0.0921716
0.0921456
0.0921734
0.0921075
0.0920908
0.0920454
0.0919799
0.0919501
0.0919336
0.0919462
0.0919521
0.091998
0.091935
0.0919032
0.0919024
0.0918684
0.0918632
0.0918249
0.0918506
0.0917926
0.0917391
0.0917338
0.0917617
0.0917699
0.0917495
0.0917599
0.0917178
0.0916669
0.0916335
0.0915871
0.0915539
0.0916098
0.0915569
0.0915194
0.0914841
0.0916311
0.0916371
0.0917446
0.0917678
0.091737
0.0916867
0.0916754
0.0916445
0.0916503
0.0916627
0.0916686
0.0916251
0.0916373
0.0916433
0.0915849
0.0915541
0.0915878
0.0915894
0.0915803
0.091567
0.0915046
0.0914956
0.0914803
0.0914863
0.0915285
0.0915429
0.0915784
0.091631
0.0916429
0.0916805
0.0916989
0.0916983
0.0916744
0.091699
0.0917088
0.0917125
0.0917076
0.0916754
0.0916894
0.0916973
0.0916861
0.0917171
0.0918403
0.0918963
0.0918283
0.0917982
0.0917703
0.0918217
0.0917899
0.0917869
0.0917736
0.0917185
0.0916764
0.0916903
0.0916608
0.0915896
0.0916058
0.0915618
0.0915344
0.0915049
0.0915374
0.0915309
0.0915036
0.0914927
0.0914819
0.0914692
0.0914401
0.0914418
0.0914476
0.0915313
0.0915903
0.091637
0.0915912
0.0916233
0.0916414
0.0916388
0.0916219
0.0916152
0.0916087
0.0916102
0.0915974
0.0916723
0.0916534
0.0916873
0.0916501
0.0916068
0.0915576
0.0915549
0.0915343
0.0915015
0.0915274
0.0914864
0.0915041
0.0914856
0.091475
0.0914726
0.091434
0.0913914
0.0914091
0.0913726
0.0913421
0.0913298
0.0913756
0.0913353
0.0913309
0.0913107
0.0913862
0.0914218
0.0914154
0.091411
0.091339
0.0913466
0.0913661
0.091338
0.0913318
0.0912759
0.0911924
0.0912061
0.0911821
0.0911483
0.0911283
0.0911163
0.0910905
0.0910608
0.0910351
0.090976
0.090972
0.0910564
0.0910543
0.0909816
0.0909091
0.0909169
0.0909775
0.0910068
0.0909579
0.0909227
0.0908935
0.0909091
0.0909266
0.0909052
0.0908877
0.0908936
0.0909246
0.0909266
0.0909072
0.0908587
0.0908936
0.0908917
0.0908956
0.0908299
0.0908222
0.0908724
0.0908416
0.0907705
0.0907186
0.0907207
0.0907535
0.0907843
0.0907845
0.0907731
0.0907521
0.0907216
0.0906892
0.0906932
0.0907086
0.0907107
0.0907031
0.0906557
0.0906406
0.0906636
0.0906923
0.0906982
0.0907154
0.0906718
0.0907005
0.0906552
0.0906421
0.090629
0.0906746
0.0907428
0.0907599
0.0907355
0.0907526
0.0907753
0.0907208
0.0907172
0.0906742
0.0906969
0.0906726
0.090699
0.0907348
0.0907106
0.090692
0.090651
0.0906101
0.0906122
0.090659
0.0906163
0.0906295
0.0906521
0.0906373
0.090645
0.0906099
0.0905637
0.0906085
0.0905401
0.0905218
0.0906147
0.0905908
0.0905522
0.0905081
0.0904531
0.0904369
0.0903985
0.0903564
0.0902851
0.0902248
0.0902142
0.0901744
0.090241
0.0901939
0.090152
0.0901306
0.0901365
0.0901865
0.0902053
0.0902003
0.0901424
0.0900937
0.0901544
0.0901894
0.090159
0.0901141
0.09006
0.0900496
0.0900375
0.090011
0.0900353
0.0900359
0.0900818
0.0900408
0.0900376
0.090069
0.0901311
0.0901657
0.0901935
0.0901615
0.090135
0.0901771
0.0901578
0.0901476
0.090123
0.0900771
0.0900526
0.0901032
0.0900894
0.0900826
0.0900922
0.0901
0.0900789
0.0900669
0.0900659
0.0900504
0.0900313
0.0900658
0.0900876
0.090067
0.0900836
0.0900787
0.0901307
0.0901082
0.0901175
0.0900948
0.0900654
0.0900465
0.090047
0.0900987
0.0900763
0.0900522
0.0900124
0.0899708
0.0899274
0.0898983
0.0899009
0.0899137
0.0899074
0.0899817
0.0899509
0.0899636
0.0900676
0.0900506
0.0900511
0.0900396
0.0900891
0.090107
0.0900815
0.0901203
0.0901279
0.0900901
0.0900627
0.0901345
0.0901142
0.0900923
0.0900703
0.0901091
0.0901096
0.0900875
0.0901002
0.0900644
0.0900304
0.0899998
0.0900436
0.0900203
0.0899725
0.0899661
0.0899512
0.0899397
0.0899539
0.0899924
0.0900187
0.0899747
0.0899632
0.0899602
0.0899335
0.0899306
0.089909
0.0898944
0.0899585
0.0899677
0.08997
0.0899605
0.0899152
0.0899005
0.0898944
0.089917
0.0898939
0.0898998
0.0898971
0.0899079
0.0899356
0.0899295
0.0898862
0.0898496
0.0898657
0.0898445
0.0898451
0.0899705
0.0899628
0.0899935
0.0899706
0.089988
0.0900726
0.0900648
0.0901006
0.0900894
0.09008
0.0900221
0.0900443
0.0900197
0.0900268
0.0900257
0.0899996
0.0899651
0.0899873
0.0899731
0.0899403
0.0899608
0.0899813
0.0899653
0.0899593
0.08992
0.0898842
0.0898981
0.0899616
0.0899521
0.0899543
0.0899434
0.0899126
0.0899332
0.0899256
0.089885
0.0898775
0.0898237
0.0898343
0.089871
0.0898948
0.0898889
0.0899092
0.0898919
0.0898581
0.0898374
0.0897759
0.0897978
0.0897985
0.0898499
0.0898408
0.0897924
0.0897735
0.0897937
0.0898123
0.0898065
0.0898216
0.0898386
0.0898328
0.0898254
0.089805
0.0898463
0.0898083
0.0898446
0.0898532
0.0898086
0.0898011
0.0897598
0.0897413
0.0897242
0.0897427
0.0897675
0.0897438
0.0897833
0.0897776
0.0897831
0.0898272
0.0899131
0.0899408
0.0899398
0.0898906
0.0898799
0.0899076
0.0899243
0.0899264
0.0898965
0.0898924
0.089925
0.0899174
0.0898811
0.089904
0.0899954
0.0899658
0.0900205
0.0900208
0.0900357
0.0899981
0.0899605
0.0899294
0.0898747
0.0899215
0.0899364
0.0899242
0.0899058
0.0898573
0.089839
0.089808
0.0898053
0.0898802
0.0898746
0.0898594
0.0898962
0.0898873
0.0898799
0.0898711
0.0898371
0.0898189
0.089862
0.0898219
0.0898146
0.0898481
0.0898081
0.089801
0.0897908
0.0897665
0.0898077
0.089824
0.0898417
0.0898175
0.0897856
0.0897893
0.089818
0.0898342
0.0898285
0.0898291
0.0897832
0.0897946
0.0897797
0.0897709
0.0897639
0.0897491
0.089694
0.0896825
0.0896601
0.089644
0.089662
0.0896551
0.0896084
0.08962
0.0896068
0.0896308
0.0896345
0.0896029
0.089642
0.0896903
0.0897356
0.0897209
0.0897354
0.0897803
0.0897855
0.0897326
0.0897287
0.0897261
0.08971
0.0896908
0.0896735
0.0896298
0.0896125
0.0897107
0.0897144
0.0897575
0.0897249
0.0896894
0.0896552
0.0896392
0.0896112
0.0895983
0.0895595
0.0895768
0.0896079
0.0896453
0.089649
0.0896618
0.0896474
0.0896211
0.0896297
0.0896108
0.0896175
0.089612
0.0895935
0.0895883
0.089625
0.0896183
0.0895995
0.0895867
0.0895412
0.0895436
0.0895041
0.0894734
0.0894666
0.0894797
0.0895133
0.0895067
0.0895013
0.089493
0.089485
0.0894633
0.0894447
0.0894131
0.0893902
0.0893779
0.0893388
0.0893248
0.0893317
0.089291
0.0893064
0.0892558
0.0892331
0.0892433
0.0892106
0.0891657
0.0891843
0.0891322
0.089158
0.0891413
0.0890893
0.0891169
0.08913
0.0891238
0.0890809
0.0890686
0.0890797
0.0891201
0.08913
0.0891001
0.0890836
0.0891225
0.0892418
0.0892001
0.0892039
0.0892209
0.0891825
0.0891542
0.0891494
0.0891856
0.0891925
0.0891425
0.0891292
0.0891113
0.0890703
0.0891174
0.0890751
0.0890732
0.0891058
0.089169
0.0891324
0.0891379
0.0891434
0.089139
0.0891169
0.0890904
0.0890899
0.0890923
0.0891045
0.0891185
0.0891237
0.0891088
0.0891012
0.0890906
0.0890455
0.0890451
0.0890478
0.089053
0.0890813
0.0890839
0.089122
0.0891198
0.0891148
0.0891273
0.0891642
0.0892024
0.0891649
0.0891644
0.0892053
0.0892076
0.089237
0.0892351
0.0891918
0.0891829
0.0891609
0.0891351
0.0891033
0.0890717
0.0890445
0.0890216
0.0890623
0.0890563
0.0890376
0.089023
0.0890481
0.0890025
0.0890345
0.0890103
0.0890326
0.0890081
0.0889825
0.0890258
0.0890326
0.0889858
0.088994
0.0889668
0.0890227
0.0890168
0.0890051
0.0889725
0.0889762
0.0889799
0.0889864
0.0890267
0.0890399
0.089076
0.0890729
0.0890543
0.0890454
0.089031
0.0890122
0.089034
0.0890431
0.0890396
0.0890042
0.0890344
0.089052
0.0891113
0.089079
0.0891562
0.0891696
0.0891512
0.0891162
0.0891766
0.0891291
0.0890982
0.0890907
0.0890818
0.0890784
0.0891026
0.0890981
0.0890784
0.0890682
0.0890883
0.089066
0.0890767
0.0890816
0.0891309
0.0891537
0.0891475
0.0891168
0.0890916
0.0891008
0.0890961
0.0890886
0.0890935
0.0891179
0.0891709
0.0892089
0.0891904
0.0891461
0.0891403
0.0891302
0.0891474
0.0891319
0.0891641
0.0891527
0.0891399
0.089175
0.0891965
0.089185
0.0892539
0.0892822
0.0893158
0.0892788
0.0892812
0.0892604
0.0892315
0.0892214
0.0891941
0.0892167
0.0891957
0.0892239
0.0892247
0.0892094
0.0892267
0.089218
0.0892227
0.0892762
0.0892611
0.0892942
0.0893095
0.0893559
0.0893582
0.0893764
0.089408
0.0894516
0.0894163
0.0894062
0.089387
0.0893622
0.0893829
0.089417
0.0893857
0.0893744
0.0893964
0.0893772
0.0894033
0.0894214
0.0893849
0.0893872
0.0894028
0.0893946
0.0893677
0.0893713
0.0893522
0.0893305
0.089342
0.0893029
0.0892943
0.0893135
0.0892904
0.0892584
0.0892605
0.0892891
0.0892951
0.0892935
0.0892823
0.0892857
0.0892826
0.089287
0.0892813
0.089256
0.089249
0.0892563
0.0892467
0.0892504
0.0892576
0.0892228
0.0892525
0.0892247
0.0892386
0.0892368
0.0892364
0.0892163
0.089221
0.0892624
0.0892749
0.0892808
0.0892296
0.0892642
0.0892714
0.0893008
0.0893003
0.0892803
0.0892696
0.0892719
0.0892908
0.0893125
0.089325
0.0893856
0.0893851
0.0893807
0.0893631
0.0893483
0.0893091
0.0893111
0.0893325
0.0893164
0.0893405
0.0892923
0.0892817
0.0892285
0.0892062
0.0892161
0.0891987
0.0891891
0.0891575
0.0891439
0.0891731
0.0891921
0.0891643
0.089119
0.0891471
0.0891582
0.0891145
0.0891012
0.0890802
0.0891223
0.0890862
0.089068
0.0891138
0.0891415
0.0891676
0.0891671
0.0891988
0.0891971
0.0891698
0.0891837
0.0891935
0.089179
0.0891978
0.0892048
0.0892044
0.089171
0.0891935
0.0892017
0.0892053
0.089224
0.0891907
0.0891726
0.0891647
0.0891179
0.0891045
0.0890637
0.0890327
0.0890175
0.0889845
0.0889591
0.088965
0.0889671
0.0889443
0.0889402
0.0889347
0.088942
0.0889042
0.0888576
0.0888487
0.0888233
0.088823
0.0888414
0.0888423
0.0888773
0.0889195
0.0888767
0.0888739
0.0888599
0.088862
0.0888855
0.0888703
0.0888788
0.088852
0.0888283
0.0888457
0.0888566
0.0888527
0.0888214
0.0888609
0.0888619
0.0888816
0.0888701
0.0888513
0.0888671
0.0888568
0.0889258
0.0889428
0.0889485
0.0889727
0.0890119
0.088982
0.0890384
0.0889961
0.0889661
0.0889697
0.0889558
0.0889308
0.0889181
0.0889747
0.0889722
0.0889743
0.0889727
0.0889577
0.0889784
0.0890342
0.0890644
0.0890577
0.0890526
0.0890339
0.089015
0.0890074
0.0889987
0.0889873
0.0889699
0.0889621
0.0889226
0.0889086
0.0889032
0.0889238
0.0889101
0.0888975
0.0889169
0.0889056
0.0889368
0.0889412
0.0889154
0.0888871
0.0888832
0.0888527
0.0888438
0.0888239
0.0888492
0.0888163
0.0887858
0.0887867
0.0887814
0.0887874
0.0887594
0.0887376
0.0887577
0.0887684
0.0887537
0.0887526
0.0887477
0.0887463
0.0887204
0.0887213
0.0887032
0.0886874
0.088698
0.0886978
0.0886894
0.088669
0.0886843
0.088646
0.0886781
0.0886538
0.0886668
0.0886693
0.0886703
0.0886821
0.0886699
0.0886635
0.0886301
0.0886477
0.0886598
0.0886418
0.0886501
0.088626
0.0886162
0.088628
0.0886351
0.0886434
0.0886894
0.0886488
0.0886844
0.0887022
0.0886974
0.0886722
0.0886651
0.0886921
0.0886774
0.0886596
0.0886904
0.0887188
0.0886891
0.0886912
0.0887112
0.0887004
0.0886837
0.0886824
0.088694
0.0887056
0.0887092
0.0886914
0.0886759
0.0886815
0.0886462
0.0886308
0.0886907
0.0886813
0.0886717
0.0886821
0.0886982
0.0886886
0.0886773
0.0886994
0.0886575
0.0886747
0.0886651
0.0886932
0.0886544
0.0886414
0.0886515
0.0886225
0.0885975
0.0885925
0.0885972
0.0886449
0.088633
0.0886525
0.0886384
0.0886223
0.0886142
0.0886178
0.0886293
0.0886047
0.088579
0.0885882
0.0885974
0.0885936
0.0885691
0.0885757
0.0885871
0.0885675
0.0885501
0.0885291
0.0885394
0.0885407
0.0885731
0.0885248
0.0885545
0.0885729
0.0885959
0.0886129
0.0886015
0.0886036
0.0885841
0.0885713
0.0885652
0.0885836
0.0885605
0.0885559
0.0885549
0.0885789
0.0885972
0.0886323
0.0886677
0.0886585
0.0886698
0.0886822
0.088699
0.0886601
0.0886507
0.0886438
0.0886698
0.088666
0.0886452
0.088645
0.0886699
0.0886822
0.0887059
0.0886771
0.0886736
0.088737
0.0887221
0.088688
0.0886878
0.0886594
0.088675
0.0886934
0.0886705
0.0886487
0.0886416
0.0886312
0.0886413
0.0886265
0.0886103
0.0885996
0.0886049
0.0885935
0.0886228
0.0885899
0.0885897
0.0885513
0.0885077
0.0885266
0.0885421
0.0885216
0.0885652
0.0885538
0.0885558
0.0885255
0.0885178
0.0885198
0.0885005
0.088479
0.0885148
0.0884911
0.0885269
0.0885271
0.0885146
0.0885036
0.0884923
0.0884897
0.0884929
0.0884884
0.0884815
0.0884561
0.0884516
0.0884382
0.0884504
0.0884323
0.0884365
0.0884742
0.0884788
0.0884528
0.0884402
0.0884401
0.0884088
0.088431
0.0883975
0.0884667
0.0884655
0.0884898
0.0885083
0.088525
0.0885105
0.0885194
0.0884985
0.0884773
0.0884521
0.0884588
0.0884866
0.0884911
0.0884767
0.0884812
0.0884558
0.0884458
0.0884172
0.0883975
0.0884117
0.0884059
0.0884467
0.088441
0.0884341
0.0884493
0.0884712
0.0884931
0.0884721
0.0884656
0.0884645
0.0884721
0.0884763
0.0884925
0.0885002
0.0884803
0.0884388
0.0884299
0.0884157
0.0883969
0.0883711
0.0883689
0.0883491
0.0883188
0.0882927
0.0882937
0.0882937
0.0882786
0.0882785
0.088307
0.088321
0.0883076
0.0882809
0.0882616
0.088243
0.088256
0.0882612
0.0882721
0.0882829
0.0883025
0.0883059
0.0882842
0.0882626
0.0882416
0.0882493
0.0882611
0.0882524
0.0882384
0.0882189
0.0882566
0.0882468
0.0882632
0.0882645
0.0882656
0.0882902
0.0882635
0.0882718
0.088301
0.0883089
0.0882787
0.0882884
0.08828
0.0882876
0.0882769
0.0882672
0.0882706
0.0882471
0.0882716
0.0882972
0.0882619
0.0882235
0.0882001
0.0882308
0.0882339
0.0881977
0.0882001
0.0882074
0.088216
0.088217
0.0881819
0.088182
0.0881627
0.0881789
0.0881597
0.0881693
0.0881694
0.0881759
0.0881622
0.0881866
0.088214
0.088213
0.0882408
0.0882548
0.0882603
0.0882562
0.0882497
0.0882319
0.0882319
0.088236
0.0882592
0.0882527
0.0882421
0.0882506
0.0883024
0.0882908
0.0882877
0.0882864
0.0882789
0.088301
0.0882965
0.0882911
0.088274
0.0882499
0.0882173
0.0882007
0.088183
0.0881875
0.0882041
0.0882007
0.0881902
0.0881997
0.0882072
0.0882207
0.0882468
0.0882593
0.0882657
0.0882657
0.0882917
0.0882967
0.0882812
0.0883031
0.0882926
0.0882886
0.088273
0.0882585
0.0882397
0.0882437
0.0882366
0.0882763
0.0883012
0.0883378
0.0883596
0.0883605
0.0883719
0.0883614
0.088355
0.0883198
0.0883228
0.0883103
0.0882942
0.0882828
0.0882661
0.0882447
0.0882219
0.0882166
0.0882246
0.0882216
0.0882597
0.0882643
0.088254
0.08825
0.0882386
0.0882283
0.0882416
0.088229
0.088231
0.0882123
0.088201
0.0882
0.0881632
0.0881888
0.0882267
0.0882575
0.0882668
0.0882645
0.0882552
0.0882416
0.0882476
0.088286
0.088282
0.0882581
0.0882277
0.0882184
0.0882174
0.0882449
0.0882307
0.0882158
0.0882066
0.0882145
0.0882389
0.0882327
0.0882142
0.0881868
0.0881898
0.0881816
0.0881961
0.0881685
0.0881343
0.0881436
0.0881804
0.0881673
0.0881538
0.0881407
0.0881621
0.0881694
0.0881602
0.0881412
0.0881291
0.0881292
0.0881433
0.0881607
0.0881558
0.0881578
0.0881843
0.0882327
0.0882709
0.0882467
0.0882435
0.0882526
0.0882558
0.0882549
0.0882457
0.0882607
0.0882578
0.0882538
0.0882558
0.0882626
0.0882457
0.0882265
0.0881996
0.0881924
0.0882067
0.08822
0.0881941
0.088185
0.088198
0.0882139
0.08821
0.0881981
0.0882321
0.088256
0.088268
0.0882941
0.0883161
0.0883412
0.0883541
0.0883502
0.0883202
0.088305
0.088292
0.0882862
0.0882971
0.08831
0.0883061
0.0882736
0.0882636
0.0882707
0.0883034
0.0883124
0.0883451
0.0883634
0.0883652
0.0883421
0.088336
0.0883292
0.0883542
0.0883503
0.0883749
0.0883876
0.0884036
0.0883856
0.0883708
0.0883756
0.0883717
0.0883579
0.0883725
0.0883961
0.088391
0.0883829
0.0883835
0.0883765
0.0883952
0.0883904
0.0883903
0.0883696
0.0883508
0.088332
0.0882976
0.0882928
0.0882829
0.0882661
0.0882534
0.088313
0.0883159
0.0883003
0.0882914
0.0882774
0.0882578
0.0882559
0.0882783
0.0882673
0.088278
0.0882704
0.0882479
0.0882599
0.0882552
0.0882473
0.0882334
0.0882129
0.0882019
0.088193
0.0881962
0.0881943
0.0882003
0.088212
0.0882032
0.0881944
0.0881866
0.0881825
0.0881951
0.0881866
0.0881894
0.0881826
0.0881757
0.0881581
0.088166
0.0881688
0.0881463
0.0881237
0.0881432
0.0881473
0.0881136
0.0880983
0.0880743
0.0880659
0.0880575
0.0880607
0.088053
0.0880596
0.0880204
0.0880061
0.0880473
0.0880349
0.0880369
0.0880338
0.0880283
0.0880436
0.0880303
0.0880428
0.0880419
0.0880112
0.0880095
0.0880127
0.0880279
0.0880078
0.0880377
0.0880062
0.087997
0.0880054
0.0880036
0.088013
0.0880007
0.0879986
0.0880416
0.0880244
0.0880108
0.0880119
0.0880088
0.0880108
0.0880003
0.0880032
0.0880128
0.0879941
0.0879951
0.0879687
0.0879642
0.0879566
0.0879499
0.0879411
0.0879285
0.0879191
0.0879137
0.0879135
0.0879182
0.0879364
0.0879605
0.0879523
0.0879374
0.0879421
0.0879373
0.0879092
0.0878989
0.0879144
0.0878888
0.0878956
0.0879585
0.0879708
0.0879474
0.0879099
0.0879235
0.0879092
0.0878908
0.0879013
0.0878996
0.0879015
0.0878791
0.0878823
0.0878626
0.0878533
0.0878805
0.0878621
0.0878357
0.0878319
0.0878099
0.0878037
0.087803
0.0878089
0.0877911
0.0878065
0.0877909
0.0877911
0.0877724
0.0878056
0.0877749
0.0877563
0.0877538
0.087796
0.0878019
0.0877945
0.0877678
0.0877595
0.0877503
0.087733
0.0877238
0.0877173
0.0877073
0.0877078
0.0877143
0.0877304
0.0877364
0.0877311
0.0877295
0.0877301
0.0876969
0.087682
0.0876708
0.0876892
0.0876822
0.0876731
0.0876773
0.0877107
0.0877304
0.0877482
0.0877364
0.0877079
0.0876991
0.0876834
0.0877159
0.0876936
0.0876598
0.0876405
0.0876691
0.0876847
0.0877154
0.0877358
0.0877029
0.0877234
0.0877253
0.0877225
0.0877143
0.0877413
0.0877617
0.087761
0.0877647
0.0877934
0.0878055
0.0878044
0.0878129
0.0878056
0.0877938
0.0877979
0.0877844
0.0877881
0.0877844
0.0877762
0.0877725
0.087788
0.0877742
0.0877919
0.087761
0.0877646
0.0877438
0.0877156
0.0877167
0.0877142
0.0877117
0.0877019
0.0877103
0.0877126
0.0876984
0.0877068
0.0877061
0.0877016
0.087697
0.0876815
0.08769
0.0876858
0.0876795
0.0877053
0.0876981
0.0877074
0.0877196
0.0877216
0.0877247
0.0877263
0.0877429
0.0877357
0.0877181
0.0877481
0.0877425
0.08775
0.0877718
0.087803
0.0878102
0.087803
0.0878221
0.0878374
0.0878256
0.0878301
0.087813
0.0878027
0.0878042
0.087807
0.0878196
0.0878259
0.0878158
0.0878095
0.0878023
0.0877783
0.0877759
0.0878272
0.0878029
0.0877841
0.0878096
0.0878222
0.0878099
0.0878092
0.0878012
0.087812
0.0878476
0.0878466
0.0878502
0.0878511
0.0878157
0.0878196
0.0877911
0.0877733
0.0877659
0.087764
0.0877653
0.0877603
0.0877885
0.0877691
0.0877606
0.0877296
0.087714
0.0877606
0.0877705
0.0877545
0.0877662
0.0877382
0.0877481
0.0877373
0.0877277
0.0877032
0.0876732
0.0876739
0.0876588
0.0876734
0.0876914
0.0877077
0.0876883
0.0876716
0.0876899
0.0876884
0.087722
0.0877277
0.0877143
0.0877352
0.0877476
0.087735
0.0877348
0.087745
0.0877338
0.0877171
0.0877084
0.087712
0.0877159
0.0877055
0.0877086
0.0877244
0.0877591
0.0877424
0.0877358
0.0877044
0.0877074
0.0877235
0.0877291
0.0877461
0.0877323
0.0877615
0.0877809
0.0877652
0.0877699
0.0877663
0.0877841
0.0878035
0.087843
0.0878397
0.0878314
0.0878324
0.0878342
0.0878369
0.0878181
0.0878199
0.0878212
0.0878247
0.087859
0.0878504
0.0878697
0.0878752
0.0878595
0.0878692
0.0878823
0.0878928
0.0878887
0.0878843
0.0878844
0.0878862
0.0879142
0.0879168
0.087897
0.0878875
0.0879205
0.0879459
0.0879555
0.0879298
0.0879316
0.0879359
0.0879318
0.0879092
0.0879134
0.0879337
0.087926
0.0879138
0.087911
0.0878921
0.0878906
0.0878915
0.0878735
0.0879096
0.0878965
0.0878958
0.0879099
0.0879195
0.0879274
0.0879197
0.0879284
0.0879327
0.0879175
0.0879159
0.0878971
0.0878972
0.0879101
0.0879008
0.0878984
0.0879104
0.0878969
0.0878942
0.0878891
0.0878834
0.087874
0.087875
0.0878751
0.087881
0.0878814
0.0878644
0.0878448
0.087845
0.0878614
0.087835
0.087847
0.0878361
0.0878536
0.0878607
0.0878727
0.0879026
0.0878815
0.0878979
0.0879139
0.0879107
0.0879072
0.0878963
0.087894
0.0878586
0.0878636
0.0878591
0.0878609
0.08785
0.0878518
0.0878536
0.0878529
0.0878582
0.0878677
0.0878568
0.0878366
0.087825
0.0878223
0.0878427
0.0878308
0.0878159
0.0878051
0.0877967
0.0877998
0.0878011
0.0877851
0.0877986
0.0878088
0.087792
0.0878066
0.087806
0.087796
0.0877833
0.0877935
0.0877776
0.0877793
0.0877642
0.087799
0.0877999
0.0877835
0.0877945
0.0878148
0.0878073
0.0878275
0.0877991
0.0877979
0.0877997
0.087805
0.0878152
0.0878178
0.0878459
0.0878677
0.0878523
0.0878364
0.0878477
0.0878367
0.0878235
0.0878434
0.0878475
0.0878913
0.0879274
0.0879369
0.0879138
0.0879104
0.0879064
0.0878914
0.0878812
0.0878506
0.0878455
0.0878473
0.087839
0.0878276
0.0878377
0.0878405
0.0878943
0.0879011
0.0878869
0.0878564
0.0878501
0.0878609
0.0878818
0.0878945
0.0878906
0.0878797
0.0878739
0.0878557
0.0878483
0.0878337
0.0878132
0.087805
0.0878242
0.087827
0.0878196
0.0878257
0.0878207
0.087793
0.0878063
0.0878029
0.087788
0.0877898
0.0877781
0.0877956
0.087795
0.0877996
0.0877882
0.0877769
0.0878106
0.0878257
0.0878215
0.0877956
0.0877989
0.0878092
0.0878117
0.0878158
0.0878317
0.087818
0.0878186
0.0878222
0.0878122
0.0878386
0.0878388
0.0878344
0.087833
0.0878432
0.0878425
0.0878403
0.087856
0.0878671
0.0878582
0.0878398
0.0878356
0.0878471
0.0878222
0.0878051
0.0878037
0.087812
0.0877902
0.0877779
0.0877749
0.0877602
0.0877486
0.0877627
0.0877602
0.087811
0.0878293
0.0878065
0.0878135
0.0878245
0.0878401
0.0878308
0.087817
0.0878221
0.0878165
0.0878232
0.0878225
0.0878363
0.0878484
0.087847
0.0878844
0.0878876
0.0878757
0.0878734
0.0878549
0.0878849
0.0878876
0.087882
0.087875
0.0878488
0.087869
0.0878769
0.0878883
0.0878667
0.0878869
0.0878936
0.087884
0.0878964
0.0879096
0.0879128
0.0879141
0.0879046
0.0879008
0.0879163
0.0878847
0.0878863
0.0878861
0.0878616
0.0878489
0.0878771
0.0878661
0.0878423
0.0878359
0.0878486
0.0878396
0.0878415
0.0878421
0.087848
0.0878427
0.0878267
0.0878315
0.0878489
0.0878495
0.0878626
0.0878497
0.0878586
0.0878756
0.0878837
0.0878918
0.0878878
0.0879008
0.0879032
0.0878819
0.0879019
0.0879046
0.087907
0.0878921
0.0878892
0.0878919
0.0878775
0.0878761
0.0878579
0.0878676
0.0878726
0.0878902
0.0878728
0.0878714
0.0878594
0.0878587
0.0878406
0.087832
0.087837
0.0878402
0.0878406
0.0878338
0.0878696
0.0879035
0.0879184
0.0879106
0.087914
0.0878952
0.087885
0.0878716
0.087885
0.0878779
0.0878739
0.0878929
0.0878927
0.087892
0.0878975
0.0879063
0.0878954
0.0878733
0.087879
0.087875
0.0878657
0.0878617
0.0878634
0.0878589
0.0878669
0.0878836
0.0878781
0.087865
0.0878429
0.0878374
0.0878353
0.0878169
0.0878335
0.0878265
0.0878292
0.0878255
0.087816
0.0878232
0.087853
0.0878359
0.0878469
0.0878353
0.0878238
0.0878105
0.0878084
0.0878002
0.0878231
0.0878187
0.0878094
0.0878088
0.0878059
0.087827
0.0878014
0.0877989
0.087795
0.0877981
0.0878132
0.0878115
0.0878127
0.0878231
0.087812
0.0878025
0.0878026
0.0878027
0.0878122
0.0878131
0.0877976
0.0877929
0.0878008
0.087802
0.0878147
0.0878279
0.0878212
0.0878146
0.0878285
0.0878457
0.087824
0.0878178
0.0878365
0.0878396
0.087856
0.0878528
0.0878574
0.0878427
0.0878396
0.0878407
0.0878563
0.0878432
0.087834
0.0878301
0.087845
0.0878204
0.0878091
0.087804
0.0878251
0.0878491
0.0878622
0.0878421
0.0878459
0.0878239
0.0878218
0.0878167
0.0878109
0.0878224
0.0878173
0.0878189
0.0878106
0.0878269
0.087824
0.0878095
0.0877942
0.0877941
0.0877835
0.0877737
0.0877691
0.0877576
0.0877657
0.0877852
0.0878153
0.0877981
0.087798
0.0878003
0.0877931
0.087783
0.0877755
0.0877632
0.0877703
0.0877748
0.087794
0.087786
0.0877851
0.087783
0.0877952
0.0877848
0.0877721
0.087806
0.0878022
0.0877826
0.0877872
0.0878043
0.0877928
0.0877799
0.0877913
0.0877831
0.0877807
0.0877737
0.0877691
0.0877737
0.0877632
0.087755
0.08775
0.0877683
0.0877666
0.0877572
0.0877566
0.0877577
0.0877535
0.0877641
0.0877741
0.0877735
0.0877834
0.0877676
0.0877533
0.0877444
0.0877626
0.0877522
0.0877509
0.0877594
0.0877807
0.0877718
0.0877932
0.0877797
0.0877559
0.0877478
0.0877533
0.0877488
0.0877421
0.0877202
0.0877279
0.087727
0.0877361
0.0877363
0.0877184
0.0877125
0.087709
0.0877228
0.0877305
0.0877399
0.0877296
0.0877358
0.0877471
0.087731
0.0877484
0.0877388
0.08776
0.0877638
0.0877482
0.087782
0.0878024
0.0878047
0.0877916
0.0877763
0.0877689
0.0877697
0.0877619
0.0877439
0.0877537
0.0877459
0.0877407
0.0877238
0.0877207
0.087738
0.0877528
0.0877674
0.0877601
0.0877506
0.0877479
0.0877473
0.0877631
0.0877557
0.0877474
0.0877319
0.0877477
0.0877596
0.087759
0.0877591
0.087766
0.0877498
0.0877453
0.087721
0.0877204
0.0877493
0.0877703
0.0877896
0.087783
0.0877676
0.0877591
0.0877564
0.0877608
0.0877497
0.08774
0.0877341
0.0877388
0.0877415
0.087742
0.0877851
0.0877793
0.0877854
0.0877798
0.0877792
0.087766
0.0877608
0.0877402
0.0877408
0.0877233
0.087727
0.0877321
0.0877184
0.0877309
0.0877261
0.0877403
0.0877478
0.0877589
0.087753
0.087751
0.0877357
0.0877285
0.0877163
0.0877224
0.0877033
0.0877196
0.0877233
0.087749
0.0877527
0.08775
0.0877613
0.0877576
0.0877542
0.0877543
0.0877743
0.0877815
0.0877781
0.0877821
0.087772
0.0877528
0.0877523
0.0877506
0.0877573
0.0877714
0.0877739
0.0878054
0.0878041
0.0878108
0.0878088
0.0878148
0.0878331
0.0878158
0.0878295
0.0878209
0.0878346
0.0878167
0.0878105
0.087796
0.0877954
0.0878146
0.0878046
0.0878061
0.0877948
0.0877911
0.0877947
0.0877969
0.0877905
0.0877976
0.0877933
0.0877816
0.0877897
0.087796
0.0878144
0.0878204
0.0878088
0.0878175
0.0877982
0.0877841
0.0877763
0.0877823
0.0877869
0.0877935
0.0877937
0.0877903
0.0878086
0.0878011
0.0878187
0.0878167
0.087811
0.0878032
0.0878038
0.0877808
0.0877703
0.0877622
0.08776
0.0877429
0.0877293
0.0877418
0.0877226
0.0877207
0.0876999
0.0876794
0.087694
0.0876862
0.0876882
0.0876911
0.0876806
0.0876797
0.0876878
0.0876965
0.0876853
0.0877056
0.087715
0.087723
0.0877132
0.0877319
0.0877248
0.0877229
0.0877401
0.0877345
0.0877212
0.0877269
0.0877219
0.0877193
0.0877194
0.0877032
0.0877044
0.0877141
0.087708
0.0877116
0.0877106
0.0877057
0.087701
0.0877012
0.0876938
0.0876789
0.0876957
0.0877009
0.0876987
0.0876867
0.0876739
0.087667
0.0876718
0.0876926
0.0876897
0.0876828
0.0876951
0.0876837
0.087669
0.0876719
0.0877018
0.0877095
0.0877041
0.0877052
0.0877125
0.087736
0.0877144
0.087704
0.0877048
0.0877205
0.0877321
0.0877457
0.0877502
0.0877503
0.0877532
0.0877773
0.0877781
0.0877681
0.0877605
0.0877556
0.0877425
0.0877531
0.0877576
0.0877662
0.0877767
0.0877823
0.087776
0.0877994
0.0877995
0.0878157
0.0878145
0.0878082
0.0878184
0.0878067
0.0877927
0.0878039
0.0878091
0.0878276
0.0878642
0.087865
0.0878805
0.0878833
0.0878904
0.0879032
0.0878845
0.0878776
0.0878987
0.0878918
0.0878885
0.0878929
0.087891
0.0878954
0.0878765
0.0878668
0.0878853
0.0878957
0.0878868
0.0878966
0.0879064
0.0879141
0.0879266
0.087933
0.0879277
0.0879194
0.0879112
0.0878953
0.0878901
0.0878902
0.0879002
0.0879044
0.0879265
0.087918
0.0879084
0.0879211
0.0879351
0.0879345
0.087929
0.0879241
0.0879145
0.0879285
0.0879369
0.0879392
0.087929
0.0879264
0.0879139
0.0878858
0.0878749
0.087877
0.0878724
0.0878795
0.087863
0.0878555
0.0878563
0.0878445
0.0878819
0.0878738
0.087881
0.0878758
0.0878821
0.0878822
0.0878803
0.0878606
0.087862
0.0878826
0.087913
0.0878946
0.087921
0.0879256
0.0879484
0.0879291
0.0879512
0.0879368
0.0879257
0.0879649
0.0879485
0.0879384
0.0879658
0.0879774
0.0879952
0.0880117
0.0880324
0.0880207
0.0880241
0.0880048
0.0879931
0.0880092
0.0880214
0.0880254
0.0880064
0.0880098
0.0879853
0.0879827
0.0879677
0.0879581
0.0879745
0.0879889
0.0879671
0.087961
0.0879774
0.0879817
0.0879892
0.0879776
0.0879646
0.0879537
0.0879423
0.0879282
0.0879071
0.08792
0.0879468
0.0879442
0.0879573
0.0879635
0.087961
0.0879753
0.0879802
0.0879748
0.0879918
0.0879831
0.0879616
0.0879525
0.0879425
0.0879452
0.087954
0.0879574
0.0879555
0.0879568
0.0879604
0.0879583
0.0879759
0.0879679
0.087978
0.0879625
0.0879431
0.0879743
0.0879783
0.0879687
0.0879578
0.0879524
0.0879592
0.0879648
0.0879736
0.087964
0.0879709
0.0879648
0.0879904
0.0879689
0.0879515
0.0879635
0.0879669
0.0879656
0.0879509
0.0879551
0.0879384
0.0879387
0.0879301
0.0879289
0.0879176
0.087902
0.0879208
0.0879165
0.0879092
0.0879388
0.0879363
0.0879229
0.0879201
0.0879254
0.0879033
0.0878889
0.0879098
0.0879099
0.0879154
0.0879289
0.0879208
0.0879161
0.0879289
0.0879546
0.0880065
0.0880293
0.0880146
0.0880082
0.0880318
0.0880211
0.0880125
0.0880151
0.0880031
0.0880057
0.0880051
0.0880013
0.0880135
0.0880224
0.0880332
0.0880214
0.0880262
0.0880198
0.0880196
0.088041
0.088037
0.0880099
0.0880233
0.0880208
0.0880243
0.088031
0.0880283
0.0880363
0.0880271
0.0880598
0.0880539
0.0880567
0.0880447
0.0880396
0.0880339
0.0880314
0.0880215
0.0880244
0.0880165
0.0880026
0.0880125
0.0880034
0.0880022
0.0880123
0.0880025
0.0879826
0.0879893
0.0879856
0.0880002
0.0879983
0.0879917
0.0879865
0.0879799
0.0879686
0.0879721
0.0879766
0.0879789
0.0880127
0.0880008
0.0879929
0.0879759
0.0879734
0.0879965
0.0879893
0.0879657
0.0879737
0.0879621
0.0879628
0.0879445
0.0879465
0.08794
0.0879492
0.0879329
0.0879226
0.087918
0.087928
0.0879222
0.0879012
0.0878988
0.0879256
0.0879356
0.0879285
0.0879332
0.0879325
0.0879435
0.0879411
0.087938
0.0879387
0.0879381
0.0879382
0.0879455
0.087933
0.0879371
0.0879313
0.0879648
0.087967
0.0879573
0.0879686
0.0879509
0.0879429
0.0879409
0.0879378
0.087926
0.0879489
0.0879652
0.0879737
0.0879626
0.0879627
0.0879581
0.0879506
0.087946
0.0879396
0.0879268
0.0879269
0.0879406
0.0879536
0.0879524
0.0879506
0.0879448
0.0879591
0.0879418
0.0879198
0.0878915
0.0879151
0.0878959
0.0878966
0.0878957
0.0878849
0.0878701
0.0878541
0.0878527
0.0878425
0.0878583
0.0878603
0.0879046
0.0878954
0.0878928
0.0878814
0.0878725
0.0878512
0.0878371
0.087827
0.0878275
0.0878134
0.087811
0.0878176
0.0878062
0.087818
0.0878325
0.0878243
0.0878361
0.0878472
0.0878307
0.0878412
0.0878265
0.0878278
0.0878304
0.087832
0.0878296
0.0878279
0.0878215
0.0878241
0.08781
0.0878102
0.0878192
0.0878284
0.087815
0.0878149
0.0878146
0.0878444
0.0878375
0.0878446
0.0878527
0.0878433
0.0878498
0.0878454
0.0878788
0.0879
0.0879069
0.0879061
0.0878977
0.0879005
0.0878962
0.0879019
0.0879127
0.0879082
0.0879089
0.0878968
0.0879021
0.0879098
0.0879041
0.0879099
0.0879218
0.0879023
0.0879133
0.0879138
0.0878934
0.0878847
0.0878771
0.0878665
0.0878724
0.0878776
0.0878783
0.0878626
0.0878742
0.0878691
0.0878713
0.0878683
0.0878727
0.0878689
0.0878593
0.08786
0.0878677
0.0878696
0.0878736
0.0878552
0.0878413
0.0878426
0.087843
0.0878494
0.0878395
0.0878423
0.0878366
0.087834
0.0878239
0.0878209
0.0878331
0.087858
0.0878713
0.0878759
0.0878721
0.0879031
0.0878993
0.0879106
0.0879131
0.0879289
0.0879269
0.087917
0.0878938
0.087909
0.0879054
0.0878955
0.0878943
0.0879013
0.0879061
0.0879093
0.0879112
0.0879119
0.087906
0.0879049
0.0879074
0.0879394
0.0879344
0.0879318
0.0879366
0.0879417
0.0879349
0.0879475
0.0879494
0.0879627
0.0879583
0.0879527
0.087953
0.0879473
0.0879405
0.0879394
0.08794
0.0879734
0.087972
0.0879712
0.0879761
0.0879963
0.0879864
0.0879712
0.087965
0.0879532
0.087969
0.0879721
0.087988
0.0880048
0.0880048
0.0880231
0.0880324
0.0880107
0.0880077
0.0880096
0.0880102
0.0879998
0.0880029
0.0879975
0.0880082
0.0880129
0.0880186
0.0880213
0.0880145
0.0880119
0.0880132
0.0880153
0.0880174
0.0880293
0.0880323
0.0880398
0.08803
0.0880084
0.0880014
0.0880002
0.0880202
0.0880176
0.088001
0.0879986
0.0880017
0.0879955
0.0879914
0.0880069
0.0880087
0.0880176
0.0880114
0.0880077
0.0880015
0.0879838
0.0879962
0.0880091
0.0879985
0.0879894
0.0879806
0.0879853
0.0879732
0.0879862
0.0880209
0.0880029
0.087993
0.0879771
0.0879736
0.0879864
0.0879858
0.0879847
0.0879832
0.0879906
0.0879833
0.087984
0.0879854
0.0879837
0.0879672
0.0879464
0.0879427
0.087926
0.0879219
0.0879255
0.0879276
0.0879321
0.0879474
0.0879586
0.0879496
0.0879661
0.087962
0.0879462
0.0879618
0.0879416
0.0879276
0.0879221
0.0879307
0.0879278
0.0879276
0.0879295
0.087927
0.0879413
0.0879382
0.0879278
0.0879302
0.0879091
0.0879167
0.0879344
0.087945
0.0879442
0.0879601
0.0879412
0.0879276
0.087918
0.0879222
0.0879173
0.0879077
0.0879195
0.0879099
0.0878892
0.0878785
0.0878803
0.0878818
0.0878857
0.087865
0.0878736
0.0878658
0.0878665
0.0878579
0.0878574
0.087872
0.0878721
0.0878716
0.0878827
0.0878726
0.0878642
0.0878466
0.0878432
0.0878372
0.087841
0.087835
0.08784
0.0878346
0.0878445
0.0878342
0.0878447
0.0878393
0.0878417
0.0878242
0.0878205
0.0878194
0.0878274
0.0878122
0.0878134
0.0878002
0.0878003
0.0878178
0.0878118
0.0878211
0.0878079
0.0878305
0.0878271
0.0878512
0.0878435
0.0878346
0.0878413
0.0878625
0.0878637
0.0878546
0.0878504
0.0878408
0.0878272
0.0878431
0.0878282
0.0878228
0.0878229
0.0878104
0.0878323
0.0878162
0.0878048
0.0877989
0.0877866
0.0877919
0.0877998
0.0878106
0.0877977
0.0877822
0.0877751
0.0877715
0.0877668
0.087762
0.0877501
0.0877368
0.0877409
0.0877485
0.0877454
0.087745
0.0877691
0.0877603
0.0877622
0.087752
0.0877449
0.0877511
0.0877589
0.0877499
0.0877437
0.0877455
0.0877313
0.0877151
0.0876969
0.0876916
0.0877066
0.0877013
0.087704
0.0877226
0.0877162
0.087712
0.0877241
0.0877302
0.0877232
0.0877393
0.0877431
0.0877737
0.0877826
0.0877881
0.0877828
0.087796
0.0877896
0.0877718
0.0877636
0.0877614
0.0877408
0.0877565
0.0877594
0.0877655
0.0877747
0.0877742
0.0877783
0.0877742
0.0877695
0.0877778
0.0877802
0.0877882
0.0877758
0.0877623
0.0877431
0.0877324
0.0877337
0.0877386
0.0877506
0.0877584
0.0877792
0.0877674
0.0877658
0.0877695
0.0877696
0.0877808
0.0877778
0.0877615
0.0877627
0.0877741
0.0877669
0.0877541
0.0877474
0.0877481
0.0877465
0.0877254
0.087717
0.0877162
0.087702
0.0877261
0.0877243
0.0877157
0.0877104
0.0877161
0.0876917
0.0876949
0.0876961
0.0876763
0.0876882
0.0876889
0.0876817
0.0876841
0.0876867
0.0877032
0.087721
0.087731
0.0877283
0.087736
0.0877302
0.0877398
0.0877488
0.087756
0.087769
0.0877772
0.0877644
0.0877732
0.0877722
0.0877846
0.0877895
0.0877971
0.087812
0.0878227
0.0878281
0.0878201
0.0878155
0.0878394
0.0878652
0.0878585
0.0878616
0.0878838
0.0878897
0.0878973
0.0878961
0.0879029
0.0879153
0.0879212
0.0879073
0.0879143
0.0879512
0.087942
0.0879223
0.0879182
0.0879269
0.0879217
0.0879257
0.0879275
0.0879415
0.0879435
0.0879535
0.0879652
0.0879753
0.0879673
0.0879784
0.0879659
0.0879504
0.0879397
0.0879397
0.0879409
0.0879318
0.0879557
0.0879727
0.0879919
0.0880107
0.0880044
0.0879964
0.0879814
0.0880017
0.0880162
0.0880123
0.0880188
0.0880461
0.0880368
0.0880472
0.088053
0.0880542
0.0880714
0.0880664
0.0880576
0.0880508
0.0880458
0.0880439
0.0880398
0.0880335
0.0880158
0.0880148
0.0880199
0.0880078
0.0880183
0.0880045
0.0879993
0.087985
0.0879985
0.0880069
0.0879926
0.0879938
0.0880002
0.0879928
0.0879904
0.087988
0.0879834
0.0879854
0.0879821
0.087989
0.0879822
0.0879776
0.0880054
0.0880197
0.0880186
0.0880027
0.0880033
0.0879976
0.0879886
0.0879944
0.0879922
0.087986
0.0879953
0.0879889
0.0879796
0.0879741
0.0879608
0.0879587
0.0879711
0.0879816
0.0879846
0.0879898
0.0879847
0.0879779
0.0879752
0.0879688
0.0879551
0.0879535
0.0879495
0.0879666
0.0879781
0.08797
0.0879741
0.0879657
0.0879624
0.0879513
0.0879467
0.0879462
0.0879553
0.0879679
0.0879628
0.0879468
0.0879482
0.087942
0.0879442
0.0879355
0.0879361
0.0879312
0.0879221
0.0879357
0.0879262
0.0879217
0.08791
0.0879082
0.0879262
0.0879273
0.0879311
0.0879385
0.0879261
0.087928
0.08792
0.0879213
0.0879222
0.0878964
0.0879144
0.0879128
0.0879153
0.0879137
0.0879037
0.0879102
0.0879079
0.0879018
0.0879234
0.0879164
0.0879199
0.0879176
0.087906
0.0879293
0.0879087
0.0879075
0.087899
0.0878855
0.0879094
0.0879025
0.0878929
0.0878832
0.0878914
0.0878825
0.0878842
0.0878887
0.0879146
0.0879109
0.0879328
0.0879272
0.0879413
0.0879306
0.087942
0.0879336
0.0879399
0.0879432
0.0879489
0.0879597
0.0879692
0.0879682
0.0879688
0.0879761
0.0879611
0.0879494
0.087954
0.087972
0.0879844
0.0879977
0.0880117
0.0880054
0.0879982
0.0879891
0.0879903
0.0880145
0.0880094
0.0880143
0.0880077
0.0880132
0.0879882
0.0880017
0.0879912
0.087984
0.0879841
0.0879937
0.0879943
0.0879955
0.0879843
0.0880071
0.0880155
0.088023
0.0880326
0.0880303
0.0880287
0.0880143
0.0880172
0.0880272
0.0880272
0.0880168
0.0880118
0.0880231
0.088022
0.0880075
0.0880151
0.0880063
0.0880025
0.0879877
0.0879832
0.0879753
0.0879937
0.0879828
0.0879946
0.0880095
0.0880229
0.0880107
0.0880001
0.0880015
0.0879909
0.0879816
0.087996
0.0879812
0.0879796
0.0879675
0.0879593
0.0879522
0.0879616
0.0879544
0.0879667
0.0879807
0.0879847
0.0879837
0.0879811
0.0879679
0.0879635
0.0879662
0.0879652
0.087961
0.0879598
0.0879527
0.0879661
0.0879553
0.0879609
0.0879663
0.0879692
0.0879598
0.0879633
0.0879699
0.0879607
0.0879663
0.0879603
0.0879571
0.0879777
0.0879783
0.0879792
0.0879875
0.0879867
0.0879914
0.0879765
0.088005
0.0880095
0.0880266
0.0880272
0.0880296
0.0880143
0.0880112
0.0880144
0.0880287
0.0880353
0.08803
0.0880311
0.0880278
0.0880257
0.0880137
0.0880182
0.0880237
0.0880149
0.0880149
0.08801
0.0880124
0.0880058
0.0880098
0.0880082
0.0880099
0.0879942
0.0880057
0.0880212
0.0880202
0.088022
0.0880148
0.0879978
0.0879864
0.0879903
0.0879967
0.0879761
0.0879723
0.0879851
0.0879689
0.0879705
0.0879677
0.0879607
0.0879569
0.0879504
0.0879565
0.0879667
0.0879767
0.0879778
0.0879867
0.0879906
0.0879924
0.0879856
0.0879677
0.0879655
0.0879601
0.0879635
0.0879552
0.0879618
0.0879824
0.0879856
0.0879901
0.0879923
0.0880175
0.0880425
0.0880527
0.088049
0.0880508
0.0880537
0.0880623
0.0880829
0.0880796
0.0880842
0.0880679
0.0880679
0.0880594
0.0880454
0.088033
0.0880309
0.0880297
0.088044
0.0880468
0.0880329
0.0880406
0.0880564
0.0880699
0.0880717
0.0880674
0.088083
0.0880966
0.0881042
0.0881079
0.0881257
0.0881156
0.0881022
0.0880914
0.0880834
0.0880824
0.0880955
0.0881051
0.0880984
0.0881157
0.0881221
0.0881141
0.0881082
0.0880926
0.0880792
0.0880959
0.0881153
0.088104
0.0880999
0.088095
0.0881222
0.0881179
0.0881169
0.0881202
0.0881148
0.0881305
0.088131
0.0881554
0.0881507
0.0881653
0.0881707
0.0881648
0.0881607
0.0881579
0.08816
0.0881654
0.0881639
0.0881729
0.0881959
0.0882018
0.0881953
0.0882001
0.0882055
0.0882147
0.088215
0.0882069
0.0881946
0.0882064
0.0882076
0.0882133
0.0882113
0.0882005
0.0882075
0.0882052
0.0881924
0.0881866
0.0881942
0.0881983
0.088193
0.0881894
0.088174
0.0881697
0.0881639
0.0881622
0.0881632
0.0881755
0.0881686
0.0881739
0.088182
0.0881815
0.0881736
0.0881736
0.0881683
0.0881699
0.0881587
0.088148
0.0881522
0.0881496
0.0881672
0.088167
0.0881734
0.0881727
0.0881702
0.088175
0.0881702
0.088157
0.0881446
0.0881438
0.0881455
0.0881471
0.0881416
0.0881341
0.0881257
0.0881274
0.0881359
0.0881252
0.0881227
0.0881297
0.0881191
0.0881181
0.0881118
0.0881156
0.0881156
0.0881198
0.0881142
0.0881268
0.0881221
0.0881195
0.088112
0.0881115
0.0881054
0.0880923
0.0880998
0.088085
0.0880835
0.0880861
0.0881114
0.0881097
0.0881065
0.0880908
0.0880709
0.0880835
0.0880836
0.0880867
0.088095
0.088093
0.0881062
0.0880968
0.0881021
0.0880885
0.0880906
0.0880896
0.08809
0.0880988
0.0880888
0.088103
0.0881047
0.0881238
0.0881345
0.0881451
0.0881288
0.0881356
0.0881361
0.0881387
0.0881618
0.0881518
0.0881445
0.088161
0.0881647
0.0881736
0.0881776
0.0881807
0.0881865
0.088206
0.0882263
0.0882363
0.0882311
0.0882521
0.0882485
0.0882422
0.0882517
0.0882439
0.0882412
0.0882512
0.0882632
0.0882657
0.0882745
0.0882713
0.0882728
0.0882674
0.0882529
0.0882478
0.0882317
0.0882198
0.0882407
0.0882447
0.0882483
0.0882351
0.0882294
0.0882392
0.0882626
0.0882569
0.0882656
0.0882646
0.0882592
0.0882633
0.0882612
0.0882774
0.0882759
0.0882748
0.0883087
0.0883171
0.0883174
0.0883049
0.0883121
0.0883017
0.0883032
0.0883
0.0883005
0.0883203
0.0883162
0.088304
0.0882915
0.0882853
0.0882895
0.0882853
0.088294
0.0883042
0.0883015
0.0883106
0.0883173
0.088313
0.0883042
0.0882979
0.0882964
0.0882813
0.0882797
0.0882756
0.0882611
0.0882539
0.0882455
0.0882485
0.0882512
0.088253
0.0882493
0.0882373
0.088239
0.0882452
0.0882575
0.0882585
0.088257
0.0882693
0.088283
0.088279
0.0882785
0.0882692
0.088277
0.0882681
0.088277
0.0882878
0.0883023
0.0883142
0.0883054
0.0883039
0.0883064
0.0883167
0.0882992
0.0883013
0.0882922
0.0882769
0.0882707
0.0882584
0.0882682
0.0882848
0.0882914
0.0883094
0.0883047
0.0882986
0.088311
0.0882995
0.0882867
0.0882857
0.0882892
0.0882816
0.0882728
0.0882723
0.0882703
0.0882663
0.0882673
0.0882775
0.0882689
0.0882775
0.0882755
0.0882608
0.088268
0.0882619
0.0882608
0.0882675
0.0882895
0.0882756
0.0882796
0.0882857
0.0882933
0.0882867
0.0882815
0.0882764
0.088262
0.0882523
0.0882432
0.0882459
0.0882647
0.088261
0.0882495
0.0882348
0.0882221
0.0882384
0.0882501
0.088242
0.0882537
0.0882435
0.088236
0.0882401
0.0882501
0.088243
0.0882338
0.088236
0.0882187
0.0882161
0.0882085
0.0881942
0.0881799
0.0881758
0.0881765
0.0881806
0.0881841
0.0881967
0.0882044
0.088212
0.0881938
0.0881949
0.0882132
0.0882199
0.0882514
0.0882589
0.0882471
0.0882638
0.0882541
0.0882486
0.0882469
0.0882314
0.0882304
0.0882238
0.0882216
0.0882145
0.0882184
0.0882134
0.0882209
0.088234
0.088224
0.0882484
0.0882368
0.0882364
0.0882359
0.0882374
0.0882377
0.0882408
0.0882454
0.0882302
0.0882297
0.0882307
0.0882141
0.0882169
0.0882095
0.0882086
0.0882086
0.0882001
0.0881886
0.0881897
0.0881979
0.088194
0.0882132
0.0882037
0.0882021
0.0882146
0.0882155
0.0882195
0.0882112
0.0881922
0.0881973
0.0882078
0.0882173
0.0882239
0.088234
0.088226
0.0882441
0.0882351
0.0882301
0.0882215
0.0882272
0.0882231
0.0882154
0.0882137
0.0882039
0.0881955
0.0881906
0.088217
0.0882105
0.0882191
0.0882151
0.0882146
0.0882076
0.0882133
0.0882224
0.0882437
0.0882353
0.0882235
0.0882246
0.0882316
0.088234
0.0882369
0.0882388
0.0882256
0.0882246
0.0882361
0.0882298
0.0882264
0.0882384
0.0882264
0.0882284
0.0882303
0.0882086
0.0882095
0.0882076
0.0882221
0.0882116
0.0882097
0.0882038
0.0882023
0.0882038
0.0882009
0.0881909
0.0881888
0.0881914
0.0881855
0.0881701
0.0881707
0.0881902
0.0881866
0.0881836
0.0881841
0.0882026
0.088217
0.0882404
0.0882435
0.0882316
0.0882574
0.0882589
0.088256
0.0882645
0.0882611
0.0882644
0.0882571
0.0882561
0.0882575
0.0882556
0.0882566
0.0882457
0.0882374
0.0882294
0.0882323
0.0882372
0.0882425
0.0882361
0.0882388
0.0882369
0.0882399
0.0882463
0.088239
0.0882232
0.0882216
0.0882126
0.0882221
0.0882147
0.0882068
0.0881961
0.0882111
0.0882061
0.0882026
0.0882106
0.0882073
0.0882033
0.0881925
0.0881915
0.0881871
0.0881793
0.0881885
0.0881728
0.0881709
0.0881827
0.0881704
0.0881911
0.0881822
0.0882015
0.0881897
0.0881745
0.0881661
0.0881773
0.0881804
0.0881882
0.0881872
0.0881901
0.0881822
0.088192
0.0881836
0.088193
0.0881999
0.0881912
0.0882055
0.0882193
0.0882267
0.0882149
0.0882134
0.0882085
0.088209
0.0882006
0.0882263
0.0882296
0.0882242
0.0882114
0.0882105
0.0882121
0.0882038
0.0882102
0.0882179
0.0882331
0.0882295
0.0882372
0.0882246
0.0882402
0.0882386
0.0882225
0.0882167
0.0882274
0.0882235
0.0882239
0.0882321
0.088234
0.0882373
0.0882388
0.0882372
0.0882279
0.088224
0.0882314
0.0882347
0.0882258
0.0882277
0.0882254
0.0882321
0.0882172
0.0882059
0.0881976
0.0881936
0.0882045
0.0882108
0.0882259
0.0882284
0.0882289
0.0882274
0.088223
0.0882337
0.08824
0.0882488
0.0882373
0.0882367
0.0882358
0.0882552
0.0882499
0.0882503
0.0882369
0.0882384
0.0882286
0.0882499
0.0882452
0.0882414
0.0882384
0.0882312
0.0882231
0.0882145
0.0882039
0.0882028
0.0882037
0.0881942
0.0881893
0.0881889
0.0881942
0.0882108
0.0882153
0.0882197
0.0882038
0.0882095
0.0882066
0.0882105
0.0882097
0.088216
0.0882328
0.0882323
0.0882194
0.0882367
0.0882348
0.0882266
0.0882266
0.0882256
0.088244
0.0882605
0.0882793
0.0882787
0.0882762
0.0882666
0.0882465
0.0882421
0.0882364
0.0882557
0.0882598
0.088255
0.0882474
0.0882316
0.0882331
0.0882314
0.0882386
0.088242
0.0882521
0.0882401
0.0882314
0.0882237
0.088237
0.0882207
0.0882117
0.0882179
0.0882172
0.0882071
0.088202
0.0881992
0.0882012
0.0882019
0.0881934
0.0881901
0.0881829
0.0881824
0.088179
0.0881786
0.0881823
0.0881871
0.0882016
0.0882098
0.0882299
0.0882283
0.088229
0.0882233
0.0882251
0.0882294
0.0882222
0.0882202
0.0882299
0.088227
0.0882384
0.0882354
0.0882321
0.0882415
0.0882301
0.0882439
0.0882515
0.0882419
0.0882396
0.0882424
0.0882347
0.0882422
0.0882379
0.088237
0.0882294
0.0882467
0.0882559
0.0882697
0.0882773
0.0882786
0.0882754
0.0882851
0.0883003
0.0883049
0.0883124
0.0883067
0.0882971
0.0883034
0.0883143
0.0883134
0.0883224
0.0883228
0.0883238
0.0883489
0.0883541
0.0883465
0.0883399
0.0883419
0.0883471
0.0883409
0.0883452
0.0883381
0.0883396
0.0883254
0.0883125
0.0883134
0.0883125
0.0883058
0.0882935
0.0882992
0.0883128
0.0883236
0.0883211
0.08833
0.0883523
0.0883622
0.0883757
0.0883739
0.0883734
0.0883853
0.0883848
0.0883832
0.0883724
0.0883762
0.0883743
0.0883711
0.0883686
0.0883747
0.0883727
0.0883686
0.0883623
0.088365
0.0883687
0.0883831
0.0883799
0.0883738
0.0883687
0.0883808
0.0883714
0.0883776
0.0883663
0.0883578
0.0883549
0.0883544
0.0883586
0.0883521
0.088361
0.0883568
0.088374
0.0883628
0.0883699
0.0883797
0.0883914
0.0883941
0.0883907
0.0883716
0.0883637
0.0883617
0.088363
0.0883507
0.0883478
0.0883599
0.0883669
0.0883711
0.0883805
0.0883889
0.0883978
0.0884058
0.0884021
0.0884001
0.0883959
0.0883925
0.0883957
0.0883957
0.0884068
0.088395
0.0883846
0.0883803
0.0883791
0.0883884
0.0883846
0.0883883
0.0883794
0.0883826
0.0883821
0.0883849
0.088376
0.088371
0.0883845
0.088392
0.0883925
0.0883989
0.0884081
0.0884034
0.0884067
0.0884062
0.0884051
0.0884191
0.0884166
0.0884028
0.088399
0.0883892
0.0884125
0.0884175
0.0884106
0.0883948
0.0884045
0.088404
0.0884067
0.0883927
0.0883885
0.0884041
0.0883958
0.0883898
0.0883975
0.0883864
0.088396
0.0884033
0.0884066
0.0884136
0.0884067
0.0884011
0.088415
0.0884183
0.0884206
0.0884234
0.0884285
0.088434
0.0884367
0.0884417
0.0884315
0.0884416
0.0884287
0.0884463
0.0884477
0.0884452
0.0884395
0.0884408
0.0884345
0.0884266
0.0884247
0.088434
0.088446
0.0884396
0.0884303
0.088446
0.0884535
0.0884539
0.0884611
0.088469
0.0884694
0.0884879
0.0885072
0.0885082
0.0885145
0.0885187
0.0885121
0.0885028
0.0884981
0.0884985
0.0884995
0.0884862
0.0884871
0.0884806
0.0884871
0.0885124
0.0885226
0.0885152
0.0885115
0.0885142
0.0885091
0.0885031
0.0885196
0.0885149
0.0885075
0.0885033
0.0885212
0.088517
0.0885068
0.0884958
0.0884929
0.0884893
0.0884994
0.0884998
0.0884933
0.0884847
0.0884984
0.0884889
0.088497
0.0884978
0.088491
0.0884828
0.088491
0.0884814
0.0884685
0.0884812
0.0884739
0.0884771
0.0884834
0.0884966
0.0884962
0.0884989
0.0885094
0.0885171
0.0885194
0.088524
0.0885289
0.0885276
0.0885279
0.0885425
0.0885419
0.0885277
0.08854
0.0885316
0.0885233
0.0885281
0.0885202
0.0885202
0.0885287
0.0885245
0.088529
0.0885362
0.0885329
0.0885379
0.0885537
0.0885373
0.0885341
0.0885313
0.0885232
0.0885427
0.088544
0.0885403
0.0885342
0.0885424
0.0885428
0.0885395
0.0885454
0.0885427
0.0885508
0.0885371
0.0885511
0.0885439
0.0885447
0.0885509
0.0885487
0.0885423
0.088537
0.0885387
0.0885413
0.0885499
0.0885489
0.0885549
0.0885512
0.0885515
0.0885606
0.0885532
0.0885514
0.0885559
0.0885545
0.0885401
0.0885247
0.0885227
0.0885129
0.0884979
0.0885065
0.0885032
0.0885046
0.0884925
0.0884974
0.0885068
0.0885158
0.0885023
0.0885059
0.088504
0.0885337
0.0885293
0.0885343
0.0885392
0.0885396
0.0885292
0.0885318
0.0885335
0.0885311
0.0885271
0.0885199
0.0885221
0.088517
0.0885074
0.0884899
0.0885017
0.0885016
0.0884966
0.0884831
0.0884789
0.0884793
0.0884649
0.0884779
0.0884802
0.0884882
0.0884963
0.0884932
0.0884958
0.0884832
0.0884827
0.0884693
0.0884876
0.0884772
0.0884885
0.0884915
0.0885041
0.0884956
0.0884947
0.0884929
0.0884951
0.0885026
0.0884945
0.0884975
0.0884921
0.0884938
0.088488
0.0884836
0.0884827
0.0884925
0.0884861
0.0884944
0.0884931
0.0884926
0.0884775
0.0884713
0.0884595
0.088467
0.0884746
0.0884897
0.0884809
0.0884777
0.0884678
0.0884798
0.0884739
0.0884752
0.0884726
0.0884676
0.0884645
0.0884645
0.0884645
0.0884528
0.0884461
0.0884518
0.0884443
0.0884362
0.0884292
0.0884248
0.0884146
0.0884035
0.0883967
0.0883958
0.0883972
0.0883895
0.0884003
0.0883961
0.0883952
0.0883869
0.0883806
0.0883815
0.0883842
0.0883811
0.0883797
0.0883726
0.0883814
0.0883782
0.0883985
0.088406
0.0883989
0.0883887
0.0883838
0.0883753
0.0883766
0.0883678
0.0883696
0.0883736
0.0883692
0.0883581
0.0883483
0.0883505
0.0883513
0.088354
0.088354
0.0883514
0.0883444
0.0883431
0.0883367
0.0883327
0.0883261
0.0883267
0.0883258
0.0883235
0.0883265
0.0883305
0.0883313
0.0883193
0.0883202
0.0883166
0.0883107
0.0883133
0.0882961
0.0883005
0.0883081
0.0883005
0.0882915
0.0882892
0.0882975
0.0882992
0.0882988
0.0883015
0.0883023
0.0882964
0.0882916
0.0882819
0.0882827
0.0882718
0.0882743
0.0882686
0.0882645
0.0882619
0.0882518
0.0882685
0.0882729
0.0882606
0.0882663
0.0882572
0.0882479
0.0882651
0.0882651
0.0882624
0.0882729
0.0882725
0.0882673
0.088255
0.0882414
0.0882405
0.0882422
0.088255
0.088251
0.0882576
0.0882532
0.088263
0.08826
0.0882622
0.0882631
0.0882622
0.0882439
0.0882485
0.0882599
0.0882597
0.0882558
0.0882606
0.0882571
0.0882615
0.0882732
0.0882799
0.0882738
0.0882756
0.0882812
0.0882808
0.0882756
0.0882708
0.0882677
0.0882578
0.0882504
0.0882587
0.0882628
0.0882658
0.0882649
0.0882685
0.0882802
0.0882771
0.0882706
0.0882679
0.0882648
0.0882514
0.0882676
0.0882593
0.0882519
0.0882533
0.0882668
0.0882595
0.0882656
0.0882656
0.0882699
0.0882772
0.0882777
0.0882724
0.088273
0.0882647
0.0882825
0.0882808
0.0882725
0.0882849
0.088288
0.0882971
0.0883083
0.0883036
0.088294
0.0882861
0.0882809
0.0882761
0.0882931
0.0882991
0.0883104
0.0883224
0.0883242
0.0883298
0.0883233
0.0883272
0.0883163
0.0883159
0.0883076
0.0883058
0.0883114
0.0883078
0.0883101
0.0883049
0.0883002
0.0882963
0.0882928
0.0882984
0.088298
0.088301
0.0883027
0.0883044
0.0883
0.0882971
0.0883045
0.088291
0.0882966
0.0882975
0.088287
0.0882938
0.0882951
0.0882973
0.0882874
0.0882851
0.0882904
0.0882805
0.0882909
0.0882905
0.0882932
0.0882997
0.0883009
0.0883061
0.0883125
0.088297
0.0883034
0.0882935
0.088285
0.0882772
0.0882771
0.0882688
0.0882731
0.0882667
0.0882793
0.088274
0.0882791
0.0882826
0.0882885
0.0882885
0.0882907
0.0882787
0.0882723
0.0882739
0.0882682
0.0882746
0.0882647
0.0882768
0.0882754
0.0882828
0.0882819
0.088284
0.0882869
0.0882804
0.0882726
0.0882837
0.088303
0.0883067
0.0883067
0.0883006
0.0882971
0.0882924
0.0882997
0.0882907
0.0882847
0.0882853
0.0882908
0.0882916
0.0883066
0.0882994
0.0882912
0.0882814
0.0882796
0.0882777
0.0882696
0.0882712
0.0882737
0.0882694
0.0882708
0.0882669
0.0882602
0.0882448
0.088241
0.0882552
0.0882517
0.088244
0.0882283
0.0882218
0.0882098
0.0882094
0.08822
0.0882396
0.0882433
0.0882527
0.0882483
0.0882427
0.088247
0.0882547
0.0882471
0.088262
0.0882577
0.088263
0.0882601
0.0882804
0.0882912
0.0883027
0.0882962
0.0882988
0.0883126
0.0883078
0.0883035
0.0883004
0.0883106
0.0883293
0.0883331
0.0883309
0.088322
0.088311
0.0882986
0.0882842
0.0882977
0.088288
0.0882744
0.0882684
0.0882603
0.0882611
0.088256
0.0882607
0.0882724
0.0882664
0.0882601
0.0882563
0.0882479
0.088253
0.0882489
0.0882519
0.0882549
0.0882549
0.0882636
0.0882644
0.0882705
0.0882662
0.0882632
0.0882624
0.0882523
0.088251
0.0882481
0.088235
0.0882376
0.0882479
0.0882443
0.0882342
0.0882358
0.088227
0.088229
0.0882245
0.0882259
0.0882174
0.0882263
0.0882249
0.0882283
0.0882165
0.0882064
0.0882054
0.0882001
0.0882026
0.0882149
0.0882199
0.0882169
0.0882018
0.0882008
0.0882017
0.0882096
0.0882058
0.0882055
0.0882079
0.0882138
0.0882105
0.0882265
0.0882244
0.0882475
0.0882483
0.0882614
0.08826
0.0882554
0.0882561
0.0882621
0.0882717
0.0882683
0.0882603
0.0882737
0.0882699
0.0882665
0.0882708
0.088275
0.0882825
0.08827
0.0882696
0.0882646
0.0882692
0.0882605
0.0882589
0.0882555
0.0882449
0.0882441
0.0882491
0.0882475
0.0882491
0.0882461
0.088259
0.0882666
0.0882632
0.0882532
0.0882495
0.0882411
0.0882329
0.0882387
0.0882337
0.0882299
0.0882311
0.0882393
0.0882431
0.0882335
0.0882281
0.088224
0.0882244
0.088213
0.0882072
0.088211
0.0882164
0.0882156
0.0882236
0.0882223
0.0882198
0.088216
0.0882205
0.0882055
0.0881984
0.088205
0.0882062
0.0881999
0.0881997
0.0881942
0.0881829
0.0881909
0.0881897
0.0881926
0.0881972
0.0882126
0.0882014
0.088201
0.0881974
0.0882006
0.0881982
0.0881966
0.0881938
0.0881954
0.0881888
0.0881871
0.0881924
0.0881849
0.0881788
0.0881817
0.0881805
0.08818
0.0881866
0.0881791
0.0881894
0.088194
0.0881857
0.088189
0.0881807
0.0881683
0.0881579
0.0881732
0.0881778
0.0881654
0.0881592
0.0881565
0.0881553
0.0881538
0.0881575
0.0881601
0.0881617
0.0881534
0.088162
0.0881636
0.0881562
0.0881402
0.0881386
0.0881353
0.088142
0.0881355
0.088126
0.0881262
0.0881195
0.0881227
0.0881182
0.0881221
0.0881201
0.0881184
0.088124
0.0881199
0.0881072
0.0881088
0.0881122
0.0881069
0.0881013
0.0881116
0.0881205
0.0881095
0.0881168
0.0881202
0.0881146
0.0881032
0.0880954
0.0880926
0.0880946
0.0880937
0.0880781
0.0880691
0.0880733
0.0880585
0.0880688
0.0880759
0.0880907
0.0880879
0.0880855
0.0880814
0.0880708
0.0880762
0.0880644
0.0880746
0.0880735
0.0880656
0.0880653
0.0880625
0.0880831
0.0880855
0.0880836
0.0880828
0.0880902
0.0880952
0.0880944
0.088094
0.0880842
0.0880933
0.0881007
0.0881043
0.088108
0.088107
0.0881001
0.0880992
0.0880924
0.0880848
0.0880872
0.0880918
0.0880976
0.0880939
0.0880889
0.088084
0.0880946
0.0880943
0.0880947
0.0880906
0.0880783
0.088071
0.0880722
0.0880665
0.088071
0.0880837
0.0880888
0.0880872
0.0880839
0.0880815
0.088098
0.0880968
0.0880962
0.0880829
0.0880755
0.0880793
0.0880687
0.0880619
0.0880535
0.0880662
0.0880625
0.0880699
0.0880671
0.0880533
0.0880591
0.0880595
0.0880465
0.0880335
0.0880339
0.0880315
0.088034
0.0880272
0.0880232
0.0880269
0.088029
0.0880251
0.0880332
0.0880303
0.0880377
0.0880352
0.088032
0.0880378
0.0880419
0.0880492
0.0880789
0.0880936
0.0881144
0.0881055
0.0881108
0.0881127
0.0881003
0.0880931
0.0880951
0.0880988
0.088113
0.0881113
0.0881287
0.0881315
0.0881238
0.0881189
0.0881332
0.0881446
0.088135
0.0881265
0.0881223
0.088119
0.0881106
0.0881094
0.0881025
0.0881101
0.0881053
0.0881001
0.0881159
0.0881107
0.0881043
0.0881063
0.08811
0.0881108
0.0880971
0.0880936
0.0880892
0.0880884
0.0881006
0.0880979
0.0880955
0.0880952
0.0880799
0.0880767
0.0880736
0.0880781
0.0880671
0.0880664
0.0880728
0.0880647
0.0880766
0.0880807
0.0880873
0.0880906
0.0880899
0.0880855
0.0881015
0.0881019
0.0880923
0.0880871
0.0880996
0.0880937
0.0880903
0.0880936
0.0880804
0.08808
0.0880796
0.088072
0.0880736
0.0880641
0.0880638
0.0880634
0.0880654
0.0880562
0.0880595
0.0880455
0.0880514
0.0880426
0.0880411
0.0880407
0.0880411
0.0880331
0.0880348
0.088039
0.0880451
0.0880379
0.0880343
0.08803
0.0880367
0.0880339
0.0880475
0.0880396
0.0880376
0.088046
0.0880384
0.0880214
0.0880278
0.0880211
0.0880152
0.0880164
0.0880057
0.0880157
0.0880161
0.0880186
0.0880106
0.0880055
0.0880032
0.0880101
0.0880113
0.0880045
0.0879948
0.0880012
0.0880056
0.0879968
0.0879885
0.0879758
0.0879794
0.0879764
0.0879787
0.0879736
0.0879868
0.0879861
0.0879924
0.0879897
0.087985
0.0879867
0.0879836
0.0879853
0.0879944
0.08799
0.0879912
0.0879851
0.0879795
0.087963
0.0879734
0.087975
0.0879734
0.087971
0.0879706
0.0879818
0.0880037
0.0880141
0.0880064
0.0880064
0.0880128
0.0880072
0.0880014
0.0880025
0.0879996
0.0880044
0.088002
0.0879945
0.0880015
0.0880027
0.0879997
0.0879925
0.0879968
0.0879968
0.0880016
0.0880087
0.08802
0.0880319
0.0880531
0.0880567
0.0880682
0.0880766
0.0880794
0.0880884
0.0880781
0.0880769
0.0880892
0.0880885
0.0880813
0.088084
0.0880813
0.0880865
0.0880854
0.0880771
0.0880858
0.088083
0.0880755
0.0880689
0.0880661
0.0880764
0.0880675
0.0880746
0.0880677
0.0880807
0.0880845
0.0880896
0.0881027
0.0881066
0.0881023
0.0881166
0.0881162
0.0881166
0.0881165
0.0881174
0.0881237
0.0881181
0.0881025
0.0881025
0.0881057
0.088099
0.0880962
0.0881009
0.0881069
0.0881026
0.0881061
0.0881089
0.0880978
0.0881074
0.0880988
0.0880952
0.0880893
0.0880889
0.088085
0.0880896
0.0880864
0.0880801
0.0880781
0.0880828
0.0880736
0.0880704
0.0880894
0.0880858
0.0880823
0.0880765
0.0880773
0.0880767
0.088072
0.0880698
0.0880767
0.0880734
0.0880706
0.0880753
0.0880848
0.0880942
0.0880997
0.0881004
0.0881057
0.0881001
0.0880977
0.0880897
0.0880902
0.0880878
0.0880738
0.0880641
0.0880524
0.0880712
0.0880709
0.0880597
0.0880628
0.088059
0.0880505
0.0880401
0.0880338
0.0880495
0.0880523
0.0880518
0.0880511
0.0880421
0.088034
0.0880364
0.0880346
0.0880422
0.0880347
0.0880543
0.0880658
0.0880556
0.0880587
0.0880537
0.0880598
0.088066
0.0880677
0.0880658
0.0880611
0.0880503
0.0880448
0.0880363
0.0880412
0.0880462
0.0880412
0.0880413
0.0880409
0.0880535
0.0880556
0.0880528
0.0880378
0.0880365
0.0880423
0.0880435
0.0880385
0.0880296
0.088029
0.0880368
0.0880388
0.0880438
0.08805
0.0880565
0.0880543
0.0880454
0.0880443
0.0880397
0.0880282
0.0880279
0.088033
0.0880328
0.0880316
0.088022
0.0880185
0.0880221
0.088033
0.088033
0.0880204
0.0880208
0.0880194
0.0880155
0.0880098
0.0880082
0.0880064
0.0880053
0.0879979
0.0879953
0.0880057
0.0880133
0.0880099
0.0880052
0.0879983
0.0879983
0.0880083
0.0880011
0.0879989
0.0879991
0.0879923
0.0879777
0.087994
0.0879885
0.0880027
0.088004
0.0880059
0.0880075
0.0880101
0.0880245
0.0880307
0.0880342
0.0880355
0.0880418
0.0880473
0.0880481
0.0880466
0.0880408
0.0880336
0.0880264
0.0880244
0.0880153
0.0880118
0.0880188
0.0880312
0.0880286
0.088024
0.0880355
0.0880313
0.0880304
0.0880316
0.0880281
0.0880224
0.0880214
0.0880126
0.0880119
0.088011
0.0880149
0.0880066
0.0880059
0.088003
0.0880049
0.0880141
0.0880077
0.0880085
0.0880153
0.0880121
0.088016
0.0880241
0.088021
0.0880249
0.0880307
0.0880414
0.0880429
0.0880375
0.0880298
0.0880325
0.0880298
0.0880336
0.0880241
0.0880198
0.0880176
0.0880231
0.0880424
0.0880456
0.088046
0.0880452
0.0880358
0.0880427
0.0880489
0.0880471
0.0880526
0.0880579
0.0880561
0.088052
0.0880574
0.0880634
0.0880512
0.0880577
0.0880688
0.0880596
0.0880623
0.0880679
0.0880573
0.0880535
0.0880475
0.0880528
0.0880492
0.0880341
0.0880372
0.0880363
0.0880318
0.0880357
0.0880377
0.0880435
0.0880332
0.0880321
0.088039
0.0880303
0.0880387
0.08803
0.0880346
0.0880266
0.0880252
0.0880305
0.0880218
0.0880265
0.0880167
0.0880228
0.0880239
0.0880277
0.0880186
0.0880146
0.0880165
0.0880122
0.0880164
0.0880123
0.0880096
0.0880142
0.0880155
0.0880161
0.0880185
0.0880181
0.0880193
0.0880287
0.0880374
0.0880342
0.0880512
0.0880425
0.0880369
0.088029
0.0880301
0.0880358
0.0880347
0.0880423
0.0880492
0.0880507
0.088044
0.0880361
0.0880463
0.0880391
0.088027
0.088027
0.0880331
0.0880266
0.0880315
0.0880384
0.0880339
0.0880264
0.0880163
0.0880212
0.0880317
0.0880375
0.0880531
0.0880536
0.0880544
0.0880549
0.0880626
0.0880495
0.0880533
0.0880506
0.0880436
0.0880548
0.0880525
0.0880574
0.0880661
0.0880797
0.0880685
0.0880708
0.088067
0.0880701
0.0880615
0.0880543
0.0880645
0.08806
0.0880548
0.0880608
0.0880612
0.0880601
0.0880593
0.088055
0.0880645
0.0880567
0.0880522
0.08806
0.088067
0.0880584
0.0880617
0.0880576
0.0880516
0.0880602
0.0880561
0.0880628
0.0880579
0.0880593
0.0880538
0.0880501
0.0880475
0.0880476
0.0880555
0.0880559
0.0880466
0.0880417
0.088038
0.0880534
0.0880522
0.0880497
0.0880644
0.088061
0.0880641
0.0880607
0.0880659
0.0880808
0.0880862
0.088098
0.0881018
0.0881145
0.0881172
0.0881108
0.0881111
0.0881043
0.0881099
0.0881126
0.0881075
0.0881057
0.0881065
0.0881009
0.0880946
0.0880894
0.0880995
0.0881015
0.0881021
0.0881077
0.0881013
0.0881013
0.088107
0.0880927
0.0880853
0.0880719
0.088073
0.0880782
0.0880808
0.0880856
0.088079
0.0880664
0.0880612
0.0880607
0.0880615
0.088062
0.0880524
0.088045
0.0880443
0.0880353
0.0880283
0.0880211
0.0880188
0.088015
0.0880093
0.0880108
0.088002
0.0880043
0.0880118
0.0880179
0.0880116
0.0880036
0.0879966
0.0879949
0.0879986
0.0879916
0.0879857
0.0879989
0.087996
0.0879991
0.0879912
0.0879942
0.0879964
0.0879938
0.0879874
0.0879942
0.0879988
0.0880007
0.0879974
0.088
0.0880056
0.0880175
0.0880108
0.0880035
0.0879941
0.0879931
0.0879983
0.0879942
0.0879854
0.0879802
0.0879765
0.0879736
0.0879809
0.0879905
0.0879912
0.0879879
0.0879869
0.0879839
0.0879746
0.0879787
0.0879784
0.0879759
0.08797
0.0879635
0.087957
0.0879538
0.0879591
0.0879654
0.0879695
0.0879668
0.0879683
0.0879676
0.0879846
0.0879858
0.0879858
0.0879871
0.0879764
0.0879815
0.0879789
0.0879818
0.0879926
0.0879868
0.0879835
0.0879765
0.0879743
0.0879771
0.0879665
0.0879801
0.0879796
0.0879872
0.0879805
0.0879743
0.0879783
0.0879689
0.0879745
0.0879712
0.0879746
0.0879702
0.0879706
0.087974
0.0879766
0.087974
0.0879811
0.0879694
0.0879666
0.0879688
0.0879787
0.0879759
0.087973
0.0879635
0.0879636
0.0879636
0.0879677
0.0879683
0.0879772
0.0879768
0.0879779
0.087975
0.087979
0.0879894
0.0879901
0.0879824
0.0879872
0.0879875
0.0879861
0.0879827
0.0879782
0.0879801
0.0879805
0.0879911
0.0879904
0.0879985
0.0879924
0.0879887
0.0879928
0.0879895
0.0880016
0.0879976
0.087994
0.0879904
0.0879834
0.0879787
0.0879765
0.0879689
0.0879621
0.0879595
0.0879749
0.0879639
0.0879629
0.0879744
0.0879743
0.0879857
0.087981
0.0879843
0.0879757
0.0879753
0.0879754
0.0879853
0.087989
0.0879896
0.0879937
0.0879871
0.087981
0.0879803
0.0879786
0.0879736
0.0879675
0.0879712
0.0879794
0.0879772
0.0879743
0.0879822
0.0879776
0.0879771
0.0879796
0.0879685
0.0879849
0.0879854
0.0879816
0.0879802
0.0879879
0.0879738
0.0879684
0.087969
0.0879629
0.0879636
0.0879496
0.0879486
0.0879439
0.0879353
0.087936
0.0879593
0.0879539
0.0879645
0.0879606
0.0879587
0.0879595
0.0879602
0.0879613
0.0879551
0.087945
0.0879338
0.0879293
0.0879406
0.0879388
0.0879324
0.0879277
0.08793
0.0879229
0.0879346
0.087931
0.0879231
0.0879319
0.0879193
0.0879154
0.0879183
0.0879143
0.0879122
0.0879111
0.0879152
0.087917
0.0879095
0.0879297
0.0879294
0.0879251
0.0879331
0.0879357
0.0879513
0.0879546
0.08795
0.0879555
0.0879494
0.0879426
0.0879394
0.0879319
0.0879228
0.0879211
0.0879241
0.0879393
0.0879469
0.0879505
0.0879531
0.0879425
0.0879461
0.0879443
0.0879454
0.0879385
0.0879327
0.0879421
0.0879361
0.0879451
0.0879534
0.0879448
0.0879546
0.0879629
0.0879695
0.087962
0.0879534
0.0879598
0.0879578
0.0879651
0.0879627
0.087961
0.0879561
0.0879515
0.0879469
0.0879394
0.0879356
0.0879279
0.0879212
0.0879132
0.08791
0.0878996
0.0879137
0.0879105
0.0879124
0.0879094
0.0879188
0.0879213
0.0879159
0.0879067
0.0878935
0.0878963
0.0879003
0.0878928
0.0878936
0.0879008
0.0878902
0.0878882
0.0878771
0.0878804
0.0878922
0.0878955
0.0879007
0.0878939
0.0878928
0.0878832
0.0878908
0.0878915
0.0879049
0.0879111
0.0879092
0.0879142
0.0879165
0.0879065
0.0879123
0.0879282
0.0879236
0.0879141
0.0879202
0.0879227
0.0879238
0.0879248
0.0879252
0.0879182
0.0879122
0.0879073
0.0879066
0.0879056
0.0879238
0.0879209
0.087931
0.0879275
0.0879365
0.0879393
0.0879511
0.0879561
0.0879643
0.0879667
0.0879671
0.0879821
0.0879857
0.0879796
0.0879824
0.0879838
0.0879952
0.0879896
0.0879982
0.0879929
0.0879912
0.0879967
0.087996
0.0879942
0.0879888
0.0879952
0.0879956
0.087992
0.0879846
0.0879896
0.0879894
0.0879976
0.0880085
0.0880068
0.0879955
0.0880043
0.0880069
0.088001
0.0879964
0.0879884
0.0879793
0.0879778
0.0879891
0.0879839
0.0879772
0.0879677
0.0879655
0.087972
0.0879699
0.0879742
0.0879754
0.0879676
0.0879619
0.0879746
0.0879778
0.0879824
0.0879769
0.087971
0.0879646
0.0879543
0.087953
0.0879616
0.0879593
0.0879503
0.0879584
0.0879536
0.0879487
0.0879481
0.0879471
0.0879457
0.0879399
0.0879357
0.0879399
0.0879467
0.0879537
0.0879488
0.0879558
0.0879579
0.0879628
0.0879823
0.0879909
0.0879838
0.0879836
0.0879784
0.0879929
0.0879962
0.0879903
0.0879876
0.0879905
0.0879851
0.087984
0.0879815
0.0879715
0.0879733
0.0879776
0.087984
0.087985
0.0879766
0.087978
0.0879753
0.0879792
0.0879729
0.0879894
0.0879918
0.0879976
0.0879993
0.0880053
0.0879994
0.0880009
0.0880103
0.0880208
0.0880153
0.0880191
0.0880258
0.0880283
0.0880392
0.0880346
0.0880261
0.0880177
0.088028
0.0880201
0.088018
0.0880143
0.0880113
0.0880187
0.0880195
0.0880198
0.0880205
0.0880205
0.0880245
0.0880182
0.0880075
0.0880055
0.088002
0.0879971
0.0880027
0.0880094
0.088014
0.0880066
0.0879993
0.087993
0.0880019
0.0880064
0.088018
0.0880105
0.0880095
0.088011
0.0880058
0.0880062
0.0880064
0.0879981
0.0879935
0.0879892
0.0879806
0.087965
0.0879584
0.0879681
0.0879658
0.0879666
0.0879642
0.0879694
0.0879639
0.0879643
0.0879648
0.0879617
0.0879635
0.0879691
0.0879701
0.0879705
0.0879674
0.087964
0.0879591
0.0879598
0.0879647
0.087962
0.0879587
0.0879597
0.0879661
0.087963
0.0879575
0.0879457
0.0879579
0.0879593
0.0879681
0.0879751
0.0879841
0.0879811
0.0879812
0.0879773
0.0879748
0.087982
0.0879759
0.0879784
0.0879743
0.0879746
0.0879831
0.0879883
0.0879911
0.0879943
0.0879891
0.0879909
0.0879875
0.0879882
0.0879854
0.0879816
0.087982
0.0879775
0.0879685
0.0879768
0.0879876
0.0879815
0.087986
0.0879881
0.0879826
0.0879904
0.08799
0.0879879
0.0879934
0.0879948
0.0879902
0.0879889
0.0879917
0.0879959
0.087996
0.0879904
0.0879869
0.0879876
0.0879881
0.0879854
0.0879796
0.0879755
0.0879839
0.0879836
0.0879777
0.087974
0.0879763
0.0879774
0.0879753
0.0879707
0.0879793
0.0879756
0.0879685
0.0879559
0.0879649
0.0879713
0.0879682
0.0879758
0.0879714
0.0879638
0.0879632
0.0879639
0.0879612
0.0879574
0.087956
0.0879659
0.087966
0.0879649
0.0879631
0.0879579
0.0879652
0.0879624
0.087962
0.0879658
0.087972
0.087959
0.0879666
0.0879635
0.0879626
0.0879654
0.0879537
0.0879503
0.0879492
0.0879379
0.0879345
0.0879301
0.0879323
0.0879313
0.0879294
0.0879367
0.0879457
0.0879515
0.0879497
0.0879504
0.0879593
0.0879579
0.0879568
0.087959
0.0879576
0.0879552
0.0879603
0.0879548
0.0879589
0.0879496
0.0879421
0.0879354
0.0879253
0.0879213
0.0879176
0.0879017
0.0879062
0.0878977
0.087899
0.0879113
0.0879209
0.0879207
0.0879134
0.087911
0.0879189
0.0879315
0.0879319
0.0879303
0.0879372
0.0879379
0.0879314
0.0879324
0.0879403
0.0879379
0.0879329
0.0879272
0.087928
0.0879355
0.0879393
0.0879479
0.0879473
0.0879524
0.0879555
0.087958
0.0879683
0.0879649
0.0879735
0.0879706
0.0879837
0.0879854
0.0879776
0.0879766
0.087977
0.0879725
0.087967
0.0879714
0.0879714
0.0879741
0.0879714
0.0879678
0.0879664
0.0879733
0.0879818
0.0879771
0.0879727
0.0879605
0.0879606
0.0879626
0.0879683
0.0879812
0.0879803
0.0879889
0.0879866
0.0879911
0.0879812
0.0879857
0.0879858
0.0879879
0.0879815
0.0879894
0.0879855
0.0879842
0.0879825
0.0879768
0.0879786
0.087978
0.0879785
0.0879756
0.0879754
0.0879782
0.08798
0.0879851
0.0879814
0.0879853
0.087988
0.0879952
0.0879942
0.0879935
0.0879874
0.0879892
0.0879874
0.087991
0.0879988
0.0879953
0.0879931
0.0879965
0.0880022
0.0880032
0.0880125
0.0880034
0.0880004
0.0880044
0.0880032
0.0880045
0.0880079
0.088016
0.0880117
0.088029
0.0880384
0.0880327
0.0880309
0.0880296
0.0880308
0.0880216
0.0880166
0.0880152
0.0880085
0.0880099
0.0880144
0.0880225
0.0880148
0.088019
0.0880156
0.0880079
0.0880076
0.0880154
0.0880111
0.0880168
0.0880167
0.0880167
0.0880214
0.0880171
0.0880179
0.088021
0.0880173
0.0880115
0.0880099
0.0880076
0.08801
0.0880144
0.0880107
0.0880196
0.0880165
0.0880216
0.0880148
0.0880226
0.08803
0.0880291
0.088027
0.0880262
0.0880347
0.0880301
0.0880209
0.0880129
0.0880117
0.0880053
0.088004
0.0880039
0.088011
0.0880097
0.0880054
0.0879973
0.0880034
0.0879968
0.0879888
0.0879892
0.08799
0.087987
0.0879889
0.087982
0.0879803
0.0879747
0.0879794
0.087979
0.0879804
0.0879731
0.0879782
0.087973
0.0879757
0.087986
0.0879804
0.0879777
0.087976
0.0879764
0.0879638
0.0879696
0.0879711
0.0879678
0.0879643
0.0879698
0.0879616
0.087956
0.0879524
0.0879564
0.0879491
0.0879414
0.0879448
0.0879404
0.087936
0.087932
0.0879234
0.0879264
0.0879328
0.0879415
0.0879305
0.0879292
0.0879313
0.0879323
0.0879338
0.0879426
0.0879294
0.0879187
0.0879261
0.0879296
0.0879349
0.0879349
0.087933
0.0879411
0.0879401
0.0879379
0.0879406
0.0879384
0.0879342
0.0879323
0.0879309
0.0879372
0.0879329
0.087943
0.0879387
0.0879397
0.0879494
0.0879458
0.0879524
0.0879564
0.0879488
0.0879552
0.0879506
0.0879511
0.0879514
0.0879424
0.0879319
0.0879267
0.087921
0.0879257
0.0879151
0.0879134
0.0879076
0.0878993
0.0879067
0.08791
0.0879164
0.0879212
0.0879214
0.0879279
0.087934
0.0879427
0.0879451
0.0879428
0.0879515
0.0879532
0.0879585
0.0879541
0.0879546
0.0879584
0.0879663
0.0879779
0.0879876
0.0879874
0.0879832
0.0879832
0.0879935
0.0879991
0.0879987
0.087997
0.087995
0.0879912
0.0879952
0.0879876
0.0879818
0.0879768
0.0879884
0.0879963
0.088002
0.0880172
0.0880188
0.0880156
0.0880167
0.0880085
0.0880049
0.0880118
0.0880059
0.0880026
0.0880138
0.0880072
0.088012
0.0880117
0.088022
0.0880259
0.088028
0.088024
0.0880266
0.0880306
0.0880297
0.0880346
0.088025
0.0880155
0.0880183
0.0880196
0.088027
0.0880172
0.0880182
0.088019
0.088014
0.0880205
0.0880166
0.0880172
0.0880229
0.0880231
0.0880189
0.0880177
0.088023
0.0880171
0.0880148
0.0880178
0.0880122
0.0880081
0.0880059
0.0880023
0.0879965
0.0879939
0.0879919
0.0879992
0.0879986
0.0879953
0.0879868
0.0879878
0.0879883
0.0879896
0.087988
0.0879946
0.0879914
0.087995
0.0879958
0.0879881
0.0879799
0.0879921
0.0879849
0.0879934
0.0879898
0.0879962
0.0879999
0.0880035
0.0880026
0.0879967
0.087999
0.0879954
0.0879994
0.0880028
0.0879983
0.087998
0.0879929
0.0879855
0.0879783
0.0879796
0.0879788
0.0879824
0.0879765
0.0879759
0.0879687
0.0879667
0.0879622
0.0879688
0.08798
0.0879749
0.0879685
0.0879643
0.0879565
0.0879484
0.0879367
0.0879361
0.0879332
0.0879293
0.0879257
0.0879197
0.0879272
0.0879298
0.0879334
0.0879308
0.0879296
0.0879302
0.0879248
0.0879253
0.0879282
0.0879318
0.0879326
0.0879252
0.0879301
0.0879298
0.0879301
0.0879325
0.0879413
0.0879329
0.0879271
0.0879167
0.0879178
0.0879199
0.0879181
0.0879263
0.0879251
0.0879217
0.0879279
0.0879204
0.0879225
0.0879345
0.0879252
0.0879265
0.0879217
0.0879189
0.087915
0.087913
0.0879053
0.0879037
0.0879021
0.087904
0.0879151
0.0879142
0.0879096
0.0879018
0.0879042
0.0878958
0.0878914
0.0878908
0.0878908
0.0878845
0.0878926
0.0878878
0.0878874
0.0878979
0.0878934
0.0878967
0.0878835
0.0878764
0.0878706
0.0878607
0.0878588
0.0878619
0.0878594
0.0878526
0.0878475
0.0878462
0.087853
0.0878502
0.0878505
0.0878431
0.0878399
0.0878352
0.0878244
0.0878251
0.0878259
0.0878227
0.0878234
0.0878177
0.087815
0.087813
0.0878114
0.0878085
0.0878066
0.0878034
0.0878039
0.0878061
0.0878202
0.0878245
0.0878329
0.087831
0.087826
0.0878186
0.0878193
0.0878149
0.0878086
0.0878008
0.0878056
0.0878092
0.087806
0.0878032
0.0878061
0.0878048
0.0878115
0.0878158
0.0878058
0.0878048
0.0878024
0.0878067
0.0878015
0.0878064
0.0878023
0.0878039
0.0877994
0.087791
0.0878008
0.087799
0.0878019
0.0877943
0.0877948
0.0877873
0.0877879
0.0877835
0.0877836
0.0877875
0.0877892
0.0877876
0.0877966
0.0877941
0.0877959
0.0878043
0.0878076
0.0878055
0.0877985
0.0877902
0.087789
0.0877911
0.0877872
0.0877799
0.0877745
0.0877772
0.0877831
0.0877869
0.0878005
0.0878131
0.087809
0.08781
0.0878123
0.087814
0.0878185
0.0878221
0.0878251
0.0878139
0.0878103
0.0878085
0.0878112
0.0878119
0.0878107
0.0878091
0.0878008
0.0877932
0.0877923
0.0877851
0.0877979
0.0878005
0.0877976
0.0878013
0.0878
0.0878093
0.0878145
0.0878087
0.0878152
0.0878142
0.0878184
0.087813
0.0878133
0.0878085
0.0878038
0.0877927
0.0877865
0.0877906
0.0877869
0.0877894
0.0877834
0.0877895
0.0877947
0.087798
0.0878
0.0877978
0.0877988
0.0878
0.0877899
0.0877916
0.0878054
0.0878159
0.0878115
0.0878148
0.0878126
0.0878149
0.0878057
0.0878051
0.0877963
0.0877915
0.0877871
0.087784
0.0877847
0.0877761
0.0877779
0.0877712
0.0877661
0.0877688
0.0877716
0.0877809
0.0877776
0.0877854
0.0877883
0.0877846
0.0877909
0.0877896
0.0877881
0.0877825
0.0877818
0.0877797
0.087789
0.0877923
0.0877867
0.0877986
0.0878024
0.087794
0.0877922
0.08778
0.0877837
0.0877895
0.087794
0.0877943
0.0878048
0.0878103
0.0878086
0.0878092
0.0878049
0.0878028
0.0877988
0.0878026
0.0878001
0.0877958
0.0877931
0.0878045
0.0878034
0.087807
0.0878082
0.087808
0.0878105
0.0878204
0.0878191
0.0878252
0.0878219
0.0878256
0.0878227
0.0878231
0.0878213
0.087828
0.0878328
0.0878334
0.0878285
0.0878324
0.0878294
0.0878311
0.087834
0.0878325
0.0878427
0.0878418
0.0878365
0.0878384
0.0878406
0.0878357
0.0878303
0.0878228
0.0878189
0.0878202
0.0878281
0.0878276
0.0878322
0.0878278
0.0878244
0.0878276
0.0878283
0.0878321
0.0878315
0.0878181
0.0878131
0.0878097
0.0878075
0.0878081
0.0878053
0.0878022
0.0878102
0.0878012
0.087798
0.0877902
0.0877874
0.0877912
0.0877944
0.087796
0.0877977
0.0877952
0.0877912
0.0877854
0.0877949
0.0877909
0.0877918
0.0877812
0.0877919
0.087792
0.0877934
0.0878089
0.0878023
0.0878147
0.0878148
0.0878167
0.0878148
0.0878067
0.0878124
0.0878228
0.0878226
0.0878197
0.0878297
0.0878351
0.087842
0.0878411
0.0878362
0.0878447
0.0878456
0.0878462
0.0878546
0.0878533
0.0878571
0.0878476
0.0878413
0.0878559
0.0878597
0.087856
0.087857
0.0878547
0.0878496
0.0878471
0.0878404
0.0878408
0.0878366
0.0878348
0.0878295
0.0878286
0.0878284
0.0878222
0.087832
0.0878362
0.0878338
0.0878341
0.087831
0.0878292
0.0878211
0.0878177
0.0878134
0.0878175
0.0878235
0.0878291
0.0878313
0.0878331
0.0878319
0.0878278
0.0878244
0.0878234
0.0878225
0.0878222
0.0878148
0.0878217
0.0878127
0.0878123
0.0878115
0.0878209
0.0878144
0.0878085
0.0878054
0.0877955
0.0878018
0.0878033
0.0878068
0.0878112
0.0878078
0.0878092
0.0878077
0.0878036
0.0878005
0.0877962
0.0878065
0.0878112
0.0878163
0.0878266
0.0878313
0.0878283
0.0878312
0.0878228
0.0878225
0.0878263
0.0878238
0.0878167
0.0878111
0.0878143
0.0878172
0.087825
0.0878191
0.0878272
0.0878237
0.0878239
0.0878223
0.0878162
0.0878159
0.0878131
0.0878154
0.0878281
0.0878344
0.0878409
0.0878463
0.0878408
0.0878557
0.0878654
0.0878715
0.087866
0.0878571
0.0878634
0.0878621
0.0878602
0.0878557
0.0878637
0.0878706
0.0878799
0.0878748
0.0878748
0.0878787
0.0878754
0.0878665
0.0878637
0.0878563
0.0878552
0.0878543
0.0878596
0.0878559
0.0878596
0.0878566
0.0878556
0.0878499
0.0878483
0.08785
0.0878479
0.087848
0.0878564
0.087854
0.0878713
0.0878725
0.0878661
0.0878661
0.0878804
0.0878827
0.0878821
0.0878726
0.0878776
0.0878672
0.0878669
0.0878689
0.0878798
0.08788
0.087876
0.0878739
0.0878813
0.0878836
0.0878744
0.0878723
0.087881
0.0878791
0.087881
0.0878792
0.0878826
0.0878863
0.0878868
0.0878886
0.0878878
0.087886
0.0878771
0.087867
0.0878722
0.0878759
0.0878732
0.0878722
0.0878637
0.0878662
0.0878669
0.0878641
0.0878534
0.0878526
0.087848
0.0878554
0.0878589
0.0878706
0.0878653
0.0878651
0.0878688
0.0878677
0.0878686
0.0878662
0.0878574
0.0878645
0.0878652
0.0878662
0.0878673
0.0878575
0.0878683
0.0878707
0.0878665
0.0878665
0.0878657
0.087866
0.0878646
0.0878567
0.0878557
0.0878535
0.0878584
0.0878538
0.0878533
0.0878533
0.0878586
0.0878553
0.0878568
0.08786
0.0878679
0.0878705
0.0878813
0.0878892
0.0878932
0.0878854
0.0878771
0.0878778
0.0878742
0.0878693
0.0878657
0.0878615
0.087857
0.0878605
0.0878649
0.0878731
0.0878716
0.087879
0.087887
0.0878882
0.0878962
0.0879057
0.0879003
0.087896
0.0878879
0.0878915
0.0878831
0.0878757
0.0878724
0.0878751
0.0878822
0.0878879
0.0878827
0.0878794
0.0878752
0.0878749
0.0878722
0.087866
0.0878705
0.0878706
0.0878648
0.0878679
0.0878573
0.0878528
0.0878556
0.0878628
0.0878552
0.0878553
0.0878559
0.0878536
0.0878586
0.0878569
0.0878474
0.0878459
0.0878622
0.0878578
0.0878633
0.0878626
0.0878515
0.0878629
0.0878648
0.0878639
0.0878657
0.0878771
0.0878741
0.0878669
0.0878596
0.087856
0.0878474
0.0878419
0.0878374
0.0878363
0.0878339
0.0878342
0.087837
0.0878346
0.0878259
0.0878174
0.0878136
0.0878094
0.0878192
0.0878195
0.0878235
0.0878202
0.0878263
0.0878203
0.0878227
0.0878221
0.0878285
0.0878238
0.0878144
0.0878048
0.0877967
0.0877907
0.0877877
0.0877899
0.0877969
0.0878051
0.0878119
0.0878131
0.0878144
0.0878193
0.0878079
0.087804
0.0878095
0.0878081
0.0878042
0.0878048
0.0878165
0.087815
0.0878182
0.0878196
0.0878106
0.0878104
0.0878138
0.0878051
0.0878069
0.0878
0.0878008
0.0877966
0.0877946
0.0878035
0.0878066
0.0878093
0.0878136
0.0878083
0.0878023
0.0878021
0.0878002
0.0877986
0.087802
0.0877924
0.0877997
0.0878076
0.0878026
0.0877969
0.0877921
0.0877897
0.0877848
0.0877807
0.08778
0.0877797
0.0877788
0.0877705
0.0877625
0.0877594
0.087769
0.0877746
0.0877743
0.0877711
0.0877771
0.0877774
0.0877862
0.087796
0.087793
0.0878078
0.087801
0.0878136
0.0878214
0.0878193
0.0878185
0.0878164
0.0878137
0.087813
0.0878122
0.0878053
0.0878119
0.0878189
0.0878172
0.0878295
0.0878331
0.0878386
0.0878316
0.0878242
0.0878212
0.0878347
0.0878296
0.0878308
0.0878246
0.0878342
0.087828
0.0878253
0.0878262
0.0878238
0.0878266
0.0878233
0.0878177
0.0878176
0.0878218
0.087821
0.087815
0.0878205
0.0878184
0.0878066
0.0878085
0.0878121
0.0878131
0.0878134
0.0878122
0.0878045
0.087795
0.0877888
0.0877851
0.087775
0.0877786
0.0877759
0.0877711
0.0877769
0.0877779
0.087784
0.0877916
0.0877883
0.0877854
0.0877819
0.0877838
0.0877847
0.0877787
0.0877806
0.0877924
0.0878061
0.0878012
0.0877951
0.0878122
0.0878144
0.0878145
0.087814
0.0878182
0.0878141
0.0878153
0.0878085
0.0878055
0.0878059
0.0878114
0.0878129
0.0878095
0.0878149
0.0878132
0.0878287
0.0878254
0.0878222
0.087827
0.0878257
0.087828
0.0878312
0.0878253
0.0878245
0.0878248
0.0878177
0.0878365
0.087836
0.087841
0.0878452
0.0878441
0.0878393
0.0878417
0.0878494
0.0878445
0.0878505
0.0878463
0.0878487
0.0878458
0.0878449
0.0878432
0.0878384
0.0878363
0.0878392
0.0878365
0.087835
0.0878357
0.0878348
0.0878352
0.0878358
0.0878388
0.0878489
0.0878424
0.0878442
0.0878484
0.0878564
0.0878555
0.087853
0.0878559
0.087847
0.0878428
0.0878369
0.0878432
0.0878405
0.0878387
0.0878409
0.0878473
0.0878533
0.0878542
0.0878451
0.0878502
0.0878562
0.0878527
0.0878584
0.0878536
0.0878673
0.0878639
0.0878676
0.0878662
0.0878624
0.0878559
0.0878541
0.0878515
0.087861
0.087861
0.0878566
0.0878483
0.0878496
0.0878541
0.0878453
0.0878569
0.0878558
0.0878564
0.0878597
0.0878571
0.087851
0.0878539
0.0878686
0.0878694
0.0878664
0.0878676
0.0878643
0.0878604
0.0878555
0.0878541
0.0878529
0.0878521
0.0878506
0.0878547
0.0878608
0.0878623
0.0878647
0.0878616
0.0878628
0.0878523
0.0878544
0.0878587
0.0878607
0.0878598
0.087861
0.0878678
0.087872
0.0878782
0.0878771
0.0878839
0.0878745
0.0878719
0.0878637
0.0878643
0.087869
0.0878783
0.0878794
0.0878751
0.0878783
0.0878807
0.0878825
0.0878774
0.0878801
0.0878892
0.0878864
0.0878762
0.0878854
0.0878854
0.0879009
0.0878945
0.0878937
0.0878934
0.0878927
0.0878952
0.0878884
0.08788
0.0878797
0.0878681
0.0878705
0.0878697
0.0878736
0.0878678
0.0878625
0.0878608
0.0878582
0.0878609
0.0878655
0.0878744
0.0878692
0.087874
0.0878665
0.0878774
0.0878799
0.0878808
0.0878846
0.0878812
0.087878
0.0878801
0.0878708
0.0878773
0.0878718
0.0878701
0.0878669
0.0878699
0.0878629
0.0878677
0.0878613
0.0878598
0.0878607
0.0878598
0.0878593
0.0878698
0.0878718
0.0878787
0.0878811
0.0878707
0.0878754
0.0878819
0.0878861
0.0878901
0.0878913
0.0878873
0.0879055
0.0879063
0.0879143
0.0879219
0.0879236
0.0879185
0.0879215
0.0879221
0.0879192
0.087923
0.0879221
0.0879244
0.0879276
0.0879233
0.0879234
0.0879202
0.0879234
0.0879197
0.0879189
0.0879236
0.0879207
0.0879226
0.0879162
0.0879215
0.0879217
0.0879342
0.0879465
0.0879561
0.0879596
0.0879669
0.0879634
0.0879765
0.0879731
0.0879674
0.0879709
0.0879697
0.0879629
0.087966
0.0879584
0.0879605
0.0879658
0.0879704
0.0879715
0.0879634
0.0879547
0.087955
0.0879555
0.0879509
0.0879486
0.087948
0.0879434
0.0879474
0.0879391
0.0879297
0.087926
0.087937
0.0879338
0.0879301
0.0879304
0.0879292
0.0879316
0.0879302
0.0879315
0.0879343
0.0879413
0.0879407
0.087934
0.0879345
0.0879321
0.0879278
0.0879235
0.0879274
0.0879263
0.0879196
0.087912
0.0879167
0.0879223
0.0879126
0.0879147
0.0879176
0.0879125
0.0879057
0.0879089
0.087902
0.0878977
0.087892
0.0878905
0.0879024
0.0879196
0.0879178
0.0879216
0.0879182
0.0879165
0.0879298
0.0879284
0.087933
0.0879293
0.0879224
0.087919
0.0879285
0.0879269
0.0879225
0.0879208
0.0879187
0.0879236
0.0879239
0.0879338
0.087928
0.0879283
0.0879361
0.0879312
0.0879346
0.0879303
0.0879367
0.0879373
0.0879377
0.0879405
0.0879405
0.0879323
0.0879323
0.0879393
0.0879364
0.0879367
0.0879512
0.0879515
0.0879513
0.0879549
0.0879552
0.0879576
0.0879606
0.0879536
0.0879547
0.0879598
0.0879663
0.0879637
0.0879721
0.0879883
0.0879769
0.0879781
0.0879815
0.0879779
0.0879816
0.0879742
0.0879745
0.0879737
0.0879641
0.0879597
0.0879603
0.0879532
0.0879472
0.0879468
0.0879444
0.0879413
0.0879427
0.0879336
0.0879311
0.0879477
0.08795
0.0879541
0.0879478
0.0879401
0.0879318
0.0879316
0.087929
0.0879233
0.0879288
0.0879214
0.0879152
0.0879155
0.0879108
0.0879085
0.0879031
0.0878953
0.0878967
0.0879086
0.0879054
0.0879071
0.087917
0.0879245
0.0879256
0.0879224
0.0879239
0.0879227
0.0879278
0.0879241
0.0879171
0.0879151
0.0879111
0.0879094
0.0879116
0.0879182
0.0879155
0.0879105
0.0879087
0.0879026
0.087904
0.0878972
0.087887
0.0878857
0.0878849
0.0878792
0.0878759
0.0878785
0.0878786
0.0878737
0.0878657
0.0878574
0.087852
0.0878522
0.0878491
0.0878437
0.0878433
0.0878371
0.0878269
0.0878239
0.0878314
0.0878228
0.087826
0.0878318
0.0878378
0.0878306
0.0878339
0.0878389
0.0878408
0.0878387
0.0878331
0.0878341
0.0878512
0.0878545
0.0878654
0.0878664
0.0878741
0.0878752
0.0878795
0.0878762
0.0878705
0.08787
0.0878657
0.0878684
0.0878647
0.0878705
0.0878648
0.0878632
0.0878519
0.0878506
0.0878577
0.0878567
0.0878555
0.0878592
0.0878567
0.0878499
0.0878488
0.0878462
0.0878395
0.0878372
0.0878386
0.0878302
0.0878289
0.0878261
0.0878256
0.0878266
0.0878272
0.0878291
0.0878289
0.0878307
0.0878313
0.0878296
0.0878282
0.0878354
0.0878305
0.0878318
0.087838
0.0878435
0.0878458
0.0878467
0.0878496
0.0878488
0.0878707
0.0878702
0.0878731
0.0878722
0.0878694
0.0878728
0.0878704
0.0878813
0.087881
0.087881
0.087874
0.0878833
0.0878927
0.0878882
0.0878871
0.0878917
0.0878988
0.0879118
0.087907
0.0878978
0.0879097
0.0879201
0.0879204
0.0879242
0.0879283
0.0879275
0.0879197
0.0879126
0.0879064
0.0879036
0.0879096
0.0879057
0.0879105
0.0879144
0.0879188
0.0879197
0.0879141
0.0879079
0.0879082
0.0879069
0.087913
0.0879257
0.0879373
0.0879429
0.0879412
0.0879412
0.087943
0.087941
0.0879359
0.0879307
0.0879284
0.0879302
0.0879384
0.0879442
0.0879355
0.0879291
0.0879315
0.0879294
0.0879257
0.0879237
0.0879181
0.0879123
0.087909
0.0879073
0.0879067
0.0879027
0.0879068
0.0879003
0.0878927
0.0878835
0.0878933
0.0879004
0.0878987
0.0879041
0.0879077
0.0879044
0.0879003
0.0879037
0.087902
0.0879067
0.0879097
0.0879124
0.0879147
0.0879156
0.0879164
0.0879114
0.0879064
0.0878961
0.0878963
0.0878953
0.0878948
0.0879001
0.0878986
0.0878965
0.087892
0.0878991
0.0879002
0.0878997
0.0879021
0.0879039
0.0879034
0.0879042
0.0879051
0.0879034
0.0879045
0.0878976
0.0878952
0.0878993
0.0878943
0.0878916
0.0878854
0.0878807
0.0878823
0.0878857
0.0878914
0.0878973
0.0878942
0.0878999
0.087903
0.0878975
0.0878962
0.0878968
0.0878944
0.0878966
0.0879164
0.0879167
0.0879177
0.0879234
0.0879242
0.0879243
0.087921
0.0879118
0.0879113
0.0879138
0.0879222
0.0879275
0.0879313
0.0879318
0.0879284
0.0879345
0.0879378
0.0879389
0.0879365
0.087948
0.0879416
0.08794
0.0879331
0.0879359
0.0879382
0.0879389
0.0879431
0.0879499
0.0879504
0.0879539
0.0879503
0.0879623
0.0879621
0.0879689
0.087968
0.0879624
0.0879693
0.0879612
0.0879621
0.0879615
0.0879695
0.0879658
0.0879607
0.0879632
0.087969
0.087965
0.0879648
0.0879582
0.0879651
0.087961
0.0879614
0.0879548
0.0879769
0.0879738
0.0879732
0.0879735
0.0879661
0.087972
0.0879676
0.0879726
0.0879732
0.0879756
0.087982
0.0879808
0.0879812
0.0879838
0.0879761
0.0879714
0.0879742
0.0879727
0.0879683
0.0879767
0.0879742
0.0879668
0.0879682
0.0879647
0.087966
0.0879667
0.0879665
0.0879632
0.0879575
0.0879525
0.0879567
0.0879603
0.0879504
0.0879507
0.0879551
0.087948
0.0879394
0.0879494
0.0879531
0.0879534
0.0879631
0.0879618
0.0879602
0.087966
0.0879652
0.087974
0.0879705
0.0879655
0.0879727
0.0879794
0.0879825
0.0879886
0.0879836
0.087983
0.087988
0.0879956
0.0879904
0.0879955
0.0879922
0.0879897
0.0879843
0.0879782
0.0879755
0.0879805
0.0879831
0.0879837
0.0879769
0.0879789
0.0879728
0.0879781
0.087971
0.0879741
0.0879679
0.0879681
0.0879585
0.0879632
0.0879621
0.0879564
0.08796
0.0879606
0.0879683
0.0879605
0.0879588
0.0879545
0.08796
0.0879614
0.0879631
0.0879585
0.0879657
0.0879693
0.0879717
0.0879715
0.0879684
0.0879651
0.0879665
0.0879648
0.0879725
0.0879745
0.087971
0.0879765
0.0879796
0.0879768
0.0879752
0.0879703
0.0879607
0.0879625
0.0879567
0.0879545
0.0879499
0.0879549
0.0879537
0.0879573
0.0879571
0.0879581
0.0879587
0.0879651
0.0879654
0.0879676
0.0879665
0.0879692
0.08796
0.0879698
0.0879698
0.0879717
0.0879744
0.0879809
0.0879719
0.0879752
0.0879652
0.0879584
0.0879513
0.0879528
0.0879541
0.0879558
0.0879526
0.0879522
0.0879595
0.0879574
0.0879601
0.0879594
0.0879624
0.0879551
0.087951
0.0879524
0.0879497
0.0879535
0.0879535
0.0879526
0.0879464
0.0879571
0.0879629
0.0879655
0.0879652
0.0879713
0.0879727
0.0879706
0.0879678
0.0879665
0.0879646
0.0879619
0.0879657
0.0879629
0.0879699
0.0879735
0.0879637
0.0879717
0.0879726
0.0879655
0.0879641
0.087968
0.0879613
0.08797
0.087972
0.0879742
0.0879808
0.0879804
0.0879867
0.087989
0.0879907
0.0879899
0.0879984
0.0879919
0.0879919
0.0879887
0.0879887
0.0879915
0.0879891
0.0879889
0.0879884
0.0879862
0.0879891
0.0879862
0.0879834
0.0879807
0.0879775
0.087974
0.0879799
0.0879785
0.0879775
0.0879702
0.087977
0.0879673
0.0879651
0.0879592
0.0879603
0.0879669
0.087962
0.0879616
0.0879597
0.0879575
0.0879597
0.0879611
0.0879657
0.0879622
0.0879583
0.0879619
0.0879578
0.0879662
0.0879608
0.0879597
0.0879641
0.0879647
0.087962
0.0879647
0.0879554
0.0879597
0.0879704
0.087975
0.0879737
0.0879669
0.0879588
0.0879545
0.0879473
0.0879492
0.0879547
0.0879631
0.0879695
0.0879708
0.0879684
0.0879776
0.0879819
0.0879811
0.0879934
0.0879931
0.0879942
0.087994
0.0879887
0.0879989
0.0879938
0.0879987
0.0879952
0.0879942
0.0879924
0.0879892
0.0879896
0.0879858
0.0879867
0.0879793
0.087981
0.0879883
0.0879986
0.0879975
0.0879999
0.0880027
0.0880065
0.0880012
0.087997
0.087997
0.0879934
0.0879942
0.0879913
0.0879865
0.0879871
0.0879853
0.0879812
0.0879782
0.0879805
0.0879797
0.0879748
0.0879789
0.0879771
0.0879811
0.0879765
0.0879773
0.0879857
0.0879855
0.0879791
0.0879801
0.0879919
0.0879905
0.0879935
0.0879889
0.087989
0.0879976
0.0879982
0.0880065
0.0880085
0.0880177
0.0880131
0.0880109
0.0880144
0.0880149
0.0880146
0.0880127
0.0880158
0.0880094
0.0880091
0.0880165
0.0880151
0.0880116
0.0880071
0.0880109
0.0880198
0.0880243
0.0880304
0.0880264
0.0880245
0.088025
0.0880306
0.0880326
0.0880293
0.0880382
0.0880312
0.0880431
0.0880446
0.0880489
0.0880468
0.0880424
0.0880429
0.0880506
0.0880603
0.0880605
0.0880496
0.0880519
0.0880464
0.0880423
0.0880377
0.0880353
0.0880397
0.0880378
0.0880394
0.0880394
0.0880375
0.088037
0.0880394
0.0880397
0.0880338
0.0880327
0.0880277
0.0880251
0.0880262
0.0880209
0.0880225
0.0880215
0.0880218
0.0880216
0.0880205
0.0880151
0.088013
0.0880129
0.0880134
0.08801
0.0880124
0.0880125
0.0880103
0.0880116
0.0880146
0.088016
0.0880121
0.0880069
0.0880128
0.08801
0.0880127
0.0880128
0.0880082
0.0880032
0.0880013
0.0880013
0.0880053
0.0880038
0.0880001
0.087994
0.0879948
0.0879973
0.0879992
0.0880091
0.0880193
0.0880193
0.0880199
0.0880173
0.0880181
0.0880164
0.0880184
0.0880167
0.0880176
0.0880159
0.0880112
0.088012
0.0880144
0.0880163
0.0880174
0.0880174
0.088018
0.0880209
0.0880244
0.088018
0.0880173
0.0880162
0.0880162
0.0880199
0.0880175
0.0880198
0.0880142
0.0880153
0.0880161
0.0880162
0.0880111
0.0880026
0.0880044
0.0880071
0.0880092
0.0880136
0.0880085
0.0880035
0.0880005
0.0879942
0.0879903
0.0879908
0.0879833
0.0879871
0.0879793
0.0879791
0.0879775
0.087975
0.0879692
0.0879769
0.0879845
0.0879887
0.0879827
0.0879787
0.08798
0.0879779
0.0879796
0.0879791
0.087989
0.0879906
0.0880012
0.088003
0.0880025
0.0880065
0.0880079
0.0880042
0.088005
0.0880005
0.0879957
0.0879921
0.0879889
0.0879837
0.0879861
0.0879899
0.0879852
0.087982
0.087973
0.0879734
0.0879692
0.0879734
0.0879758
0.0879734
0.0879831
0.0879839
0.0879874
0.0879867
0.0879928
0.0880019
0.0880019
0.0880123
0.0880165
0.0880218
0.0880211
0.0880216
0.0880184
0.0880198
0.0880156
0.0880108
0.0880066
0.0880085
0.0880134
0.0880183
0.0880227
0.0880162
0.0880149
0.0880149
0.0880131
0.0880139
0.0880198
0.0880248
0.0880194
0.0880175
0.0880263
0.0880292
0.088025
0.0880311
0.0880335
0.0880281
0.0880234
0.0880258
0.0880188
0.0880165
0.088012
0.0880056
0.0880022
0.0880136
0.088018
0.0880144
0.0880149
0.0880104
0.0880076
0.0880071
0.0880071
0.0879984
0.0879955
0.0879982
0.0879956
0.0879935
0.0879885
0.087982
0.0879793
0.0879764
0.0879682
0.0879659
0.087962
0.0879673
0.0879668
0.0879702
0.0879781
0.0879752
0.0879706
0.0879706
0.0879695
0.0879626
0.0879621
0.0879642
0.0879627
0.0879562
0.0879565
