3.179681211055484258e-09	-4.340575142332025487e-16	9.335680812575319379e-15	1.000000000000000000e+00
6.359362422110968517e-09	-1.407095668831714668e-14	3.011690708780823700e-14	1.000000000000000000e+00
9.539043633166452775e-09	9.037641493161158833e-14	3.162196078473309634e-13	1.000000000000000000e+00
1.271872484422193869e-08	-2.298689212532878836e-13	3.251517500280089630e-13	1.000000000000000000e+00
1.589840605527742129e-08	2.624782928211021368e-14	1.508854930860338253e-13	1.000000000000000000e+00
1.907808726633290886e-08	-1.353696831464433798e-14	1.247559173741605263e-13	1.000000000000000000e+00
2.225776847738839312e-08	3.106179000965206105e-12	8.203240388751473691e-13	1.000000000000000000e+00
2.543744968844387738e-08	-5.335315560503843979e-15	3.711699690580262417e-15	1.000000000000000000e+00
2.861713089949936163e-08	-3.496770157911253101e-15	2.692329797295980992e-15	1.000000000000000000e+00
3.179681211055484258e-08	-1.999399002848516273e-15	1.875724622376376024e-15	1.000000000000000000e+00
3.497649332161033346e-08	-1.608093154157809622e-15	1.390616409001720544e-15	1.000000000000000000e+00
3.815617453266581772e-08	3.759636267134502472e-17	1.253417699430666446e-15	1.000000000000000000e+00
4.133585574372130198e-08	-1.096417310690751326e-15	1.109893672985119189e-15	1.000000000000000000e+00
4.451553695477678623e-08	-1.722489930842596260e-15	7.853106979675837998e-16	1.000000000000000000e+00
4.769521816583227049e-08	-2.038613511904932604e-15	1.085964745365718808e-15	1.000000000000000000e+00
5.087489937688775475e-08	-1.500106021020756785e-15	8.008020928743127583e-16	1.000000000000000000e+00
5.405458058794323901e-08	-1.313013188690116414e-16	5.982590433729587606e-16	1.000000000000000000e+00
5.723426179899872327e-08	-9.563625133093363471e-16	5.252912771926579857e-16	1.000000000000000000e+00
6.041394301005420753e-08	-7.724190437439888909e-16	6.056143242544816807e-16	1.000000000000000000e+00
6.359362422110968517e-08	6.941505962791933163e-16	6.550039958574045995e-16	1.000000000000000000e+00
