0.844444
0.822667
0.821525
0.824333
0.821147
0.820759
0.82243
0.825179
0.822287
0.820686
0.808349
0.79263
0.780178
0.770931
0.763315
0.757625
0.75027
0.745486
0.741327
0.73649
0.724851
0.715696
0.705922
0.697062
0.688991
0.681031
0.675579
0.670897
0.665466
0.659641
0.652141
0.643189
0.634634
0.628453
0.621547
0.615401
0.609323
0.603611
0.598721
0.592315
0.585123
0.577708
0.571943
0.566712
0.561278
0.555778
0.551235
0.547008
0.541468
0.537013
0.531834
0.526784
0.521056
0.516121
0.510674
0.506156
0.501802
0.4963
0.492045
0.488424
0.484166
0.47966
0.475661
0.471346
0.467112
0.462478
0.458278
0.454655
0.450552
0.446834
0.443252
0.439767
0.436242
0.433173
0.429336
0.42551
0.42211
0.418985
0.415392
0.412696
0.409366
0.406589
0.403228
0.399818
0.397052
0.39338
0.390652
0.387736
0.384759
0.381889
0.37922
0.376595
0.373911
0.371186
0.368833
0.366077
0.363634
0.361125
0.358772
0.356545
0.35428
0.35207
0.349795
0.347818
0.345721
0.343762
0.341712
0.339886
0.337933
0.335988
0.334324
0.332297
0.330757
0.328961
0.327247
0.325108
0.323738
0.32217
0.320592
0.31908
0.317467
0.315836
0.314251
0.312897
0.311329
0.310357
0.309172
0.307754
0.306649
0.305549
0.304245
0.303087
0.30177
0.30077
0.299451
0.298436
0.297105
0.296127
0.294757
0.293613
0.292743
0.292156
0.291154
0.290582
0.289554
0.288587
0.287767
0.286921
0.286188
0.285209
0.284647
0.283894
0.28302
0.282274
0.281303
0.280558
0.279701
0.278995
0.278016
0.277152
0.276438
0.27588
0.275483
0.275207
0.274622
0.27369
0.272756
0.27191
0.270926
0.27038
0.269791
0.26922
0.268692
0.268066
0.267437
0.266716
0.266077
0.265671
0.265296
0.264798
0.264501
0.264168
0.263489
0.263039
0.26231
0.261646
0.261361
0.260854
0.260651
0.260386
0.260225
0.259969
0.259462
0.258998
0.25881
0.258444
0.257993
0.257626
0.257332
0.256858
0.256314
0.256099
0.255614
0.255357
0.254978
0.254819
0.254351
0.254159
0.25388
0.253587
0.253493
0.253216
0.252925
0.252723
0.252412
0.252046
0.251957
0.251703
0.251264
0.251171
0.250864
0.250482
0.250142
0.249882
0.249345
0.248772
0.248568
0.248233
0.247995
0.247874
0.247761
0.247395
0.247287
0.246998
0.246822
0.246691
0.246379
0.246157
0.246023
0.245848
0.245553
0.245389
0.245437
0.245161
0.245223
0.245112
0.24492
0.244744
0.244481
0.24438
0.244292
0.244413
0.24435
0.244105
0.244047
0.244077
0.244203
0.244132
0.243892
0.24381
0.243801
0.243824
0.243784
0.24376
0.243854
0.243894
0.243983
0.243718
0.243429
0.243174
0.242937
0.242607
0.242369
0.242174
0.241976
0.241606
0.24133
0.240895
0.240489
0.24019
0.240019
0.239879
0.239672
0.239568
0.239405
0.239189
0.238996
0.238909
0.238782
0.238547
0.238408
0.238286
0.238011
0.237929
0.237587
0.237444
0.237285
0.237185
0.236981
0.236866
0.236731
0.236552
0.2364
0.236208
0.236092
0.235891
0.235693
0.235551
0.235521
0.235506
0.235409
0.235427
0.235196
0.235158
0.234909
0.234747
0.234335
0.234197
0.234078
0.233928
0.2339
0.233881
0.233667
0.233438
0.233306
0.233183
0.233026
0.232875
0.232721
0.232646
0.232601
0.232462
0.232404
0.232191
0.231981
0.231736
0.231374
0.231261
0.230988
0.23088
0.230828
0.230716
0.230681
0.230585
0.230409
0.230308
0.230258
0.22994
0.229654
0.229435
0.229446
0.229284
0.229143
0.229198
0.228844
0.228677
0.228553
0.228547
0.228478
0.228402
0.228137
0.228041
0.227819
0.227759
0.227632
0.227525
0.227512
0.227377
0.227255
0.227123
0.226952
0.226865
0.22668
0.226568
0.226468
0.226338
0.226273
0.226269
0.226206
0.226107
0.226145
0.226078
0.225895
0.225733
0.225752
0.225782
0.225765
0.225822
0.225684
0.225628
0.225626
0.225703
0.225623
0.225635
0.22566
0.2257
0.22566
0.22559
0.225612
0.225689
0.225657
0.225753
0.225781
0.225793
0.225714
0.225545
0.225504
0.225587
0.225505
0.225497
0.225467
0.225452
0.225474
0.225463
0.225441
0.225427
0.225471
0.225379
0.225326
0.225251
0.225272
0.2254
0.225254
0.225149
0.225124
0.225188
0.225147
0.225071
0.225006
0.224925
0.224988
0.224959
0.22511
0.225208
0.225251
0.225186
0.225169
0.225042
0.224998
0.224977
0.225049
0.224983
0.224979
0.224941
0.224902
0.224807
0.224832
0.224765
0.224721
0.224653
0.224708
0.224771
0.224907
0.224918
0.224892
0.224854
0.224891
0.224948
0.224853
0.224908
0.224759
0.224766
0.224736
0.224764
0.22462
0.224636
0.224657
0.224545
0.22445
0.224466
0.224556
0.224462
0.224415
0.2244
0.224364
0.22434
0.224383
0.224436
0.22445
0.224463
0.224382
0.224344
0.224239
0.224295
0.224316
0.224301
0.224248
0.224338
0.224349
0.224293
0.224365
0.224403
0.224361
0.224331
0.224332
0.224196
0.224068
0.224083
0.22418
0.224267
0.22432
0.224268
0.224237
0.224299
0.224218
0.224277
0.224277
0.224248
0.224193
0.224225
0.224237
0.224257
0.22433
0.224404
0.224402
0.22447
0.224412
0.224541
0.224547
0.224638
0.224532
0.224579
0.224556
0.224628
0.224679
0.224752
0.224684
0.224653
0.224674
0.22469
0.224672
0.224672
0.22465
0.224811
0.224862
0.224805
0.224666
0.224708
0.224729
0.224711
0.22472
0.224704
0.224711
0.224649
0.224697
0.224788
0.224812
0.224755
0.224629
0.2246
0.224641
0.224584
0.224504
0.224526
0.22452
0.224627
0.224639
0.224703
0.224781
0.224813
0.224827
0.224821
0.224844
0.224784
0.224826
0.224869
0.224859
0.224867
0.224775
0.22476
0.224786
0.224774
0.224818
0.224845
0.224852
0.224755
0.224828
0.224887
0.224956
0.225042
0.225098
0.225173
0.225171
0.225112
0.225132
0.22508
0.225129
0.225185
0.225205
0.225173
0.225147
0.225061
0.225119
0.225143
0.225147
0.225179
0.225159
0.225249
0.225309
0.225354
0.225356
0.22536
0.225372
0.22541
0.225421
0.225473
0.22552
0.225524
0.225594
0.22562
0.225635
0.225566
0.225597
0.225601
0.225615
0.225629
0.225654
0.22569
0.225784
0.225896
0.225964
0.226055
0.226081
0.226074
0.226029
0.225981
0.225916
0.225955
0.225932
0.225901
0.225835
0.22579
0.225818
0.225842
0.225785
0.225735
0.225716
0.225658
0.225655
0.225607
0.22569
0.225745
0.225814
0.225749
0.225754
0.225772
0.225743
0.225708
0.22576
0.225735
0.225807
0.225801
0.225817
0.225791
0.225751
0.225732
0.225695
0.225706
0.225698
0.225698
0.225638
0.225638
0.225552
0.225499
0.225482
0.225521
0.225507
0.225482
0.225384
0.225308
0.225186
0.225134
0.22502
0.224921
0.224867
0.224752
0.224698
0.224637
0.224556
0.224481
0.224382
0.224268
0.224196
0.22407
0.224033
0.223959
0.223855
0.22375
0.223681
0.223547
0.223504
0.223404
0.223255
0.223144
0.223044
0.222947
0.222892
0.22277
0.222719
0.222647
0.222522
0.222421
0.222339
0.22228
0.222246
0.222218
0.222135
0.222074
0.221994
0.221885
0.221768
0.221704
0.221654
0.221518
0.221418
0.221289
0.221187
0.221113
0.221051
0.220934
0.220839
0.220706
0.220592
0.220475
0.220335
0.220238
0.220167
0.220053
0.219934
0.219811
0.219706
0.219606
0.219498
0.219363
0.219296
0.219165
0.21903
0.218912
0.218808
0.218722
0.218643
0.218588
0.218514
0.218401
0.218259
0.218183
0.218064
0.217975
0.217907
0.217807
0.21771
0.217576
0.217435
0.217356
0.217284
0.217179
0.217063
0.216944
0.216835
0.216687
0.216581
0.216447
0.216324
0.216198
0.216112
0.216031
0.215947
0.215836
0.215743
0.215641
0.215555
0.215487
0.21546
0.215345
0.215232
0.215131
0.215093
0.215029
0.214977
0.214879
0.214838
0.214717
0.214696
0.214639
0.214575
0.214423
0.214397
0.214345
0.214261
0.214205
0.21418
0.214098
0.213984
0.21392
0.213887
0.213838
0.213745
0.213672
0.213607
0.213544
0.21346
0.213432
0.213414
0.213415
0.213403
0.213381
0.213348
0.213278
0.213254
0.21322
0.213255
0.213211
0.213207
0.213156
0.213106
0.213032
0.213018
0.21306
0.213041
0.21304
0.213019
0.213033
0.213018
0.212977
0.21299
0.212958
0.212921
0.212911
0.212934
0.212948
0.212922
0.212924
0.212868
0.212878
0.212876
0.21287
0.212847
0.212726
0.212676
0.212712
0.212664
0.212643
0.212615
0.21261
0.212649
0.212593
0.212606
0.212576
0.212533
0.212484
0.212463
0.212464
0.212438
0.212394
0.212293
0.21224
0.212232
0.212225
0.212213
0.212213
0.212198
0.21221
0.212213
0.212219
0.212192
0.212135
0.212125
0.212134
0.212129
0.212084
0.212033
0.211999
0.211921
0.211798
0.211738
0.211648
0.211624
0.211527
0.211472
0.211389
0.211369
0.211288
0.211195
0.211143
0.2111
0.211057
0.210985
0.21094
0.210891
0.210818
0.210771
0.210672
0.210628
0.210566
0.21052
0.210478
0.210391
0.210357
0.210312
0.210252
0.210199
0.210137
0.210038
0.209982
0.209917
0.209878
0.209857
0.209758
0.209693
0.209618
0.209562
0.209501
0.209453
0.209363
0.209254
0.209175
0.20914
0.209095
0.209059
0.208996
0.20891
0.208849
0.208805
0.208744
0.208691
0.208684
0.208615
0.208551
0.208496
0.208452
0.208411
0.20834
0.208264
0.208227
0.208135
0.208054
0.208003
0.207928
0.207888
0.207788
0.207752
0.2077
0.207613
0.207554
0.207509
0.207448
0.207384
0.207359
0.207293
0.207244
0.20718
0.207134
0.207055
0.207036
0.206986
0.206951
0.206939
0.206914
0.206905
0.206886
0.206913
0.206906
0.206894
0.206836
0.206821
0.206828
0.206826
0.206788
0.206755
0.206748
0.206746
0.206759
0.206691
0.206666
0.206676
0.206656
0.206626
0.206631
0.206607
0.206546
0.206492
0.206462
0.206434
0.206406
0.206354
0.206311
0.206288
0.206226
0.206122
0.206085
0.206072
0.206032
0.20602
0.205993
0.205955
0.205897
0.205856
0.205838
0.205797
0.20578
0.205701
0.205634
0.205572
0.205485
0.20541
0.205365
0.205277
0.20531
0.205282
0.205283
0.205297
0.20525
0.205238
0.205161
0.205135
0.205164
0.205163
0.205104
0.205076
0.205068
0.205046
0.205036
0.20498
0.204957
0.204965
0.204941
0.204895
0.204863
0.204825
0.204809
0.204821
0.204834
0.20481
0.204778
0.204756
0.204709
0.204661
0.204683
0.20466
0.204657
0.204681
0.204714
0.204754
0.204711
0.20467
0.204633
0.204554
0.204522
0.204424
0.20431
0.204242
0.204135
0.20405
0.203991
0.203907
0.203846
0.203788
0.203693
0.203578
0.203526
0.203438
0.203356
0.203308
0.203249
0.203204
0.203204
0.203201
0.203216
0.203201
0.203179
0.203182
0.203164
0.203193
0.203188
0.203184
0.203162
0.203195
0.20317
0.203127
0.203122
0.203099
0.203042
0.203005
0.203009
0.202995
0.202987
0.202991
0.202946
0.202939
0.202938
0.202935
0.202905
0.202897
0.202832
0.202829
0.202827
0.202835
0.202828
0.202775
0.202716
0.202665
0.202648
0.202585
0.202545
0.202475
0.202377
0.202301
0.202207
0.20217
0.202137
0.202103
0.202092
0.202077
0.202041
0.202006
0.20198
0.20194
0.201926
0.201926
0.201879
0.201852
0.201861
0.201881
0.20187
0.201872
0.201865
0.201875
0.201851
0.201796
0.20175
0.201743
0.201701
0.201706
0.20171
0.201693
0.201715
0.201687
0.201664
0.201657
0.201652
0.201648
0.201624
0.201561
0.201589
0.201604
0.201599
0.20159
0.201528
0.201484
0.201476
0.201453
0.201447
0.201409
0.201383
0.20139
0.201393
0.201389
0.201403
0.20145
0.201425
0.201445
0.201441
0.20145
0.20145
0.201421
0.20139
0.201373
0.20136
0.201393
0.201401
0.201349
0.201322
0.201286
0.201332
0.201321
0.201332
0.201258
0.201185
0.201145
0.201122
0.201089
0.201023
0.200965
0.200928
0.200875
0.20086
0.200874
0.200876
0.200873
0.200848
0.200872
0.200877
0.200875
0.200871
0.200855
0.200873
0.200845
0.200853
0.200839
0.20087
0.200873
0.200863
0.200874
0.200856
0.20083
0.200791
0.200735
0.200667
0.2006
0.200542
0.200508
0.200432
0.200375
0.20031
0.200256
0.200211
0.200144
0.200081
0.200024
0.199958
0.199913
0.199892
0.199829
0.199767
0.199692
0.199653
0.199557
0.199542
0.199479
0.199447
0.199403
0.199362
0.199327
0.19929
0.199172
0.199094
0.199062
0.199037
0.199001
0.198964
0.198925
0.198886
0.198801
0.198749
0.198694
0.198684
0.198659
0.198589
0.198559
0.198513
0.19847
0.198415
0.198356
0.198323
0.198271
0.198239
0.19819
0.198102
0.198021
0.197968
0.197923
0.197896
0.197865
0.197835
0.197822
0.197812
0.197794
0.197756
0.197741
0.197713
0.197708
0.197707
0.197645
0.197632
0.197617
0.197579
0.197554
0.197546
0.197545
0.197535
0.197546
0.197541
0.197528
0.197511
0.197491
0.197447
0.197447
0.19742
0.197399
0.197376
0.197364
0.1974
0.197349
0.19732
0.197317
0.197324
0.197325
0.197328
0.197306
0.197292
0.19731
0.197351
0.197375
0.197449
0.197418
0.197451
0.197453
0.197439
0.197461
0.197447
0.197457
0.197485
0.197484
0.197496
0.197524
0.197533
0.197554
0.197574
0.19757
0.197596
0.197611
0.19764
0.197667
0.197633
0.197679
0.197693
0.197696
0.197688
0.197675
0.197692
0.197756
0.197819
0.197828
0.197811
0.19779
0.197764
0.197745
0.197761
0.197744
0.197765
0.197801
0.197814
0.197852
0.197898
0.197927
0.197943
0.197951
0.198
0.197988
0.197998
0.197997
0.197997
0.198049
0.198071
0.198098
0.198138
0.198133
0.198169
0.198172
0.198207
0.198218
0.198242
0.198248
0.198233
0.198252
0.198268
0.198276
0.19829
0.198323
0.198339
0.19833
0.198301
0.198284
0.198213
0.198196
0.198198
0.198192
0.198178
0.198124
0.198105
0.19808
0.198104
0.198106
0.198113
0.19808
0.198068
0.198063
0.198017
0.197956
0.197922
0.197909
0.197902
0.197935
0.197954
0.197957
0.197925
0.19795
0.197988
0.197987
0.198007
0.198003
0.197975
0.197995
0.197999
0.197989
0.197944
0.197944
0.197955
0.197961
0.197918
0.197942
0.197939
0.197945
0.197989
0.197968
0.197942
0.197934
0.197912
0.19792
0.197928
0.197983
0.197995
0.19798
0.19798
0.198008
0.197971
0.197949
0.197977
0.197965
0.19798
0.197993
0.198016
0.197985
0.197983
0.198008
0.198027
0.198036
0.198014
0.198014
0.198005
0.198017
0.198032
0.198035
0.198022
0.198006
0.197995
0.197972
0.198
0.198011
0.197989
0.197993
0.197994
0.197992
0.197994
0.197964
0.197973
0.197983
0.198004
0.198034
0.198069
0.198078
0.198077
0.198091
0.198107
0.198101
0.198105
0.198092
0.198059
0.198061
0.198063
0.198038
0.198023
0.197995
0.197991
0.197991
0.197997
0.198005
0.197993
0.19799
0.197958
0.197955
0.197963
0.197974
0.19801
0.19801
0.198042
0.198073
0.198068
0.198089
0.198137
0.198182
0.198212
0.19824
0.198229
0.198213
0.198239
0.198198
0.19822
0.198204
0.198197
0.198245
0.198276
0.198292
0.198324
0.198352
0.198338
0.19836
0.198363
0.198376
0.198393
0.198443
0.198467
0.198514
0.198572
0.198599
0.198622
0.198613
0.198638
0.198656
0.198708
0.198743
0.198723
0.198695
0.198706
0.198683
0.198702
0.198729
0.198739
0.198748
0.198773
0.198785
0.19883
0.198825
0.198853
0.19886
0.198893
0.198906
0.19889
0.198865
0.198875
0.198904
0.198912
0.198958
0.198954
0.198936
0.198935
0.198961
0.199
0.199013
0.19903
0.199015
0.199001
0.199024
0.199073
0.199077
0.19909
0.199112
0.199127
0.199139
0.199125
0.199142
0.199146
0.199179
0.199206
0.199214
0.199212
0.199224
0.199218
0.199231
0.199253
0.199264
0.199273
0.199263
0.199305
0.199304
0.199324
0.199345
0.199366
0.199399
0.199421
0.199408
0.19943
0.199442
0.199436
0.199423
0.199421
0.199428
0.199458
0.199486
0.199495
0.1995
0.199508
0.199511
0.199506
0.199471
0.199439
0.199415
0.199438
0.199418
0.199406
0.199373
0.199336
0.199324
0.199308
0.19928
0.199278
0.199247
0.199231
0.199231
0.199218
0.199185
0.19916
0.199128
0.199103
0.199105
0.199104
0.199071
0.199051
0.199029
0.199008
0.199011
0.199009
0.199014
0.199008
0.198989
0.198976
0.198952
0.198955
0.198923
0.198934
0.198942
0.198889
0.198904
0.198893
0.198896
0.198864
0.198845
0.198818
0.198806
0.198801
0.198819
0.198812
0.198814
0.198816
0.198813
0.198806
0.198791
0.198796
0.198785
0.198798
0.198803
0.198802
0.198805
0.198823
0.198821
0.198822
0.198805
0.198766
0.198741
0.198719
0.198694
0.1987
0.198669
0.198635
0.198652
0.198641
0.198638
0.198608
0.198595
0.198565
0.198577
0.198596
0.198611
0.198609
0.198583
0.198584
0.198577
0.198564
0.198546
0.198546
0.198559
0.198562
0.198555
0.198533
0.198524
0.198522
0.198527
0.198526
0.198498
0.198501
0.19852
0.198545
0.198535
0.198534
0.198528
0.198495
0.198497
0.198478
0.198498
0.198487
0.198518
0.198528
0.198505
0.198505
0.1985
0.198511
0.1985
0.198479
0.198498
0.198504
0.198533
0.198586
0.198609
0.198604
0.198599
0.198589
0.198587
0.198624
0.198639
0.198651
0.198666
0.198673
0.198714
0.198707
0.198701
0.198724
0.198727
0.198747
0.198773
0.198782
0.198791
0.198781
0.198797
0.198791
0.198801
0.198828
0.198852
0.198873
0.198902
0.198948
0.198967
0.198979
0.198998
0.198999
0.198998
0.199018
0.199001
0.19899
0.198967
0.198953
0.198938
0.198927
0.198934
0.198928
0.198912
0.198865
0.198839
0.198828
0.198799
0.198788
0.198777
0.19876
0.198743
0.19873
0.198718
0.198728
0.198721
0.198728
0.198713
0.198704
0.198676
0.198657
0.198607
0.198583
0.19856
0.19852
0.198529
0.198501
0.198493
0.198474
0.198448
0.198449
0.198456
0.198444
0.198427
0.198396
0.198383
0.198365
0.198343
0.198318
0.198303
0.198302
0.198287
0.198264
0.198244
0.198211
0.198172
0.198188
0.198147
0.198108
0.198084
0.198069
0.198031
0.197998
0.19798
0.197953
0.197908
0.197887
0.197846
0.197821
0.197778
0.197732
0.197692
0.197662
0.197625
0.197579
0.197552
0.197511
0.19749
0.197449
0.197407
0.197348
0.197312
0.197275
0.197245
0.197212
0.197183
0.197159
0.197128
0.197097
0.197074
0.197048
0.197008
0.196954
0.196935
0.196913
0.196886
0.196873
0.196828
0.196807
0.196785
0.196754
0.19673
0.196696
0.196664
0.196636
0.196581
0.196535
0.196495
0.196453
0.196464
0.196454
0.196454
0.196441
0.196427
0.196392
0.196367
0.196319
0.1963
0.19627
0.196229
0.196191
0.196187
0.196161
0.196143
0.196127
0.196112
0.196103
0.196095
0.196075
0.196059
0.196068
0.196035
0.196022
0.196033
0.19601
0.196019
0.196029
0.196004
0.196006
0.196002
0.196006
0.196006
0.196012
0.196019
0.196016
0.196025
0.196033
0.196036
0.196029
0.196042
0.19605
0.196043
0.196027
0.196027
0.196016
0.195992
0.195954
0.195924
0.195914
0.195911
0.195882
0.195857
0.19583
0.19579
0.195772
0.195742
0.195762
0.195743
0.195722
0.195742
0.195761
0.195744
0.195745
0.195745
0.195732
0.195773
0.195801
0.195792
0.19577
0.195744
0.195717
0.195694
0.19568
0.195662
0.195652
0.195641
0.195614
0.195608
0.195579
0.195547
0.19552
0.195486
0.195464
0.195445
0.195426
0.195399
0.195405
0.195391
0.195382
0.19537
0.195356
0.195352
0.195348
0.195352
0.195346
0.195317
0.195279
0.19524
0.195215
0.195209
0.195186
0.19518
0.195144
0.19513
0.195117
0.195112
0.195108
0.195091
0.195059
0.195052
0.195039
0.195032
0.195018
0.195002
0.19498
0.194937
0.194886
0.194852
0.194841
0.19484
0.194848
0.194825
0.194807
0.19477
0.194743
0.194718
0.194699
0.194667
0.194638
0.194617
0.194578
0.194542
0.194525
0.194492
0.194495
0.194464
0.194453
0.19443
0.194419
0.194404
0.19438
0.194367
0.194345
0.194301
0.194264
0.194238
0.194221
0.194177
0.194168
0.194141
0.194132
0.194144
0.194137
0.194124
0.194095
0.194076
0.194066
0.194048
0.194052
0.194034
0.194016
0.194
0.193978
0.193977
0.19394
0.193925
0.193893
0.193875
0.193836
0.193797
0.193787
0.193786
0.193778
0.193774
0.193765
0.193747
0.193745
0.193759
0.193749
0.193748
0.193742
0.193735
0.193705
0.193695
0.193665
0.193651
0.193661
0.193655
0.193651
0.19365
0.193663
0.193652
0.193658
0.193633
0.193604
0.193591
0.193585
0.193572
0.193542
0.193522
0.193498
0.1935
0.193507
0.193498
0.193498
0.193484
0.193495
0.193486
0.193478
0.193488
0.193478
0.193477
0.193499
0.193491
0.1935
0.193492
0.193512
0.193508
0.193499
0.193512
0.193518
0.193522
0.193555
0.193588
0.193606
0.193616
0.193628
0.193644
0.193667
0.193696
0.193721
0.193714
0.193728
0.193723
0.193731
0.19375
0.193764
0.193784
0.193801
0.193818
0.193833
0.193857
0.193818
0.193794
0.193794
0.193791
0.193769
0.193779
0.193786
0.193788
0.193791
0.193814
0.193823
0.193821
0.193839
0.193852
0.193849
0.193861
0.193884
0.193909
0.193918
0.193928
0.193929
0.193956
0.193949
0.19394
0.193951
0.193943
0.193958
0.193975
0.193983
0.193996
0.19399
0.193991
0.194
0.193977
0.193986
0.193983
0.193989
0.194001
0.194041
0.194039
0.194074
0.194085
0.194114
0.194159
0.194158
0.194158
0.194146
0.194151
0.194133
0.194143
0.194158
0.194179
0.194175
0.194197
0.194224
0.194218
0.194243
0.194273
0.194286
0.194254
0.194273
0.194298
0.194291
0.19429
0.194275
0.194284
0.194305
0.19431
0.1943
0.194338
0.194355
0.194374
0.194384
0.194419
0.194436
0.194453
0.194452
0.19447
0.194447
0.194432
0.194416
0.194419
0.194416
0.194432
0.194453
0.194475
0.194494
0.194496
0.194472
0.19445
0.194451
0.194439
0.19442
0.194397
0.194393
0.194395
0.194386
0.194387
0.194414
0.194415
0.194423
0.194444
0.194449
0.194469
0.194473
0.194473
0.194474
0.194494
0.194524
0.194499
0.194487
0.194503
0.194519
0.194507
0.194508
0.194517
0.19452
0.194543
0.194558
0.194596
0.194609
0.194626
0.19464
0.194669
0.194674
0.194699
0.194717
0.194728
0.194758
0.194771
0.194776
0.194773
0.194744
0.194741
0.194734
0.194746
0.194751
0.194751
0.194755
0.194785
0.194796
0.194799
0.194803
0.194806
0.194809
0.194808
0.194815
0.194835
0.194825
0.194831
0.194846
0.194848
0.194884
0.194893
0.194906
0.1949
0.194912
0.194921
0.194924
0.194925
0.194913
0.194938
0.194943
0.194952
0.194974
0.194985
0.194983
0.195012
0.195035
0.195025
0.195032
0.195034
0.195042
0.195057
0.195055
0.19505
0.195048
0.195055
0.195071
0.195074
0.195079
0.195077
0.195087
0.195091
0.195108
0.195116
0.195102
0.195115
0.195095
0.195106
0.195104
0.195122
0.195136
0.195147
0.195147
0.195166
0.195186
0.195183
0.195175
0.195178
0.195206
0.195193
0.195217
0.195221
0.195243
0.195256
0.195287
0.195309
0.195322
0.19534
0.195329
0.195334
0.195336
0.195351
0.195344
0.195336
0.195354
0.195365
0.195395
0.195413
0.19545
0.195462
0.195457
0.195456
0.195489
0.19551
0.195524
0.195523
0.195525
0.195544
0.195566
0.195578
0.195587
0.195587
0.195578
0.195562
0.195562
0.195545
0.195529
0.195511
0.195497
0.195508
0.195504
0.195487
0.195475
0.195466
0.195458
0.195439
0.195425
0.195416
0.195383
0.195364
0.195354
0.19534
0.19533
0.195328
0.195315
0.195278
0.19526
0.195241
0.195228
0.195229
0.195219
0.195205
0.195199
0.195203
0.195182
0.195168
0.195154
0.195152
0.19514
0.195117
0.195086
0.195085
0.195071
0.195052
0.195031
0.195007
0.194997
0.194985
0.194968
0.194952
0.194955
0.194952
0.194948
0.194927
0.194923
0.194889
0.194857
0.194852
0.194864
0.194841
0.19484
0.194832
0.194817
0.194818
0.194803
0.194796
0.194791
0.194779
0.194767
0.194756
0.194729
0.194713
0.194708
0.19468
0.194655
0.194648
0.194634
0.194627
0.194624
0.194617
0.194599
0.194597
0.194602
0.194572
0.194563
0.194544
0.194522
0.194485
0.194469
0.194459
0.194451
0.19444
0.194434
0.194429
0.194419
0.194406
0.194398
0.194394
0.194373
0.194362
0.194355
0.194331
0.194318
0.194306
0.19429
0.194277
0.19429
0.194285
0.194269
0.194251
0.194236
0.194235
0.194217
0.194209
0.194205
0.194234
0.194243
0.19426
0.194259
0.194248
0.194265
0.194268
0.194266
0.194283
0.19429
0.194293
0.194291
0.194287
0.194319
0.194347
0.194358
0.194367
0.194378
0.194398
0.194412
0.194413
0.194423
0.194455
0.194453
0.194473
0.194493
0.194483
0.194479
0.194491
0.194514
0.194523
0.194533
0.194549
0.194551
0.194541
0.194549
0.194554
0.194583
0.194597
0.194622
0.194645
0.194638
0.194652
0.194667
0.1947
0.19471
0.19472
0.194724
0.194729
0.194735
0.194751
0.194761
0.194781
0.194787
0.194805
0.194812
0.194812
0.194821
0.194834
0.194835
0.194844
0.194859
0.194882
0.194891
0.194899
0.194922
0.194941
0.194943
0.194974
0.194989
0.195
0.195019
0.195029
0.195047
0.195053
0.19506
0.195093
0.195091
0.195101
0.195101
0.195108
0.195125
0.195134
0.195162
0.195173
0.195202
0.1952
0.195209
0.195209
0.195226
0.19525
0.195255
0.195269
0.195288
0.195304
0.195306
0.195319
0.195335
0.195365
0.19537
0.195381
0.195412
0.195439
0.195453
0.195448
0.195448
0.195446
0.195447
0.195447
0.195466
0.195498
0.195491
0.195488
0.195494
0.195519
0.195515
0.195531
0.195554
0.195556
0.195571
0.195597
0.195598
0.195604
0.195597
0.195591
0.195577
0.19557
0.195559
0.195543
0.19554
0.195525
0.195516
0.195508
0.19549
0.195473
0.195458
0.195438
0.195415
0.195404
0.195394
0.195379
0.19536
0.195347
0.195324
0.195313
0.195305
0.195295
0.195278
0.195259
0.195249
0.195232
0.195226
0.195195
0.195193
0.195185
0.195164
0.195159
0.195133
0.19513
0.195108
0.195104
0.195097
0.195076
0.195054
0.195036
0.195023
0.195004
0.194986
0.194972
0.194963
0.194964
0.194956
0.194948
0.194938
0.194918
0.194913
0.194912
0.194901
0.194896
0.194876
0.194861
0.194842
0.194833
0.194823
0.194814
0.194816
0.194809
0.194798
0.194791
0.19477
0.194769
0.194753
0.194735
0.194723
0.194701
0.194706
0.194681
0.194674
0.194672
0.194667
0.194662
0.194662
0.194639
0.194631
0.194629
0.19462
0.194603
0.194598
0.19457
0.194553
0.194549
0.194539
0.194522
0.194501
0.19449
0.194488
0.194473
0.194449
0.194433
0.194417
0.194405
0.194403
0.194387
0.194367
0.194375
0.194371
0.194367
0.194369
0.194366
0.194361
0.194349
0.194339
0.194317
0.1943
0.194281
0.194251
0.194237
0.194232
0.194215
0.194208
0.194198
0.194179
0.19417
0.194154
0.194137
0.19413
0.194112
0.194108
0.194093
0.194084
0.194068
0.194054
0.194039
0.194023
0.194005
0.193986
0.193955
0.193931
0.193915
0.193878
0.193856
0.193831
0.19382
0.193792
0.193766
0.193744
0.193731
0.193712
0.193689
0.193679
0.193675
0.193655
0.193632
0.193603
0.193569
0.193556
0.193531
0.193504
0.193476
0.193442
0.193437
0.193433
0.193409
0.193395
0.193379
0.19337
0.193364
0.193345
0.193344
0.193343
0.193327
0.193303
0.193283
0.19326
0.193238
0.193224
0.193197
0.193185
0.193181
0.193157
0.193141
0.193136
0.19312
0.193108
0.193089
0.19307
0.193058
0.193043
0.193032
0.193008
0.192985
0.192963
0.192955
0.192948
0.192951
0.192931
0.192926
0.192914
0.192903
0.192914
0.192911
0.192912
0.192899
0.192894
0.192886
0.192889
0.192869
0.192853
0.192842
0.192822
0.192799
0.192798
0.192788
0.192781
0.192766
0.192772
0.192767
0.192779
0.19277
0.192759
0.192767
0.19278
0.192766
0.192761
0.192761
0.192749
0.192772
0.192792
0.19277
0.192791
0.192787
0.192787
0.192775
0.192761
0.192768
0.192785
0.192787
0.19279
0.192802
0.192812
0.19281
0.192818
0.192817
0.192834
0.192828
0.192838
0.192848
0.192849
0.192848
0.192848
0.192857
0.19287
0.192866
0.192883
0.192876
0.192876
0.19286
0.192858
0.192858
0.192866
0.192882
0.192875
0.192887
0.192897
0.192908
0.192915
0.192936
0.192946
0.192973
0.192974
0.192977
0.192985
0.192967
0.192985
0.192973
0.192967
0.192974
0.192978
0.192973
0.192978
0.192989
0.193001
0.192995
0.192996
0.192989
0.192988
0.192978
0.19296
0.192965
0.192975
0.192998
0.193013
0.193011
0.193025
0.193039
0.193044
0.193069
0.193065
0.193068
0.193061
0.193067
0.193075
0.193074
0.193075
0.193086
0.193086
0.193089
0.193096
0.193107
0.193113
0.193129
0.193141
0.193169
0.193176
0.193182
0.193185
0.193194
0.193201
0.193202
0.193204
0.193218
0.193222
0.193244
0.193267
0.193285
0.193291
0.19329
0.193293
0.1933
0.193314
0.193322
0.193328
0.193337
0.193346
0.193369
0.193397
0.193404
0.193411
0.193424
0.193428
0.193453
0.193452
0.193452
0.193448
0.193461
0.193478
0.193497
0.193478
0.193486
0.193508
0.193525
0.193547
0.193556
0.193566
0.193581
0.193591
0.193595
0.193582
0.193587
0.193584
0.19356
0.193554
0.193552
0.193549
0.193537
0.193531
0.193521
0.193516
0.19351
0.193504
0.193522
0.19353
0.193544
0.193547
0.193537
0.19354
0.193537
0.193539
0.193546
0.193552
0.193546
0.193522
0.193519
0.193531
0.193521
0.193512
0.193501
0.193507
0.193505
0.193493
0.193485
0.19349
0.193472
0.19346
0.193453
0.19345
0.193447
0.193429
0.193413
0.193394
0.193376
0.193379
0.19337
0.193377
0.193353
0.19335
0.193349
0.193338
0.193325
0.193315
0.193297
0.193281
0.193271
0.193251
0.19323
0.193209
0.193179
0.193149
0.193133
0.193125
0.193128
0.193121
0.1931
0.193085
0.193068
0.193039
0.193013
0.192997
0.192984
0.192969
0.192959
0.192959
0.192951
0.192943
0.192924
0.192906
0.192893
0.192894
0.192882
0.192868
0.192852
0.192827
0.192808
0.192797
0.192782
0.192768
0.192756
0.192743
0.19274
0.192733
0.192718
0.192703
0.192683
0.192656
0.192645
0.192632
0.192625
0.192611
0.192603
0.192593
0.192579
0.19257
0.192565
0.192535
0.192525
0.192518
0.192516
0.192501
0.192489
0.192473
0.192467
0.192469
0.192455
0.192437
0.192432
0.192411
0.192407
0.192388
0.192377
0.192352
0.19235
0.192344
0.192344
0.192334
0.192311
0.192297
0.192293
0.192291
0.192281
0.192272
0.192274
0.192258
0.192256
0.192242
0.19223
0.192208
0.192204
0.192198
0.192178
0.192182
0.192173
0.192173
0.192153
0.192151
0.192139
0.192125
0.192111
0.192106
0.192096
0.192085
0.192066
0.192042
0.192028
0.192009
0.191981
0.191957
0.191949
0.191935
0.191919
0.191899
0.191896
0.191879
0.191859
0.191846
0.191844
0.191822
0.191808
0.19181
0.191801
0.191794
0.191794
0.191778
0.191751
0.191726
0.191724
0.191716
0.191707
0.191694
0.191675
0.191674
0.191671
0.191657
0.191648
0.191657
0.191651
0.191632
0.191617
0.191609
0.191591
0.191586
0.191588
0.191589
0.191592
0.191581
0.191568
0.191557
0.191553
0.191524
0.191498
0.191485
0.191479
0.191462
0.191463
0.191458
0.19143
0.191399
0.19139
0.191374
0.191363
0.19134
0.191324
0.191305
0.191292
0.191275
0.191253
0.191226
0.191218
0.191198
0.191177
0.191162
0.19115
0.191142
0.191123
0.191113
0.191098
0.191093
0.19107
0.191058
0.191047
0.191046
0.191038
0.191023
0.19102
0.191006
0.190986
0.190981
0.190968
0.190964
0.190953
0.190937
0.190938
0.190929
0.190926
0.190932
0.190925
0.190928
0.190926
0.19092
0.190915
0.190891
0.190885
0.190877
0.190852
0.190851
0.190841
0.190842
0.190857
0.190844
0.190832
0.190815
0.190802
0.190791
0.190785
0.19077
0.19076
0.190749
0.190744
0.190735
0.190731
0.190724
0.190718
0.190693
0.190688
0.190665
0.190645
0.190648
0.190644
0.19063
0.190609
0.190616
0.190601
0.190583
0.190587
0.190585
0.190576
0.190574
0.190568
0.190547
0.190551
0.190534
0.190523
0.19052
0.190499
0.190483
0.19047
0.190465
0.190458
0.190441
0.19042
0.190393
0.190382
0.190368
0.190368
0.190365
0.190357
0.190336
0.190332
0.190324
0.190297
0.190269
0.190249
0.190247
0.190239
0.190237
0.190229
0.190222
0.190205
0.190195
0.190189
0.190174
0.19017
0.190167
0.190166
0.190165
0.190143
0.19014
0.190128
0.190128
0.190113
0.190104
0.190099
0.19009
0.190076
0.190064
0.190055
0.190034
0.190025
0.190014
0.190001
0.189985
0.189964
0.18996
0.189943
0.189934
0.189926
0.189922
0.189912
0.189897
0.189888
0.189879
0.189874
0.189869
0.18986
0.18985
0.189845
0.189832
0.189823
0.189829
0.189818
0.189802
0.189792
0.189778
0.189752
0.189739
0.189716
0.189705
0.189702
0.189674
0.189661
0.189656
0.189648
0.189634
0.189633
0.189625
0.189609
0.189599
0.189591
0.18957
0.189546
0.18953
0.189524
0.189512
0.189504
0.18948
0.18947
0.189459
0.189452
0.189437
0.189441
0.189426
0.189425
0.189414
0.189404
0.189389
0.18938
0.189372
0.189372
0.189369
0.189356
0.189342
0.189333
0.189325
0.189318
0.189315
0.189308
0.18929
0.189288
0.189281
0.189293
0.189284
0.189269
0.189266
0.189258
0.189261
0.189252
0.189254
0.189248
0.189249
0.189241
0.189237
0.189235
0.189239
0.189232
0.189222
0.189205
0.189193
0.189189
0.189178
0.189179
0.189169
0.189156
0.189154
0.189156
0.189153
0.189153
0.18916
0.189142
0.189131
0.189122
0.189094
0.189098
0.189097
0.189093
0.189095
0.189091
0.1891
0.189101
0.189099
0.189093
0.189093
0.189094
0.189106
0.189122
0.189125
0.189122
0.189149
0.189163
0.189165
0.189165
0.18915
0.189133
0.189123
0.189112
0.189104
0.189089
0.189095
0.189081
0.189081
0.189072
0.189065
0.189064
0.18906
0.189042
0.189036
0.189024
0.189014
0.189011
0.189015
0.189011
0.188995
0.188986
0.188977
0.188976
0.188977
0.188977
0.188973
0.188962
0.188962
0.18895
0.188938
0.188931
0.188924
0.18892
0.188916
0.188916
0.188908
0.188904
0.188905
0.188885
0.188881
0.18888
0.188873
0.188877
0.188869
0.188856
0.188844
0.188833
0.18882
0.188805
0.1888
0.188792
0.188771
0.18876
0.188751
0.188743
0.188731
0.188713
0.188698
0.188686
0.188682
0.188671
0.188653
0.188629
0.188617
0.188604
0.188589
0.188571
0.188568
0.188566
0.188545
0.188533
0.188531
0.188524
0.188519
0.188506
0.188493
0.188486
0.188476
0.188474
0.188461
0.188464
0.188455
0.188439
0.188425
0.188405
0.188389
0.188373
0.188365
0.188355
0.188334
0.188314
0.188306
0.188292
0.188285
0.188283
0.188292
0.188289
0.188275
0.188254
0.188232
0.188234
0.188223
0.188229
0.188221
0.188218
0.188216
0.188205
0.188193
0.188184
0.188179
0.188176
0.188171
0.188171
0.18816
0.188148
0.188144
0.188145
0.188135
0.188118
0.188104
0.1881
0.188086
0.188069
0.18807
0.188055
0.188056
0.188049
0.188044
0.188039
0.188034
0.188031
0.188017
0.188015
0.187999
0.187993
0.18798
0.187971
0.187974
0.187974
0.187963
0.187953
0.187933
0.187931
0.187931
0.187918
0.187912
0.187908
0.187905
0.187914
0.187913
0.187907
0.187906
0.187893
0.18788
0.187885
0.187875
0.187876
0.187864
0.187867
0.187856
0.187856
0.187839
0.187826
0.187818
0.18781
0.187809
0.187794
0.187795
0.187791
0.187776
0.187764
0.187745
0.187723
0.187706
0.187699
0.187694
0.187676
0.187666
0.187661
0.187654
0.187639
0.187624
0.18761
0.187604
0.187591
0.18758
0.187572
0.187564
0.187558
0.187557
0.187544
0.187536
0.18753
0.187526
0.187517
0.187511
0.187504
0.1875
0.187495
0.187502
0.187503
0.187496
0.187481
0.187464
0.187468
0.187465
0.187456
0.187441
0.18744
0.187432
0.187419
0.187417
0.187412
0.187406
0.1874
0.18739
0.187375
0.187359
0.187346
0.187322
0.187309
0.187302
0.187294
0.187285
0.187281
0.187272
0.18727
0.187258
0.187247
0.187236
0.187222
0.187223
0.187225
0.187232
0.187214
0.187215
0.18721
0.187181
0.187176
0.18718
0.187176
0.187169
0.18717
0.187166
0.187164
0.187169
0.187171
0.187194
0.18718
0.187183
0.187181
0.187184
0.187181
0.187184
0.187186
0.187195
0.187204
0.187215
0.18722
0.187225
0.187225
0.187231
0.187243
0.187241
0.187241
0.187232
0.187244
0.187235
0.187237
0.18723
0.187232
0.18723
0.187227
0.18723
0.187222
0.187218
0.187228
0.18722
0.187212
0.187203
0.187219
0.187216
0.187212
0.187213
0.187188
0.187175
0.187173
0.187175
0.187166
0.187172
0.187173
0.187188
0.187188
0.187184
0.187172
0.187161
0.187163
0.187166
0.187173
0.187179
0.187181
0.187186
0.187193
0.187194
0.187196
0.187193
0.18719
0.187191
0.187179
0.187178
0.187179
0.187176
0.187189
0.187185
0.187179
0.18719
0.187193
0.187175
0.187171
0.187165
0.18718
0.187186
0.187194
0.187189
0.18719
0.187184
0.187185
0.187203
0.187188
0.187195
0.187206
0.187223
0.187224
0.187214
0.187211
0.187209
0.18721
0.187202
0.187201
0.18719
0.187188
0.187183
0.187176
0.187169
0.187166
0.187162
0.187158
0.187156
0.187157
0.187152
0.187134
0.187129
0.187125
0.187126
0.187111
0.18709
0.187084
0.187073
0.187072
0.187071
0.18707
0.187057
0.18705
0.187038
0.187024
0.187019
0.187008
0.187005
0.186994
0.186987
0.186998
0.186987
0.186971
0.186971
0.186972
0.186966
0.186962
0.18696
0.186962
0.186961
0.186953
0.186958
0.186957
0.186949
0.186964
0.186958
0.186945
0.186935
0.186933
0.186925
0.18691
0.186894
0.186889
0.186881
0.186876
0.18688
0.186884
0.186877
0.186872
0.186868
0.186863
0.186868
0.186867
0.186864
0.186859
0.186859
0.18686
0.186853
0.186846
0.186851
0.186844
0.186845
0.186842
0.186836
0.186847
0.186835
0.186836
0.186839
0.186833
0.186828
0.18683
0.186826
0.186819
0.186822
0.186817
0.186807
0.186792
0.186775
0.186766
0.186757
0.186754
0.18674
0.186732
0.186717
0.186706
0.186698
0.186685
0.186674
0.186667
0.186655
0.186638
0.186627
0.18661
0.186596
0.186593
0.186586
0.186581
0.186568
0.186547
0.186535
0.186529
0.186516
0.186497
0.18648
0.186465
0.186452
0.186445
0.18643
0.186427
0.186421
0.186407
0.186397
0.18638
0.186381
0.186376
0.18637
0.186356
0.186342
0.186341
0.186333
0.186337
0.186333
0.186335
0.186329
0.186321
0.186307
0.186299
0.186293
0.186284
0.186281
0.186278
0.186269
0.186265
0.18626
0.186262
0.186261
0.186265
0.186263
0.186257
0.186259
0.186245
0.186234
0.186219
0.186208
0.186194
0.186187
0.186175
0.186158
0.186144
0.186141
0.186134
0.18612
0.186115
0.186107
0.186113
0.186107
0.186108
0.186094
0.18608
0.18607
0.186063
0.186045
0.18603
0.186034
0.186025
0.186015
0.186004
0.186003
0.186
0.185984
0.185972
0.185967
0.185957
0.185951
0.185935
0.185923
0.18591
0.18589
0.185882
0.185883
0.18588
0.185867
0.185857
0.185855
0.185844
0.185838
0.185828
0.185822
0.185811
0.185803
0.185795
0.185794
0.185785
0.185775
0.185766
0.185764
0.185765
0.185756
0.18575
0.185741
0.185728
0.185717
0.185704
0.185693
0.185686
0.18567
0.185665
0.185658
0.185651
0.185648
0.185654
0.185658
0.185652
0.185647
0.185641
0.185622
0.185607
0.185607
0.185597
0.185588
0.185578
0.185576
0.185572
0.185555
0.185563
0.185551
0.185543
0.185524
0.185521
0.185515
0.185515
0.185511
0.185502
0.185498
0.185494
0.185487
0.18548
0.185474
0.185463
0.185462
0.185454
0.185446
0.185434
0.185429
0.185431
0.185429
0.185428
0.185421
0.18542
0.185411
0.18541
0.185405
0.185405
0.185388
0.185387
0.185375
0.185375
0.185372
0.18537
0.185362
0.18535
0.18535
0.185338
0.185326
0.185311
0.185307
0.185303
0.185296
0.185289
0.185275
0.185276
0.185273
0.185282
0.185282
0.185276
0.185273
0.185273
0.185281
0.185273
0.185273
0.185274
0.185265
0.185265
0.185265
0.185269
0.185272
0.185274
0.185272
0.185276
0.185278
0.185274
0.18526
0.185253
0.185248
0.185246
0.185237
0.185231
0.185227
0.18523
0.185221
0.185217
0.185215
0.185218
0.185202
0.185201
0.185202
0.185214
0.185213
0.185213
0.185212
0.185214
0.18521
0.18522
0.185218
0.185212
0.185199
0.185198
0.185192
0.185175
0.185176
0.185169
0.185163
0.185165
0.185164
0.185161
0.185151
0.185158
0.185153
0.185149
0.185143
0.185141
0.185146
0.185152
0.18516
0.185152
0.185152
0.185145
0.18514
0.18514
0.185144
0.185142
0.185143
0.185137
0.185149
0.185147
0.185146
0.185141
0.185141
0.185151
0.185135
0.185127
0.185124
0.185111
0.185102
0.185094
0.18509
0.185085
0.18508
0.185075
0.185069
0.185061
0.185053
0.185042
0.185034
0.185029
0.185031
0.185024
0.185009
0.184994
0.184994
0.184996
0.18499
0.18498
0.18496
0.184953
0.184951
0.18494
0.18493
0.184923
0.18492
0.184916
0.184906
0.184896
0.18489
0.184882
0.184875
0.184876
0.184869
0.184853
0.184834
0.184824
0.184811
0.184792
0.184782
0.184784
0.184771
0.184774
0.184771
0.184762
0.184754
0.184751
0.184736
0.184738
0.184738
0.184733
0.18472
0.184711
0.184704
0.184698
0.184679
0.184675
0.184664
0.184662
0.184651
0.184639
0.18463
0.184623
0.184624
0.184619
0.18461
0.184602
0.184584
0.184568
0.184559
0.184552
0.184548
0.184541
0.184534
0.184528
0.184522
0.184512
0.184503
0.184493
0.184476
0.184458
0.184444
0.184435
0.184439
0.184442
0.184441
0.184435
0.184424
0.184407
0.184392
0.184383
0.184384
0.184374
0.184374
0.184358
0.184344
0.184341
0.184326
0.18432
0.184318
0.18431
0.184298
0.184292
0.184292
0.184288
0.184274
0.184272
0.184274
0.184276
0.184281
0.184291
0.184298
0.184305
0.184315
0.184317
0.184325
0.18433
0.18432
0.184309
0.184311
0.184312
0.184314
0.184306
0.184308
0.184308
0.18431
0.184321
0.184319
0.184324
0.184326
0.184337
0.184349
0.184354
0.184346
0.184349
0.184363
0.184371
0.184384
0.1844
0.18441
0.184426
0.184434
0.184434
0.184434
0.184423
0.18443
0.184432
0.184426
0.184415
0.184407
0.184408
0.184404
0.184401
0.184385
0.18438
0.184379
0.184379
0.184382
0.184381
0.184386
0.184391
0.184381
0.184375
0.18437
0.184361
0.184364
0.184352
0.184355
0.184346
0.184341
0.184331
0.184317
0.184315
0.184317
0.184333
0.184329
0.184328
0.184326
0.184328
0.18433
0.184331
0.184333
0.184327
0.184332
0.184333
0.184326
0.184317
0.184309
0.18431
0.184302
0.184302
0.184297
0.184284
0.184281
0.184278
0.184268
0.184257
0.184255
0.184245
0.184243
0.18424
0.184234
0.184225
0.184218
0.184215
0.184207
0.184204
0.184195
0.184192
0.184178
0.184159
0.184155
0.184158
0.184157
0.184157
0.184156
0.184151
0.184142
0.184131
0.184119
0.18411
0.184098
0.184093
0.18408
0.18406
0.184035
0.18403
0.184024
0.184019
0.184005
0.183986
0.18397
0.183954
0.183943
0.183931
0.183917
0.183908
0.183889
0.183875
0.183854
0.183846
0.183839
0.18382
0.183799
0.183781
0.183768
0.183747
0.183736
0.183727
0.183716
0.183702
0.183687
0.183673
0.183666
0.183655
0.183647
0.183639
0.183623
0.183603
0.1836
0.183591
0.183579
0.183567
0.183553
0.183543
0.183537
0.183516
0.1835
0.183493
0.183484
0.183473
0.18346
0.183455
0.183443
0.183434
0.183414
0.183404
0.1834
0.183398
0.183393
0.183384
0.183376
0.183364
0.183349
0.183345
0.183338
0.183341
0.183339
0.18334
0.183336
0.183331
0.183324
0.183322
0.183323
0.183308
0.183299
0.183295
0.183285
0.183271
0.183254
0.183243
0.183234
0.183229
0.183223
0.18322
0.183215
0.183216
0.183206
0.183201
0.183197
0.183201
0.183209
0.183207
0.183205
0.183202
0.183202
0.183205
0.183208
0.183199
0.183188
0.183186
0.18319
0.183188
0.183182
0.18318
0.183164
0.183164
0.183169
0.183176
0.183176
0.183185
0.183173
0.183171
0.183169
0.18316
0.183158
0.18315
0.183148
0.18315
0.183147
0.183146
0.183138
0.18313
0.183138
0.18313
0.183122
0.183118
0.183111
0.183113
0.183104
0.183105
0.183099
0.183088
0.183084
0.183074
0.183071
0.183068
0.183071
0.183063
0.183061
0.183057
0.183045
0.183037
0.183026
0.183017
0.18301
0.183008
0.182999
0.182999
0.18299
0.182976
0.182974
0.182974
0.182968
0.182959
0.182956
0.182955
0.182957
0.182961
0.182962
0.182956
0.182961
0.182957
0.182946
0.182943
0.182941
0.182938
0.182936
0.182929
0.182936
0.182937
0.182931
0.182927
0.18292
0.182917
0.182914
0.182917
0.18292
0.182917
0.182919
0.182918
0.182915
0.182914
0.182901
0.182903
0.182901
0.182914
0.182916
0.182917
0.18293
0.182928
0.182924
0.182923
0.182919
0.182924
0.182918
0.182917
0.182918
0.182912
0.182919
0.182916
0.182916
0.182916
0.182918
0.182907
0.182909
0.182921
0.182923
0.182919
0.182921
0.182907
0.1829
0.182896
0.182902
0.182893
0.182887
0.18289
0.182888
0.182891
0.182899
0.182899
0.182901
0.182899
0.182901
0.182889
0.182883
0.182884
0.182869
0.18287
0.182867
0.182886
0.182884
0.182892
0.182902
0.182901
0.18291
0.182919
0.182922
0.182937
0.182944
0.182943
0.182951
0.182951
0.182947
0.182938
0.182937
0.182939
0.182943
0.182945
0.182954
0.18296
0.182965
0.182975
0.182974
0.182991
0.182998
0.183005
0.183009
0.183024
0.183027
0.183026
0.183035
0.183037
0.183045
0.183037
0.183044
0.183063
0.183072
0.183075
0.183082
0.18309
0.183098
0.183102
0.1831
0.183105
0.183105
0.183106
0.183112
0.183117
0.18311
0.183104
0.183111
0.183123
0.183127
0.183123
0.183132
0.18314
0.183148
0.183154
0.183161
0.18317
0.18316
0.183158
0.183165
0.18319
0.183197
0.183202
0.183212
0.18322
0.183228
0.183219
0.183218
0.183225
0.183239
0.183249
0.183251
0.183264
0.183278
0.183279
0.183285
0.1833
0.183296
0.183301
0.183314
0.18332
0.183318
0.183325
0.183326
0.183331
0.183339
0.18335
0.183359
0.183369
0.183368
0.183373
0.183376
0.183385
0.183396
0.183401
0.183399
0.183401
0.183403
0.183405
0.183405
0.183413
0.183419
0.183429
0.183436
0.183437
0.183447
0.183455
0.183463
0.183475
0.18348
0.183485
0.183505
0.183512
0.183523
0.183526
0.183531
0.183548
0.183552
0.183559
0.183564
0.183577
0.183582
0.183589
0.183592
0.183592
0.183619
0.183635
0.183639
0.183639
0.183646
0.183654
0.183657
0.183662
0.183653
0.183649
0.183644
0.183641
0.183641
0.183633
0.18362
0.183625
0.183626
0.183624
0.183622
0.183619
0.183623
0.183622
0.183623
0.183619
0.18361
0.183617
0.183617
0.183611
0.183609
0.1836
0.183589
0.183584
0.18358
0.183576
0.183567
0.18356
0.183544
0.183539
0.183536
0.183531
0.183523
0.183519
0.183512
0.183515
0.183507
0.183509
0.183501
0.183501
0.183492
0.183494
0.183486
0.183487
0.18348
0.183476
0.183474
0.183477
0.183471
0.183471
0.18347
0.183468
0.183464
0.183457
0.183462
0.183462
0.183467
0.18346
0.18345
0.183451
0.18345
0.183449
0.183444
0.18344
0.183434
0.183433
0.18343
0.183428
0.183418
0.183403
0.183395
0.183394
0.183397
0.183388
0.183384
0.183381
0.183379
0.183372
0.18337
0.183378
0.183379
0.18338
0.183374
0.183373
0.183364
0.183365
0.183372
0.183363
0.183355
0.183366
0.183362
0.183364
0.183367
0.183368
0.183358
0.183343
0.183331
0.183324
0.183319
0.183311
0.18331
0.183302
0.183297
0.183285
0.183276
0.183274
0.183275
0.183278
0.183277
0.183263
0.18325
0.183242
0.183232
0.183215
0.183206
0.183198
0.183182
0.18317
0.183153
0.183142
0.18313
0.183125
0.18312
0.183114
0.183105
0.183091
0.183082
0.183077
0.183074
0.183066
0.183066
0.183074
0.183067
0.18306
0.183054
0.18305
0.183044
0.183041
0.183038
0.183037
0.183029
0.183024
0.183019
0.183015
0.18301
0.182999
0.182993
0.182982
0.182967
0.182977
0.182984
0.182995
0.182988
0.182988
0.182983
0.182974
0.182971
0.182962
0.182961
0.182957
0.182963
0.182965
0.182968
0.182968
0.182954
0.182952
0.182948
0.182958
0.182957
0.182954
0.182965
0.182963
0.182962
0.182952
0.182946
0.182939
0.18294
0.182936
0.182933
0.182926
0.182925
0.182928
0.182923
0.182922
0.182908
0.182897
0.182888
0.182883
0.182873
0.18287
0.182867
0.182862
0.182854
0.182848
0.182839
0.18283
0.182825
0.182819
0.182821
0.18282
0.182818
0.182807
0.182802
0.182791
0.182785
0.182777
0.182771
0.182766
0.182759
0.18276
0.182751
0.18275
0.182746
0.182739
0.182735
0.18273
0.182734
0.182732
0.182733
0.182725
0.182721
0.182714
0.182707
0.182706
0.182697
0.182696
0.182701
0.182702
0.182703
0.1827
0.182693
0.182688
0.182687
0.182686
0.182684
0.182676
0.18266
0.182648
0.182638
0.182628
0.182621
0.182618
0.182617
0.182606
0.182596
0.182585
0.182576
0.182569
0.182564
0.182563
0.18256
0.182556
0.182545
0.182546
0.182541
0.182535
0.182533
0.182533
0.182524
0.18252
0.182525
0.182517
0.182514
0.182514
0.182511
0.182513
0.18251
0.182499
0.182499
0.182488
0.182481
0.182473
0.182459
0.182448
0.182441
0.182436
0.182429
0.182417
0.182405
0.182404
0.182392
0.182385
0.182371
0.182366
0.182358
0.182355
0.18235
0.182346
0.182333
0.182332
0.182319
0.182313
0.182304
0.182292
0.182293
0.182284
0.182277
0.18227
0.182258
0.182261
0.18225
0.182249
0.182236
0.182233
0.182228
0.182219
0.182205
0.182195
0.182185
0.182188
0.18218
0.182174
0.182165
0.182161
0.182156
0.182155
0.182139
0.182138
0.182135
0.182134
0.182132
0.182132
0.182132
0.182133
0.182138
0.182129
0.182128
0.182132
0.182139
0.18213
0.182131
0.18214
0.182133
0.182144
0.182151
0.18215
0.18215
0.182148
0.182142
0.182142
0.182139
0.182144
0.182146
0.182141
0.182143
0.182136
0.182134
0.182138
0.182138
0.182131
0.182137
0.182135
0.182134
0.182125
0.182129
0.182131
0.182135
0.182145
0.182151
0.182161
0.182174
0.182188
0.182193
0.182192
0.18218
0.182174
0.182185
0.182187
0.18219
0.182201
0.182211
0.182211
0.182223
0.182229
0.182234
0.182241
0.182247
0.18225
0.182249
0.182252
0.182261
0.182264
0.18228
0.182294
0.182299
0.18231
0.182319
0.182324
0.182333
0.182349
0.18236
0.182375
0.182379
0.182384
0.18239
0.182396
0.182405
0.182399
0.182401
0.182399
0.182407
0.182406
0.1824
0.182395
0.1824
0.1824
0.182396
0.182395
0.182397
0.182394
0.182395
0.182389
0.182395
0.182405
0.182403
0.182417
0.182422
0.182428
0.182434
0.182436
0.182433
0.182442
0.182458
0.182464
0.18247
0.182469
0.182483
0.18249
0.18249
0.182487
0.182486
0.18248
0.182487
0.182485
0.18248
0.18248
0.182489
0.182489
0.182495
0.182499
0.182517
0.182516
0.182527
0.182534
0.182527
0.182524
0.182514
0.182506
0.182517
0.18252
0.182511
0.18251
0.182502
0.1825
0.182494
0.1825
0.182495
0.182487
0.182496
0.182504
0.182511
0.182518
0.182514
0.182514
0.182521
0.182523
0.182524
0.182516
0.182519
0.182519
0.182522
0.182519
0.182524
0.182519
0.182526
0.182526
0.182521
0.182526
0.182531
0.182531
0.18253
0.182534
0.182545
0.182542
0.182544
0.182542
0.182542
0.182542
0.182542
0.182539
0.18255
0.182548
0.182553
0.182562
0.182558
0.18255
0.18256
0.18256
0.182564
0.182564
0.182566
0.182571
0.182575
0.18258
0.182585
0.182589
0.182587
0.182582
0.182576
0.18258
0.182585
0.182607
0.18261
0.182616
0.182624
0.182624
0.18263
0.182638
0.18265
0.182652
0.182662
0.182666
0.182669
0.182674
0.182681
0.182699
0.182697
0.182698
0.182715
0.182724
0.182723
0.182732
0.182745
0.182751
0.18275
0.182751
0.182768
0.182774
0.18278
0.182781
0.182784
0.182787
0.182798
0.182807
0.182828
0.182839
0.182842
0.182848
0.182855
0.18286
0.182875
0.18289
0.182903
0.182904
0.182915
0.182916
0.182917
0.182925
0.182931
0.182936
0.182953
0.182963
0.182966
0.182972
0.182986
0.18299
0.182998
0.182992
0.183008
0.183009
0.183009
0.183017
0.183025
0.18303
0.183048
0.183062
0.183057
0.183061
0.183073
0.183077
0.18309
0.1831
0.183106
0.183114
0.183129
0.18314
0.183155
0.183157
0.183164
0.183177
0.183195
0.183204
0.183216
0.183226
0.183231
0.183233
0.183241
0.183244
0.183251
0.183253
0.183265
0.183273
0.183281
0.183289
0.183296
0.183305
0.183314
0.183325
0.18332
0.183333
0.183345
0.183355
0.183361
0.183375
0.183383
0.183397
0.183407
0.183411
0.183424
0.18343
0.183437
0.183445
0.183447
0.183452
0.183464
0.18347
0.183474
0.183479
0.183479
0.183497
0.183499
0.183515
0.183525
0.183528
0.183534
0.183525
0.183514
0.183511
0.183516
0.183515
0.18351
0.183511
0.183507
0.183502
0.183498
0.183495
0.183492
0.183491
0.183491
0.183491
0.183488
0.183489
0.183485
0.183492
0.183501
0.183502
0.183497
0.1835
0.183499
0.183495
0.183496
0.183495
0.183506
0.183506
0.183509
0.18351
0.18351
0.183511
0.183513
0.183506
0.183495
0.183496
0.183501
0.183494
0.183485
0.183489
0.18349
0.183491
0.183487
0.183479
0.183478
0.183483
0.183481
0.183483
0.183489
0.183484
0.183482
0.183474
0.183469
0.18347
0.183471
0.183473
0.183471
0.183469
0.183471
0.18347
0.18346
0.183457
0.183458
0.183463
0.183469
0.18346
0.183454
0.183461
0.183458
0.183454
0.183456
0.183449
0.183446
0.183452
0.183449
0.183448
0.183456
0.183457
0.183457
0.183465
0.183467
0.183468
0.183474
0.183471
0.183466
0.183469
0.183474
0.183471
0.183477
0.183476
0.183476
0.183476
0.183476
0.183481
0.183473
0.183473
0.183474
0.183472
0.183475
0.183478
0.183478
0.18348
0.183483
0.18349
0.183496
0.183491
0.183498
0.183499
0.183502
0.183497
0.1835
0.183501
0.183498
0.183507
0.18351
0.183519
0.183529
0.183528
0.183532
0.18354
0.183537
0.183539
0.183541
0.183549
0.183552
0.183565
0.183571
0.183576
0.183575
0.183585
0.183587
0.183595
0.183607
0.183621
0.183621
0.183616
0.183629
0.183623
0.183621
0.183639
0.183652
0.183653
0.183656
0.183669
0.183675
0.183686
0.183683
0.183688
0.183696
0.183693
0.18369
0.183688
0.183687
0.183682
0.183679
0.183681
0.183676
0.183672
0.183678
0.183678
0.183668
0.183661
0.18367
0.183671
0.183673
0.183677
0.183677
0.183675
0.183677
0.183674
0.18367
0.183678
0.183672
0.183663
0.18366
0.183663
0.183663
0.183662
0.183671
0.183678
0.183674
0.183672
0.183666
0.183662
0.183659
0.183661
0.183658
0.183659
0.183652
0.183645
0.183645
0.183638
0.183635
0.183628
0.183624
0.183627
0.183627
0.18363
0.183625
0.18362
0.183617
0.183609
0.183606
0.183604
0.183607
0.1836
0.183607
0.183602
0.183599
0.183597
0.183597
0.183593
0.183587
0.183584
0.183583
0.183587
0.183587
0.183583
0.183582
0.183587
0.183593
0.183583
0.183587
0.183584
0.18358
0.183572
0.183563
0.18356
0.183552
0.183543
0.183529
0.183519
0.18351
0.183499
0.183489
0.18348
0.183473
0.183456
0.183451
0.183441
0.183432
0.183424
0.183414
0.183401
0.18339
0.183374
0.183372
0.183361
0.183347
0.18334
0.183327
0.183316
0.183308
0.183303
0.183294
0.183285
0.18328
0.183275
0.183265
0.183261
0.183249
0.183247
0.183243
0.183236
0.183231
0.183223
0.183219
0.18321
0.183206
0.183197
0.18319
0.183186
0.183185
0.183181
0.183182
0.183176
0.183177
0.183182
0.183182
0.183172
0.183168
0.183158
0.183153
0.183145
0.183134
0.183131
0.183126
0.183119
0.183112
0.183105
0.183103
0.183096
0.183091
0.183086
0.183082
0.183086
0.183079
0.183066
0.183057
0.183047
0.183038
0.183032
0.183036
0.18303
0.183024
0.183018
0.183025
0.183016
0.183013
0.183012
0.183012
0.18301
0.183008
0.183016
0.183011
0.183018
0.183023
0.183011
0.183011
0.183015
0.183009
0.18301
0.183012
0.18301
0.183007
0.183006
0.183012
0.183021
0.183019
0.183022
0.18303
0.18303
0.18304
0.183047
0.183051
0.18305
0.183049
0.183054
0.183054
0.183058
0.183059
0.183061
0.183068
0.183065
0.183057
0.183059
0.18305
0.183037
0.183035
0.183031
0.18303
0.183031
0.183035
0.183041
0.183044
0.18305
0.183055
0.183063
0.183078
0.18308
0.183079
0.18308
0.183082
0.183087
0.183093
0.183097
0.183081
0.183075
0.183068
0.183065
0.18306
0.183061
0.183057
0.183056
0.183055
0.183056
0.183057
0.183052
0.183053
0.183046
0.183042
0.183044
0.18304
0.18304
0.183043
0.183042
0.18304
0.183037
0.183037
0.183027
0.183029
0.183022
0.183023
0.183031
0.183039
0.183042
0.183046
0.18304
0.183038
0.183039
0.183036
0.183034
0.183028
0.183031
0.18303
0.183038
0.183043
0.183044
0.183045
0.183053
0.183057
0.183059
0.183058
0.183051
0.183051
0.183055
0.18306
0.183064
0.183064
0.18306
0.183061
0.183058
0.183063
0.183065
0.183071
0.183064
0.183066
0.183068
0.183069
0.183072
0.183067
0.183066
0.183065
0.183065
0.183061
0.183055
0.183055
0.183055
0.183051
0.183051
0.183052
0.18305
0.183043
0.183046
0.183045
0.183037
0.183039
0.183042
0.183043
0.18305
0.183057
0.183057
0.18305
0.183045
0.18304
0.183035
0.183033
0.183033
0.183035
0.183034
0.183028
0.183027
0.183037
0.183042
0.18305
0.18305
0.183056
0.183056
0.183057
0.183055
0.183057
0.183059
0.183061
0.183073
0.183082
0.183093
0.183104
0.183112
0.183121
0.183125
0.183129
0.183137
0.183146
0.183158
0.183168
0.183179
0.183188
0.183203
0.183208
0.18321
0.183213
0.183229
0.183245
0.183247
0.183248
0.18326
0.183267
0.183275
0.183288
0.183289
0.183299
0.183298
0.183314
0.183322
0.183331
0.183349
0.183347
0.183363
0.183372
0.183379
0.183398
0.183403
0.183403
0.183417
0.183423
0.183423
0.183433
0.183441
0.183452
0.183458
0.183459
0.183466
0.183483
0.183483
0.183495
0.183493
0.183496
0.183506
0.183517
0.183517
0.183524
0.183533
0.18353
0.183536
0.183539
0.183544
0.183544
0.183552
0.18356
0.183564
0.183565
0.183571
0.183574
0.183569
0.183576
0.18358
0.18358
0.183588
0.183591
0.183607
0.18361
0.183625
0.18364
0.183649
0.183651
0.183661
0.183681
0.183693
0.183697
0.183696
0.183705
0.18371
0.183709
0.183707
0.183704
0.183697
0.183698
0.183703
0.183703
0.183701
0.1837
0.183707
0.183709
0.183716
0.183721
0.183731
0.183738
0.183738
0.183736
0.183738
0.183744
0.18375
0.183757
0.183764
0.183766
0.183771
0.183775
0.183774
0.183776
0.18378
0.183786
0.183794
0.183802
0.183806
0.183812
0.183814
0.183812
0.183818
0.183816
0.183823
0.183823
0.183826
0.183834
0.183835
0.183837
0.18384
0.183846
0.183854
0.183856
0.18386
0.183865
0.183869
0.183867
0.183872
0.183881
0.183879
0.183885
0.183892
0.183893
0.183893
0.183888
0.183888
0.183886
0.183887
0.183892
0.183905
0.183903
0.183908
0.183912
0.183913
0.183921
0.183925
0.183932
0.183939
0.183947
0.183944
0.183952
0.183956
0.183962
0.183968
0.183971
0.183973
0.183974
0.183975
0.183977
0.183976
0.183976
0.18398
0.183983
0.183981
0.183978
0.183981
0.183979
0.183988
0.183993
0.183996
0.184003
0.184006
0.184011
0.184012
0.18402
0.18402
0.184025
0.184024
0.184035
0.184036
0.184041
0.184043
0.184048
0.184052
0.184059
0.18406
0.184063
0.184077
0.184083
0.184089
0.184101
0.184109
0.184114
0.184115
0.184118
0.184135
0.184141
0.18415
0.18417
0.184177
0.184181
0.184182
0.184196
0.184208
0.184218
0.184216
0.184222
0.184233
0.184239
0.184246
0.184253
0.184258
0.184258
0.184257
0.184263
0.184269
0.184275
0.184285
0.18429
0.184285
0.184293
0.184308
0.184319
0.184333
0.184343
0.184348
0.184353
0.184353
0.184355
0.184357
0.184359
0.184357
0.184368
0.184377
0.184388
0.184399
0.184408
0.18441
0.184412
0.18441
0.184412
0.184403
0.184409
0.184421
0.184423
0.184427
0.184432
0.18445
0.184456
0.184467
0.184483
0.184491
0.184504
0.184522
0.184527
0.184531
0.184533
0.18454
0.184542
0.184551
0.184564
0.184566
0.184571
0.18458
0.184581
0.184582
0.184586
0.184597
0.184604
0.184607
0.184614
0.184621
0.184624
0.184633
0.18464
0.184638
0.184628
0.184619
0.184614
0.184611
0.184603
0.1846
0.18459
0.184585
0.184579
0.184578
0.18457
0.184565
0.184562
0.184555
0.184553
0.184549
0.184544
0.18454
0.184535
0.184535
0.184536
0.184537
0.184536
0.184537
0.184534
0.184536
0.184542
0.184546
0.184545
0.184546
0.184545
0.184547
0.184544
0.184552
0.18456
0.184556
0.184552
0.184548
0.184544
0.18454
0.184536
0.184539
0.18454
0.18453
0.184527
0.184528
0.184532
0.184532
0.184522
0.184514
0.184511
0.184505
0.184501
0.184498
0.184491
0.184487
0.184484
0.184481
0.184478
0.184473
0.184466
0.184469
0.184462
0.184452
0.184441
0.184434
0.184427
0.184419
0.184416
0.184412
0.184413
0.184416
0.184417
0.184416
0.184413
0.184406
0.184405
0.184406
0.184397
0.184394
0.184392
0.18439
0.184389
0.184385
0.184375
0.184367
0.184359
0.184356
0.184353
0.184349
0.184339
0.184331
0.184323
0.18432
0.184314
0.184306
0.184302
0.184295
0.184292
0.18428
0.184267
0.184262
0.184258
0.184252
0.184252
0.184251
0.184247
0.184242
0.18424
0.184239
0.184236
0.184236
0.184232
0.184229
0.184226
0.184229
0.184233
0.184233
0.184233
0.184227
0.184221
0.184214
0.184204
0.184207
0.184199
0.184197
0.18419
0.18418
0.184175
0.18417
0.184169
0.184159
0.184152
0.184148
0.184149
0.184147
0.184145
0.184147
0.184148
0.184144
0.18414
0.184139
0.184139
0.18414
0.184133
0.184127
0.184127
0.184125
0.18412
0.184114
0.184119
0.184119
0.184113
0.184108
0.184104
0.184101
0.184098
0.18409
0.184088
0.184081
0.184083
0.18408
0.184083
0.184074
0.184064
0.184057
0.184052
0.184054
0.184049
0.184053
0.18405
0.184043
0.18404
0.184033
0.184024
0.184023
0.18402
0.184018
0.184009
0.184002
0.184005
0.184005
0.183999
0.183993
0.18399
0.183979
0.183978
0.183979
0.183975
0.18397
0.18397
0.183968
0.183967
0.183965
0.183964
0.183965
0.183969
0.183963
0.183967
0.183963
0.183961
0.183962
0.183957
0.183954
0.183954
0.183952
0.183948
0.183948
0.183939
0.183939
0.183942
0.183943
0.183944
0.183942
0.18394
0.183942
0.18394
0.183945
0.183944
0.183944
0.183942
0.183941
0.183941
0.18394
0.183944
0.183941
0.183947
0.183945
0.183945
0.183941
0.183944
0.183947
0.183952
0.183952
0.183953
0.183954
0.183953
0.183942
0.183938
0.18394
0.183943
0.18394
0.183937
0.183935
0.183937
0.183934
0.18393
0.183925
0.183925
0.183927
0.183924
0.18392
0.183913
0.183906
0.183902
0.1839
0.183898
0.183895
0.183887
0.183882
0.183873
0.183865
0.183858
0.183859
0.183856
0.183849
0.183851
0.183843
0.18384
0.183832
0.183825
0.183819
0.18382
0.183818
0.18381
0.183806
0.183799
0.1838
0.183804
0.183798
0.183791
0.183789
0.183788
0.183784
0.183778
0.183773
0.183779
0.18377
0.183765
0.183755
0.183752
0.183749
0.183748
0.183748
0.183752
0.183743
0.183739
0.183738
0.183732
0.183734
0.183729
0.183729
0.183736
0.183737
0.183737
0.183734
0.183726
0.18373
0.183722
0.183724
0.183717
0.183715
0.183718
0.183718
0.183712
0.183707
0.183713
0.183709
0.183704
0.183701
0.183697
0.183696
0.183697
0.183703
0.1837
0.183706
0.183704
0.183708
0.183709
0.183711
0.183712
0.183716
0.183715
0.183721
0.183722
0.183719
0.18372
0.183715
0.183702
0.183709
0.183713
0.183714
0.183713
0.183713
0.183708
0.18371
0.18371
0.183707
0.183709
0.183709
0.183704
0.183707
0.183708
0.1837
0.183702
0.183698
0.183698
0.183689
0.183685
0.183684
0.183682
0.183689
0.183689
0.183685
0.183687
0.183697
0.183706
0.183708
0.18371
0.183711
0.183718
0.183733
0.183742
0.183749
0.183749
0.183758
0.183763
0.183778
0.183791
0.183799
0.183801
0.183808
0.183813
0.183823
0.183827
0.18383
0.183841
0.183852
0.183857
0.183866
0.183872
0.183883
0.183887
0.183886
0.183884
0.183884
0.183892
0.183901
0.183905
0.18391
0.183922
0.183926
0.183928
0.183931
0.183934
0.183934
0.183935
0.183935
0.183948
0.183952
0.183955
0.183958
0.183963
0.183971
0.183976
0.183979
0.183977
0.183993
0.183996
0.184005
0.184008
0.184017
0.184016
0.184026
0.184022
0.184034
0.184037
0.184051
0.184059
0.184059
0.18406
0.184051
0.184046
0.184045
0.184041
0.18404
0.18404
0.184044
0.184046
0.184042
0.184034
0.184025
0.184023
0.184014
0.184009
0.184008
0.184004
0.184
0.184001
0.184002
0.184005
0.184001
0.183992
0.183991
0.18399
0.18399
0.184005
0.184005
0.184004
0.183999
0.183997
0.183997
0.183995
0.183996
0.183991
0.183993
0.18399
0.183991
0.184004
0.18401
0.184012
0.184021
0.18402
0.184014
0.184014
0.184021
0.184027
0.184027
0.184024
0.184023
0.184023
0.184018
0.184027
0.184029
0.184034
0.18404
0.184041
0.184046
0.184048
0.184053
0.184056
0.184058
0.184068
0.18407
0.184078
0.184073
0.184072
0.184071
0.184068
0.184068
0.18407
0.184075
0.184081
0.184085
0.184095
0.184098
0.184097
0.184094
0.184097
0.184099
0.1841
0.184101
0.184102
0.184104
0.184103
0.184102
0.184097
0.184099
0.184096
0.184094
0.184101
0.184095
0.184107
0.184109
0.184109
0.18411
0.184113
0.184119
0.18412
0.184125
0.184128
0.18413
0.184132
0.184138
0.184136
0.184142
0.184143
0.184145
0.18415
0.184157
0.184163
0.184169
0.184171
0.184172
0.18417
0.184171
0.184176
0.184183
0.184192
0.184199
0.184202
0.184211
0.184215
0.184225
0.184233
0.184239
0.184249
0.184253
0.184261
0.184265
0.184268
0.184279
0.184288
0.184291
0.184301
0.184314
0.184324
0.184333
0.184337
0.184343
0.184346
0.184353
0.184364
0.184372
0.184382
0.184389
0.1844
0.184404
0.184405
0.184406
0.184415
0.184419
0.184427
0.184438
0.184445
0.184449
0.184458
0.184465
0.184473
0.184477
0.184478
0.184484
0.18449
0.184496
0.184511
0.184517
0.184527
0.184539
0.184544
0.184552
0.184557
0.184559
0.184569
0.18457
0.184574
0.184586
0.184589
0.184601
0.1846
0.184606
0.184608
0.184619
0.184624
0.184631
0.184643
0.184651
0.184659
0.184663
0.184665
0.184669
0.184673
0.184682
0.184683
0.184686
0.184692
0.184695
0.184694
0.184691
0.184686
0.184693
0.184695
0.184701
0.18471
0.184715
0.184723
0.184724
0.184727
0.184732
0.184743
0.184738
0.184744
0.184743
0.184743
0.184758
0.184763
0.184774
0.18477
0.184767
0.184776
0.184783
0.184792
0.184809
0.184816
0.184821
0.184822
0.184823
0.184826
0.184832
0.184838
0.184844
0.184845
0.184855
0.184852
0.184857
0.184865
0.18487
0.184874
0.184879
0.184887
0.184895
0.184896
0.184906
0.184908
0.184918
0.184926
0.184934
0.184941
0.184941
0.184952
0.184955
0.184965
0.184976
0.184985
0.184981
0.184991
0.184996
0.185002
0.185
0.184998
0.184995
0.184995
0.18499
0.184986
0.184983
0.184984
0.184978
0.184971
0.184968
0.184961
0.184956
0.184952
0.18495
0.184942
0.184939
0.184938
0.184937
0.184931
0.184928
0.184924
0.184921
0.184921
0.184919
0.184917
0.184912
0.184911
0.18491
0.184909
0.184909
0.184913
0.184906
0.184909
0.184907
0.184901
0.184895
0.184892
0.184891
0.184891
0.184889
0.184887
0.184878
0.184876
0.184881
0.184878
0.184873
0.184866
0.184862
0.184857
0.184849
0.184845
0.184834
0.18483
0.184829
0.184822
0.184817
0.184808
0.184797
0.184792
0.184783
0.184781
0.184777
0.18477
0.184767
0.184767
0.184759
0.184752
0.184744
0.18474
0.184732
0.18473
0.184728
0.184721
0.184712
0.184711
0.184706
0.184698
0.184691
0.184687
0.184681
0.184669
0.184665
0.184659
0.184652
0.184649
0.18464
0.184642
0.184641
0.184639
0.184635
0.184628
0.184624
0.184622
0.18462
0.184618
0.184609
0.184599
0.184592
0.184595
0.184589
0.184581
0.184575
0.184566
0.184559
0.184555
0.18455
0.184544
0.18454
0.184532
0.184524
0.184518
0.18452
0.18451
0.184505
0.184504
0.1845
0.184498
0.184495
0.184494
0.184493
0.184495
0.18449
0.184489
0.184491
0.184492
0.184484
0.184488
0.184488
0.184487
0.184486
0.184485
0.184489
0.184485
0.184487
0.184483
0.184487
0.184489
0.184492
0.184488
0.184493
0.184499
0.184495
0.1845
0.184499
0.184496
0.184503
0.18451
0.184517
0.184526
0.18453
0.184537
0.184547
0.184552
0.184559
0.184561
0.184571
0.184578
0.184587
0.184595
0.1846
0.184607
0.18462
0.18462
0.184625
0.184632
0.184636
0.184638
0.184637
0.184638
0.184644
0.184646
0.184651
0.184649
0.18465
0.184656
0.184659
0.184665
0.184664
0.184667
0.18468
0.18469
0.184695
0.184704
0.184719
0.184731
0.184738
0.184748
0.184757
0.184764
0.184762
0.184765
0.184769
0.184779
0.184786
0.184782
0.184788
0.184792
0.184799
0.184809
0.184816
0.184817
0.184822
0.184821
0.18483
0.18484
0.184839
0.184843
0.184845
0.184848
0.18486
0.184862
0.184867
0.18487
0.184876
0.184885
0.18489
0.184895
0.184894
0.184902
0.184911
0.184907
0.184913
0.184917
0.184922
0.184923
0.184929
0.184928
0.184932
0.184935
0.184944
0.184953
0.18496
0.184968
0.184972
0.184981
0.184985
0.184986
0.184996
0.184993
0.185002
0.185005
0.185008
0.185008
0.185009
0.185016
0.185025
0.185026
0.185033
0.185039
0.185039
0.185043
0.185046
0.185048
0.185054
0.185064
0.185075
0.185083
0.18509
0.185091
0.185093
0.1851
0.185107
0.185115
0.185117
0.185121
0.185124
0.185126
0.185125
0.185125
0.185117
0.185117
0.185114
0.185111
0.185104
0.1851
0.185095
0.185089
0.185083
0.185079
0.185078
0.185071
0.185075
0.185072
0.185069
0.185063
0.18506
0.185063
0.185058
0.185055
0.185052
0.18505
0.18504
0.185037
0.185031
0.185024
0.185022
0.185016
0.185011
0.185008
0.185006
0.185004
0.185
0.184996
0.184993
0.184989
0.184981
0.184976
0.184973
0.18497
0.184966
0.184965
0.184958
0.184959
0.184955
0.184953
0.184942
0.184945
0.18494
0.184935
0.184932
0.184926
0.184923
0.18492
0.184914
0.184915
0.184916
0.184905
0.184897
0.184895
0.18489
0.184887
0.184885
0.184884
0.184884
0.184882
0.184877
0.184879
0.184876
0.184868
0.184868
0.184863
0.184862
0.184859
0.184855
0.184851
0.18485
0.184849
0.184844
0.184839
0.184835
0.184831
0.184827
0.18482
0.18482
0.184813
0.184809
0.18481
0.184809
0.184808
0.184803
0.184799
0.184797
0.184796
0.184788
0.184784
0.184772
0.184765
0.184763
0.18476
0.184757
0.184752
0.184753
0.184752
0.184755
0.184751
0.184748
0.184745
0.184745
0.184737
0.184741
0.184741
0.184739
0.184737
0.184743
0.184739
0.184736
0.184739
0.184735
0.184741
0.184742
0.184738
0.184734
0.184726
0.184718
0.184712
0.184703
0.184697
0.184687
0.184681
0.184676
0.184669
0.184664
0.184656
0.18465
0.184642
0.184631
0.184623
0.184617
0.184613
0.184606
0.184601
0.184594
0.184587
0.18458
0.184566
0.184556
0.184548
0.184535
0.184521
0.184514
0.184506
0.184496
0.184487
0.184479
0.18447
0.184464
0.184458
0.184452
0.184448
0.184438
0.184432
0.184426
0.184426
0.18442
0.184414
0.184408
0.184395
0.184387
0.184388
0.184377
0.184369
0.184361
0.184351
0.18435
0.184348
0.184348
0.184339
0.184333
0.184325
0.184324
0.184321
0.184318
0.184309
0.18431
0.184308
0.184309
0.184307
0.184301
0.1843
0.184296
0.184291
0.184289
0.184281
0.184275
0.184265
0.184262
0.18426
0.184252
0.184248
0.184244
0.184245
0.184243
0.184241
0.184235
0.184234
0.184227
0.184226
0.18422
0.184216
0.184211
0.1842
0.184193
0.184188
0.184184
0.184183
0.184179
0.184177
0.184171
0.184168
0.184166
0.184161
0.184154
0.184145
0.18414
0.184134
0.184133
0.184132
0.184131
0.184129
0.184118
0.184108
0.184102
0.184098
0.184095
0.184094
0.184093
0.184086
0.184084
0.184076
0.184073
0.184073
0.184066
0.18406
0.184053
0.18405
0.184047
0.184045
0.184046
0.184045
0.184042
0.184041
0.18404
0.184032
0.184027
0.184024
0.184019
0.184011
0.184008
0.184
0.183995
0.183993
0.183989
0.183986
0.183985
0.183987
0.183986
0.183983
0.183981
0.183974
0.183963
0.183964
0.18396
0.183951
0.183948
0.183943
0.183943
0.18394
0.183939
0.183941
0.183939
0.183935
0.183931
0.183931
0.183926
0.183928
0.18393
0.183925
0.183922
0.183916
0.183906
0.183901
0.183897
0.183894
0.183894
0.183892
0.183884
0.183876
0.183872
0.183871
0.183874
0.183877
0.18388
0.183885
0.183894
0.183895
0.183896
0.183903
0.183913
0.183909
0.183918
0.183926
0.183928
0.183931
0.183934
0.183942
0.183937
0.183933
0.183927
0.183935
0.183939
0.183941
0.183947
0.183948
0.183949
0.183951
0.183954
0.183956
0.183956
0.183963
0.183972
0.18398
0.183985
0.183988
0.183998
0.184002
0.184001
0.184006
0.184006
0.184009
0.184009
0.184015
0.184015
0.184025
0.184027
0.184025
0.184031
0.184038
0.184049
0.184055
0.184057
0.184059
0.184066
0.18407
0.184071
0.184079
0.184083
0.184092
0.184094
0.184104
0.184107
0.184108
0.184111
0.184112
0.18411
0.184114
0.18412
0.184133
0.184137
0.184141
0.184151
0.184156
0.184158
0.184164
0.18417
0.18417
0.184168
0.184177
0.184179
0.184183
0.184192
0.1842
0.184199
0.1842
0.184203
0.184212
0.184218
0.184222
0.184226
0.184234
0.184233
0.184237
0.184235
0.184229
0.184237
0.184242
0.184246
0.18425
0.18425
0.184256
0.184259
0.184265
0.184276
0.184277
0.184278
0.184282
0.184286
0.18429
0.184303
0.184307
0.184309
0.184313
0.184321
0.184329
0.184337
0.184345
0.184351
0.184354
0.184361
0.184369
0.184368
0.18438
0.184387
0.184394
0.184397
0.184403
0.184404
0.184411
0.184416
0.184424
0.184428
0.184429
0.184432
0.184439
0.184445
0.184447
0.184449
0.184455
0.18446
0.184463
0.184464
0.184472
0.184476
0.184476
0.184475
0.184475
0.184475
0.184473
0.184471
0.18447
0.184471
0.184467
0.184466
0.184461
0.184458
0.18446
0.184455
0.184451
0.184449
0.18445
0.18445
0.184452
0.18445
0.184455
0.184461
0.184464
0.184458
0.184456
0.184453
0.184452
0.184446
0.184444
0.184439
0.184433
0.184431
0.18443
0.184432
0.184428
0.18442
0.184417
0.184407
0.184402
0.184397
0.18439
0.184389
0.184388
0.184383
0.184379
0.184376
0.184371
0.184366
0.184365
0.184366
0.184359
0.184356
0.184353
0.184351
0.184343
0.18434
0.184333
0.184332
0.184328
0.184323
0.184315
0.184321
0.18432
0.184316
0.184315
0.184312
0.184302
0.184295
0.184289
0.18428
0.18428
0.184276
0.184267
0.184264
0.184263
0.184261
0.184264
0.184263
0.184259
0.184262
0.184262
0.184262
0.184262
0.184259
0.184259
0.18425
0.184246
0.184244
0.184243
0.184241
0.184227
0.184224
0.18422
0.184223
0.184222
0.184223
0.184217
0.184212
0.18421
0.184207
0.184205
0.184198
0.184195
0.18419
0.184187
0.184186
0.184183
0.184181
0.184176
0.18418
0.184178
0.184178
0.184171
0.184165
0.184158
0.184152
0.184142
0.184133
0.184122
0.18411
0.184102
0.184098
0.184094
0.184095
0.184089
0.18408
0.184078
0.18407
0.184059
0.184051
0.184047
0.184044
0.184042
0.184037
0.184026
0.18402
0.184008
0.184002
0.183995
0.183986
0.183977
0.183971
0.183962
0.183953
0.183947
0.183947
0.183939
0.183935
0.183931
0.183922
0.183916
0.183914
0.183908
0.183899
0.1839
0.1839
0.183897
0.18389
0.183885
0.183877
0.183872
0.183867
0.183861
0.183853
0.183848
0.183839
0.183831
0.183826
0.183818
0.183805
0.183793
0.183791
0.183782
0.183779
0.183775
0.183769
0.183762
0.183759
0.183749
0.183743
0.183734
0.183736
0.183734
0.183731
0.183731
0.183727
0.183723
0.183718
0.183716
0.183712
0.183707
0.183707
0.183706
0.183697
0.183696
0.183689
0.183686
0.183688
0.183688
0.183692
0.18369
0.183687
0.183686
0.183683
0.183681
0.183675
0.183672
0.183668
0.183666
0.183659
0.183655
0.18365
0.183648
0.183648
0.183644
0.183641
0.183642
0.18364
0.183639
0.183632
0.18363
0.183627
0.183628
0.183624
0.183622
0.18362
0.183619
0.183615
0.18361
0.18361
0.183603
0.183594
0.183589
0.18359
0.183586
0.183585
0.183577
0.183579
0.183578
0.18357
0.183566
0.183563
0.183565
0.183567
0.183566
0.18356
0.183557
0.183558
0.183555
0.183549
0.183546
0.183542
0.183543
0.183541
0.183542
0.183545
0.18354
0.183534
0.183533
0.183534
0.183528
0.183527
0.183524
0.183529
0.183532
0.183536
0.183535
0.183528
0.183523
0.183523
0.183521
0.183526
0.183522
0.183525
0.183524
0.183526
0.183523
0.183512
0.183499
0.183492
0.183482
0.183479
0.183469
0.18346
0.18345
0.183445
0.183437
0.183425
0.183415
0.183412
0.183403
0.183397
0.183392
0.183391
0.183399
0.183396
0.183396
0.183395
0.183394
0.183395
0.183392
0.183385
0.183378
0.183374
0.183372
0.18336
0.183352
0.183344
0.183339
0.183334
0.183328
0.18332
0.183312
0.183305
0.183298
0.183295
0.183289
0.183285
0.183279
0.183272
0.183263
0.183253
0.183244
0.183243
0.183239
0.183228
0.183215
0.183208
0.183196
0.183194
0.183186
0.183178
0.18317
0.183162
0.183155
0.183151
0.18315
0.183148
0.183142
0.183137
0.18314
0.183139
0.183136
0.183134
0.183129
0.183123
0.183121
0.183113
0.183108
0.183103
0.183099
0.183097
0.183094
0.18309
0.183088
0.183087
0.18309
0.183089
0.183088
0.183083
0.183079
0.183082
0.183084
0.183089
0.183094
0.183098
0.183099
0.183098
0.183098
0.183094
0.183097
0.183109
0.183117
0.183122
0.183125
0.183134
0.183142
0.183141
0.183146
0.183147
0.18315
0.183145
0.183142
0.183142
0.183138
0.183138
0.183139
0.183133
0.183127
0.183129
0.183124
0.183119
0.183118
0.183117
0.183115
0.183112
0.18312
0.183116
0.183119
0.183124
0.183125
0.183126
0.183126
0.18313
0.183135
0.183138
0.183136
0.183133
0.183133
0.183129
0.183125
0.183123
0.183123
0.183126
0.183132
0.183136
0.183134
0.183135
0.183137
0.183138
0.183139
0.183135
0.183138
0.18314
0.183147
0.183152
0.183154
0.183155
0.183155
0.183151
0.183152
0.183158
0.183159
0.18316
0.183162
0.183162
0.183165
0.183168
0.183171
0.183168
0.183172
0.183166
0.18317
0.183171
0.183172
0.183172
0.183169
0.183171
0.183167
0.183169
0.183171
0.183174
0.183175
0.183175
0.183177
0.183177
0.183181
0.18318
0.183185
0.183189
0.183186
0.183191
0.183196
0.183199
0.183204
0.183213
0.183215
0.183213
0.183213
0.183214
0.183215
0.183216
0.183216
0.183216
0.183219
0.183223
0.183227
0.183226
0.183222
0.183221
0.183224
0.183225
0.183225
0.183226
0.183228
0.183226
0.18323
0.183236
0.183236
0.183236
0.183235
0.183239
0.183242
0.183242
0.183244
0.183247
0.183249
0.183254
0.18326
0.183265
0.183271
0.183275
0.183279
0.183281
0.183283
0.183285
0.183287
0.183294
0.183294
0.183298
0.1833
0.183302
0.183311
0.183319
0.183328
0.183336
0.183341
0.183346
0.183352
0.183361
0.183365
0.183366
0.183373
0.183379
0.183379
0.183384
0.183387
0.183393
0.183403
0.183408
0.183414
0.183416
0.183419
0.183429
0.183426
0.183437
0.183444
0.183443
0.183441
0.183446
0.183452
0.183456
0.183455
0.183455
0.18346
0.183464
0.183471
0.183477
0.183476
0.183478
0.183481
0.183488
0.183492
0.183495
0.183504
0.183508
0.183507
0.183501
0.183503
0.183501
0.183501
0.183502
0.183495
0.183494
0.183488
0.183483
0.18348
0.183486
0.183491
0.18349
0.183492
0.183497
0.183501
0.183504
0.183513
0.183518
0.18352
0.183518
0.183518
0.183517
0.183521
0.183524
0.183526
0.183528
0.183529
0.183529
0.183531
0.183535
0.183534
0.183533
0.183538
0.183542
0.183544
0.183546
0.183548
0.183553
0.183554
0.183555
0.183552
0.183556
0.183556
0.183555
0.183557
0.183557
0.183558
0.183564
0.18357
0.183576
0.183577
0.183578
0.183585
0.183585
0.183586
0.183594
0.183594
0.183597
0.183597
0.183604
0.183607
0.183611
0.183608
0.183604
0.183602
0.183605
0.183607
0.183613
0.183613
0.183611
0.183614
0.18361
0.183612
0.183614
0.183614
0.183622
0.183621
0.183619
0.183618
0.18362
0.183621
0.183623
0.183624
0.18362
0.183623
0.183628
0.183631
0.183634
0.183638
0.183636
0.183643
0.183646
0.183649
0.18365
0.183651
0.183653
0.183654
0.183655
0.183659
0.183661
0.183662
0.183663
0.183659
0.183659
0.183659
0.183664
0.183674
0.183674
0.183681
0.183682
0.18369
0.18369
0.183692
0.183697
0.183704
0.183709
0.183714
0.183712
0.183715
0.183724
0.183728
0.183728
0.183732
0.183737
0.183743
0.183747
0.18375
0.183752
0.183757
0.183758
0.18376
0.183769
0.183775
0.183784
0.183789
0.183797
0.183804
0.183806
0.183802
0.183804
0.183808
0.183813
0.183824
0.183828
0.183835
0.183844
0.183847
0.183849
0.183854
0.183868
0.183875
0.18387
0.18387
0.18388
0.183885
0.183884
0.183882
0.183883
0.183874
0.183872
0.183871
0.183872
0.183872
0.183875
0.183876
0.183885
0.183887
0.183895
0.183904
0.183906
0.183909
0.183915
0.183928
0.183927
0.183938
0.183946
0.183953
0.183961
0.183961
0.183967
0.183966
0.183966
0.183968
0.183973
0.183981
0.183987
0.183989
0.183994
0.183994
0.184003
0.184009
0.184007
0.184014
0.184016
0.18402
0.184022
0.18403
0.184033
0.184041
0.184047
0.18406
0.184062
0.18406
0.184067
0.184069
0.184066
0.184066
0.184064
0.184058
0.184056
0.184056
0.184056
0.184054
0.184049
0.184045
0.184037
0.184035
0.184031
0.184028
0.184025
0.184021
0.184018
0.184011
0.184009
0.184008
0.184003
0.184
0.183998
0.184
0.183995
0.183991
0.183987
0.183987
0.183988
0.183985
0.183987
0.183985
0.183984
0.183987
0.183985
0.183985
0.183984
0.183984
0.183987
0.183991
0.183998
0.183995
0.183997
0.183993
0.183996
0.183992
0.183994
0.183998
0.183994
0.183994
0.183995
0.183996
0.183994
0.183992
0.183993
0.183997
0.183994
0.183999
0.184002
0.184004
0.184008
0.184007
0.184003
0.184001
0.184
0.184004
0.184
0.184003
0.183998
0.183995
0.183995
0.183988
0.183989
0.18398
0.18398
0.183981
0.183976
0.183974
0.183974
0.183976
0.183971
0.18397
0.183966
0.183958
0.183955
0.183956
0.183954
0.183948
0.183945
0.183939
0.183938
0.183933
0.183928
0.183923
0.183926
0.183921
0.183918
0.183913
0.18391
0.183907
0.183904
0.183901
0.183894
0.183891
0.183887
0.183881
0.183874
0.183867
0.183866
0.183863
0.18386
0.183855
0.183852
0.183847
0.183846
0.183841
0.183838
0.183839
0.183836
0.183835
0.183832
0.183829
0.183835
0.183834
0.183837
0.183838
0.183838
0.183842
0.183843
0.183843
0.183842
0.183837
0.183834
0.183832
0.183834
0.183832
0.183834
0.183834
0.183833
0.183829
0.183828
0.183828
0.183825
0.183824
0.183823
0.183825
0.183829
0.18383
0.183828
0.183829
0.183827
0.183822
0.183818
0.183817
0.183816
0.183821
0.18382
0.18382
0.183819
0.18382
0.18382
0.183821
0.183819
0.183818
0.183813
0.18381
0.183813
0.18381
0.183809
0.183812
0.183811
0.18381
0.183806
0.183804
0.183801
0.183804
0.183804
0.183798
0.183803
0.183807
0.183815
0.183817
0.183821
0.183816
0.183814
0.183814
0.183815
0.183817
0.183814
0.183815
0.183824
0.183831
0.183837
0.183851
0.183853
0.183861
0.183868
0.183866
0.18387
0.183874
0.183874
0.183876
0.183879
0.183886
0.183889
0.183899
0.183906
0.183903
0.183907
0.18391
0.183919
0.183926
0.183926
0.183931
0.183934
0.183935
0.183939
0.183943
0.183945
0.183949
0.183949
0.183947
0.183951
0.183958
0.183968
0.183969
0.183968
0.183972
0.183982
0.18399
0.184002
0.184007
0.184015
0.184022
0.184025
0.184031
0.184035
0.184033
0.184038
0.184042
0.184045
0.184046
0.184053
0.184057
0.184056
0.184055
0.18406
0.184064
0.184069
0.18407
0.184069
0.184074
0.184084
0.184085
0.18409
0.184096
0.1841
0.184101
0.184108
0.184116
0.184123
0.184131
0.184134
0.18414
0.184148
0.184153
0.184166
0.184168
0.184178
0.184185
0.184189
0.184197
0.184206
0.184213
0.184213
0.18422
0.184222
0.184223
0.184229
0.184234
0.184237
0.18424
0.18425
0.184245
0.184252
0.184256
0.184264
0.184265
0.18427
0.18428
0.184289
0.184298
0.1843
0.184296
0.184303
0.18431
0.184318
0.184323
0.184334
0.184333
0.184333
0.184333
0.184341
0.184343
0.184344
0.184349
0.184352
0.184348
0.18435
0.184353
0.184356
0.184362
0.184367
0.184364
0.18437
0.184373
0.184375
0.184379
0.184384
0.184388
0.184388
0.184388
0.184393
0.184396
0.184404
0.184411
0.184409
0.184413
0.184414
0.184419
0.184428
0.184429
0.184434
0.18444
0.18444
0.184453
0.184461
0.184463
0.184464
0.184465
0.184467
0.184472
0.184479
0.184485
0.184491
0.1845
0.184507
0.184508
0.184507
0.184513
0.184514
0.184518
0.184519
0.184524
0.184526
0.184523
0.184522
0.184522
0.184515
0.184513
0.18451
0.184506
0.184502
0.184498
0.1845
0.184505
0.18451
0.184505
0.184503
0.184501
0.184494
0.184497
0.184492
0.184495
0.184488
0.184481
0.184482
0.184479
0.184475
0.184471
0.184468
0.184464
0.184463
0.18446
0.184454
0.184451
0.184449
0.184443
0.184439
0.184437
0.184432
0.184432
0.184429
0.184424
0.184424
0.184421
0.184419
0.184413
0.18441
0.184408
0.184406
0.184404
0.184405
0.184398
0.184394
0.184394
0.184394
0.18439
0.184385
0.184383
0.184381
0.184378
0.184373
0.184373
0.184371
0.184369
0.184364
0.184359
0.184357
0.18435
0.184348
0.184338
0.184335
0.184332
0.184328
0.184323
0.184318
0.184315
0.184309
0.184307
0.184304
0.184303
0.184297
0.184296
0.184296
0.184293
0.18429
0.184288
0.184286
0.184284
0.184283
0.184279
0.184277
0.184272
0.184267
0.184265
0.184261
0.184258
0.184257
0.184258
0.184257
0.184256
0.184252
0.184247
0.184239
0.184235
0.184231
0.184229
0.184228
0.184224
0.184223
0.184223
0.184222
0.184223
0.184223
0.184217
0.184213
0.18421
0.184207
0.184206
0.184211
0.184213
0.184212
0.184213
0.184216
0.184214
0.184214
0.184214
0.184219
0.184224
0.184225
0.184229
0.184224
0.184224
0.184223
0.184225
0.184226
0.184229
0.184232
0.184238
0.184238
0.184244
0.184246
0.184248
0.184258
0.184262
0.184266
0.184269
0.184266
0.184263
0.184262
0.184263
0.184259
0.184257
0.184258
0.184257
0.184263
0.184267
0.184272
0.184275
0.184279
0.184287
0.184288
0.184292
0.184298
0.184302
0.184304
0.184306
0.184302
0.184297
0.1843
0.184297
0.184293
0.184292
0.184288
0.184285
0.184283
0.184283
0.184286
0.184292
0.18429
0.184289
0.184285
0.184283
0.184281
0.184284
0.184284
0.18428
0.184277
0.184267
0.184262
0.18426
0.184256
0.18425
0.184248
0.184244
0.184243
0.184242
0.184239
0.184236
0.184231
0.184225
0.184224
0.184216
0.184214
0.184213
0.184204
0.184204
0.184201
0.184202
0.184199
0.184201
0.184201
0.184196
0.184196
0.184192
0.18419
0.184187
0.184184
0.184184
0.184183
0.184184
0.184185
0.184183
0.184179
0.184173
0.184166
0.184159
0.184151
0.184149
0.184147
0.18415
0.184153
0.184151
0.184146
0.184146
0.184144
0.184143
0.184141
0.184142
0.184148
0.18415
0.184151
0.18415
0.184149
0.184148
0.184145
0.184145
0.184144
0.184141
0.184143
0.184139
0.18414
0.18414
0.184134
0.18413
0.184123
0.184118
0.184112
0.184106
0.184101
0.184093
0.184092
0.184088
0.184077
0.184066
0.184059
0.18405
0.184046
0.184038
0.18403
0.184022
0.184018
0.184018
0.184014
0.184009
0.183998
0.183988
0.183979
0.183971
0.183965
0.183955
0.183948
0.183946
0.183941
0.183935
0.183931
0.183929
0.183926
0.183919
0.183913
0.183906
0.1839
0.183892
0.183884
0.183878
0.183873
0.183869
0.183865
0.183859
0.183852
0.183848
0.183842
0.183832
0.183826
0.183823
0.183816
0.183814
0.183811
0.183808
0.18381
0.18381
0.183809
0.183808
0.183807
0.183804
0.183809
0.183803
0.183799
0.183803
0.183799
0.183796
0.183795
0.183793
0.183789
0.183787
0.183783
0.183781
0.183782
0.183781
0.183778
0.183776
0.183774
0.183771
0.18377
0.183772
0.183769
0.183771
0.183767
0.183767
0.183771
0.183772
0.183775
0.183775
0.183768
0.183765
0.183767
0.183766
0.183767
0.183765
0.18377
0.183773
0.183776
0.183778
0.183779
0.183779
0.183784
0.183789
0.183795
0.183797
0.1838
0.183802
0.183804
0.183807
0.183811
0.183811
0.18381
0.183813
0.183824
0.183826
0.183823
0.183825
0.183825
0.183832
0.183831
0.183835
0.183839
0.183843
0.183845
0.183842
0.183843
0.183843
0.183845
0.183846
0.183851
0.18385
0.183852
0.183853
0.183856
0.183859
0.183859
0.183863
0.183865
0.18387
0.183876
0.183872
0.183872
0.183871
0.183877
0.183875
0.183878
0.183881
0.183877
0.183877
0.183879
0.183879
0.183887
0.183887
0.183891
0.183893
0.183898
0.183901
0.183906
0.183914
0.183916
0.183915
0.183921
0.183922
0.183927
0.183927
0.183933
0.183934
0.183932
0.183935
0.183935
0.18393
0.183933
0.183934
0.183939
0.183943
0.183944
0.183946
0.183948
0.183955
0.18396
0.183967
0.183972
0.183973
0.183981
0.183991
0.184003
0.18401
0.184015
0.18402
0.18402
0.184024
0.184033
0.184041
0.184049
0.184049
0.184058
0.18406
0.184063
0.18407
0.184074
0.184075
0.18408
0.184083
0.184085
0.184089
0.184093
0.184099
0.184102
0.184111
0.184111
0.184115
0.184117
0.184119
0.184126
0.184124
0.184122
0.184127
0.184135
0.184139
0.184136
0.184136
0.184133
0.18413
0.184139
0.184141
0.184148
0.184147
0.184149
0.184153
0.184153
0.184156
0.184159
0.184169
0.18417
0.184173
0.184174
0.18418
0.184182
0.184185
0.184181
0.184175
0.184175
0.184173
0.18417
0.18417
0.18417
0.184175
0.18418
0.184178
0.184179
0.184188
0.184192
0.184196
0.184199
0.1842
0.1842
0.184198
0.184201
0.184204
0.184211
0.184216
0.184218
0.184219
0.184215
0.184215
0.184222
0.184219
0.184225
0.184227
0.184237
0.184237
0.18424
0.184247
0.184255
0.184262
0.184265
0.184269
0.184276
0.184284
0.184292
0.184297
0.184303
0.184308
0.184305
0.184308
0.184308
0.184307
0.184312
0.184317
0.184317
0.18432
0.184327
0.184332
0.184337
0.18434
0.184339
0.184342
0.18435
0.184357
0.184362
0.184358
0.184361
0.184365
0.184364
0.184363
0.18437
0.18437
0.184375
0.184379
0.184383
0.184383
0.184391
0.184398
0.184405
0.184411
0.184416
0.184419
0.184422
0.184417
0.184417
0.184415
0.18442
0.184416
0.184416
0.184418
0.184421
0.184428
0.184429
0.18443
0.184432
0.184435
0.184438
0.18444
0.184442
0.184447
0.184449
0.184446
0.184447
0.184454
0.184462
0.184465
0.184473
0.184475
0.184483
0.18448
0.184481
0.184486
0.184487
0.18449
0.184492
0.184498
0.184503
0.184511
0.184514
0.184518
0.184516
0.184519
0.184519
0.18452
0.184521
0.18452
0.184522
0.184521
0.184523
0.184525
0.184526
0.184525
0.184527
0.18453
0.18453
0.18453
0.18453
0.184534
0.184538
0.184535
0.184532
0.184534
0.184535
0.184537
0.184538
0.184538
0.184538
0.184535
0.184533
0.184534
0.184531
0.18453
0.18453
0.184528
0.184522
0.18452
0.184517
0.184514
0.18451
0.18451
0.184509
0.184509
0.184505
0.184505
0.184503
0.184499
0.184495
0.184493
0.184486
0.184485
0.184478
0.184473
0.184467
0.184463
0.18446
0.184453
0.184451
0.18445
0.184447
0.184441
0.184441
0.184438
0.184436
0.184433
0.184429
0.184422
0.184422
0.184419
0.184421
0.184417
0.184413
0.184413
0.184413
0.184408
0.184408
0.184409
0.184409
0.184408
0.184412
0.184405
0.184403
0.184401
0.184399
0.184398
0.184394
0.184395
0.184397
0.184398
0.184398
0.184397
0.184391
0.184388
0.184386
0.18438
0.184377
0.184374
0.184374
0.184369
0.184367
0.184365
0.184359
0.184357
0.184353
0.184352
0.18435
0.184349
0.184349
0.184344
0.18434
0.184337
0.184336
0.184332
0.184333
0.184331
0.18433
0.18433
0.184327
0.184328
0.184333
0.184331
0.184332
0.184328
0.184328
0.184323
0.184324
0.184324
0.184327
0.184323
0.184325
0.184328
0.184327
0.184327
0.184334
0.184333
0.184336
0.184339
0.18434
0.184346
0.184352
0.184354
0.184355
0.184355
0.184354
0.184355
0.184352
0.184349
0.18435
0.184347
0.184341
0.184342
0.184345
0.184349
0.184352
0.184349
0.184346
0.184347
0.184351
0.18435
0.184354
0.184361
0.184363
0.184363
0.18436
0.184358
0.184362
0.18436
0.184361
0.18436
0.184364
0.184366
0.18437
0.184371
0.184371
0.184374
0.184372
0.184375
0.184381
0.184388
0.184389
0.184393
0.184398
0.184401
0.184403
0.184407
0.184406
0.1844
0.184406
0.184411
0.18441
0.184415
0.18442
0.184423
0.184422
0.184422
0.184425
0.184429
0.184428
0.184432
0.184431
0.184432
0.184426
0.184426
0.184431
0.184433
0.184434
0.184436
0.184436
0.184438
0.184441
0.184441
0.184438
0.184441
0.184441
0.184445
0.184447
0.184446
0.184441
0.184446
0.184449
0.184448
0.184444
0.184444
0.184446
0.18445
0.184454
0.184454
0.184452
0.184448
0.184447
0.184449
0.184449
0.184453
0.184451
0.184453
0.18445
0.184453
0.184455
0.184458
0.184462
0.184462
0.184464
0.184463
0.184461
0.184463
0.184466
0.184468
0.184469
0.184467
0.184472
0.184474
0.184479
0.184481
0.184487
0.184491
0.184489
0.184488
0.184491
0.184488
0.184495
0.184499
0.184497
0.184501
0.184503
0.184504
0.184505
0.184508
0.184512
0.184513
0.184514
0.184515
0.184516
0.184519
0.18452
0.184519
0.184522
0.184527
0.184534
0.184538
0.18454
0.184536
0.184535
0.184541
0.184541
0.184545
0.184545
0.184548
0.18455
0.184554
0.184555
0.184561
0.184566
0.184569
0.184572
0.184573
0.184578
0.184585
0.184579
0.184579
0.184583
0.184588
0.184588
0.184589
0.184584
0.184586
0.18459
0.184592
0.184591
0.18459
0.184592
0.1846
0.184604
0.184608
0.184609
0.184611
0.184612
0.184613
0.18461
0.184614
0.184621
0.184628
0.18463
0.184628
0.184627
0.184633
0.184639
0.18464
0.184649
0.184652
0.184659
0.184662
0.184666
0.184668
0.184674
0.18468
0.184677
0.184682
0.184689
0.18469
0.184698
0.1847
0.184703
0.184703
0.184699
0.184697
0.184693
0.184691
0.184687
0.184681
0.184676
0.184672
0.18467
0.184667
0.184666
0.184666
0.18467
0.184668
0.184666
0.184666
0.18466
0.184662
0.184658
0.184653
0.184655
0.184657
0.184661
0.184661
0.18466
0.184656
0.184657
0.184656
0.184653
0.184653
0.184654
0.184648
0.184651
0.184652
0.184653
0.18465
0.184649
0.184653
0.184652
0.184654
0.184655
0.18466
0.18466
0.184657
0.184659
0.184658
0.184656
0.184663
0.184662
0.184662
0.184662
0.184663
0.18466
0.184657
0.184658
0.184658
0.184656
0.18466
0.184663
0.184666
0.184667
0.184666
0.184666
0.184669
0.184671
0.18467
0.184667
0.18467
0.184673
0.184673
0.184674
0.184676
0.184678
0.184681
0.184684
0.184688
0.184689
0.184688
0.184685
0.184689
0.184688
0.184693
0.184696
0.1847
0.184702
0.1847
0.184703
0.184704
0.184708
0.1847
0.184702
0.184701
0.184695
0.184691
0.184689
0.184684
0.184678
0.184676
0.184674
0.184669
0.184664
0.184659
0.184653
0.184649
0.184645
0.184641
0.184634
0.184631
0.184629
0.184633
0.184631
0.184628
0.184625
0.184624
0.184623
0.184613
0.184608
0.184603
0.184597
0.184592
0.18459
0.184589
