0.293103
0.45614
0.479769
0.483721
0.464945
0.45
0.439394
0.442478
0.430502
0.429078
0.430486
0.436019
0.432024
0.426934
0.421341
0.415265
0.409548
0.403869
0.398148
0.401786
0.397642
0.394221
0.38755
0.385437
0.377446
0.37702
0.370757
0.371404
0.369155
0.366693
0.365043
0.362745
0.358712
0.356683
0.358085
0.354379
0.352318
0.349677
0.349496
0.346486
0.344034
0.344398
0.34324
0.340389
0.336125
0.332055
0.32977
0.325131
0.323454
0.32123
0.3199
0.31894
0.316322
0.314964
0.311621
0.310313
0.308179
0.306696
0.305629
0.303896
0.301411
0.298783
0.296449
0.293474
0.29165
0.289546
0.285105
0.282002
0.279655
0.277202
0.275182
0.27276
0.270626
0.267838
0.266505
0.264655
0.262712
0.261554
0.260424
0.258339
0.25622
0.255203
0.255218
0.254211
0.253325
0.250838
0.249474
0.248884
0.247132
0.245272
0.243461
0.242114
0.240866
0.239877
0.239347
0.238565
0.238575
0.2378
0.23779
0.237692
0.238058
0.237288
0.235097
0.233939
0.233545
0.232161
0.231057
0.230484
0.229146
0.228015
0.226374
0.226284
0.225439
0.224812
0.224247
0.223047
0.221532
0.22037
0.2197
0.218419
0.217488
0.216851
0.216579
0.215468
0.214533
0.213396
0.213921
0.213246
0.212299
0.211478
0.210776
0.210365
0.209274
0.208662
0.208392
0.208067
0.207566
0.20693
0.206579
0.205283
0.204427
0.203325
0.203033
0.20324
0.202847
0.202831
0.202149
0.201365
0.201136
0.200073
0.199349
0.198528
0.198216
0.198368
0.197707
0.196808
0.195717
0.195359
0.194966
0.194658
0.193982
0.193401
0.192398
0.191838
0.191206
0.19076
0.190547
0.190375
0.189787
0.189474
0.189028
0.188239
0.18749
0.186671
0.186574
0.186364
0.186264
0.185752
0.185197
0.184862
0.184711
0.184131
0.183643
0.183606
0.182781
0.182816
0.182905
0.182553
0.182257
0.182043
0.18191
0.181491
0.181257
0.181623
0.181081
0.180672
0.180511
0.180275
0.179749
0.178874
0.178334
0.177661
0.177351
0.176985
0.176863
0.176223
0.175938
0.175507
0.175227
0.17485
0.174334
0.173661
0.173559
0.172919
0.173064
0.172517
0.172605
0.172237
0.171955
0.171381
0.171026
0.171454
0.17059
0.170655
0.170282
0.169601
0.169546
0.16925
0.168769
0.168334
0.167962
0.167412
0.166887
0.166187
0.165872
0.165262
0.165029
0.164681
0.164768
0.164308
0.164377
0.16398
0.163548
0.163505
0.163268
0.163016
0.162859
0.162554
0.162641
0.162603
0.162359
0.162298
0.161949
0.161469
0.161198
0.161184
0.160927
0.160819
0.160604
0.16019
0.159909
0.159751
0.159563
0.159215
0.159289
0.159402
0.159295
0.159012
0.15892
0.158833
0.158425
0.1582
0.157683
0.15729
0.156845
0.156655
0.156285
0.156168
0.156152
0.15609
0.155743
0.155644
0.155394
0.155092
0.154813
0.15496
0.154889
0.154743
0.154688
0.154513
0.154481
0.154203
0.154002
0.153972
0.154111
0.154052
0.153846
0.153503
0.153497
0.153071
0.152872
0.152558
0.15217
0.151948
0.151762
0.15142
0.151576
0.151429
0.151507
0.151333
0.151356
0.15117
0.151234
0.151167
0.151499
0.151542
0.151604
0.151405
0.15144
0.151123
0.15151
0.1513
0.151375
0.151144
0.150945
0.150696
0.150366
0.150296
0.150163
0.150171
0.149966
0.149907
0.149691
0.149372
0.149315
0.149598
0.149482
0.149575
0.149285
0.149058
0.148957
0.148898
0.14885
0.148693
0.148379
0.148266
0.148055
0.14825
0.148106
0.147954
0.147835
0.147797
0.147668
0.147279
0.147028
0.147019
0.146761
0.146748
0.146783
0.14674
0.146494
0.146486
0.146309
0.146332
0.146224
0.146294
0.146132
0.146002
0.146027
0.145912
0.145894
0.146016
0.146032
0.145991
0.14568
0.145445
0.145383
0.1451
0.145212
0.145278
0.145219
0.145055
0.144794
0.14459
0.144417
0.144308
0.143905
0.143934
0.143723
0.143544
0.143241
0.143209
0.143177
0.142919
0.142939
0.14297
0.142888
0.142827
0.142979
0.143009
0.143131
0.143009
0.143079
0.142998
0.143018
0.142867
0.143037
0.142768
0.142718
0.142679
0.142679
0.142709
0.14267
0.142592
0.142456
0.142398
0.142351
0.142206
0.141965
0.141754
0.141554
0.141354
0.141137
0.140997
0.141001
0.140795
0.140696
0.140455
0.140233
0.140156
0.140162
0.139879
0.139903
0.139704
0.13959
0.139785
0.139541
0.139419
0.139455
0.139316
0.139352
0.13945
0.139429
0.139316
0.139406
0.139421
0.139253
0.139272
0.139324
0.139286
0.139168
0.139241
0.139607
0.139738
0.139637
0.139483
0.139652
0.139784
0.139825
0.139726
0.139592
0.139502
0.139439
0.139516
0.139445
0.139408
0.139216
0.139044
0.139034
0.138983
0.138818
0.138825
0.138728
0.138598
0.138557
0.138327
0.138413
0.13825
0.138163
0.138154
0.137919
0.137902
0.13787
0.137736
0.137602
0.137552
0.137452
0.137394
0.137357
0.137179
0.137123
0.136966
0.136864
0.136597
0.136508
0.136455
0.136479
0.136439
0.136254
0.136151
0.13605
0.136071
0.136025
0.135786
0.13555
0.135444
0.135312
0.135268
0.135132
0.135077
0.134974
0.134789
0.13469
0.134695
0.13464
0.134788
0.134964
0.134743
0.134678
0.134521
0.134342
0.134191
0.134156
0.134056
0.133924
0.133886
0.133696
0.13367
0.133698
0.133496
0.133477
0.13343
0.13328
0.133305
0.133323
0.133422
0.133287
0.133191
0.133146
0.133114
0.132917
0.132956
0.132823
0.132659
0.13273
0.132557
0.132572
0.132587
0.132512
0.132757
0.132806
0.132703
0.132614
0.132423
0.132307
0.132089
0.132081
0.132128
0.131908
0.131832
0.13179
0.131643
0.131555
0.13144
0.131281
0.131139
0.131123
0.131053
0.130859
0.130817
0.130782
0.130657
0.130648
0.130509
0.130459
0.130268
0.130141
0.13017
0.130123
0.130035
0.130152
0.130105
0.13002
0.12981
0.129821
0.129833
0.129789
0.129841
0.129931
0.130073
0.130154
0.13037
0.130456
0.130397
0.130364
0.130311
0.130429
0.130395
0.130273
0.130277
0.130323
0.130356
0.130216
0.130373
0.130474
0.130437
0.130422
0.130427
0.13039
0.130416
0.130439
0.130392
0.130353
0.130351
0.130457
0.130297
0.130218
0.130182
0.13017
0.130118
0.130075
0.130134
0.129986
0.130018
0.130121
0.130079
0.129976
0.129831
0.129773
0.129732
0.129701
0.12962
0.129498
0.129559
0.129427
0.12947
0.129605
0.129739
0.12982
0.12971
0.129567
0.129409
0.129527
0.129449
0.12932
0.129197
0.12913
0.128989
0.129014
0.128937
0.128891
0.128913
0.128825
0.128692
0.128774
0.128643
0.128648
0.12854
0.128567
0.12842
0.128306
0.128305
0.128392
0.128301
0.128258
0.128371
0.128415
0.128443
0.128502
0.128425
0.128435
0.128596
0.128589
0.128542
0.128435
0.128387
0.128286
0.128249
0.128218
0.128134
0.12801
0.128095
0.127938
0.127818
0.127903
0.127779
0.127749
0.127683
0.127597
0.127738
0.127668
0.127508
0.127411
0.127289
0.127244
0.127147
0.126984
0.127085
0.126923
0.126838
0.126928
0.12691
0.126774
0.12672
0.126739
0.126691
0.126683
0.126646
0.126502
0.126454
0.126372
0.126319
0.126444
0.126518
0.126516
0.126464
0.126391
0.126324
0.126272
0.126101
0.125914
0.125887
0.125796
0.125711
0.125635
0.125709
0.125614
0.125588
0.125444
0.125354
0.125482
0.125456
0.125603
0.125617
0.125704
0.125664
0.125731
0.125706
0.125647
0.125588
0.125591
0.125562
0.125556
0.125502
0.125584
0.125525
0.125616
0.125481
0.125471
0.125326
0.125416
0.125244
0.125196
0.125029
0.124933
0.12491
0.124953
0.1249
0.124768
0.124731
0.124622
0.124571
0.124459
0.124511
0.12446
0.124489
0.124442
0.124382
0.124266
0.124159
0.124123
0.12404
0.124037
0.123982
0.124072
0.124179
0.124245
0.124362
0.124474
0.124446
0.124397
0.12437
0.124454
0.124464
0.124428
0.124396
0.124429
0.124293
0.12428
0.12434
0.124437
0.124446
0.124465
0.124611
0.124629
0.124571
0.124702
0.124711
0.124784
0.124708
0.124708
0.12465
0.124677
0.124646
0.124553
0.124611
0.124594
0.124621
0.124702
0.124631
0.12476
0.124672
0.124628
0.124668
0.124673
0.124656
0.124604
0.124485
0.124394
0.124421
0.12436
0.124256
0.12427
0.124244
0.124197
0.124211
0.124168
0.124139
0.124244
0.124328
0.124255
0.124169
0.12411
0.124059
0.12397
0.123923
0.123955
0.12393
0.123833
0.123843
0.123904
0.123855
0.123677
0.123717
0.123744
0.123686
0.12364
0.12362
0.123567
0.123463
0.123562
0.123453
0.123501
0.123423
0.123404
0.123473
0.123328
0.123288
0.123391
0.123313
0.123252
0.123138
0.123107
0.123155
0.123236
0.123267
0.123269
0.123217
0.123149
0.123172
0.123178
0.123288
0.123377
0.123481
0.123508
0.12346
0.123413
0.123529
0.123617
0.123716
0.123759
0.12369
0.123838
0.123791
0.123837
0.123842
0.12379
0.123848
0.123898
0.123931
0.123953
0.12395
0.123879
0.12386
0.123802
0.123727
0.123713
0.123686
0.123672
0.123514
0.123512
0.123525
0.123546
0.123492
0.123422
0.123285
0.123232
0.123186
0.12322
0.123174
0.123109
0.123115
0.123034
0.12304
0.122987
0.122997
0.12287
0.122848
0.122764
0.122684
0.122667
0.122689
0.122758
0.122675
0.122748
0.122656
0.122655
0.12265
0.122567
0.122573
0.122506
0.122443
0.122397
0.122338
0.122259
0.122242
0.122207
0.122255
0.122228
0.122251
0.122322
0.122291
0.122266
0.122296
0.122283
0.122282
0.122263
0.122334
0.122401
0.122404
0.122419
0.122394
0.122438
0.122468
0.122479
0.122507
0.122521
0.122505
0.122481
0.122566
0.122531
0.122414
0.122368
0.122311
0.122316
0.122308
0.122206
0.122153
0.122171
0.122122
0.122103
0.12206
0.12209
0.122037
0.12201
0.12205
0.122089
0.121953
0.121966
0.1219
0.121862
0.121894
0.121834
0.121815
0.12177
0.121701
0.121637
0.121601
0.121495
0.121506
0.121502
0.12144
0.121397
0.121426
0.121321
0.121299
0.12123
0.121337
0.121273
0.121276
0.121247
0.121229
0.121251
0.121214
0.121189
0.12119
0.121226
0.121137
0.121149
0.121167
0.121149
0.121082
0.121116
0.121077
0.121066
0.12102
0.120988
0.121057
0.120983
0.120985
0.120977
0.120972
0.121068
0.121055
0.12108
0.121115
0.121
0.120913
0.120885
0.120802
0.12071
0.120688
0.120636
0.120599
0.120697
0.12067
0.120657
0.12057
0.120667
0.120661
0.120617
0.120664
0.120662
0.120612
0.120667
0.120562
0.120498
0.120443
0.120382
0.120358
0.120376
0.120297
0.120225
0.120107
0.120008
0.119992
0.11999
0.119977
0.119982
0.119952
0.119872
0.119972
0.120011
0.119991
0.119915
0.119911
0.119821
0.119758
0.119672
0.119658
0.119694
0.119763
0.119724
0.119673
0.119644
0.119699
0.11974
0.119724
0.119649
0.119649
0.119578
0.119565
0.11961
0.119522
0.11954
0.119515
0.119418
0.119434
0.119552
0.119585
0.119557
0.119617
0.119684
0.119693
0.119652
0.119641
0.11957
0.119693
0.119733
0.11975
0.11978
0.119805
0.119775
0.119685
0.119616
0.119594
0.119566
0.119513
0.119543
0.119555
0.119564
0.119682
0.119648
0.119717
0.119784
0.119809
0.11976
0.119826
0.119831
0.119788
0.11976
0.119672
0.119593
0.119537
0.119474
0.119485
0.119452
0.119427
0.119339
0.11937
0.119397
0.119427
0.119431
0.119411
0.119348
0.119387
0.119351
0.119265
0.119259
0.119179
0.119188
0.119136
0.119123
0.119148
0.11913
0.119125
0.119134
0.11914
0.119144
0.119104
0.119117
0.119047
0.119083
0.119105
0.11915
0.119187
0.119367
0.119425
0.11938
0.119365
0.119375
0.119402
0.119389
0.119382
0.1194
0.119295
0.119276
0.119321
0.119333
0.11933
0.119336
0.119303
0.1193
0.119286
0.119247
0.119266
0.11926
0.119262
0.119307
0.119311
0.119317
0.119242
0.119322
0.119374
0.119331
0.119289
0.119264
0.119185
0.119264
0.119208
0.119167
0.119168
0.119185
0.119076
0.119123
0.119074
0.119104
0.119221
0.11916
0.119155
0.119086
0.119075
0.119049
0.119039
0.119137
0.119219
0.119187
0.119194
0.119167
0.119121
0.119046
0.118993
0.118927
0.118927
0.119005
0.118951
0.118897
0.118892
0.118895
0.118879
0.118831
0.118836
0.118736
0.118717
0.118681
0.118581
0.11851
0.118501
0.118464
0.11849
0.11852
0.118455
0.118454
0.118452
0.118418
0.118404
0.118373
0.118385
0.118405
0.118471
0.118414
0.11848
0.118397
0.118374
0.118371
0.118319
0.118296
0.118205
0.118129
0.118122
0.118109
0.11812
0.118091
0.118057
0.118044
0.117986
0.117948
0.117984
0.117944
0.117938
0.117977
0.117969
0.118002
0.118006
0.117922
0.11791
0.117921
0.117941
0.117862
0.117865
0.117827
0.117793
0.117732
0.117711
0.117712
0.117647
0.117594
0.117562
0.117525
0.117508
0.117437
0.11744
0.117402
0.117438
0.117363
0.117306
0.117274
0.117195
0.117158
0.117151
0.1172
0.117208
0.11715
0.117191
0.117198
0.117262
0.117237
0.117192
0.117248
0.11725
0.117262
0.117218
0.117209
0.117163
0.117181
0.117111
0.117104
0.117166
0.117101
0.117074
0.117008
0.116973
0.116986
0.116937
0.116892
0.116818
0.116767
0.116763
0.116736
0.116721
0.116636
0.116728
0.116726
0.116766
0.116725
0.116689
0.116723
0.116727
0.116723
0.116658
0.116654
0.116666
0.116665
0.116694
0.116668
0.1167
0.116706
0.116731
0.116762
0.116825
0.116824
0.116778
0.116733
0.116772
0.11678
0.116817
0.11684
0.116891
0.116879
0.116839
0.116868
0.116912
0.116911
0.11686
0.11681
0.116868
0.116845
0.116843
0.116827
0.116799
0.116762
0.11678
0.116743
0.116685
0.116638
0.116632
0.116607
0.116551
0.116582
0.11659
0.116574
0.116498
0.116528
0.116578
0.116606
0.1166
0.116587
0.11652
0.116537
0.116523
0.116524
0.116483
0.116464
0.116419
0.116407
0.116467
0.11647
0.116489
0.116504
0.116483
0.11647
0.11645
0.116426
0.116435
0.116438
0.116361
0.116382
0.116387
0.116369
0.116291
0.116235
0.116245
0.11623
0.116239
0.116225
0.116198
0.116201
0.116108
0.11613
0.116091
0.116073
0.116118
0.116108
0.116074
0.116046
0.116055
0.116014
0.115996
0.115943
0.115978
0.115964
0.115976
0.115924
0.115926
0.115905
0.115926
0.115967
0.115963
0.115964
0.115976
0.115951
0.115907
0.115872
0.115875
0.115863
0.115809
0.115808
0.115812
0.115758
0.115817
0.115781
0.115861
0.115818
0.115817
0.115814
0.115778
0.115812
0.115866
0.115867
0.115844
0.11585
0.115763
0.115692
0.115704
0.115648
0.115678
0.115649
0.115601
0.115572
0.115543
0.115506
0.115472
0.115474
0.115459
0.115419
0.115367
0.115344
0.115312
0.115257
0.115264
0.115213
0.115159
0.115121
0.115109
0.115095
0.115039
0.11503
0.115012
0.114963
0.114945
0.114984
0.114974
0.114985
0.114897
0.114907
0.114965
0.114935
0.114907
0.114867
0.114884
0.114903
0.114857
0.114859
0.114837
0.11483
0.11482
0.114804
0.114752
0.114724
0.114741
0.114738
0.114778
0.114817
0.114838
0.114782
0.114818
0.114796
0.11476
0.114783
0.114829
0.114812
0.114801
0.114836
0.114802
0.114861
0.114854
0.114839
0.114798
0.114771
0.114812
0.114764
0.114734
0.114688
0.114658
0.114624
0.114598
0.114609
0.11463
0.114629
0.114673
0.114698
0.114752
0.114722
0.114697
0.114707
0.114743
0.114704
0.114676
0.114607
0.114634
0.11468
0.114647
0.11459
0.114574
0.114565
0.114559
0.114477
0.114438
0.114401
0.114376
0.114415
0.114454
0.114436
0.114419
0.114386
0.114394
0.114363
0.114357
0.114339
0.114369
0.114374
0.114366
0.114342
0.114289
0.114352
0.114324
0.114275
0.114264
0.114229
0.114189
0.114146
0.114131
0.114123
0.114101
0.114104
0.114096
0.114092
0.11406
0.114027
0.113978
0.113934
0.113975
0.113957
0.113939
0.113867
0.113882
0.113833
0.113789
0.113752
0.113699
0.113682
0.113652
0.113659
0.113643
0.113607
0.113608
0.113576
0.113573
0.113559
0.113602
0.113578
0.113557
0.113498
0.113504
0.113549
0.113485
0.113474
0.113435
0.113402
0.113398
0.113415
0.113426
0.113452
0.113479
0.11346
0.113502
0.113558
0.113608
0.113607
0.113637
0.113649
0.113638
0.113598
0.113563
0.11355
0.113557
0.113544
0.113468
0.113455
0.113459
0.113422
0.113397
0.11336
0.113371
0.11339
0.113402
0.113409
0.113444
0.113447
0.113422
0.113501
0.113478
0.113423
0.113404
0.113403
0.113435
0.11341
0.113382
0.113337
0.113326
0.113286
0.113263
0.113258
0.113252
0.113234
0.113182
0.113169
0.113088
0.11309
0.113112
0.113055
0.113104
0.113074
0.11304
0.112981
0.112916
0.112984
0.112946
0.112963
0.112912
0.112945
0.112919
0.112935
0.112943
0.112919
0.112914
0.112864
0.112861
0.112875
0.112863
0.112839
0.112809
0.112753
0.112731
0.112736
0.112697
0.112698
0.112663
0.112634
0.112605
0.112636
0.112612
0.112588
0.112565
0.112555
0.112571
0.112623
0.112633
0.112602
0.112611
0.112576
0.112547
0.112552
0.112515
0.112495
0.112528
0.112492
0.112459
0.112421
0.112396
0.112386
0.112343
0.112372
0.112366
0.112346
0.112308
0.112292
0.112269
0.1122
0.112234
0.112225
0.112206
0.112225
0.11218
0.112154
0.112173
0.112236
0.112267
0.112222
0.112285
0.112249
0.11224
0.112211
0.1122
0.112251
0.112248
0.112367
0.112317
0.11236
0.11231
0.112335
0.11236
0.11237
0.112371
0.112347
0.112368
0.11236
0.112403
0.112441
0.112462
0.112432
0.11242
0.112374
0.112342
0.112383
0.112386
0.112389
0.112346
0.112306
0.112327
0.112383
0.112402
0.112398
0.112331
0.11238
0.112377
0.112349
0.112336
0.112335
0.1123
0.112256
0.112198
0.112194
0.112206
0.112196
0.112219
0.112188
0.112193
0.112174
0.1122
0.112219
0.112242
0.112195
0.112259
0.112348
0.112343
0.112323
0.112328
0.112338
0.112375
0.11241
0.112414
0.112414
0.112416
0.112432
0.112438
0.112398
0.11236
0.11234
0.112352
0.112355
0.112329
0.112311
0.112336
0.112352
0.112392
0.112423
0.1125
0.112482
0.112446
0.112469
0.112421
0.112378
0.112386
0.112378
0.112418
0.112418
0.112399
0.112367
0.112327
0.112364
0.112338
0.112367
0.112372
0.112343
0.112386
0.112375
0.112382
0.112355
0.112363
0.112336
0.112333
0.112294
0.11228
0.112314
0.112306
0.112301
0.11231
0.112306
0.112302
0.11234
0.112335
0.1123
0.112322
0.112304
0.112262
0.11228
0.112285
0.112296
0.112266
0.112229
0.112212
0.112206
0.112224
0.112196
0.112206
0.112152
0.112142
0.112128
0.112095
0.112077
0.112071
0.112066
0.112024
0.112005
0.112009
0.112012
0.112015
0.111996
0.11199
0.112016
0.112025
0.112086
0.112111
0.112085
0.112057
0.112053
0.112048
0.112087
0.112076
0.112077
0.112017
0.111988
0.111963
0.11197
0.112012
0.111986
0.111979
0.111963
0.111954
0.111957
0.111941
0.111909
0.111881
0.111957
0.112004
0.111987
0.111959
0.111915
0.111918
0.111958
0.111922
0.111902
0.111876
0.11183
0.111836
0.111823
0.111814
0.111802
0.111751
0.111701
0.111694
0.111712
0.111698
0.111646
0.111684
0.111642
0.111688
0.111666
0.111659
0.111687
0.111669
0.111652
0.111622
0.111595
0.111621
0.111664
0.111689
0.111712
0.111725
0.111693
0.111754
0.111774
0.111798
0.111786
0.111764
0.111775
0.111782
0.111768
0.111801
0.111796
0.111848
0.111885
0.111887
0.111848
0.111825
0.11181
0.111895
0.111901
0.111909
0.111973
0.111944
0.111934
0.111898
0.111861
0.111856
0.111849
0.111865
0.111902
0.111931
0.11197
0.112004
0.111948
0.111973
0.111947
0.111959
0.111953
0.111998
0.111988
0.111937
0.111927
0.111897
0.111876
0.111852
0.111846
0.111847
0.111822
0.111775
0.111732
0.111764
0.111717
0.111699
0.111663
0.111663
0.111647
0.111643
0.111635
0.111642
0.111607
0.111585
0.111545
0.111518
0.1115
0.111512
0.111485
0.111517
0.111493
0.111508
0.111459
0.111489
0.111484
0.111492
0.111458
0.111419
0.111378
0.111346
0.111352
0.111318
0.111318
0.111328
0.111315
0.111261
0.111208
0.111202
0.111227
0.111232
0.111213
0.111236
0.111225
0.111195
0.111181
0.11119
0.111168
0.111147
0.111106
0.111119
0.111086
0.111035
0.111012
0.110974
0.110961
0.110944
0.11091
0.110907
0.11091
0.110918
0.11088
0.110883
0.110876
0.110902
0.110902
0.110882
0.110874
0.110873
0.110884
0.110878
0.110883
0.110855
0.11083
0.110824
0.110807
0.110783
0.11073
0.110723
0.110698
0.110684
0.11067
0.110664
0.110632
0.110587
0.110559
0.110611
0.110603
0.110565
0.110582
0.110562
0.110573
0.110595
0.110616
0.110613
0.110615
0.110629
0.110682
0.110683
0.110691
0.110709
0.110649
0.110627
0.110592
0.110602
0.110591
0.110579
0.110552
0.110544
0.110517
0.110513
0.110484
0.110509
0.110491
0.110439
0.110392
0.110378
0.110366
0.110359
0.110329
0.110311
0.110327
0.11029
0.110256
0.110242
0.110209
0.11023
0.110242
0.110274
0.110247
0.110227
0.110215
0.110211
0.110211
0.110166
0.11016
0.110176
0.110148
0.110169
0.110158
0.110131
0.110112
0.110129
0.110075
0.110085
0.110062
0.110084
0.110087
0.11008
0.110048
0.110002
0.109983
0.109967
0.109996
0.109991
0.109974
0.109979
0.109992
0.109964
0.109929
0.109898
0.109884
0.109847
0.109856
0.109833
0.10981
0.109765
0.109775
0.109779
0.109767
0.109759
0.109739
0.109732
0.109697
0.109682
0.109653
0.109596
0.109611
0.109596
0.109583
0.10959
0.10959
0.109603
0.10958
0.109595
0.109599
0.109579
0.10956
0.109542
0.109538
0.109577
0.109558
0.109566
0.109548
0.109506
0.109504
0.109506
0.109505
0.109472
0.109473
0.10947
0.109432
0.109405
0.109405
0.109368
0.10933
0.109346
0.109312
0.109282
0.10928
0.109282
0.10926
0.109247
0.109226
0.109196
0.109232
0.109192
0.109205
0.109172
0.109191
0.109168
0.109205
0.10916
0.109134
0.109109
0.10911
0.109119
0.10909
0.109053
0.109036
0.109075
0.10907
0.109081
0.109062
0.109043
0.109006
0.108977
0.108984
0.108955
0.108931
0.108916
0.108891
0.108872
0.108838
0.108825
0.108819
0.108788
0.108818
0.108826
0.1088
0.108839
0.108808
0.10877
0.108748
0.10872
0.10874
0.108744
0.108723
0.1087
0.108671
0.108636
0.108629
0.108596
0.108593
0.108557
0.108545
0.108543
0.108548
0.108531
0.108527
0.108483
0.108477
0.108475
0.108481
0.108472
0.108465
0.10844
0.108449
0.108438
0.108414
0.108387
0.108371
0.108331
0.108354
0.108369
0.10838
0.108425
0.108422
0.108444
0.10843
0.108406
0.108419
0.108389
0.108352
0.108328
0.108363
0.108395
0.108367
0.108351
0.108361
0.108365
0.10831
0.108303
0.108317
0.108293
0.108261
0.108243
0.108215
0.108166
0.108139
0.108093
0.108073
0.108064
0.108058
0.108068
0.108093
0.108102
0.108075
0.108087
0.108096
0.108114
0.10815
0.10816
0.108211
0.108203
0.108222
0.108252
0.108257
0.108249
0.108264
0.10826
0.10832
0.108292
0.108298
0.108294
0.108327
0.108353
0.108303
0.108333
0.108334
0.108315
0.108312
0.108304
0.10828
0.108241
0.108234
0.108181
0.108168
0.108142
0.108158
0.108156
0.108168
0.108172
0.1082
0.108215
0.108263
0.108235
0.108226
0.108229
0.108244
0.108297
0.108284
0.108269
0.108272
0.108239
0.10821
0.108216
0.108206
0.108199
0.10825
0.108282
0.108296
0.108338
0.108358
0.108378
0.108427
0.108477
0.108464
0.10846
0.108487
0.108552
0.108533
0.108573
0.108572
0.108573
0.108599
0.108616
0.108601
0.108614
0.108584
0.108611
0.108654
0.108608
0.108634
0.108611
0.108596
0.108566
0.108538
0.108536
0.10857
0.108556
0.10857
0.108583
0.108578
0.108585
0.108555
0.108562
0.108563
0.108567
0.108558
0.108597
0.108602
0.1086
0.108621
0.1086
0.108606
0.108593
0.108598
0.108628
0.108693
0.108686
0.108711
0.108681
0.108662
0.108621
0.108643
0.108676
0.108669
0.108639
0.108632
0.108605
0.108623
0.108625
0.108595
0.108622
0.108581
0.108604
0.108593
0.10856
0.108552
0.108552
0.108574
0.10857
0.108535
0.108544
0.108552
0.108535
0.108561
0.108586
0.108598
0.108595
0.1086
0.108592
0.108589
0.108535
0.108521
0.108556
0.108568
0.10859
0.108628
0.108648
0.108651
0.108652
0.108644
0.108608
0.108587
0.108613
0.108606
0.108588
0.1086
0.10859
0.108561
0.108554
0.108529
0.108516
0.108559
0.108548
0.108515
0.108544
0.108494
0.10847
0.108477
0.108453
0.108443
0.108494
0.108481
0.108483
0.108479
0.108511
0.108563
0.10854
0.108525
0.108516
0.108473
0.108474
0.108497
0.108491
0.108474
0.108448
0.108445
0.108447
0.108434
0.108421
0.108425
0.10844
0.108432
0.108439
0.108491
0.108524
0.10851
0.10851
0.108561
0.108602
0.108604
0.108664
0.108687
0.108677
0.108681
0.108715
0.10873
0.108717
0.108756
0.108764
0.108758
0.108768
0.108827
0.108802
0.108814
0.108849
0.108851
0.108829
0.108786
0.108796
0.108813
0.10881
0.108851
0.108846
0.108866
0.108871
0.108834
0.108822
0.108817
0.108785
0.10877
0.108767
0.108773
0.108766
0.108756
0.10871
0.108714
0.108721
0.10874
0.108733
0.108748
0.108726
0.108715
0.108717
0.108709
0.10873
0.108724
0.108726
0.108794
0.108796
0.108774
0.108819
0.108802
0.108847
0.108871
0.108859
0.108847
0.108838
0.108834
0.108822
0.108831
0.108819
0.10881
0.108813
0.108791
0.108809
0.108823
0.108815
0.108824
0.108847
0.108834
0.108831
0.108816
0.108784
0.108742
0.10873
0.108725
0.108725
0.108722
0.108706
0.1087
0.108692
0.108694
0.108722
0.10871
0.108717
0.108679
0.108667
0.10868
0.108663
0.10864
0.108646
0.108645
0.10863
0.108617
0.108592
0.108587
0.108562
0.108555
0.10856
0.108541
0.108535
0.108522
0.108518
0.10853
0.108547
0.108529
0.108526
0.10851
0.108513
0.108508
0.108536
0.108533
0.108516
0.108495
0.108476
0.108461
0.10844
0.108447
0.108404
0.108438
0.108434
0.108459
0.108483
0.10852
0.108576
0.108557
0.10856
0.108551
0.108559
0.108577
0.108616
0.108644
0.108639
0.108611
0.108632
0.108652
0.108657
0.108674
0.108667
0.108642
0.108639
0.108636
0.108615
0.108637
0.108629
0.108627
0.108651
0.108737
0.108699
0.108763
0.108775
0.108766
0.108767
0.108777
0.108765
0.108783
0.108782
0.108788
0.108766
0.108798
0.108775
0.108756
0.108737
0.108756
0.108774
0.108747
0.108733
0.108741
0.108726
0.10874
0.108714
0.108764
0.10877
0.108775
0.108774
0.108768
0.108762
0.108752
0.10871
0.108719
0.108755
0.108749
0.108716
0.108732
0.108702
0.108691
0.10868
0.108679
0.108703
0.10871
0.108701
0.108717
0.108687
0.108699
0.108728
0.108726
0.108756
0.108772
0.108771
0.108811
0.108779
0.108761
0.108755
0.108722
0.108729
0.108742
0.108721
0.108743
0.108755
0.108727
0.108705
0.108671
0.108672
0.108682
0.1087
0.108681
0.108716
0.10872
0.108707
0.108689
0.108679
0.108698
0.108684
0.10866
0.108628
0.10864
0.108638
0.108623
0.108606
0.108592
0.108587
0.108565
0.108535
0.108514
0.108515
0.108501
0.10855
0.108531
0.108556
0.108558
0.108553
0.108553
0.108552
0.108551
0.108569
0.108555
0.108602
0.108598
0.108626
0.108646
0.108657
0.108704
0.10869
0.108711
0.108693
0.108724
0.108724
0.108719
0.108701
0.108708
0.108721
0.108726
0.108761
0.108753
0.108773
0.10877
0.108722
0.108709
0.108712
0.108723
0.108724
0.108768
0.108772
0.108757
0.108736
0.10873
0.108749
0.108797
0.108791
0.108817
0.108803
0.108783
0.108778
0.108755
0.108754
0.108732
0.108739
0.108734
0.108736
0.108701
0.108723
0.108732
0.108719
0.10875
0.108739
0.108706
0.108702
0.108707
0.108695
0.108688
0.108686
0.108668
0.108659
0.108622
0.108612
0.108641
0.108627
0.108592
0.108565
0.108578
0.108598
0.108584
0.108623
0.108627
0.108674
0.108666
0.108651
0.108632
0.10863
0.108643
0.108653
0.108633
0.108636
0.108638
0.10866
0.108648
0.108615
0.108594
0.10857
0.108565
0.108552
0.108575
0.108567
0.108569
0.108578
0.10854
0.108542
0.108524
0.108515
0.108531
0.10854
0.108539
0.108589
0.108566
0.108585
0.108575
0.108612
0.108609
0.108585
0.108578
0.108587
0.108575
0.108563
0.108553
0.108547
0.10853
0.108524
0.108482
0.108515
0.108493
0.108474
0.108453
0.10844
0.10845
0.108455
0.108418
0.108413
0.10839
0.108405
0.108382
0.108368
0.108381
0.108377
0.108361
0.108383
0.108438
0.108428
0.108415
0.10843
0.108419
0.108407
0.108398
0.10841
0.108422
0.108426
0.108393
0.108394
0.108376
0.108365
0.108364
0.108373
0.108356
0.108338
0.108307
0.108278
0.108271
0.108265
0.108295
0.108265
0.108247
0.108232
0.108234
0.108205
0.108198
0.108176
0.108174
0.108146
0.108139
0.108117
0.108126
0.108115
0.108128
0.108117
0.108165
0.108137
0.10815
0.108149
0.108149
0.108126
0.108105
0.108103
0.108129
0.108151
0.108174
0.108199
0.108221
0.108219
0.108213
0.108227
0.108199
0.108231
0.108213
0.108234
0.108277
0.108274
0.108289
0.108291
0.108299
0.108304
0.108295
0.108291
0.108281
0.108265
0.108296
0.108307
0.108281
0.108279
0.108277
0.108257
0.108264
0.10826
0.108229
0.108206
0.108211
0.108202
0.108196
0.108197
0.108196
0.108164
0.108148
0.108131
0.108151
0.10813
0.108136
0.108132
0.108109
0.108114
0.108153
0.108136
0.108127
0.108131
0.108134
0.108116
0.10808
0.108072
0.108057
0.108027
0.108036
0.108019
0.108023
0.108052
0.10801
0.107993
0.108012
0.108007
0.108023
0.107998
0.107974
0.107992
0.107994
0.107988
0.107975
0.10796
0.107947
0.107941
0.107946
0.107949
0.107938
0.107927
0.107926
0.107954
0.107921
0.107908
0.107923
0.10791
0.107899
0.107894
0.10789
0.107889
0.107917
0.107903
0.107875
0.107868
0.107868
0.107855
0.10783
0.107834
0.107837
0.107831
0.1078
0.107791
0.107769
0.10778
0.107771
0.107772
0.107782
0.107769
0.107771
0.107823
0.107842
0.107878
0.107903
0.107887
0.107942
0.107928
0.107936
0.10795
0.107958
0.107949
0.10799
0.107975
0.107967
0.10795
0.107949
0.107954
0.10795
0.107935
0.107912
0.107922
0.107902
0.10787
0.107869
0.107859
0.107844
0.107829
0.107814
0.107809
0.107817
0.107803
0.107811
0.107807
0.107842
0.107819
0.107827
0.107825
0.107811
0.107801
0.107784
0.107783
0.107762
0.10775
0.107758
0.107756
0.107739
0.107722
0.107738
0.107732
0.107724
0.107729
0.107726
0.107748
0.107726
0.107751
0.107754
0.10776
0.107754
0.107759
0.10776
0.10775
0.10775
0.107756
0.107744
0.10775
0.10772
0.107721
0.107703
0.107696
0.107677
0.107653
0.107679
0.107682
0.107656
0.107673
0.107646
0.107639
0.107616
0.107607
0.107624
0.107614
0.107626
0.107595
0.107608
0.107625
0.107611
0.107613
0.107618
0.107597
0.107594
0.107589
0.107561
0.107541
0.107541
0.107536
0.107512
0.107501
0.107488
0.107486
0.107503
0.107498
0.107527
0.107528
0.107495
0.10753
0.107547
0.107568
0.107579
0.107563
0.107571
0.107553
0.107557
0.107558
0.107567
0.107535
0.107525
0.107529
0.107506
0.107515
0.107546
0.107575
0.107558
0.107549
0.107541
0.107519
0.107513
0.107519
0.107542
0.107531
0.107523
0.107495
0.107497
0.107484
0.107466
0.107467
0.107458
0.107461
0.107474
0.107506
0.107496
0.107491
0.107492
0.107479
0.107466
0.107533
0.107548
0.107559
0.107548
0.107525
0.107506
0.107507
0.107523
0.107536
0.107567
0.107582
0.107574
0.107568
0.107573
0.107565
0.107566
0.107569
0.107583
0.107576
0.107554
0.107543
0.107533
0.107537
0.107504
0.107489
0.107486
0.107479
0.107471
0.107469
0.107494
0.107473
0.107452
0.107444
0.107442
0.107422
0.107404
0.107386
0.107356
0.107365
0.107342
0.107337
0.107327
0.107309
0.107317
0.107312
0.107314
0.107322
0.107315
0.107303
0.107279
0.107269
0.107279
0.107286
0.107293
0.107277
0.107265
0.107267
0.107253
0.107239
0.107243
0.107221
0.107231
0.107229
0.107219
0.107217
0.107238
0.107225
0.107209
0.107203
0.107215
0.10721
0.107211
0.1072
0.107231
0.107199
0.107189
0.107196
0.107199
0.107227
0.107212
0.10722
0.107227
0.107236
0.107204
0.107199
0.107206
0.107208
0.107187
0.107215
0.107206
0.107199
0.107217
0.107235
0.107264
0.107245
0.107249
0.107234
0.107239
0.107281
0.107318
0.107339
0.107378
0.107383
0.107441
0.107462
0.107448
0.107458
0.107465
0.107471
0.107473
0.107505
0.10748
0.107519
0.107518
0.107524
0.10755
0.10757
0.107551
0.107527
0.107524
0.107522
0.107539
0.10751
0.107517
0.107548
0.107544
0.107524
0.107525
0.107513
0.107531
0.107512
0.107531
0.107523
0.107509
0.107502
0.107511
0.107495
0.107516
0.107535
0.107528
0.107526
0.107513
0.107498
0.107549
0.10754
0.107552
0.107533
0.107565
0.107585
0.107604
0.107599
0.107605
0.107614
0.107654
0.107671
0.107675
0.107677
0.10769
0.107675
0.107708
0.10771
0.107728
0.107729
0.107733
0.107724
0.107724
0.107742
0.107725
0.107718
0.107708
0.10771
0.107711
0.107695
0.107724
0.107722
0.107712
0.107703
0.107722
0.107751
0.10776
0.107798
0.107824
0.107814
0.107821
0.107823
0.107847
0.10783
0.107835
0.107843
0.107852
0.107905
0.107926
0.107927
0.107927
0.107942
0.107963
0.107952
0.107965
0.107971
0.107978
0.107966
0.107976
0.107964
0.10796
0.107968
0.107928
0.107907
0.107903
0.10791
0.107923
0.107912
0.107919
0.107903
0.107891
0.107879
0.10787
0.107891
0.107883
0.10789
0.107903
0.107902
0.107871
0.10787
0.107862
0.10786
0.107844
0.107837
0.107864
0.10784
0.107844
0.107838
0.107821
0.107813
0.107808
0.107793
0.107779
0.107771
0.107749
0.107741
0.107737
0.107734
0.107745
0.107721
0.107698
0.107678
0.107673
0.107643
0.107638
0.107652
0.107661
0.107671
0.107666
0.107656
0.107644
0.107623
0.107603
0.107591
0.107584
0.107587
0.107584
0.107576
0.107564
0.107557
0.107582
0.10755
0.107548
0.107554
0.107549
0.107528
0.107525
0.107546
0.107536
0.107526
0.107503
0.107509
0.107513
0.107536
0.107565
0.107558
0.107538
0.107523
0.107507
0.107511
0.107513
0.10754
0.10754
0.107543
0.107528
0.107519
0.107513
0.107505
0.10749
0.107475
0.107481
0.107468
0.107475
0.107475
0.107483
0.107481
0.107464
0.107465
0.107454
0.107454
0.107464
0.107479
0.107462
0.107476
0.107476
0.107477
0.107468
0.107437
0.107427
0.107412
0.107395
0.10739
0.107376
0.107371
0.107361
0.10737
0.107345
0.107354
0.10734
0.10733
0.107329
0.107328
0.107327
0.107309
0.10731
0.107309
0.107332
0.107329
0.107336
0.107339
0.107324
0.107327
0.107321
0.10733
0.107334
0.107309
0.107326
0.107318
0.10733
0.107328
0.107374
0.107392
0.107398
0.107398
0.107394
0.107443
0.107418
0.107402
0.10738
0.107391
0.10738
0.107369
0.107377
0.107399
0.10738
0.107408
0.10741
0.107397
0.107379
0.107374
0.107386
0.107377
0.107359
0.107365
0.107384
0.10741
0.107421
0.107398
0.107405
0.107417
0.107453
0.107476
0.107458
0.10746
0.10748
0.107452
0.107454
0.107458
0.107466
0.107435
0.107432
0.107468
0.107457
0.107442
0.107452
0.10745
0.107458
0.107457
0.107436
0.107428
0.107429
0.107431
0.107421
0.107415
0.107399
0.107384
0.107357
0.107366
0.107356
0.10736
0.107338
0.107336
0.107361
0.107368
0.107372
0.107372
0.107354
0.107353
0.107346
0.107363
0.107378
0.107388
0.107384
0.107428
0.107453
0.10745
0.107446
0.107468
0.107462
0.107498
0.107503
0.107501
0.107515
0.107528
0.10754
0.107558
0.107548
0.107551
0.107566
0.107569
0.107568
0.107559
0.10757
0.107566
0.107582
0.107561
0.107558
0.107563
0.107569
0.107591
0.107608
0.107645
0.107666
0.107649
0.107658
0.107688
0.107659
0.107685
0.107675
0.107666
0.107676
0.107661
0.107644
0.107635
0.107642
0.107618
0.107627
0.10762
0.107614
0.107614
0.107619
0.107612
0.107617
0.107647
0.107632
0.107642
0.107652
0.107646
0.107638
0.107654
0.107661
0.107634
0.107635
0.107651
0.107653
0.107674
0.107687
0.107679
0.107676
0.107666
0.107652
0.107629
0.107649
0.107663
0.107667
0.107645
0.107632
0.107605
0.107582
0.107602
0.107614
0.107612
0.107623
0.107634
0.107632
0.107659
0.107639
0.107656
0.107673
0.107659
0.107667
0.107648
0.107645
0.107623
0.107598
0.107611
0.107615
0.107595
0.107587
0.107579
0.107561
0.107553
0.107543
0.107558
0.107599
0.107597
0.107586
0.107583
0.107593
0.107586
0.107594
0.107586
0.107595
0.107579
0.107582
0.107575
0.10757
0.107568
0.107562
0.10755
0.107542
0.107527
0.107513
0.107497
0.1075
0.107496
0.107485
0.10747
0.107476
0.107471
0.107446
0.107463
0.107454
0.107446
0.107419
0.107438
0.107452
0.107446
0.107435
0.10745
0.107447
0.107463
0.107477
0.107492
0.107501
0.107526
0.107514
0.107535
0.107515
0.107494
0.107473
0.107457
0.107468
0.107483
0.107519
0.107533
0.107527
0.107503
0.107481
0.107464
0.107466
0.107482
0.1075
0.10747
0.107447
0.10746
0.107509
0.107516
0.107535
0.107559
0.107536
0.107554
0.107548
0.10753
0.107523
0.107533
0.107518
0.107503
0.107497
0.1075
0.107509
0.107497
0.107497
0.10749
0.107494
0.107483
0.107478
0.107492
0.107478
0.107465
0.10745
0.107441
0.107424
0.107426
0.10741
0.107407
0.107388
0.107378
0.107376
0.107363
0.10735
0.107345
0.10736
0.107341
0.107339
0.107327
0.107314
0.107303
0.107295
0.107281
0.107284
0.10729
0.107297
0.107278
0.107269
0.107262
0.107286
0.107316
0.107309
0.107313
0.107332
0.107329
0.107308
0.107301
0.1073
0.107286
0.107265
0.107249
0.107217
0.107201
0.10717
0.107149
0.107147
0.107143
0.107129
0.107141
0.107141
0.107143
0.107144
0.107118
0.107101
0.10713
0.107133
0.107122
0.107121
0.107137
0.107115
0.107142
0.107164
0.107173
0.107208
0.107204
0.107185
0.107186
0.107189
0.107194
0.107205
0.107212
0.107221
0.107204
0.107205
0.107193
0.107206
0.107198
0.107235
0.107214
0.107222
0.107238
0.107215
0.107201
0.107197
0.107192
0.107173
0.10718
0.107178
0.107182
0.10717
0.107161
0.107147
0.107164
0.107158
0.107182
0.107172
0.107151
0.107158
0.107181
0.107192
0.107182
0.107174
0.107175
0.107192
0.107186
0.107178
0.107182
0.107179
0.107184
0.107176
0.107183
0.107192
0.107233
0.10723
0.107218
0.107223
0.107214
0.107249
0.107245
0.107253
0.107238
0.107252
0.107256
0.107264
0.107268
0.107262
0.107261
0.107252
0.10724
0.107222
0.107211
0.107219
0.107223
0.107205
0.107189
0.107193
0.107187
0.107189
0.10721
0.107198
0.107191
0.107196
0.107192
0.107184
0.107201
0.107195
0.107205
0.107191
0.10719
0.107186
0.107166
0.107163
0.107166
0.107151
0.107142
0.107137
0.107127
0.107124
0.107129
0.107135
0.107129
0.10714
0.107124
0.107146
0.107154
0.107131
0.107112
0.107083
0.107081
0.107073
0.107061
0.107055
0.107041
0.107043
0.107056
0.10705
0.107047
0.107023
0.107002
0.107024
0.107048
0.10705
0.107044
0.107037
0.107021
0.107013
0.107011
0.107009
0.107009
0.107011
0.107016
0.10703
0.107021
0.107008
0.10701
0.107024
0.107015
0.107016
0.107001
0.106993
0.107015
0.107029
0.107024
0.107026
0.107031
0.107051
0.107066
0.107076
0.107092
0.107102
0.107096
0.107094
0.10708
0.107092
0.10711
0.107135
0.107138
0.107153
0.10719
0.107181
0.107187
0.10721
0.107212
0.107196
0.107194
0.107196
0.107189
0.107197
0.10722
0.107204
0.10718
0.107176
0.107168
0.107166
0.107175
0.107145
0.107141
0.107175
0.107192
0.107194
0.107184
0.107171
0.107171
0.107188
0.107189
0.107175
0.107175
0.107169
0.107143
0.10714
0.107132
0.107133
0.107134
0.107112
0.107099
0.107092
0.10708
0.107073
0.107052
0.107042
0.107037
0.107039
0.107036
0.107055
0.107069
0.10707
0.107085
0.107081
0.107075
0.10705
0.107046
0.107047
0.107039
0.107038
0.107043
0.107045
0.107049
0.107056
0.107062
0.107062
0.107073
0.107065
0.107065
0.107057
0.107048
0.107053
0.107074
0.107117
0.107124
0.107138
0.107132
0.107129
0.107126
0.107127
0.107117
0.107115
0.107126
0.107141
0.107154
0.107138
0.107145
0.107146
0.10714
0.107119
0.107111
0.107121
0.107107
0.107116
0.107121
0.10712
0.107114
0.107122
0.107126
0.107125
0.107136
0.107172
0.107149
0.107144
0.107129
0.107129
0.107112
0.107106
0.107098
0.107091
0.107087
0.107088
0.107099
0.107111
0.107121
0.107135
0.107157
0.107161
0.107177
0.107181
0.107176
0.107205
0.107232
0.107235
0.107248
0.107253
0.107284
0.107275
0.107288
0.107279
0.107269
0.107273
0.107282
0.10727
0.107275
0.10728
0.107283
0.107269
0.107282
0.107286
0.107278
0.10726
0.107281
0.107299
0.107303
0.107304
0.107307
0.107301
0.107309
0.107303
0.107297
0.107294
0.107301
0.107319
0.107326
0.107343
0.107329
0.107345
0.107346
0.107344
0.107334
0.107334
0.107333
0.107306
0.107309
0.107297
0.107295
0.107282
0.107279
0.107278
0.107269
0.107281
0.107275
0.107263
0.107264
0.10726
0.107239
0.107246
0.10724
0.107224
0.10722
0.107217
0.107206
0.107184
0.107174
0.107152
0.107163
0.10715
0.107159
0.107152
0.107153
0.10713
0.107126
0.107121
0.107137
0.107144
0.107131
0.107154
0.107149
0.107139
0.107125
0.107115
0.1071
0.107096
0.107084
0.107074
0.107107
0.107093
0.107077
0.107055
0.107067
0.107059
0.107071
0.107056
0.107075
0.107073
0.10707
0.107086
0.107078
0.107068
0.107079
0.107069
0.107086
0.107085
0.107094
0.107094
0.10708
0.10709
0.107094
0.107099
0.107091
0.107103
0.107135
0.107137
0.10714
0.107145
0.107142
0.107148
0.107171
0.107178
0.107177
0.107186
0.107181
0.10718
0.107165
0.10714
0.107135
0.10711
0.107092
0.107082
0.107058
0.107045
0.107043
0.107041
0.107029
0.107021
0.107006
0.107013
0.107
0.107022
0.107031
0.107032
0.107024
0.107013
0.107021
0.107037
0.107061
0.107052
0.107049
0.107056
0.107037
0.107033
0.107034
0.107033
0.107025
0.107012
0.107001
0.106993
0.107001
0.106989
0.106996
0.106996
0.107005
0.107024
0.107024
0.10702
0.107033
0.107035
0.107036
0.107032
0.107025
0.107002
0.107
0.106996
0.106997
0.106997
0.106999
0.106989
0.106979
0.106965
0.106961
0.106963
0.106951
0.106935
0.106941
0.106936
0.106934
0.106912
0.106895
0.106893
0.106864
0.106865
0.106867
0.106862
0.106844
0.106814
0.106799
0.10681
0.106801
0.106787
0.10678
0.106765
0.106757
0.106745
0.106743
0.106738
0.106746
0.106735
0.106747
0.10674
0.10674
0.106745
0.106746
0.106733
0.106726
0.106733
0.10673
0.106715
0.10672
0.106704
0.106713
0.106709
0.106707
0.10671
0.106694
0.106676
0.106671
0.106676
0.106666
0.106664
0.106661
0.106676
0.106666
0.106658
0.106655
0.106658
0.106668
0.106676
0.106657
0.106672
0.106652
0.106642
0.106641
0.106641
0.106649
0.106663
0.106669
0.106663
0.106665
0.106669
0.106648
0.10666
0.106647
0.106645
0.10664
0.106647
0.106635
0.106637
0.106643
0.10663
0.106618
0.106603
0.106582
0.10658
0.106567
0.106547
0.106533
0.106516
0.10651
0.106512
0.106494
0.106494
0.106505
0.106493
0.106504
0.106492
0.106482
0.106494
0.106499
0.106503
0.106525
0.106523
0.106527
0.106537
0.106535
0.106533
0.106531
0.106552
0.106553
0.106535
0.106529
0.106548
0.106554
0.106541
0.10654
0.10654
0.106532
0.106557
0.106556
0.106569
0.106567
0.106575
0.106568
0.106563
0.106567
0.106558
0.106549
0.106558
0.106559
0.106554
0.106581
0.106583
0.106588
0.10659
0.106585
0.106568
0.106564
0.106568
0.106575
0.106567
0.106545
0.106557
0.106545
0.106535
0.106545
0.106562
0.106573
0.106547
0.10657
0.106573
0.106555
0.106569
0.106546
0.106535
0.106534
0.106523
0.106519
0.106508
0.106509
0.106492
0.106473
0.106472
0.106468
0.106485
0.106505
0.10651
0.106528
0.106528
0.106509
0.106505
0.106512
0.106554
0.106557
0.106555
0.106551
0.106525
0.106519
0.106533
0.10654
0.106563
0.106567
0.106559
0.106563
0.106569
0.1066
0.106591
0.106591
0.106597
0.106595
0.106598
0.106579
0.106574
0.106562
0.106562
0.106572
0.106588
0.106609
0.106617
0.106606
0.106614
0.106614
0.106601
0.106596
0.106614
0.106592
0.106607
0.106617
0.106612
0.106619
0.10662
0.106609
0.106605
0.106626
0.106627
0.106634
0.106634
0.106633
0.106656
0.106666
0.106653
0.106634
0.106653
0.106679
0.106671
0.106655
0.106648
0.106639
0.106634
0.106619
0.106611
0.106619
0.10662
0.106609
0.106584
0.10657
0.106561
0.10655
0.106524
0.106508
0.106494
0.106491
0.106484
0.106483
0.106476
0.106457
0.106445
0.106442
0.106439
0.106427
0.106422
0.106419
0.106411
0.106407
0.106399
0.106394
0.106397
0.106397
0.106382
0.106378
0.106408
0.106417
0.106434
0.106441
0.10644
0.106439
0.106454
0.106458
0.106478
0.106482
0.106475
0.106468
0.106472
0.106475
0.106453
0.106449
0.106454
0.106445
0.106445
0.106448
0.106442
0.106442
0.106437
0.106466
0.106468
0.106474
0.106476
0.106479
0.10648
0.10646
0.106455
0.106449
0.106446
0.106466
0.106461
0.106462
0.10646
0.106443
0.106424
0.106414
0.106419
0.106417
0.106413
0.106443
0.106438
0.106462
0.106471
0.106462
0.106449
0.106434
0.106449
0.106462
0.106467
0.106455
0.106452
0.106449
0.106452
0.106444
0.106453
0.106471
0.106468
0.106473
0.106462
0.106459
0.106449
0.106458
0.106467
0.106472
0.106466
0.106459
0.106462
0.106447
0.106442
0.106434
0.106426
0.106421
0.106419
0.106417
0.106414
0.106417
0.106422
0.106442
0.106447
0.106462
0.106451
0.106467
0.106453
0.106464
0.106475
0.106487
0.10648
0.106481
0.106468
0.106475
0.106481
0.10648
0.10648
0.106489
0.106499
0.106523
0.106534
0.10655
0.106549
0.106545
0.10655
0.106548
0.106535
0.106561
0.106571
0.106584
0.106602
0.106606
0.106621
0.106626
0.106622
0.106628
0.106628
0.106631
0.106617
0.106636
0.106643
0.106666
0.10665
0.106655
0.106676
0.10667
0.106658
0.106654
0.106649
0.106652
0.106636
0.106628
0.106626
0.106625
0.106609
0.106602
0.106602
0.106593
0.106594
0.106592
0.106582
0.106566
0.106573
0.106574
0.106557
0.106557
0.106552
0.106528
0.106532
0.106524
0.106529
0.106527
0.106514
0.106498
0.106493
0.106496
0.106486
0.106488
0.106473
0.106475
0.106477
0.106467
0.106468
0.106464
0.106472
0.106462
0.10646
0.10646
0.106443
0.106451
0.106453
0.106431
0.106437
0.10643
0.106433
0.106446
0.106436
0.106434
0.106426
0.106446
0.106447
0.106432
0.106439
0.106422
0.106426
0.106425
0.106447
0.10644
0.106444
0.106457
0.10644
0.106463
0.106462
0.106472
0.106464
0.106475
0.106466
0.106452
0.106446
0.106444
0.106435
0.106438
0.106433
0.106415
0.106406
0.106406
0.106411
0.106395
0.106373
0.10639
0.106377
0.106374
0.10637
0.106365
0.106363
0.106375
0.106369
0.106364
0.106361
0.10635
0.106342
0.106334
0.106334
0.106318
0.106318
0.106318
0.106326
0.106305
0.106292
0.10629
0.106305
0.106303
0.106313
0.106318
0.10633
0.106334
0.106324
0.106318
0.106304
0.106293
0.106298
0.106289
0.106299
0.106283
0.106304
0.106325
0.106338
0.106336
0.10634
0.106332
0.10634
0.106336
0.10632
0.106323
0.106312
0.106321
0.106327
0.10631
0.106308
0.106306
0.10632
0.106308
0.106308
0.106323
0.106341
0.106349
0.106351
0.106347
0.106349
0.106344
0.106343
0.106351
0.106378
0.106395
0.1064
0.106397
0.106392
0.106396
0.10638
0.106376
0.106361
0.106353
0.10636
0.106366
0.106385
0.106399
0.10641
0.106423
0.106449
0.106454
0.106457
0.106452
0.106454
0.10645
0.106429
0.106409
0.106402
0.106414
0.106416
0.10642
0.106433
0.106449
0.106448
0.106464
0.106453
0.106467
0.106451
0.106467
0.106479
0.106486
0.106472
0.106472
0.106469
0.106494
0.106483
0.106502
0.106495
0.106486
0.106476
0.106474
0.106463
0.106448
0.10646
0.106447
0.106437
0.106424
0.106404
0.106422
0.106433
0.106425
0.106405
0.106413
0.1064
0.106391
0.106371
0.106376
0.106384
0.106379
0.106379
0.106379
0.106377
0.106378
0.106379
0.106366
0.106355
0.10635
0.106358
0.106353
0.106334
0.106321
0.106311
0.106315
0.106303
0.106327
0.106326
0.10633
0.106331
0.106314
0.106321
0.106309
0.106299
0.106294
0.106277
0.106275
0.106258
0.106244
0.106265
0.106272
0.106282
0.106293
0.106323
0.106343
0.106339
0.106339
0.106333
0.106343
0.10634
0.106332
0.106325
0.106314
0.106292
0.106302
0.106301
0.106308
0.106308
0.106318
0.106332
0.106313
0.106308
0.106309
0.106322
0.106339
0.106338
0.106358
0.106368
0.106366
0.106359
0.106354
0.106355
0.106343
0.106367
0.106376
0.106394
0.10638
0.106381
0.106387
0.106375
0.106371
0.10639
0.106385
0.106377
0.106376
0.106394
0.106396
0.106407
0.106413
0.106401
0.106395
0.106378
0.106373
0.10637
0.106373
0.106361
0.106355
0.106342
0.10634
0.106344
0.106351
0.106347
0.106339
0.106332
0.106306
0.10629
0.106284
0.106277
0.106279
0.106298
0.106316
0.106321
0.106305
0.10631
0.106307
0.106305
0.106313
0.106318
0.106335
0.106347
0.10635
0.106347
0.106345
0.106353
0.10636
0.106346
0.10635
0.106358
0.106367
0.106369
0.106364
0.106373
0.10638
0.106368
0.106368
0.106358
0.106357
0.106367
0.106371
0.106382
0.106384
0.106389
0.106405
0.106396
0.106381
0.106376
0.106393
0.106399
0.106386
0.106387
0.106397
0.106411
0.106427
0.10643
0.106434
0.106447
0.106445
0.106459
0.106464
0.106466
0.106478
0.106487
0.106493
0.106511
0.106519
0.106537
0.106533
0.106552
0.10657
0.106568
0.106552
0.106561
0.106567
0.106559
0.106572
0.106574
0.106561
0.10657
0.106584
0.106575
0.106571
0.106569
0.106568
0.106557
0.106543
0.106524
0.106518
0.106522
0.106517
0.106518
0.106507
0.106501
0.106494
0.106503
0.106497
0.106474
0.106478
0.106489
0.106495
0.106491
0.106489
0.106489
0.106492
0.106496
0.106492
0.106484
0.106477
0.106486
0.106488
0.106498
0.10653
0.106538
0.106565
0.106591
0.106605
0.106618
0.106617
0.106621
0.106621
0.106609
0.106629
0.106631
0.106619
0.106622
0.106604
0.106586
0.10659
0.106602
0.106612
0.106616
0.106604
0.106611
0.10661
0.106614
0.106603
0.106585
0.106571
0.106565
0.106565
0.106556
0.106558
0.106561
0.106551
0.106549
0.106561
0.106557
0.106555
0.106547
0.106535
0.10655
0.106553
0.106554
0.106545
0.106541
0.106558
0.106578
0.106581
0.106569
0.10656
0.106545
0.10655
0.106544
0.106554
0.106557
0.106567
0.10656
0.106547
0.106539
0.106528
0.106517
0.106496
0.10649
0.106486
0.106483
0.106474
0.106455
0.106446
0.106436
0.106436
0.106433
0.106421
0.10642
0.106417
0.106403
0.10642
0.106411
0.106418
0.106413
0.106412
0.106407
0.106391
0.106402
0.106397
0.10638
0.106375
0.106357
0.106368
0.106368
0.106376
0.106372
0.106368
0.106344
0.106336
0.106333
0.106328
0.106324
0.106309
0.106292
0.106308
0.106309
0.1063
0.106319
0.10634
0.106349
0.106341
0.10635
0.106357
0.106352
0.106352
0.106347
0.106347
0.10636
0.106353
0.106364
0.106359
0.106365
0.106359
0.106361
0.106344
0.106334
0.106326
0.10633
0.106311
0.10631
0.106308
0.106289
0.106283
0.106274
0.106263
0.106274
0.106255
0.106245
0.106246
0.106239
0.106228
0.10624
0.106241
0.106235
0.106234
0.106242
0.106241
0.106231
0.106228
0.106222
0.106224
0.106223
0.106238
0.106232
0.106231
0.106223
0.10622
0.106216
0.106215
0.106201
0.106194
0.106181
0.106189
0.106187
0.106178
0.106169
0.106161
0.10616
0.106144
0.106133
0.106138
0.106145
0.106146
0.106139
0.106144
0.106131
0.10614
0.106137
0.106131
0.106126
0.106125
0.106117
0.106118
0.106125
0.106123
0.106129
0.106133
0.106139
0.106124
0.106131
0.106112
0.106121
0.106121
0.106149
0.106152
0.106135
0.106148
0.106148
0.106157
0.106158
0.106147
0.106139
0.106135
0.106136
0.10614
0.106144
0.106134
0.106146
0.106151
0.106146
0.10616
0.106164
0.106175
0.106184
0.106171
0.106169
0.106172
0.106167
0.106167
0.106167
0.106175
0.106166
0.106176
0.106181
0.106186
0.106181
0.106162
0.106158
0.10614
0.106152
0.106144
0.106147
0.106143
0.106143
0.106143
0.106141
0.106142
0.106166
0.106166
0.10618
0.106179
0.10619
0.10622
0.106229
0.106232
0.106222
0.106234
0.106229
0.106251
0.106247
0.106247
0.106242
0.106255
0.106249
0.106246
0.106259
0.106264
0.106264
0.106267
0.106293
0.106302
0.106322
0.106339
0.106342
0.106349
0.106338
0.106314
0.106311
0.106311
0.106313
0.106298
0.106295
0.106303
0.106307
0.106307
0.106312
0.106298
0.1063
0.106309
0.10631
0.106297
0.106298
0.106295
0.106289
0.106281
0.106277
0.106279
0.106294
0.106284
0.10627
0.106251
0.106244
0.106226
0.106216
0.10621
0.106199
0.106192
0.106191
0.106191
0.10618
0.106198
0.106189
0.106173
0.106158
0.106157
0.106154
0.106142
0.106133
0.106127
0.106113
0.106119
0.106109
0.106106
0.1061
0.106107
0.106114
0.106102
0.106108
0.106094
0.106088
0.106083
0.106073
0.106063
0.106055
0.106039
0.106046
0.106049
0.106043
0.106045
0.106049
0.10604
0.106043
0.106047
0.106042
0.106051
0.106052
0.106039
0.106041
0.106032
0.106046
0.106031
0.106015
0.106007
0.106001
0.105989
0.105985
0.105985
0.105971
0.105962
0.105956
0.105949
0.105948
0.105943
0.105935
0.105941
0.105947
0.105942
0.105931
0.105925
0.105926
0.105923
0.105915
0.105909
0.105896
0.105888
0.105885
0.105885
0.105873
0.105858
0.105855
0.105835
0.105834
0.105832
0.105823
0.105813
0.105815
0.105794
0.105778
0.10577
0.105762
0.105767
0.105752
0.105748
0.105744
0.105748
0.10574
0.105742
0.105731
0.105732
0.10572
0.10572
0.105737
0.105735
0.105731
0.105744
0.105748
0.105728
0.105719
0.105716
0.105726
0.105712
0.105706
0.105701
0.105707
0.105703
0.105706
0.10569
0.105693
0.105695
0.105695
0.105688
0.105686
0.105683
0.105699
0.105683
0.105678
0.105666
0.105651
0.10565
0.105655
0.105645
0.105641
0.10563
0.105628
0.105633
0.105623
0.105635
0.105656
0.105677
0.10569
0.105706
0.105715
0.105715
0.105708
0.1057
0.105695
0.105701
0.105706
0.105717
0.105726
0.105741
0.10575
0.105739
0.105738
0.105728
0.105719
0.105709
0.105696
0.105693
0.105701
0.10569
0.105687
0.10567
0.105668
0.105682
0.105691
0.105695
0.105693
0.10567
0.105651
0.105638
0.105621
0.10561
0.105593
0.105573
0.105569
0.105578
0.105571
0.105555
0.10554
0.105538
0.105532
0.105525
0.105513
0.105505
0.10551
0.105505
0.105506
0.105508
0.105503
0.105502
0.105492
0.105496
0.105481
0.105481
0.105474
0.105479
0.105477
0.10548
0.105498
0.105485
0.105476
0.105475
0.105483
0.105477
0.10546
0.105468
0.105457
0.105458
0.105452
0.105448
0.105444
0.105441
0.105443
0.105437
0.105431
0.105431
0.105421
0.105414
0.105412
0.105404
0.1054
0.105398
0.105398
0.105391
0.105396
0.105397
0.105387
0.105381
0.105387
0.105395
0.105394
0.105376
0.10538
0.105377
0.105378
0.105378
0.105394
0.105386
0.105388
0.105384
0.105376
0.105374
0.10538
0.105387
0.105367
0.105354
0.105349
0.105328
0.10532
0.105325
0.105322
0.105325
0.105342
0.105341
0.105339
0.105336
0.105339
0.105341
0.105345
0.10533
0.105343
0.105336
0.105324
0.105313
0.105308
0.10531
0.105302
0.105293
0.105302
0.105296
0.105303
0.105301
0.105305
0.105302
0.10529
0.105286
0.10528
0.105289
0.105285
0.105284
0.10527
0.105272
0.105254
0.105241
0.105247
0.105238
0.105239
0.105235
0.105238
0.105224
0.105215
0.105226
0.10521
0.10522
0.105211
0.105211
0.105205
0.105198
0.105189
0.105176
0.105172
0.10518
0.105163
0.105159
0.105155
0.105164
0.105187
0.105205
0.1052
0.105196
0.105187
0.105182
0.105178
0.105167
0.105153
0.105143
0.105139
0.105146
0.105154
0.10516
0.105173
0.105171
0.105176
0.10516
0.105166
0.105155
0.105135
0.10513
0.105136
0.105127
0.105129
0.105126
0.105116
0.105109
0.105113
0.105115
0.10511
0.105109
0.105107
0.105107
0.105125
0.105124
0.105112
0.105121
0.105125
0.105119
0.105105
0.105087
0.105095
0.10509
0.105081
0.105064
0.105063
0.105074
0.105078
0.105063
0.105066
0.105077
0.105067
0.105071
0.105076
0.105085
0.105073
0.105071
0.105063
0.105063
0.105068
0.105078
0.105087
0.105087
0.105082
0.105074
0.10507
0.105073
0.105074
0.105068
0.105059
0.105049
0.105048
0.105039
0.105041
0.105065
0.105086
0.1051
0.105111
0.105108
0.1051
0.1051
0.105108
0.105107
0.105101
0.105111
0.105117
0.105099
0.105101
0.105084
0.105082
0.105081
0.10507
0.105065
0.10505
0.105051
0.105046
0.105048
0.105055
0.105058
0.105055
0.105049
0.105043
0.105038
0.105043
0.105039
0.105024
0.105025
0.105013
0.105014
0.105011
0.105008
0.104997
0.104987
0.104984
0.104989
0.104984
0.10501
0.10501
0.105007
0.105007
0.105005
0.105009
0.105018
0.105006
0.105003
0.105014
0.105019
0.105001
0.105017
0.105025
0.105025
0.105026
0.105019
0.105015
0.105013
0.105005
0.105019
0.105015
0.105014
0.105002
0.104995
0.105
0.10499
0.104998
0.104984
0.104984
0.10498
0.104986
0.104994
0.104998
0.104993
0.104985
0.104986
0.104997
0.105004
0.104994
0.104984
0.104983
0.104991
0.104982
0.104986
0.104981
0.104983
0.104991
0.104998
0.104999
0.104989
0.104989
0.104978
0.104972
0.104975
0.104963
0.104971
0.104972
0.10497
0.104966
0.104967
0.104956
0.104943
0.104949
0.104941
0.104937
0.104932
0.104936
0.104927
0.104923
0.104933
0.104941
0.104939
0.104928
0.104921
0.104919
0.104911
0.104902
0.104909
0.104901
0.104896
0.104877
0.104861
0.104864
0.104849
0.104849
0.104834
0.104831
0.104861
0.104875
0.104865
0.104856
0.104853
0.104851
0.104839
0.104849
0.10487
0.104872
0.104871
0.104884
0.104883
0.104873
0.104872
0.104873
0.104875
0.104891
0.104893
0.104881
0.104877
0.104883
0.104873
0.10486
0.104861
0.104853
0.104848
0.104853
0.104841
0.104832
0.104824
0.104841
0.104826
0.104827
0.104833
0.104828
0.104824
0.104818
0.104799
0.104788
0.104793
0.104799
0.104794
0.104803
0.10481
0.104826
0.104834
0.10483
0.104833
0.104838
0.104828
0.104835
0.104843
0.104846
0.104836
0.104843
0.104852
0.104845
0.104845
0.104851
0.104846
0.104866
0.10488
0.104879
0.10488
0.104876
0.104873
0.104865
0.104872
0.104863
0.104861
0.104856
0.104859
0.104856
0.104866
0.104874
0.104886
0.104885
0.10488
0.104893
0.104894
0.104893
0.104894
0.104888
0.104905
0.10492
0.104928
0.104919
0.104924
0.104921
0.104928
0.104935
0.104928
0.104938
0.104926
0.104921
0.104917
0.104921
0.104909
0.104918
0.10492
0.104922
0.104917
0.104924
0.104928
0.104938
0.104947
0.104938
0.104946
0.104944
0.104944
0.104947
0.104937
0.104936
0.104931
0.104917
0.104909
0.104901
0.104897
0.1049
0.104915
0.104912
0.104906
0.104908
0.104904
0.104903
0.104894
0.104902
0.104905
0.104939
0.10494
0.104953
0.104941
0.104946
0.104934
0.10493
0.104946
0.104939
0.104939
0.104944
0.104943
0.104955
0.104958
0.104969
0.104966
0.104973
0.104974
0.104965
0.104964
0.104955
0.104952
0.104951
0.104946
0.104935
0.104936
0.104938
0.104935
0.104927
0.104917
0.104907
0.104898
0.104894
0.104883
0.104888
0.104892
0.104903
0.1049
0.1049
0.104897
0.104892
0.104878
0.104898
0.104911
0.104911
0.104925
0.104933
0.104952
0.104953
0.104951
0.104939
0.104945
0.104957
0.104957
0.10495
0.104944
0.104949
0.104956
0.104938
0.104926
0.104923
0.104929
0.104921
0.104916
0.104919
0.10493
0.104926
0.104928
0.104942
0.104946
0.104944
0.104937
0.10493
0.104929
0.104935
0.104952
0.104966
0.104967
0.104976
0.104989
0.105024
0.105015
0.105009
0.105012
0.105026
0.105038
0.105045
0.105036
0.105041
0.105039
0.105053
0.105052
0.105065
0.105049
0.105065
0.105064
0.105061
0.105077
0.105076
0.105078
0.105096
0.105114
0.105107
0.105099
0.105101
0.105112
0.105145
0.105142
0.105148
0.105137
0.105134
0.105131
0.105138
0.105134
0.105121
0.10512
0.105117
0.105114
0.10511
0.105109
0.105121
0.105111
0.105119
0.105114
0.105112
0.105116
0.105129
0.10513
0.105133
0.105116
0.10512
0.105127
0.105124
0.105121
0.105113
0.105108
0.10512
0.105123
0.105116
0.105118
0.105113
0.105108
0.105109
0.105108
0.105117
0.105122
0.105118
0.105127
0.105136
0.105138
0.105143
0.105129
0.105125
0.105145
0.105139
0.105134
0.10513
0.105136
0.105137
0.105125
0.105119
0.105116
0.105128
0.105142
0.105149
0.105153
0.105145
0.105133
0.105144
0.105138
0.105139
0.105139
0.105143
0.105159
0.105163
0.105162
0.105162
0.105154
0.10517
0.105154
0.105174
0.105174
0.105176
0.105174
0.105175
0.105188
0.10519
0.105184
0.105195
0.105191
0.105184
0.105201
0.105201
0.105211
0.105214
0.105205
0.105197
0.105198
0.105194
0.105205
0.105192
0.105194
0.105197
0.105199
0.105189
0.105183
0.105178
0.105172
0.105161
0.10516
0.105144
0.105148
0.105135
0.105143
0.105155
0.105147
0.105147
0.105148
0.105146
0.105136
0.105126
0.105129
0.105146
0.105163
0.10518
0.105171
0.105172
0.105195
0.105205
0.105223
0.105214
0.105211
0.10521
0.105219
0.105244
0.105248
0.105241
0.105239
0.105231
0.105234
0.105246
0.105237
0.105224
0.105221
0.105217
0.105221
0.105222
0.105219
0.105219
0.105214
0.105217
0.10522
0.105211
0.105211
0.105206
0.1052
0.105194
0.105196
0.10518
0.105182
0.105194
0.105181
0.105184
0.105175
0.105168
0.10516
0.105161
0.105151
0.105142
0.105151
0.10516
0.105156
0.105147
0.10513
0.10513
0.10513
0.10514
0.105132
0.105138
0.105152
0.105144
0.105141
0.105133
0.105125
0.105113
0.105116
0.105101
0.105105
0.105096
0.105098
0.105103
0.10511
0.105095
0.105095
0.105094
0.105092
0.105076
0.105075
0.105075
0.105063
0.105064
0.105067
0.105073
0.105074
0.105075
0.105072
0.105096
0.105091
0.105099
0.105114
0.105104
0.105116
0.105109
0.105121
0.105125
0.105127
0.10514
0.105151
0.10517
0.105167
0.105168
0.105172
0.105167
0.105164
0.105154
0.105155
0.105161
0.105156
0.105157
0.105156
0.105156
0.105171
0.105172
0.10517
0.105174
0.105177
0.105172
0.105186
0.105187
0.1052
0.105196
0.105187
0.105171
0.105168
0.105185
0.105179
0.105183
0.105193
0.105192
0.105191
0.105196
0.105201
0.105199
0.105191
0.10518
0.105167
0.105177
0.105172
0.105162
0.105146
0.105139
0.105141
0.105146
0.105132
0.10513
0.105124
0.105126
0.105131
0.105129
0.105126
0.105135
0.10513
0.105132
0.105144
0.105147
0.105142
0.105138
0.105142
0.105176
0.105178
0.105178
0.105184
0.10517
0.105157
0.10516
0.105156
0.105154
0.10515
0.105149
0.105133
0.105118
0.10511
0.105111
0.105107
0.105112
0.105111
0.105116
0.105107
0.105104
0.105102
0.105086
0.105086
0.105093
0.105099
0.105089
0.105091
0.105079
0.105072
0.105068
0.105056
0.105071
0.105075
0.105088
0.105104
0.105088
0.105125
0.105131
0.105119
0.105119
0.105114
0.105097
0.105105
0.1051
0.10511
0.105103
0.105091
0.105101
0.105097
0.105099
0.105093
0.105104
0.105118
0.105122
0.105115
0.10512
0.105125
0.105131
0.105129
0.105144
0.10517
0.105172
0.105175
0.105172
0.105195
0.105195
0.105206
0.105217
0.105211
0.105213
0.105198
0.105197
0.105202
0.105205
0.10522
0.105224
0.105223
0.105224
0.105241
0.105233
0.105226
0.105229
0.105233
0.10525
0.105242
0.105248
0.105244
0.105235
0.105229
0.105228
0.105226
0.10522
0.105231
0.105234
0.105229
0.105235
0.105243
0.105233
0.105234
0.10524
0.105227
0.105242
0.10524
0.105251
0.105247
0.10524
0.105258
0.105273
0.105288
0.105284
0.10529
0.105291
0.105319
0.105327
0.105325
0.105317
0.105307
0.105312
0.105303
0.10531
0.105309
0.105303
0.105293
0.105278
0.105281
0.105267
0.105262
0.105251
0.105245
0.105247
0.105248
0.10526
0.105249
0.105257
0.105273
0.105276
0.105276
0.10528
0.105264
0.105267
0.105263
0.105264
0.105266
0.105265
0.10526
0.105254
0.105266
0.105268
0.105273
0.10528
0.105281
0.105289
0.105291
0.105301
0.105337
0.105343
0.10534
0.105344
0.10534
0.105343
0.105339
0.10533
0.105323
0.105322
0.105306
0.105299
0.105305
0.105313
0.105324
0.105323
0.10531
0.105312
0.105332
0.105335
0.105347
0.105345
0.105345
0.105337
0.105329
0.105336
0.105336
0.105333
0.105333
0.105333
0.105319
0.10531
0.105301
0.105306
0.105297
0.105289
0.105284
0.105276
0.105288
0.105287
0.105302
0.105304
0.105309
0.105304
0.105326
0.105331
0.105335
0.105331
0.105324
0.105326
0.105314
0.105307
0.105305
0.105302
0.105295
0.105284
0.105279
0.105273
0.10526
0.105262
0.10526
0.105251
0.10525
0.10525
0.105234
0.10522
0.105206
0.105212
0.105215
0.105201
0.105201
0.105199
0.105197
0.105182
0.105171
0.105177
0.105174
0.105165
0.105165
0.105168
0.105163
0.105153
0.105159
0.105155
0.105148
0.105158
0.105146
0.105151
0.105145
0.105146
0.105157
0.105155
0.105159
0.105165
0.105159
0.105154
0.105158
0.105155
0.10515
0.105147
0.105143
0.105158
0.105161
0.105167
0.105161
0.105163
0.105164
0.105164
0.105161
0.10516
0.105156
0.105155
0.105146
0.105149
0.105141
0.105132
0.105139
0.105142
0.105146
0.105142
0.105132
0.105128
0.105127
0.105128
0.105133
0.10513
0.105126
0.105136
0.105127
0.105119
0.105119
0.105106
0.105105
0.105093
0.105091
0.1051
0.105085
0.105085
0.105099
0.105102
0.1051
0.105092
0.105087
0.105075
0.105073
0.105079
0.105075
0.105082
0.105071
0.105065
0.105075
0.105074
0.105068
0.105056
0.105056
0.105047
0.105047
0.105052
0.105037
0.10503
0.105032
0.105035
0.105028
0.105032
0.105023
0.10502
0.105016
0.105008
0.105005
0.104987
0.104979
0.104971
0.104962
0.104955
0.104952
0.104954
0.104958
0.104947
0.104938
0.104934
0.104947
0.104951
0.104959
0.104963
0.104956
0.104963
0.104965
0.104966
0.104963
0.104966
0.104983
0.104994
0.105009
0.105013
0.105017
0.10502
0.105029
0.105033
0.105033
0.105032
0.10503
0.105021
0.105016
0.105028
0.105031
0.10503
0.105027
0.105039
0.10505
0.105045
0.105044
0.105062
0.105067
0.105056
0.105054
0.105067
0.105074
0.105068
0.105066
0.105062
0.105051
0.105037
0.105041
0.105048
0.105049
0.105051
0.10504
0.105038
0.105042
0.105035
0.105028
0.105022
0.105019
0.105017
0.105016
0.105017
0.105022
0.105012
0.105016
0.105032
0.105035
0.105043
0.105052
0.105067
0.105071
0.105079
0.105095
0.105093
0.105098
0.105096
0.1051
0.105109
0.105106
0.105101
0.105121
0.105117
0.105117
0.105123
0.105133
0.105131
0.105124
0.105133
0.105132
0.105136
0.105141
0.105153
0.105151
0.10515
0.105142
0.105152
0.105149
0.105143
0.10515
0.105134
0.105132
0.105123
0.105112
0.105128
0.105123
0.105114
0.105114
0.105114
0.105099
0.105086
0.105084
0.105087
0.105094
0.105116
0.105104
0.105102
0.105099
0.105098
0.105098
0.105096
0.105104
0.105108
0.10512
0.105112
0.105125
0.105133
0.105138
0.105139
0.105145
0.105143
0.105147
0.10515
0.105165
0.10516
0.105162
0.105173
0.105177
0.105182
0.10519
0.105195
0.105202
0.105207
0.105209
0.105202
0.105205
0.105198
0.105193
0.105183
0.105181
0.105185
0.105186
0.105176
0.105177
0.105178
0.105177
0.105172
0.105178
0.105184
0.105185
0.105199
0.105196
0.105191
0.105213
0.105236
0.105239
0.105233
0.105238
0.105255
0.105243
0.10524
0.105243
0.105249
0.10524
0.105233
0.105226
0.105215
0.105217
0.105214
0.105222
0.105216
0.105207
0.105205
0.105201
0.105202
0.105202
0.105213
0.105201
0.105185
0.105193
0.10519
0.105201
0.105211
0.10522
0.105246
0.105254
0.105249
0.105257
0.105258
0.105256
0.105249
0.105255
0.105266
0.105261
0.105269
0.105273
0.105275
0.105276
0.105275
0.105272
0.105293
0.105296
0.105306
0.105319
0.105313
0.105303
0.10531
0.105308
0.105324
0.105335
0.105346
0.105366
0.105379
0.105371
0.105371
0.10537
0.105376
0.10537
0.105375
0.105382
0.10538
0.105396
0.105392
0.105387
0.10538
0.105384
0.105378
0.105364
0.10536
0.10536
0.10536
0.105368
0.105372
0.105375
0.10538
0.105367
0.105367
0.105361
0.105351
0.105343
0.105359
0.105354
0.105357
0.105375
0.10538
0.105375
0.105375
0.105381
0.105384
0.105388
0.105397
0.105401
0.105412
0.105402
0.105406
0.105417
0.105408
0.105409
0.105413
0.105414
0.105408
0.105409
0.105416
0.105417
0.105413
0.105421
0.105424
0.105421
0.105432
0.105442
0.105448
0.105449
0.105465
0.105468
0.105457
0.105451
0.105447
0.10545
0.105453
0.105464
0.105459
0.105449
0.105455
0.105458
0.105463
0.105457
0.105459
0.105463
0.105458
0.105459
0.105459
0.105459
0.10546
0.105467
0.105466
0.105459
0.105453
0.105451
0.105442
0.10545
0.105436
0.10544
0.105444
0.105436
0.105437
0.10543
0.105442
0.105444
0.105448
0.105446
0.105443
0.105436
0.105429
0.105423
0.105421
0.105426
0.105429
0.105429
0.105436
0.105437
0.105438
0.105432
0.105436
0.105435
0.105429
0.10543
0.105423
0.105416
0.105414
0.105421
0.105424
0.105433
0.105442
0.10546
0.105449
0.105443
0.105438
0.105446
0.105445
0.105441
0.105437
0.105439
0.105432
0.105435
0.105445
0.10545
0.105448
0.105453
0.105462
0.105475
0.105465
0.105482
0.105485
0.1055
0.10551
0.105509
0.10553
0.105522
0.105536
0.10554
0.105549
0.10557
0.105568
0.10556
0.105566
0.105572
0.105565
0.105562
0.105561
0.105549
0.105554
0.10555
0.105542
0.105545
0.105539
0.105544
0.105547
0.105538
0.105532
0.105537
0.105537
0.105538
0.10554
0.10553
0.105521
0.105518
0.105504
0.105498
0.1055
0.105507
0.105521
0.105523
0.105531
0.105539
0.105551
0.105547
0.105563
0.105575
0.105586
0.105626
0.105644
0.105652
0.105639
0.105631
0.105639
0.105645
0.105648
0.105656
0.10565
0.105668
0.105669
0.105663
0.105656
0.105654
0.105661
0.105652
0.105662
0.105659
0.105649
0.105649
0.105649
0.105637
0.105636
0.105627
0.10562
0.105614
0.1056
0.105603
0.105605
0.105597
0.105592
0.105596
0.105593
0.105599
0.105597
0.105597
0.105605
0.105601
0.105607
0.105601
0.105595
0.105598
0.10559
0.105584
0.105589
0.105585
0.105582
0.105591
0.105586
0.105589
0.105582
0.105582
0.105569
0.10556
0.105566
0.105555
0.105542
0.105543
0.105545
0.105539
0.105532
0.105525
0.105522
0.105524
0.10552
0.105523
0.105522
0.105522
0.105512
0.105497
0.105498
0.105494
0.105498
0.105495
0.105492
0.105487
0.105485
0.105483
0.105485
0.105487
0.105485
0.105476
0.105483
0.105485
0.105487
0.105482
0.105494
0.105497
0.105498
0.105496
0.105496
0.105492
0.105485
0.105483
0.105469
0.105473
0.105466
0.105472
0.105493
0.105492
0.105504
0.105508
0.105513
0.105521
0.105524
0.105514
0.1055
0.105506
0.105503
0.105497
0.105504
0.105519
0.105521
0.10551
0.105506
0.105502
0.105498
0.105481
0.105478
0.105481
0.105485
0.105492
0.105495
0.105493
0.105497
0.105505
0.105509
0.105511
0.105521
0.105518
0.105516
0.105522
0.105524
0.105526
0.105529
0.105533
0.10553
0.105526
0.105525
0.105512
0.105532
0.105528
0.105543
0.105547
0.105549
0.10555
0.105551
0.105567
0.105571
0.105584
0.105591
0.105623
0.105619
0.105648
0.105652
0.10566
0.105669
0.105668
0.105673
0.105666
0.105672
0.105661
0.105655
0.105646
0.10565
0.105643
0.105654
0.105649
0.105652
0.105657
0.105651
0.105651
0.10565
0.10565
0.105648
0.105659
0.105656
0.105642
0.105635
0.105633
0.105627
0.105623
0.105614
0.105631
0.105639
0.105639
0.105639
0.105639
0.105641
0.105652
0.105665
0.105674
0.105684
0.105678
0.105664
0.105659
0.105651
0.105659
0.105651
0.105645
0.105643
0.105629
0.105633
0.105626
0.105643
0.105647
0.105642
0.105647
0.10564
0.10564
0.105644
0.105648
0.105641
0.105643
0.105638
0.105639
0.105647
0.10566
0.105672
0.105666
0.105675
0.105675
0.105692
0.105698
0.105692
0.105687
0.105676
0.105667
0.105683
0.10569
0.105691
0.105682
0.105701
0.10572
0.105723
0.105721
0.105711
0.105713
0.105704
0.105708
0.105707
0.105712
0.105733
0.105731
0.105732
0.10575
0.105751
0.105744
0.105743
0.105745
0.105751
0.10577
0.105777
0.10577
0.105762
0.105758
0.105753
0.105744
0.105736
0.105732
0.105728
0.105732
0.10573
0.105735
0.105737
0.105724
0.105723
0.105719
0.105713
0.105713
0.105719
0.105713
0.105716
0.105717
0.105714
0.105716
0.105721
0.105729
0.105726
0.105734
0.105751
0.105746
0.105735
0.10573
0.105738
0.105732
0.105752
0.10576
0.105771
0.105772
0.105774
0.10577
0.105788
0.105789
0.105789
0.105788
0.105789
0.10578
0.105794
0.105799
0.105819
0.105824
0.10582
0.105817
0.105815
0.105819
0.105809
0.105821
0.105825
0.105823
0.105832
0.105829
0.105822
0.105818
0.105818
0.105818
0.105814
0.105803
0.105801
0.105795
0.105804
0.105808
0.105819
0.105828
0.105826
0.105826
0.105827
0.105852
0.105851
0.105856
0.105852
0.105849
0.10585
0.105858
0.105851
0.10585
0.105848
0.105845
0.105852
0.105856
0.105862
0.105872
0.105867
0.105869
0.105873
0.105871
0.105875
0.105879
0.105885
0.105882
0.105866
0.105874
0.105859
0.105867
0.105866
0.105866
0.10587
0.105875
0.105873
0.105867
0.105863
0.105869
0.10586
0.105859
0.105858
0.105867
0.105861
0.105864
0.105864
0.105868
0.105866
0.10586
0.10587
0.105858
0.105865
0.105865
0.105868
0.10587
0.10588
0.105882
0.105884
0.105887
0.105883
0.105872
0.105878
0.105876
0.105892
0.105896
0.105892
0.105894
0.105884
0.105879
0.10587
0.105867
0.105863
0.105852
0.105843
0.105839
0.10583
0.105821
0.105818
0.105813
0.105814
0.105807
0.105814
0.105807
0.105814
0.105817
0.105818
0.105813
0.105812
0.105811
0.105803
0.105814
0.105827
0.105856
0.105861
0.105865
0.105889
0.105891
0.105895
0.105885
0.105901
0.105913
0.105905
0.105905
0.105914
0.105926
0.105925
0.105923
0.105937
0.105947
0.105942
0.105938
0.105935
0.105949
0.105958
0.105954
0.105949
0.105947
0.105935
0.105933
0.105932
0.105946
0.105948
0.105941
0.10593
0.105933
0.105925
0.105942
0.105952
0.105965
0.105957
0.105962
0.105966
0.10596
0.105978
0.105975
0.105978
0.105969
0.105965
0.105962
0.105954
0.105947
0.105943
0.105951
0.105948
0.105958
0.105958
0.105956
0.105964
0.105966
0.105969
0.105973
0.105964
0.105964
0.105961
0.105958
0.105958
0.10595
0.105936
0.105941
0.105936
0.105935
0.10593
0.105919
0.105919
0.105917
0.105916
0.1059
0.105892
0.105896
0.105895
0.105888
0.105883
0.105883
0.105876
0.105871
0.105868
0.105873
0.105868
0.105874
0.105876
0.10587
0.105873
0.105866
0.105857
0.105856
0.10585
0.105837
0.105832
0.105841
0.105832
0.105829
0.105829
0.10583
0.105828
0.105822
0.105826
0.105822
0.10581
0.105818
0.10582
0.105825
0.105832
0.105838
0.105834
0.105846
0.105839
0.105849
0.105847
0.10586
0.105869
0.105864
0.105858
0.105869
0.105875
0.105874
0.105873
0.105874
0.10588
0.105869
0.105867
0.10587
0.105873
0.105868
0.105864
0.105851
0.105846
0.105845
0.10584
0.105838
0.105827
0.105819
0.105835
0.105837
0.105835
0.10583
0.105832
0.105838
0.105836
0.105839
0.105844
0.105843
0.105846
0.105835
0.105826
0.105825
0.105819
0.105804
0.105795
0.105806
0.105822
0.105829
0.10583
0.105826
0.10582
0.105822
0.105815
0.105805
0.105795
0.105779
0.105778
0.105767
0.105763
0.105773
0.105777
0.105768
0.105762
0.105758
0.105763
0.105759
0.105751
0.105747
0.105747
0.105744
0.105743
0.105734
0.105728
0.105722
0.105714
0.105712
0.105713
0.105715
0.105713
0.105716
0.105715
0.105718
0.105713
0.105707
0.105697
0.105695
0.105687
0.105688
0.105681
0.10568
0.105687
0.105697
0.105699
0.10569
0.105684
0.10568
0.105666
0.105663
0.10566
0.10566
0.105659
0.105661
0.105662
0.105657
0.105663
0.10566
0.105658
0.10565
0.105665
0.105683
0.105684
0.105679
0.105671
0.105669
0.105671
0.105666
0.105669
0.105669
0.105657
0.105663
0.105666
0.105665
0.105658
0.105652
0.105656
0.105653
0.105658
0.105658
0.10565
0.10565
0.105648
0.105646
0.105644
0.10565
0.10565
0.105639
0.105641
0.105637
0.105628
0.105627
0.105616
0.105617
0.105616
0.105616
0.105617
0.105612
0.105606
0.105621
0.105617
0.105623
0.105619
0.105628
0.10564
0.105644
0.105636
0.105638
0.105645
0.105629
0.105634
0.105653
0.105662
0.105663
0.105666
0.10568
0.105681
0.105688
0.105695
0.105706
0.105704
0.105702
0.105698
0.105691
0.105689
0.105673
0.105677
0.105683
0.105693
0.105699
0.10569
0.105687
0.105687
0.105676
0.105683
0.105692
0.10569
0.105691
0.1057
0.105696
0.105691
0.105701
0.105696
0.105691
0.105694
0.10569
0.105687
0.105681
0.105677
0.105663
0.10566
0.105656
0.105652
0.105645
0.105652
0.105643
0.105647
0.105648
0.105651
0.105664
0.105656
0.105658
0.105654
0.105647
0.10564
0.105642
0.105649
0.105652
0.105646
0.10565
0.105655
0.105653
0.105654
0.105641
0.105651
0.105646
0.105638
0.105632
0.105625
0.105614
0.105619
0.105614
0.105608
0.105609
0.105612
0.105612
0.105612
0.105602
0.105605
0.105604
0.105602
0.105601
0.105602
0.105608
0.105602
0.105606
0.105599
0.105603
0.105613
0.105606
0.105607
0.105603
0.105597
0.105594
0.105599
0.105592
0.105584
0.105573
0.105561
0.105552
0.10555
0.105547
0.105544
0.105541
0.105535
0.105539
0.10554
0.105543
0.105552
0.105559
0.105551
0.105557
0.105557
0.105562
0.105582
0.105594
0.10559
0.105594
0.105595
0.105611
0.105607
0.105612
0.105611
0.105612
0.105608
0.105606
0.105596
0.1056
0.105599
0.105594
0.105595
0.105596
0.105601
0.105601
0.1056
0.10559
0.105594
0.105592
0.105595
0.105598
0.105597
0.105609
0.105615
0.105616
0.105611
0.105606
0.105597
0.105599
0.105597
0.105597
0.105599
0.1056
0.105597
0.105606
0.105605
0.105609
0.105608
0.10562
0.105611
0.105617
0.10563
0.105622
0.105622
0.105612
0.105613
0.105614
0.105616
0.105624
0.105638
0.105641
0.105649
0.105655
0.105658
0.105647
0.105637
0.105642
0.105636
0.105638
0.105638
0.105634
0.105621
0.105621
0.105619
0.105617
0.105626
0.105628
0.105626
0.105629
0.105637
0.105635
0.105632
0.105641
0.105643
0.105657
0.105664
0.105671
0.105679
0.105675
0.10568
0.105693
0.105697
0.105687
0.10569
0.105708
0.105703
0.105692
0.105701
0.105697
0.1057
0.105712
0.105705
0.105705
0.105708
0.105721
0.105723
0.105721
0.10572
0.105721
0.105728
0.105725
0.105717
0.105711
0.105711
0.105704
0.105709
0.105711
0.105697
0.105704
0.105703
0.1057
0.105688
0.105684
0.105684
0.105691
0.105691
0.105685
0.105684
0.105679
0.105681
0.105679
0.105679
0.105688
0.105685
0.105677
0.105669
0.105672
0.105667
0.105671
0.105675
0.105668
0.105661
0.105654
0.105648
0.105646
0.105641
0.105645
0.105646
0.105641
0.105634
0.105639
0.10563
0.105627
0.10563
0.10564
0.105644
0.105656
0.105649
0.105655
0.105665
0.105663
0.105656
0.105645
0.10564
0.105641
0.105639
0.105656
0.105644
0.105636
0.105646
0.105638
0.105638
0.105651
0.105655
0.105659
0.10568
0.105684
0.105681
0.105684
0.105682
0.105696
0.105692
0.105688
0.105687
0.105678
0.105679
0.105674
0.10567
0.105672
0.105682
0.105697
0.105698
0.105693
0.1057
0.105696
0.105689
0.105681
0.10568
0.105678
0.105673
0.105672
0.10568
0.105679
0.105674
0.105679
0.105677
0.10568
0.105674
0.105671
0.105668
0.105673
0.105669
0.105674
0.105673
0.105663
0.105652
0.105641
0.105646
0.105636
0.105636
0.105642
0.105649
0.105652
0.105654
0.105656
0.105652
0.105659
0.10567
0.105675
0.105688
0.105699
0.105698
0.105705
0.105705
0.105695
0.105691
0.105695
0.1057
0.105706
0.105706
0.105707
0.1057
0.105705
0.105721
0.105722
0.105719
0.105716
0.105709
0.105696
0.105694
0.10569
0.105693
0.105685
0.105692
0.105701
0.105704
0.105701
0.105709
0.105701
0.105694
0.10569
0.105684
0.105683
0.105674
0.105665
0.105662
0.10567
0.105674
0.105676
0.105678
0.105682
0.105679
0.105675
0.105676
0.105674
0.105683
0.105682
0.105697
0.10571
0.105718
0.105715
0.105725
0.105735
0.105734
0.10573
0.105727
0.105731
0.105726
0.105729
0.105726
0.105718
0.105709
0.105706
0.105702
0.105701
0.105692
0.105684
0.105694
0.105689
0.105698
0.105713
0.10571
0.105703
0.105693
0.105687
0.105679
0.105684
0.105686
0.105691
0.10569
0.105698
0.105685
0.105674
0.105683
0.105683
0.105691
0.105698
0.105686
0.105681
0.105676
0.105672
0.10567
0.105673
0.105672
0.105676
0.105681
0.105685
0.105681
0.105682
0.105695
0.105683
0.10568
0.105683
0.10568
0.105676
0.105673
0.105676
0.105671
0.105664
0.105656
0.10566
0.105666
0.105663
0.105662
0.105668
0.10567
0.10566
0.105673
0.105677
0.105679
0.105701
0.105707
0.105712
0.105711
0.105711
0.105712
0.105707
0.105707
0.105701
0.1057
0.105693
0.105707
0.105711
0.105708
0.105705
0.105702
0.105704
0.1057
0.105697
0.105703
0.105699
0.105701
0.105697
0.10569
0.105683
0.105676
0.105676
0.105673
0.105662
0.105662
0.105662
0.105655
0.105654
0.105656
0.105656
0.105663
0.10566
0.105652
0.105644
0.105633
0.10563
0.105632
0.10563
0.105632
0.105625
0.105624
0.105627
0.105619
0.105612
0.105609
0.105603
0.105608
0.105612
0.105609
0.105613
0.105616
0.105622
0.105626
0.105612
0.105623
0.105617
0.105628
0.10562
0.105617
0.105617
0.105612
0.105609
0.105608
0.105596
0.105594
0.105596
0.105601
0.105598
0.105604
0.105605
0.105603
0.105598
0.105602
0.105602
0.105608
0.105606
0.1056
0.105596
0.105594
0.105581
0.105577
0.105573
0.105566
0.105561
0.105559
0.105554
0.105558
0.105545
0.105547
0.10555
0.105552
0.105553
0.105553
0.105554
0.105553
0.105544
0.105544
0.105553
0.105551
0.105551
0.105566
0.105565
0.105574
0.105571
0.105572
0.105569
0.105554
0.105555
0.105563
0.105563
0.105561
0.105564
0.105564
0.105572
0.105582
0.1056
0.105628
0.105638
0.105643
0.105641
0.10563
0.105633
0.105637
0.105648
0.105655
0.105661
0.10566
0.105664
0.105664
0.105674
0.105688
0.10568
0.105701
0.105698
0.1057
0.105693
0.105683
0.105678
0.10568
0.105671
0.10567
0.105659
0.105649
0.105643
0.105645
0.105639
0.105631
0.105622
0.105614
0.105626
0.105627
0.105627
0.105632
0.105631
0.105625
0.105621
0.105621
0.105629
0.105643
0.105647
0.10564
0.105641
0.105635
0.105628
0.105644
0.105663
0.105659
0.10568
0.105683
0.105688
0.105679
0.105688
0.105684
0.105679
0.105685
0.105682
0.105682
0.105687
0.105688
0.105698
0.105708
0.105728
0.105744
0.10574
0.105738
0.10573
0.105747
0.105746
0.105758
0.105775
0.105781
0.10578
0.105793
0.105805
0.1058
0.105809
0.105801
0.105797
0.105794
0.105793
0.105784
0.105772
0.105771
0.10577
0.105772
0.105766
0.105765
0.105774
0.105781
0.105788
0.105781
0.105781
0.105783
0.105787
0.10578
0.105776
0.10578
0.105779
0.105773
0.105766
0.10576
0.105763
0.105758
0.105752
0.105749
0.105746
0.105749
0.105749
0.105745
0.10574
0.105731
0.105724
0.105717
0.105709
0.105698
0.105689
0.105695
0.105686
0.105682
0.105675
0.105666
0.105669
0.105669
0.105658
0.105652
0.105649
0.105646
0.105648
0.105645
0.105639
0.105639
0.105633
0.10566
0.105661
0.105658
0.105657
0.105666
0.105675
0.105664
0.105655
0.10565
0.105651
0.105651
0.105655
0.105654
0.105653
0.105656
0.105659
0.105655
0.105662
0.105667
0.105669
0.105669
0.105659
0.105656
0.105666
0.105664
0.105671
0.105662
0.10567
0.105672
0.105669
0.105668
0.105669
0.105656
0.105649
0.105641
0.105631
0.105646
0.10564
0.105644
0.105634
0.105637
0.105639
0.10564
0.105637
0.105636
0.10564
0.105641
0.105642
0.105637
0.105635
0.105637
0.105633
0.105637
0.105641
0.10565
0.105644
0.105644
0.105655
0.105658
0.105656
0.10566
0.105653
0.105649
0.105667
0.10566
0.105673
0.105668
0.105673
0.105678
0.105667
0.105658
0.105661
0.105657
0.105653
0.105662
0.105661
0.105659
0.105671
0.105688
0.105685
0.105686
0.105703
0.105712
0.105714
0.105713
0.105706
0.105698
0.105698
0.105707
0.105703
0.105697
0.105693
0.105687
0.105687
0.105706
0.105705
0.105717
0.105714
0.105722
0.105725
0.105731
0.105754
0.105762
0.105763
0.105758
0.105756
0.105745
0.10574
0.105752
0.105748
0.10575
0.105756
0.105761
0.105775
0.10578
0.105779
0.10578
0.105777
0.10578
0.105788
0.10578
0.105781
0.105794
0.105787
0.105784
0.105778
0.105788
0.105778
0.105776
0.105771
0.105766
0.105777
0.10578
0.10578
0.105775
0.105778
0.105778
0.105783
0.105779
0.105768
0.105768
0.105756
0.105753
0.105746
0.105744
0.105744
0.105744
0.105739
0.10574
0.105739
0.10574
0.105756
0.105762
0.105763
0.105762
0.105772
0.105779
0.105785
0.105779
0.105786
0.10579
0.105782
0.105776
0.105777
0.105776
0.105768
0.105762
0.105753
0.105751
0.105756
0.105771
0.105779
0.105771
0.105769
0.105776
0.105779
0.105777
0.105766
0.105765
0.105772
0.105763
0.105768
0.10576
0.105757
0.105762
0.105763
0.105751
0.105747
0.105746
0.105747
0.105743
0.105747
0.10574
0.105746
0.105742
0.105743
0.105737
0.105734
0.105729
0.105729
0.105727
0.10572
0.105723
0.105712
0.10572
0.105719
0.105721
0.105726
0.105726
0.105734
0.105739
0.105735
0.105737
0.105728
0.105722
0.105708
0.105714
0.105718
0.105721
0.10572
0.105718
0.105717
0.105705
0.10571
0.10571
0.105713
0.105711
0.105702
0.105695
0.105688
0.105688
0.105677
0.105686
0.105681
0.105678
0.105676
0.105675
0.105682
0.105684
0.105688
0.105699
0.10569
0.105706
0.105715
0.105724
0.105719
0.105714
0.105713
0.105707
0.105703
0.105697
0.105705
0.105702
0.105705
0.105695
0.105685
0.105686
0.105684
0.105686
0.105688
0.105685
0.105683
0.105681
0.105676
0.105671
0.105674
0.105665
0.105659
0.105653
0.105657
0.105673
0.105666
0.10567
0.105671
0.10567
0.105679
0.105682
0.105681
0.105681
0.105679
0.105678
0.105669
0.105677
0.105671
0.105673
0.10568
0.105675
0.10568
0.105684
0.105689
0.105684
0.10568
0.105686
0.105697
0.105703
0.105701
0.105711
0.105716
0.10572
0.105713
0.105711
0.105725
0.105726
0.105723
0.105719
0.105718
0.105734
0.105722
0.105716
0.105714
0.105711
0.105709
0.105704
0.105702
0.105697
0.105688
0.105701
0.105696
0.105689
0.105699
0.105702
0.105704
0.105711
0.105708
0.105703
0.105708
0.105706
0.105699
0.1057
0.105699
0.105696
0.105698
0.105696
0.105691
0.105688
0.105702
0.105694
0.105688
0.105691
0.105683
0.105682
0.10568
0.105673
0.105662
0.10566
0.105656
0.10565
0.10565
0.10565
0.105646
0.10565
0.105641
0.105643
0.105641
0.105644
0.105647
0.10564
0.105628
0.105623
0.105619
0.105621
0.105614
0.105609
0.105622
0.10562
0.10562
0.105614
0.10562
0.105617
0.105614
0.105614
0.105613
0.105615
0.105622
0.105622
0.105612
0.10562
0.105623
0.105632
0.10563
0.105626
0.105624
0.105627
0.105635
0.10563
0.105625
0.105632
0.105652
0.105645
0.105642
0.105658
0.10566
0.105664
0.105654
0.105642
0.105638
0.105636
0.105639
0.105637
0.105645
0.10565
0.105653
0.105665
0.105667
0.105665
0.105656
0.105657
0.105668
0.105679
0.105681
0.105678
0.105686
0.105681
0.105675
0.105675
0.10568
0.105672
0.105678
0.105683
0.105674
0.105674
0.10567
0.105673
0.105679
0.105683
0.105693
0.105698
0.1057
0.105696
0.10569
0.105696
0.105709
0.105713
0.105722
0.105741
0.105751
0.105773
0.105792
0.105789
0.105786
0.105792
0.105788
0.105803
0.105802
0.105809
0.105802
0.105791
0.105797
0.105794
0.105796
0.105794
0.105804
0.105801
0.105797
0.105795
0.105798
0.105802
0.1058
0.105812
0.105813
0.105814
0.105813
0.10581
0.105803
0.105793
0.105789
0.105801
0.105809
0.105816
0.10582
0.105829
0.105832
0.10582
0.105822
0.105832
0.105831
0.105831
0.105832
0.105833
0.105828
0.105827
0.105847
0.105851
0.105861
0.105857
0.105885
0.10589
0.105886
0.105875
0.105881
0.105889
0.105888
0.105885
0.105876
0.105863
0.105868
0.10587
0.105863
0.105866
0.105872
0.105876
0.105882
0.105881
0.105873
0.105862
0.105861
0.105867
0.105866
0.105862
0.105861
0.105859
0.105852
0.105843
0.105842
0.105843
0.105834
0.105826
0.105827
0.105836
0.105834
0.105832
0.10583
0.105839
0.105836
0.105834
0.105835
0.105835
0.105834
0.105828
0.105827
0.10583
0.105829
0.105836
0.10583
0.105825
0.105821
0.105816
0.105813
0.10582
0.105821
0.10582
0.105819
0.105821
0.105817
0.105808
0.105814
0.105812
0.105807
0.105801
0.105799
0.105793
0.105795
0.10579
0.105791
0.105784
0.105784
0.105778
0.105775
0.105775
0.105789
0.105784
0.105778
0.105775
0.105764
0.105757
0.105746
0.105746
0.105749
0.105748
0.10575
0.105755
0.105756
0.10575
0.105745
0.105737
0.105736
0.105744
0.105739
0.10574
0.105746
0.105741
0.105733
0.105731
0.105734
0.105725
0.10572
0.105727
0.105727
0.105731
0.105742
0.105743
0.10574
0.105744
0.105747
0.105744
0.105747
0.105749
0.105748
0.105753
0.10576
0.105768
0.10577
0.10578
0.105783
0.105785
0.105793
0.105804
0.105793
0.10578
0.105782
0.105783
0.105779
0.105772
0.105775
0.10577
0.105771
0.105767
0.105774
0.105767
0.105768
0.105766
0.105765
0.105773
0.105768
0.105771
0.105797
0.105793
0.105783
0.10578
0.105773
0.105768
0.105774
0.105767
0.105767
0.105786
0.105784
0.105792
0.105803
0.105811
0.105803
0.105809
0.105815
0.10582
0.105818
0.105825
0.105822
0.105828
0.105826
0.105827
0.105831
0.105845
0.105838
0.105841
0.105839
0.105841
0.105837
0.105841
0.105845
0.105844
0.105852
0.105849
0.105847
0.10584
0.105836
0.105838
0.105839
0.105828
0.105832
0.105829
0.105828
0.105819
0.105814
0.10581
0.10581
0.105811
0.105813
0.105826
0.105829
0.105825
0.105827
0.105829
0.105828
0.105832
0.105837
0.105833
0.105844
0.105854
0.105871
0.105879
0.105873
0.105865
0.105865
0.105852
0.105849
0.105843
0.105838
0.105849
0.105843
0.105841
0.105831
0.105826
0.105828
0.105829
0.105825
0.105816
0.105812
0.105818
0.105819
0.105822
0.105814
0.105809
0.105807
0.105804
0.105804
0.105799
0.1058
0.105794
0.105796
0.105789
0.105789
0.105779
0.105778
0.105765
0.105755
0.10575
0.105754
0.105749
0.105745
0.105741
0.105742
0.105742
0.105753
0.105759
0.105762
0.105755
0.105742
0.105742
0.105743
0.105732
0.105736
0.10573
0.105726
0.105721
0.105723
0.105721
0.105713
0.10571
0.105706
0.105706
0.105714
0.105712
0.105713
0.105706
0.105717
0.105721
0.105721
0.105725
0.105732
0.105731
0.105742
0.105735
0.10573
0.10573
0.105735
0.105741
0.105739
0.10574
0.105731
0.105726
0.105732
0.105736
0.105729
0.105731
0.105737
0.105743
0.105743
0.105751
0.105768
0.105767
0.105771
0.105772
0.105782
0.10578
0.105778
0.105779
0.105773
0.105767
0.105768
0.105768
0.105772
0.105774
0.105771
0.105766
0.105762
0.105764
0.105761
0.10576
0.105761
0.105763
0.105759
0.105761
0.105761
0.105755
0.10575
0.105743
0.105737
0.105736
0.105744
0.105753
0.105749
0.105746
0.105742
0.105742
0.105746
0.105744
0.105743
0.105744
0.105756
0.105762
0.10576
0.105764
0.105761
0.105755
0.105748
0.10574
0.105733
0.105725
0.105718
0.105719
0.105712
0.105719
0.105711
0.105698
0.105709
0.105719
0.10571
0.105711
0.105704
0.105707
0.1057
0.105699
0.105694
0.105692
0.105688
0.105684
0.105685
0.105682
0.105685
0.105679
0.105675
0.10567
0.105665
0.105681
0.105686
0.105696
0.105705
0.105711
0.10571
0.105718
0.10572
0.105726
0.105727
0.105729
0.105738
0.10574
0.105757
0.105769
0.105765
0.105758
0.105756
0.105746
0.105745
0.105751
0.105742
0.105735
0.105734
0.105727
0.105722
0.105728
0.105727
0.10572
0.105729
0.105722
0.105723
0.105721
0.105716
0.105714
0.105725
0.105727
0.105731
0.105739
0.105735
0.105737
0.105732
0.105729
0.105731
0.105739
0.105744
0.105768
0.105768
0.105774
0.105768
0.105778
0.105786
0.105788
0.105786
0.105778
0.105771
0.105775
0.105785
0.105791
0.105797
0.105789
0.105806
0.105803
0.105805
0.105809
0.105805
0.105799
0.105792
0.105789
0.105789
0.105785
0.105776
0.105775
0.105774
0.105784
0.105789
0.105791
0.105788
0.105786
0.105776
0.105769
0.10576
0.105761
0.105757
0.10575
0.105748
0.105748
0.105745
0.105742
0.10573
0.105728
0.105736
0.105735
0.105741
0.105741
0.105737
0.105736
0.105734
0.10574
0.105743
0.105739
0.105744
0.105746
0.10575
0.105766
0.105766
0.105771
0.105772
0.105787
0.105784
0.105781
0.105771
0.105771
0.105773
0.105781
0.105776
0.105775
0.105779
0.10577
0.105774
0.105778
0.105773
0.105771
0.105768
0.105764
0.105758
0.105754
0.105747
0.105748
0.105744
0.105748
0.105742
0.10575
0.10575
0.105745
0.105745
0.10574
0.105739
0.105739
0.105743
0.105735
0.105738
0.105735
0.105729
0.105725
0.105727
0.105721
0.105719
0.105716
0.105729
0.105724
0.105717
0.105715
0.105716
0.105705
0.105702
0.105695
0.105693
0.10569
0.105689
0.105683
0.105678
0.105692
0.105689
0.105691
0.105682
0.105675
0.105678
0.10568
0.105674
0.105669
0.10568
0.105678
0.105675
0.105679
0.10568
0.105685
0.105683
0.105677
0.105669
0.105661
0.105663
0.105665
0.105656
0.105651
0.105654
0.105652
0.105648
0.105648
0.105639
0.105636
0.10563
0.105627
0.105625
0.105625
0.10563
0.105621
0.105615
0.105609
0.105598
0.105591
0.105583
0.10558
0.105582
0.105576
0.105575
0.105576
0.105575
0.105575
0.105569
0.105563
0.105556
0.105556
0.105553
0.105552
0.105557
0.105557
0.105566
0.105558
0.105557
0.105559
0.105563
0.10556
0.10556
0.10556
0.105555
0.105565
0.105561
0.105559
0.105568
0.105568
0.105584
0.105585
0.105583
0.105582
0.105585
0.105585
0.10559
0.105591
0.105589
0.105587
0.105587
0.105586
0.105595
0.1056
0.105614
0.105617
0.105616
0.105621
0.105615
0.105608
0.105604
0.105615
0.105623
0.105627
0.105633
0.105637
0.105635
0.105635
0.105633
0.105627
0.10562
0.105616
0.105613
0.105616
0.105615
0.105608
0.105601
0.105588
0.10559
0.105583
0.105582
0.105579
0.105579
0.105579
0.105573
0.105577
0.105578
0.105579
0.105567
0.105562
0.105553
0.105545
0.105541
0.105536
0.105529
0.105526
0.105518
0.105524
0.105524
0.105529
0.105521
0.105518
0.105521
0.105523
0.105519
0.105521
0.105516
0.105507
0.105511
0.105504
0.105506
0.10551
0.105504
0.1055
0.105493
0.105494
0.105501
0.105497
0.105492
0.105491
0.105486
0.10549
0.105486
0.105487
0.105494
0.105489
0.105479
0.105469
0.105463
0.10546
0.105459
0.105452
0.105456
0.105459
0.105463
0.105472
0.105477
0.105488
0.105478
0.105486
0.105485
0.105479
0.105493
0.105505
0.105516
0.105521
0.105524
0.105528
0.105544
0.10554
0.105542
0.105543
0.105537
0.105532
0.10552
0.10552
0.10552
0.105514
0.105514
0.10551
0.105507
0.10551
0.105503
0.105503
0.105501
0.105501
0.105496
0.105501
0.105502
0.105495
0.105496
0.105498
0.105492
0.105488
0.105479
0.105471
0.10547
0.105476
0.105481
0.105496
0.105499
0.105493
0.105491
0.10549
0.105489
0.105486
0.105501
0.105499
0.105494
0.105489
0.105485
0.105479
0.105474
0.105478
0.10547
0.105467
0.105477
0.105477
0.105469
0.105466
0.105469
0.105467
0.105476
0.105476
0.105472
0.10547
0.105472
0.105477
0.105486
0.105485
0.10549
0.105486
0.105489
0.105483
0.105482
0.105494
0.105506
0.105527
0.105539
0.105542
0.105542
0.105545
0.105547
0.105557
0.105566
0.105568
0.105559
0.105563
0.105561
0.105569
0.105569
0.105586
0.105583
0.105582
0.105584
0.105587
0.105597
0.1056
0.105612
0.105611
0.105611
0.105607
0.10561
0.105623
0.105634
0.105643
0.105642
0.105641
0.105642
0.105654
0.105661
0.105659
0.105658
0.10565
0.105645
0.10564
0.105638
0.105641
0.105634
0.105632
0.105635
0.105634
0.105627
0.105619
0.105611
0.105607
0.105605
0.105609
0.105615
0.105611
0.105609
0.105607
0.105609
0.105602
0.105596
0.105598
0.105598
0.105598
0.105591
0.105587
0.105586
0.105579
0.105573
0.105574
0.105575
0.105579
0.105579
0.105573
0.105578
0.105585
0.105584
0.105585
0.105593
0.105606
0.105608
0.105612
0.105624
0.105624
0.105625
0.105618
0.105625
0.105626
0.105639
0.105644
0.105645
0.105649
0.105652
0.105654
0.10565
0.105644
0.105643
0.105643
0.105647
0.105658
0.105659
0.105654
0.105661
0.105671
0.105672
0.105665
0.105669
0.105668
0.105668
0.105658
0.105651
0.105654
0.105666
0.105672
0.105672
0.105682
0.105682
0.105684
0.105681
0.105677
0.105677
0.105684
0.105689
0.105701
0.105698
0.105699
0.1057
0.105693
0.105685
0.10569
0.105688
0.105681
0.105685
0.105679
0.10568
0.105685
0.105688
0.105696
0.105691
0.105691
0.105698
0.105703
0.105712
0.105712
0.105716
0.105726
0.105722
0.105726
0.10572
0.105719
0.10572
0.105717
0.105714
0.105718
0.10572
0.105713
0.105711
0.105712
0.105706
0.1057
0.105695
0.105685
0.10568
0.105684
0.105676
0.105672
0.105675
0.105676
0.105675
0.105669
0.105664
0.10566
0.105653
0.105654
0.105652
0.105652
0.105652
0.105651
0.105654
0.105661
0.105657
0.105657
0.105649
0.105639
0.105637
0.105637
0.105631
0.10563
0.105618
0.105606
0.105606
0.105611
0.105606
0.10561
0.105602
0.105602
0.105605
0.105604
0.105595
0.105592
0.105591
0.105591
0.10559
0.105595
0.105605
0.105604
0.105601
0.105605
0.105601
0.105591
0.105593
0.105593
0.105596
0.10561
0.105616
0.105624
0.105621
0.105622
0.105622
0.105627
0.105628
0.105628
0.105629
0.105631
0.105634
0.105632
0.10563
0.105627
0.105619
0.105626
