0.490909
0.457143
0.466667
0.444954
0.412409
0.381381
0.352645
0.348214
0.34
0.330275
0.319516
0.313629
0.307932
0.304284
0.295198
0.282667
0.277849
0.268204
0.264019
0.265376
0.259016
0.254255
0.250765
0.25
0.248799
0.243268
0.241877
0.238556
0.236661
0.237815
0.234426
0.229183
0.226357
0.222639
0.219708
0.217021
0.213693
0.213137
0.210492
0.209243
0.207286
0.205538
0.202395
0.202805
0.199315
0.196529
0.197477
0.196121
0.195238
0.193952
0.192839
0.191629
0.18998
0.187988
0.186871
0.185849
0.186574
0.186448
0.184904
0.185136
0.183938
0.183248
0.18178
0.180538
0.179853
0.180137
0.180016
0.179617
0.178737
0.178108
0.177292
0.176668
0.176753
0.176064
0.174919
0.175426
0.174676
0.173296
0.172249
0.172181
0.171515
0.170918
0.171757
0.170724
0.169666
0.169583
0.168345
0.16812
0.167333
0.16687
0.165309
0.163393
0.16378
0.162635
0.16171
0.162178
0.162599
0.162961
0.16257
0.162244
0.161777
0.162456
0.162759
0.163145
0.162729
0.162546
0.162282
0.161708
0.161975
0.161675
0.160714
0.160478
0.159951
0.160618
0.160224
0.159364
0.159455
0.158956
0.158551
0.158104
0.157418
0.156768
0.156536
0.15603
0.15506
0.154671
0.154614
0.154015
0.153394
0.153414
0.152974
0.152751
0.152596
0.152183
0.151988
0.15094
0.150912
0.150387
0.150101
0.149559
0.149622
0.149437
0.149687
0.149213
0.149006
0.14905
0.14879
0.149386
0.149643
0.149095
0.148849
0.148661
0.148917
0.148405
0.148014
0.147674
0.147644
0.1472
0.14697
0.147219
0.147115
0.147447
0.147592
0.147493
0.147174
0.146884
0.147123
0.146718
0.145809
0.145602
0.14571
0.14513
0.144861
0.144923
0.144497
0.144283
0.144046
0.144131
0.143514
0.143218
0.143171
0.143103
0.142791
0.143122
0.143713
0.143097
0.142966
0.14249
0.14232
0.142109
0.141646
0.141481
0.141028
0.140742
0.140461
0.140478
0.140756
0.140643
0.140529
0.140256
0.139946
0.140788
0.140817
0.14061
0.140463
0.140787
0.140561
0.140708
0.14027
0.139913
0.139617
0.139766
0.139526
0.139613
0.139244
0.138974
0.138801
0.138765
0.138536
0.138233
0.137998
0.137628
0.137252
0.137212
0.137035
0.136755
0.136438
0.135913
0.135551
0.135061
0.134971
0.134255
0.134194
0.13406
0.134219
0.134093
0.133583
0.133638
0.133541
0.133325
0.133128
0.132916
0.132424
0.132474
0.132664
0.13231
0.131975
0.131673
0.131633
0.131708
0.131381
0.131224
0.131225
0.131505
0.131812
0.131714
0.131669
0.1315
0.131868
0.132181
0.132294
0.132182
0.131818
0.131888
0.13185
0.131762
0.131854
0.131621
0.131682
0.131507
0.131397
0.131062
0.130982
0.130701
0.130498
0.130234
0.129918
0.129858
0.129728
0.129444
0.129205
0.129104
0.129087
0.129261
0.129322
0.129109
0.12878
0.12868
0.128706
0.128599
0.128906
0.128781
0.128951
0.128945
0.128759
0.128581
0.128737
0.128474
0.128261
0.1283
0.128454
0.128277
0.127917
0.127707
0.127838
0.127665
0.127899
0.128066
0.128332
0.128163
0.128018
0.127861
0.127807
0.127924
0.127654
0.127803
0.127614
0.127504
0.127271
0.127153
0.126936
0.126643
0.126704
0.126568
0.126278
0.12586
0.125911
0.125703
0.125528
0.125365
0.125536
0.12547
0.125863
0.125723
0.126069
0.125971
0.126136
0.126311
0.126214
0.126241
0.126237
0.12645
0.126281
0.126122
0.126315
0.126413
0.126552
0.126384
0.126339
0.126457
0.126728
0.126814
0.126859
0.126825
0.12681
0.126836
0.126951
0.126997
0.126983
0.126869
0.126745
0.126594
0.126836
0.126791
0.126982
0.127045
0.127089
0.127095
0.127042
0.126825
0.126878
0.126845
0.126907
0.126768
0.126638
0.126673
0.126858
0.126891
0.126773
0.126655
0.126585
0.126404
0.126129
0.126163
0.126141
0.125952
0.125894
0.125984
0.125972
0.125777
0.125885
0.125691
0.125608
0.125525
0.125605
0.125783
0.125656
0.125546
0.125536
0.125561
0.125435
0.125204
0.125106
0.125106
0.124974
0.124912
0.125009
0.125017
0.125174
0.125252
0.125087
0.125069
0.125164
0.125069
0.125017
0.124863
0.124974
0.124796
0.124583
0.124339
0.124129
0.124191
0.124276
0.124051
0.123769
0.123597
0.123442
0.123512
0.123325
0.123519
0.123548
0.123553
0.123523
0.123633
0.123563
0.12342
0.12331
0.123566
0.123609
0.123563
0.123478
0.123345
0.123462
0.123504
0.123499
0.12363
0.124055
0.123954
0.124011
0.123911
0.12419
0.124254
0.124546
0.124891
0.124735
0.125055
0.124969
0.124977
0.124938
0.124838
0.124753
0.124669
0.12457
0.124739
0.124679
0.124695
0.124703
0.124574
0.124431
0.12444
0.124381
0.124254
0.124135
0.124078
0.124117
0.124089
0.124032
0.124197
0.124192
0.124216
0.124343
0.124226
0.124176
0.124214
0.124348
0.124385
0.124212
0.124118
0.124091
0.124122
0.124109
0.124169
0.124192
0.124373
0.124188
0.124189
0.124162
0.124471
0.124565
0.124679
0.124801
0.124808
0.124844
0.124703
0.124619
0.124599
0.124508
0.124439
0.124349
0.124329
0.124303
0.124318
0.124125
0.124071
0.123984
0.123917
0.123808
0.123756
0.123682
0.123664
0.123741
0.1236
0.1234
0.123119
0.123074
0.12303
0.122858
0.122722
0.122927
0.123165
0.123209
0.12334
0.123377
0.123266
0.123169
0.122999
0.123076
0.12312
0.122966
0.122877
0.122913
0.122805
0.122737
0.122768
0.12267
0.122595
0.122573
0.122506
0.122407
0.122516
0.122416
0.122259
0.1222
0.122134
0.12237
0.122406
0.122283
0.122123
0.122269
0.122244
0.122223
0.122133
0.122113
0.122111
0.122104
0.121846
0.121788
0.121756
0.121694
0.121631
0.12165
0.121657
0.121636
0.121555
0.121554
0.121405
0.121474
0.1214
0.121258
0.121356
0.121466
0.121362
0.121331
0.121409
0.121416
0.121404
0.121336
0.121443
0.12151
0.121438
0.121564
0.121551
0.121574
0.121567
0.121447
0.121543
0.121483
0.121394
0.121341
0.121491
0.121377
0.121305
0.121466
0.121414
0.121485
0.121496
0.121606
0.121742
0.12184
0.121979
0.121854
0.121814
0.121859
0.121747
0.121793
0.121675
0.121692
0.121617
0.121546
0.121402
0.121534
0.12139
0.121283
0.121204
0.121124
0.121049
0.121022
0.120973
0.120765
0.120817
0.120734
0.120711
0.120712
0.120594
0.120552
0.12052
0.120523
0.120428
0.120343
0.120323
0.120403
0.120416
0.12043
0.120548
0.120453
0.120394
0.120312
0.120331
0.12035
0.120418
0.120512
0.120468
0.120294
0.120351
0.120354
0.120442
0.120379
0.120359
0.120345
0.12032
0.120159
0.12015
0.120034
0.119935
0.119926
0.120031
0.119993
0.119944
0.119881
0.119819
0.119806
0.119968
0.11999
0.119903
0.119875
0.119787
0.119612
0.119589
0.119649
0.11955
0.119606
0.11965
0.119726
0.119556
0.119487
0.119374
0.119502
0.119421
0.119301
0.11926
0.119316
0.11938
0.119448
0.11961
0.1195
0.119431
0.119534
0.119579
0.119681
0.119583
0.119524
0.119495
0.119636
0.119638
0.119568
0.119454
0.119442
0.119544
0.119588
0.11961
0.119635
0.119701
0.119788
0.119806
0.119747
0.119794
0.119799
0.119761
0.119689
0.119677
0.119668
0.119691
0.119678
0.119601
0.119682
0.119711
0.119789
0.119814
0.119943
0.11994
0.119897
0.119762
0.11972
0.119724
0.11976
0.119732
0.119672
0.119601
0.11956
0.119528
0.119545
0.11948
0.119591
0.119546
0.11952
0.119508
0.119477
0.119494
0.119584
0.119633
0.119657
0.119616
0.1196
0.119664
0.119718
0.11973
0.119673
0.119657
0.119623
0.119687
0.119681
0.119778
0.11979
0.119808
0.119629
0.119667
0.119794
0.119757
0.119713
0.119808
0.119768
0.119766
0.11969
0.119692
0.119713
0.119793
0.119761
0.119748
0.119735
0.119715
0.119635
0.119637
0.119638
0.119855
0.119781
0.119738
0.119773
0.119785
0.119878
0.119893
0.119957
0.119907
0.119932
0.119955
0.119863
0.119901
0.120024
0.120049
0.120014
0.120029
0.120049
0.119979
0.119934
0.119942
0.119838
0.11977
0.119681
0.119643
0.119683
0.119593
0.119576
0.119591
0.119566
0.119568
0.119507
0.119458
0.119516
0.119478
0.119536
0.119471
0.11941
0.11939
0.119345
0.119375
0.119438
0.119489
0.119599
0.11963
0.119563
0.119603
0.119635
0.11965
0.119722
0.119715
0.119725
0.11961
0.119515
0.119415
0.119298
0.119279
0.119369
0.119389
0.119424
0.119456
0.119466
0.11951
0.119657
0.119671
0.119735
0.119711
0.119633
0.119706
0.119771
0.119765
0.119677
0.119644
0.119583
0.119689
0.11976
0.119774
0.119781
0.119808
0.11976
0.119651
0.119758
0.119784
0.119797
0.119812
0.119854
0.119972
0.120009
0.120003
0.11996
0.119961
0.120043
0.12007
0.120148
0.120069
0.120082
0.119993
0.120029
0.119973
0.120042
0.119995
0.11996
0.119936
0.119957
0.11993
0.119899
0.119865
0.119802
0.119903
0.119895
0.119966
0.119887
0.119977
0.119959
0.119822
0.119746
0.119684
0.119586
0.119608
0.119534
0.119585
0.119552
0.119484
0.119571
0.119506
0.119519
0.119394
0.119349
0.119466
0.119507
0.119442
0.119536
0.119506
0.119482
0.119441
0.119495
0.119505
0.119588
0.119567
0.119686
0.119645
0.11963
0.11957
0.119513
0.11949
0.119448
0.119354
0.119375
0.119273
0.119226
0.119213
0.119096
0.119062
0.119073
0.119117
0.119067
0.11927
0.119356
0.119324
0.119401
0.119392
0.119485
0.119608
0.119564
0.119602
0.119573
0.119608
0.119528
0.119524
0.119462
0.119448
0.119528
0.119533
0.119491
0.119451
0.11943
0.119388
0.119284
0.11918
0.119085
0.119073
0.118964
0.118968
0.118909
0.118889
0.118802
0.118759
0.118751
0.118795
0.118771
0.118674
0.118689
0.118662
0.118721
0.118699
0.118725
0.118677
0.11868
0.118663
0.118662
0.118642
0.118603
0.118606
0.11861
0.118613
0.118619
0.11852
0.118509
0.118423
0.118341
0.11833
0.118383
0.118316
0.11842
0.118433
0.118454
0.11846
0.11851
0.118449
0.1184
0.118479
0.118416
0.118558
0.118505
0.118508
0.118502
0.118558
0.118485
0.118436
0.118517
0.118452
0.118438
0.118424
0.118395
0.118501
0.118443
0.118408
0.118365
0.118318
0.118273
0.118196
0.118098
0.118043
0.11798
0.117858
0.117851
0.117836
0.117871
0.117808
0.117793
0.11774
0.117767
0.117659
0.117668
0.117636
0.117672
0.117746
0.117792
0.117795
0.117803
0.117761
0.11768
0.117678
0.117597
0.117474
0.117481
0.117332
0.117241
0.117205
0.11724
0.117245
0.117249
0.117167
0.11719
0.117168
0.117122
0.117081
0.117054
0.116999
0.11698
0.117083
0.117144
0.117141
0.117193
0.11719
0.117197
0.117104
0.11705
0.116992
0.117012
0.117023
0.117022
0.116981
0.116989
0.117064
0.117023
0.116933
0.116971
0.116977
0.116949
0.116877
0.11691
0.116962
0.116963
0.116872
0.116827
0.116763
0.116645
0.116668
0.116654
0.116746
0.116739
0.116699
0.116667
0.116665
0.116644
0.116715
0.116772
0.116802
0.116849
0.116933
0.116842
0.116865
0.11678
0.11674
0.11675
0.116834
0.116849
0.11685
0.116883
0.11689
0.116912
0.116885
0.11693
0.116914
0.116855
0.116847
0.11679
0.116788
0.116778
0.116823
0.116858
0.116816
0.116777
0.116675
0.116826
0.116825
0.116746
0.116756
0.116773
0.116867
0.116902
0.116848
0.116828
0.116873
0.116881
0.116944
0.116922
0.116879
0.116856
0.116908
0.116872
0.116859
0.116774
0.116831
0.116774
0.116771
0.116749
0.116678
0.116569
0.116529
0.116541
0.116511
0.11653
0.116462
0.116487
0.116469
0.116484
0.116455
0.116516
0.116449
0.116441
0.11642
0.116434
0.116457
0.116418
0.116414
0.116429
0.116506
0.116562
0.116578
0.116592
0.116609
0.116727
0.11683
0.116869
0.116855
0.11687
0.116898
0.116884
0.116882
0.116856
0.116849
0.116788
0.116759
0.116743
0.116757
0.116713
0.11669
0.116698
0.116669
0.116653
0.116604
0.116519
0.116431
0.116494
0.116506
0.116571
0.116624
0.116681
0.1167
0.116652
0.116674
0.116635
0.116649
0.116623
0.116695
0.116675
0.116634
0.11663
0.116513
0.116497
0.116487
0.116423
0.116463
0.116482
0.116514
0.11654
0.116536
0.116579
0.116527
0.116618
0.116589
0.116569
0.116529
0.116468
0.116434
0.116417
0.116369
0.116364
0.116342
0.116343
0.11644
0.116519
0.116475
0.116421
0.11646
0.116464
0.116395
0.116324
0.116387
0.116465
0.116432
0.116485
0.116478
0.116499
0.116484
0.116495
0.116491
0.116522
0.116535
0.116507
0.116519
0.116474
0.116492
0.116531
0.116525
0.116478
0.116464
0.116517
0.116485
0.116489
0.116477
0.116539
0.116568
0.116637
0.116663
0.116613
0.116574
0.116599
0.116589
0.11659
0.116591
0.116556
0.116546
0.116571
0.116545
0.116593
0.11659
0.116584
0.116642
0.116688
0.116728
0.116726
0.11674
0.116752
0.116712
0.116683
0.116699
0.116675
0.116669
0.116651
0.116638
0.116577
0.116476
0.11649
0.11657
0.116533
0.116469
0.11645
0.11642
0.116392
0.116348
0.116305
0.116328
0.116265
0.116238
0.116258
0.116252
0.116266
0.116261
0.116238
0.116238
0.116238
0.116261
0.116276
0.116299
0.116293
0.116336
0.116269
0.11621
0.116273
0.116252
0.116334
0.116275
0.116253
0.116247
0.116215
0.116215
0.11617
0.116163
0.116228
0.116193
0.116183
0.116087
0.116067
0.116053
0.116003
0.116033
0.116027
0.116047
0.116015
0.115993
0.116013
0.116091
0.116114
0.116174
0.116202
0.116208
0.116257
0.116265
0.116225
0.116236
0.116252
0.116298
0.11629
0.116353
0.116365
0.116361
0.116344
0.116311
0.116345
0.116324
0.116307
0.11634
0.11629
0.116245
0.11625
0.116325
0.116336
0.116313
0.116362
0.116344
0.116282
0.116347
0.116333
0.116319
0.116246
0.116242
0.116228
0.116232
0.116175
0.116155
0.116119
0.116103
0.116104
0.116158
0.116139
0.116145
0.116075
0.116088
0.116048
0.116013
0.11604
0.116087
0.116143
0.116155
0.116221
0.116186
0.116151
0.116184
0.116128
0.116175
0.116188
0.116302
0.116268
0.116278
0.116303
0.116367
0.11635
0.116397
0.116352
0.116419
0.116415
0.116416
0.116439
0.1165
0.116544
0.116586
0.116675
0.116648
0.116638
0.116635
0.116645
0.116624
0.116595
0.116543
0.116569
0.116583
0.116555
0.116525
0.116525
0.116625
0.116635
0.116606
0.116542
0.116537
0.116533
0.116516
0.116478
0.116474
0.116458
0.116406
0.116349
0.116294
0.116292
0.116246
0.116195
0.11617
0.116155
0.116151
0.116129
0.116125
0.116144
0.116118
0.11615
0.116105
0.11602
0.115966
0.115908
0.115901
0.115896
0.115882
0.115955
0.115971
0.116016
0.115995
0.115986
0.115918
0.115888
0.115963
0.115922
0.115872
0.115912
0.115905
0.115927
0.115946
0.115941
0.115866
0.11585
0.115843
0.115849
0.11585
0.11587
0.115856
0.115868
0.115889
0.115859
0.115811
0.11575
0.115678
0.115635
0.115642
0.115674
0.115592
0.115655
0.115678
0.115658
0.115673
0.115608
0.115535
0.115553
0.115506
0.115482
0.115447
0.11543
0.115435
0.115452
0.115411
0.115385
0.115351
0.115335
0.115337
0.115378
0.11536
0.115341
0.115321
0.115337
0.115325
0.11537
0.11531
0.115301
0.115283
0.115313
0.115345
0.115334
0.115414
0.115351
0.115354
0.115308
0.115298
0.11533
0.115333
0.11536
0.115356
0.115301
0.115336
0.115413
0.115488
0.11552
0.115493
0.115565
0.115556
0.115575
0.115584
0.115598
0.115621
0.11562
0.115565
0.11556
0.115566
0.115627
0.115645
0.11572
0.115773
0.115762
0.115726
0.115698
0.115649
0.115671
0.115746
0.115764
0.1158
0.115779
0.115764
0.115748
0.11572
0.115741
0.115753
0.115791
0.115806
0.115752
0.115823
0.115876
0.115947
0.115971
0.116002
0.116033
0.116028
0.116033
0.116067
0.116084
0.116102
0.116124
0.116141
0.116119
0.116097
0.116124
0.116081
0.116005
0.116025
0.116077
0.116094
0.116042
0.116019
0.116009
0.116021
0.116022
0.115982
0.115973
0.115996
0.116007
0.116081
0.116083
0.116106
0.116089
0.116136
0.116179
0.116134
0.116157
0.116133
0.116111
0.11609
0.116072
0.116063
0.116076
0.116058
0.116066
0.116066
0.116034
0.115983
0.115978
0.115956
0.115919
0.115934
0.115977
0.116064
0.116011
0.11603
0.116098
0.116157
0.116242
0.11629
0.116363
0.116392
0.116412
0.116364
0.116356
0.116355
0.116313
0.116294
0.11628
0.116302
0.116284
0.116254
0.116327
0.116315
0.116308
0.116273
0.116256
0.116296
0.116258
0.116286
0.116364
0.116392
0.116406
0.11638
0.116379
0.116333
0.116331
0.116314
0.116254
0.116205
0.116181
0.116122
0.116075
0.116057
0.116044
0.116059
0.116
0.115997
0.115987
0.116007
0.115955
0.115956
0.115997
0.115971
0.115951
0.115915
0.115915
0.115957
0.115966
0.11594
0.115942
0.115921
0.115894
0.115867
0.115853
0.115855
0.115834
0.115848
0.115901
0.115827
0.11591
0.115928
0.115882
0.115851
0.115837
0.115915
0.115896
0.11587
0.115886
0.115833
0.115801
0.115767
0.11574
0.115745
0.115742
0.115796
0.115799
0.115764
0.11571
0.115641
0.115648
0.115666
0.115712
0.115689
0.115821
0.11581
0.115822
0.115782
0.115788
0.115818
0.115833
0.115818
0.115758
0.115716
0.115706
0.115706
0.115714
0.115781
0.115833
0.115834
0.115818
0.115876
0.115892
0.115945
0.115963
0.11597
0.115935
0.116028
0.116111
0.116091
0.116021
0.116017
0.116048
0.116056
0.116025
0.116042
0.116131
0.116119
0.116111
0.116116
0.116149
0.116132
0.116115
0.116053
0.116092
0.116066
0.116081
0.116048
0.116062
0.116099
0.116118
0.116192
0.116196
0.116189
0.116211
0.116263
0.116204
0.116197
0.116218
0.116239
0.116317
0.116309
0.116307
0.116399
0.116369
0.116359
0.116317
0.116304
0.116294
0.116323
0.116301
0.116325
0.116312
0.116335
0.116344
0.116272
0.116235
0.116219
0.11618
0.116143
0.116115
0.116102
0.116044
0.11608
0.116044
0.116054
0.116019
0.116048
0.116167
0.116197
0.116242
0.116275
0.116313
0.11626
0.116241
0.116239
0.116243
0.116216
0.116231
0.116254
0.116223
0.116195
0.116187
0.116142
0.116155
0.116179
0.116203
0.116223
0.116248
0.116257
0.116259
0.116238
0.116287
0.116278
0.116317
0.116331
0.116327
0.116334
0.116338
0.116417
0.116454
0.116442
0.116488
0.116479
0.116486
0.116491
0.116513
0.116493
0.116561
0.116594
0.116604
0.116623
0.116623
0.116603
0.116557
0.116581
0.11657
0.116564
0.116649
0.116693
0.116657
0.116724
0.11674
0.116731
0.116747
0.116782
0.116858
0.116889
0.116914
0.116949
0.116928
0.116912
0.11696
0.116916
0.11691
0.116991
0.117039
0.117036
0.117017
0.116976
0.117014
0.117023
0.117029
0.117024
0.117017
0.117052
0.11707
0.117059
0.117061
0.11712
0.117095
0.117089
0.117119
0.117133
0.117195
0.117218
0.117181
0.117237
0.117227
0.117247
0.117225
0.117227
0.117211
0.117234
0.117278
0.117305
0.117314
0.117374
0.117338
0.117361
0.11741
0.117434
0.117436
0.117468
0.117478
0.117541
0.117528
0.117561
0.117559
0.117557
0.117548
0.117553
0.117542
0.117519
0.117503
0.117536
0.117529
0.117577
0.117604
0.117613
0.117593
0.117591
0.117614
0.117627
0.117691
0.117655
0.117666
0.117673
0.117649
0.117699
0.11769
0.117662
0.117723
0.117739
0.117786
0.11775
0.117749
0.117732
0.117745
0.117758
0.117811
0.117775
0.117754
0.117783
0.117813
0.117822
0.117805
0.117802
0.117784
0.117788
0.117763
0.117763
0.117776
0.117862
0.117875
0.117885
0.117871
0.117848
0.11784
0.117887
0.117888
0.117889
0.117856
0.117913
0.117968
0.117942
0.117899
0.117857
0.117829
0.1178
0.117772
0.117744
0.117717
0.117689
0.117715
0.117721
0.117697
0.1177
0.117782
0.117819
0.117866
0.117873
0.117927
0.117917
0.118008
0.118022
0.118062
0.118083
0.118064
0.118011
0.117956
0.117948
0.117964
0.117957
0.117935
0.117949
0.117922
0.117919
0.117914
0.117912
0.117885
0.117873
0.117886
0.117877
0.117891
0.11787
0.117864
0.117893
0.117917
0.117964
0.117995
0.118022
0.118012
0.117994
0.118025
0.11799
0.117987
0.117999
0.117999
0.117985
0.117962
0.117951
0.11795
0.117923
0.117919
0.117885
0.117849
0.117857
0.11786
0.117865
0.117893
0.117871
0.117835
0.117919
0.117934
0.117965
0.11802
0.117976
0.117981
0.117992
0.117983
0.11796
0.117941
0.117944
0.117918
0.117911
0.117884
0.117861
0.117849
0.117813
0.11782
0.117851
0.117785
0.117792
0.117792
0.117825
0.117807
0.117808
0.117809
0.11776
0.117752
0.117788
0.1178
0.117797
0.117802
0.117797
0.117803
0.117803
0.117842
0.11786
0.117867
0.117841
0.117825
0.117815
0.117844
0.117816
0.117837
0.117826
0.117806
0.117772
0.117742
0.117711
0.117701
0.117729
0.117744
0.117753
0.117768
0.117762
0.117717
0.117697
0.11771
0.117718
0.117751
0.117791
0.117792
0.117765
0.117785
0.117755
0.117743
0.117722
0.117728
0.117761
0.117766
0.117774
0.117775
0.117752
0.117778
0.117759
0.11779
0.117785
0.117794
0.117773
0.117787
0.117797
0.117755
0.117702
0.117695
0.117699
0.117699
0.117701
0.117698
0.117689
0.117664
0.117675
0.117737
0.117712
0.117712
0.117703
0.117752
0.11776
0.117807
0.117813
0.117843
0.117797
0.117836
0.11786
0.117882
0.117871
0.117862
0.117821
0.117802
0.117794
0.11779
0.117854
0.117856
0.117826
0.117809
0.117782
0.117814
0.117786
0.117785
0.117819
0.117859
0.117853
0.117884
0.117871
0.117866
0.117927
0.117957
0.118018
0.117999
0.118015
0.118025
0.11802
0.118012
0.118062
0.118053
0.11802
0.118014
0.118026
0.118042
0.11803
0.118102
0.118095
0.118128
0.118106
0.118097
0.118082
0.118092
0.11808
0.118087
0.118127
0.118178
0.118184
0.118201
0.118179
0.118171
0.118143
0.118117
0.118093
0.118085
0.118053
0.118045
0.118079
0.118075
0.118077
0.118056
0.118038
0.118036
0.118062
0.118046
0.118021
0.11804
0.118034
0.118036
0.118004
0.118003
0.118007
0.117994
0.118038
0.118042
0.118022
0.118014
0.118026
0.118008
0.117997
0.118005
0.11805
0.118003
0.118005
0.117996
0.118023
0.118042
0.118064
0.118078
0.118073
0.118034
0.117989
0.117974
0.117948
0.1179
0.117885
0.117848
0.117845
0.117829
0.117816
0.11779
0.117773
0.117734
0.117692
0.117695
0.117729
0.117739
0.117767
0.117798
0.117822
0.117857
0.117904
0.117931
0.11794
0.117933
0.117908
0.117919
0.1179
0.117874
0.117864
0.117873
0.117839
0.117831
0.117796
0.117802
0.117796
0.117806
0.117819
0.117822
0.117813
0.117796
0.117806
0.117773
0.117764
0.117773
0.117819
0.11784
0.117843
0.117901
0.117898
0.117903
0.11788
0.1179
0.117884
0.117897
0.117897
0.117892
0.117871
0.1179
0.117881
0.117853
0.11786
0.117851
0.117854
0.117845
0.117864
0.11787
0.11792
0.11793
0.117939
0.117959
0.117931
0.11792
0.117913
0.117884
0.117923
0.117872
0.11793
0.117925
0.117915
0.117923
0.117909
0.117915
0.117898
0.117895
0.117919
0.117899
0.117872
0.117872
0.117847
0.117876
0.117928
0.117976
0.11794
0.117987
0.117972
0.117987
0.118015
0.118016
0.118005
0.118028
0.118009
0.11799
0.117962
0.117984
0.117933
0.117891
0.117943
0.117944
0.117933
0.117885
0.117874
0.117886
0.117868
0.11783
0.117834
0.117824
0.117788
0.117789
0.117792
0.11777
0.11778
0.117755
0.117768
0.117817
0.117817
0.117815
0.117824
0.117798
0.117782
0.117762
0.117772
0.117756
0.117762
0.117745
0.117729
0.117699
0.11771
0.117656
0.117618
0.1176
0.117595
0.11759
0.11758
0.117566
0.117596
0.117602
0.117573
0.117584
0.117579
0.117593
0.117598
0.117593
0.117566
0.117549
0.117515
0.117514
0.117481
0.117472
0.117479
0.117458
0.117466
0.117437
0.117447
0.117452
0.117519
0.117527
0.117492
0.117482
0.117498
0.117467
0.117457
0.117413
0.117394
0.117402
0.11738
0.117355
0.117343
0.117318
0.117322
0.117345
0.117364
0.117336
0.117308
0.117296
0.117304
0.117323
0.117304
0.117276
0.117293
0.117284
0.117257
0.117238
0.117219
0.117202
0.117198
0.117196
0.117186
0.117184
0.117149
0.11716
0.117134
0.117144
0.117132
0.117169
0.11716
0.11718
0.117175
0.117178
0.117181
0.117203
0.117191
0.117205
0.117222
0.117262
0.117263
0.117279
0.117268
0.117223
0.117219
0.117215
0.117182
0.117191
0.117159
0.117148
0.117121
0.117077
0.117047
0.117007
0.117039
0.117016
0.117014
0.117027
0.117016
0.116989
0.116968
0.116936
0.116905
0.11687
0.116887
0.116928
0.116922
0.116951
0.116912
0.11695
0.116946
0.116948
0.116906
0.116889
0.116894
0.116888
0.116858
0.116859
0.116877
0.116859
0.116866
0.11688
0.116895
0.116912
0.116887
0.116905
0.116903
0.116924
0.11693
0.116947
0.116929
0.116914
0.116923
0.116902
0.116877
0.116857
0.116843
0.116872
0.116837
0.116834
0.116873
0.116851
0.116843
0.116856
0.116835
0.116843
0.116858
0.116877
0.116888
0.11688
0.116889
0.116893
0.11692
0.116923
0.11698
0.116977
0.117007
0.116972
0.116984
0.11696
0.116953
0.116911
0.11692
0.116958
0.11699
0.117012
0.117032
0.117012
0.116988
0.117006
0.116994
0.116969
0.11697
0.117008
0.116992
0.117012
0.117014
0.117034
0.11705
0.117046
0.117032
0.117017
0.116998
0.11703
0.116997
0.116981
0.116968
0.116962
0.116941
0.116933
0.116953
0.116956
0.116969
0.116989
0.116976
0.117005
0.117031
0.117041
0.117055
0.117083
0.117092
0.117087
0.117075
0.117021
0.117034
0.11702
0.117018
0.117058
0.117046
0.117042
0.117074
0.117072
0.117091
0.11708
0.11706
0.117045
0.117068
0.117114
0.117074
0.117057
0.117056
0.11703
0.117043
0.11705
0.11703
0.117018
0.117021
0.117017
0.117
0.116984
0.116977
0.116969
0.116976
0.116961
0.116966
0.116946
0.116956
0.116959
0.117014
0.116996
0.116989
0.117017
0.117049
0.117023
0.117039
0.117031
0.11702
0.117019
0.117022
0.117
0.116985
0.116968
0.116948
0.116943
0.11699
0.11696
0.116938
0.116978
0.117012
0.117016
0.117009
0.117
0.117007
0.117006
0.117001
0.116998
0.116992
0.117001
0.116973
0.11697
0.116954
0.116933
0.116965
0.116967
0.11697
0.11699
0.116991
0.116971
0.116945
0.11698
0.117001
0.116995
0.116964
0.116936
0.116975
0.116936
0.11696
0.116992
0.117001
0.11703
0.117047
0.117038
0.117018
0.117012
0.117002
0.116987
0.117014
0.116973
0.116991
0.116977
0.116961
0.11696
0.116915
0.116904
0.116899
0.116898
0.116933
0.116943
0.116934
0.116999
0.11701
0.116995
0.116958
0.116982
0.117017
0.117028
0.117042
0.117016
0.116998
0.116973
0.116952
0.116937
0.116946
0.116923
0.116938
0.11694
0.116942
0.116969
0.116983
0.116989
0.117022
0.117033
0.117023
0.11704
0.117061
0.117086
0.11711
0.117089
0.117059
0.117034
0.117036
0.117052
0.117094
0.1171
0.117101
0.1171
0.117068
0.117064
0.117105
0.117132
0.117126
0.117107
0.117098
0.117099
0.117075
0.117031
0.11704
0.11704
0.117056
0.117035
0.117047
0.117043
0.117039
0.117003
0.116986
0.116979
0.117001
0.116988
0.116958
0.116915
0.116912
0.116894
0.116863
0.116867
0.116913
0.116911
0.116876
0.116878
0.116884
0.116847
0.116867
0.116877
0.116883
0.116893
0.116914
0.116902
0.116929
0.116967
0.117012
0.117011
0.116992
0.117
0.117014
0.116991
0.11697
0.116999
0.116968
0.116939
0.116945
0.116933
0.116931
0.116938
0.116947
0.116962
0.116968
0.116976
0.116975
0.116946
0.116963
0.117007
0.117011
0.117023
0.117006
0.116998
0.116958
0.116964
0.116975
0.11703
0.11702
0.116994
0.117008
0.117028
0.117048
0.117061
0.117082
0.117097
0.117107
0.11712
0.117111
0.117103
0.117079
0.117079
0.117101
0.117123
0.117146
0.117154
0.117144
0.117124
0.117113
0.117112
0.117096
0.117107
0.117074
0.117038
0.116997
0.116997
0.11698
0.116983
0.116974
0.116954
0.116945
0.116979
0.116972
0.116971
0.116994
0.117036
0.116995
0.117052
0.117122
0.117115
0.117101
0.117132
0.117137
0.117159
0.117164
0.117146
0.117128
0.117142
0.117155
0.11718
0.117183
0.11719
0.117157
0.117178
0.117227
0.117213
0.117217
0.117216
0.11722
0.117211
0.117185
0.117175
0.11715
0.117144
0.117121
0.117094
0.117086
0.117119
0.117124
0.117125
0.117129
0.117111
0.117139
0.117153
0.117201
0.117204
0.117202
0.117242
0.11723
0.117229
0.117244
0.117224
0.117235
0.117234
0.117206
0.117192
0.117174
0.117161
0.11718
0.117199
0.117232
0.117224
0.117251
0.117268
0.117266
0.117244
0.11727
0.117234
0.117274
0.11726
0.117269
0.117295
0.117289
0.117305
0.117321
0.117303
0.117309
0.117314
0.117377
0.117397
0.117388
0.117388
0.117395
0.117421
0.117383
0.117409
0.117409
0.117433
0.117444
0.11748
0.117465
0.117496
0.117526
0.117526
0.117541
0.117581
0.117562
0.117545
0.117582
0.117587
0.117627
0.117609
0.117601
0.117609
0.117616
0.117592
0.117598
0.117574
0.117582
0.117586
0.117585
0.117585
0.117614
0.117613
0.117634
0.117649
0.117661
0.117666
0.117628
0.117608
0.117616
0.117619
0.117656
0.117651
0.117647
0.117657
0.117653
0.117629
0.117637
0.117618
0.117627
0.117609
0.117596
0.1176
0.117594
0.11757
0.117555
0.117539
0.117525
0.117596
0.1176
0.117609
0.117594
0.117561
0.117568
0.117592
0.117614
0.117614
0.11761
0.117585
0.117561
0.117551
0.117546
0.11756
0.117553
0.117544
0.117558
0.117582
0.117578
0.117561
0.117578
0.117569
0.117546
0.11753
0.117527
0.117501
0.11751
0.117505
0.117487
0.117509
0.117519
0.117543
0.117595
0.1176
0.117591
0.117562
0.117562
0.117554
0.117556
0.117567
0.117586
0.117626
0.117612
0.117607
0.117615
0.117614
0.117574
0.117596
0.117597
0.117607
0.117611
0.117616
0.117643
0.11762
0.117622
0.117607
0.117581
0.117578
0.117606
0.117601
0.1176
0.117591
0.117588
0.11758
0.117571
0.117564
0.117593
0.117618
0.11761
0.117595
0.117634
0.11765
0.117635
0.11762
0.117587
0.117555
0.117555
0.117531
0.117525
0.117496
0.117501
0.117479
0.117471
0.117463
0.11747
0.117511
0.117514
0.117505
0.117491
0.117486
0.117497
0.117537
0.117549
0.117554
0.117523
0.117497
0.117488
0.117472
0.117474
0.117469
0.117469
0.117459
0.117449
0.117464
0.117462
0.117492
0.117476
0.117454
0.117474
0.117465
0.117454
0.117472
0.117469
0.117482
0.117487
0.117501
0.117501
0.117501
0.11754
0.117553
0.117518
0.117502
0.117495
0.117494
0.117477
0.117491
0.117494
0.117469
0.117453
0.11745
0.117449
0.117425
0.117419
0.117419
0.117423
0.117434
0.11743
0.117473
0.117477
0.117465
0.117486
0.117482
0.117466
0.11751
0.117515
0.117533
0.117524
0.117538
0.11755
0.117551
0.117542
0.117543
0.117564
0.117576
0.117572
0.117543
0.117529
0.117543
0.11757
0.117577
0.117595
0.117567
0.117542
0.117527
0.117531
0.117511
0.117478
0.117458
0.117458
0.117449
0.117472
0.117443
0.117428
0.117415
0.117381
0.117366
0.117359
0.11736
0.117348
0.117357
0.117322
0.117328
0.117309
0.117301
0.117304
0.117292
0.117271
0.117243
0.117217
0.11722
0.117216
0.117208
0.1172
0.117181
0.117179
0.117184
0.117189
0.117167
0.117179
0.117174
0.117151
0.117172
0.117172
0.117163
0.117149
0.117138
0.117173
0.117173
0.117167
0.117181
0.117137
0.117111
0.117102
0.117108
0.117122
0.117104
0.117068
0.11705
0.117041
0.117058
0.117077
0.117056
0.117058
0.117051
0.11704
0.117019
0.117049
0.117053
0.117045
0.117076
0.117078
0.117059
0.117037
0.117019
0.117049
0.117036
0.117047
0.11704
0.117034
0.117048
0.117041
0.117043
0.117051
0.117026
0.117018
0.117005
0.11705
0.11704
0.117046
0.117048
0.117041
0.117038
0.117054
0.117051
0.11706
0.11705
0.117026
0.117043
0.117049
0.117032
0.117063
0.117063
0.117079
0.117121
0.117107
0.117124
0.117126
0.117127
0.117123
0.11712
0.11711
0.117073
0.117084
0.117065
0.117041
0.117024
0.117028
0.117006
0.117011
0.117009
0.117016
0.117007
0.117011
0.117024
0.11703
0.117008
0.11699
0.117017
0.117016
0.11701
0.117039
0.117022
0.117006
0.117016
0.11703
0.117045
0.117039
0.11706
0.117071
0.117098
0.117108
0.11713
0.117152
0.117159
0.117168
0.117169
0.117143
0.117159
0.117175
0.117201
0.117185
0.117186
0.117202
0.117216
0.117212
0.117219
0.117206
0.117199
0.117172
0.117149
0.117167
0.117186
0.117169
0.117172
0.117185
0.11723
0.117207
0.117206
0.117196
0.11719
0.117213
0.117205
0.117186
0.117204
0.117211
0.117195
0.117203
0.117198
0.117198
0.117162
0.11718
0.117198
0.117213
0.117188
0.117182
0.117186
0.117175
0.117155
0.117132
0.117143
0.11713
0.117111
0.117127
0.117138
0.117156
0.117126
0.117136
0.11713
0.117129
0.117119
0.117085
0.117088
0.117077
0.117057
0.117079
0.117078
0.117104
0.117108
0.11716
0.117179
0.117182
0.117192
0.117189
0.117194
0.117184
0.117222
0.117205
0.117171
0.11715
0.11713
0.117128
0.11712
0.117116
0.117094
0.117072
0.117067
0.117059
0.117075
0.117077
0.117077
0.11707
0.117105
0.117119
0.117101
0.117123
0.117128
0.117144
0.117132
0.117134
0.117116
0.117109
0.117104
0.117079
0.117076
0.117088
0.117081
0.117068
0.117069
0.117067
0.117074
0.117092
0.117106
0.117093
0.117082
0.117077
0.117086
0.117074
0.117058
0.11709
0.117069
0.11706
0.117073
0.117078
0.117069
0.117047
0.117034
0.11701
0.116996
0.116993
0.116998
0.116985
0.116969
0.11695
0.116933
0.116948
0.116945
0.116938
0.116914
0.11689
0.116901
0.116894
0.116871
0.116878
0.116887
0.116885
0.116868
0.116875
0.116857
0.116883
0.116885
0.116888
0.116889
0.116885
0.116867
0.116849
0.116842
0.116818
0.11681
0.116799
0.116782
0.116771
0.116754
0.116783
0.116805
0.116804
0.11682
0.116825
0.116824
0.116818
0.116854
0.116883
0.116902
0.116898
0.116879
0.116901
0.116927
0.116945
0.116942
0.116935
0.116931
0.116953
0.116963
0.116965
0.116947
0.116928
0.116889
0.116856
0.116816
0.116799
0.116778
0.116796
0.116798
0.11678
0.116774
0.116777
0.116795
0.116789
0.116769
0.116783
0.116779
0.116794
0.116776
0.116775
0.116746
0.116783
0.1168
0.116787
0.116791
0.116785
0.116832
0.116795
0.116774
0.116772
0.116771
0.116782
0.11675
0.116751
0.116731
0.116746
0.11676
0.116739
0.116737
0.116767
0.116773
0.11675
0.116737
0.116726
0.116719
0.116712
0.116724
0.116729
0.11673
0.116739
0.116723
0.116733
0.116712
0.116736
0.116746
0.11675
0.116748
0.116774
0.11675
0.116748
0.116735
0.116723
0.116715
0.116719
0.116705
0.116715
0.116755
0.116758
0.116739
0.116729
0.116734
0.116755
0.116777
0.116773
0.116761
0.116764
0.116754
0.116771
0.116775
0.116786
0.116787
0.116787
0.116775
0.116749
0.116727
0.116716
0.116725
0.11671
0.116725
0.116733
0.116743
0.116751
0.116771
0.116747
0.116757
0.116737
0.116719
0.116705
0.116691
0.116681
0.116662
0.116639
0.116625
0.116617
0.116613
0.116657
0.116665
0.116669
0.116696
0.116671
0.116657
0.116657
0.116668
0.116648
0.116659
0.116693
0.116679
0.116674
0.116651
0.11664
0.116652
0.116654
0.116655
0.116641
0.116638
0.116635
0.116634
0.116658
0.116652
0.116656
0.116632
0.116622
0.116602
0.116606
0.11658
0.116593
0.116572
0.116569
0.116583
0.116591
0.116578
0.116568
0.116571
0.116582
0.116586
0.116581
0.116605
0.116606
0.11661
0.116616
0.116626
0.116629
0.116665
0.116654
0.116675
0.116656
0.116661
0.116673
0.116713
0.116683
0.116683
0.116661
0.116685
0.116673
0.116695
0.116706
0.116713
0.116729
0.116739
0.116764
0.116769
0.116783
0.116785
0.116771
0.116759
0.11677
0.116783
0.116783
0.116779
0.116761
0.116733
0.116723
0.116735
0.116759
0.116765
0.116764
0.116764
0.116821
0.116838
0.116818
0.1168
0.116776
0.116769
0.116764
0.116745
0.116728
0.116717
0.116702
0.116685
0.116676
0.116659
0.116643
0.116654
0.116681
0.116684
0.116696
0.116698
0.116684
0.116657
0.116645
0.116648
0.116656
0.116664
0.11669
0.116689
0.116699
0.116709
0.116726
0.116745
0.116745
0.116719
0.116733
0.11677
0.11676
0.116755
0.116764
0.116766
0.116768
0.116764
0.116783
0.116767
0.116786
0.116763
0.116753
0.116751
0.116731
0.116775
0.116809
0.116786
0.11679
0.116785
0.116781
0.116806
0.116805
0.116824
0.116828
0.116834
0.11683
0.116835
0.116857
0.116837
0.116825
0.116865
0.116882
0.116886
0.116893
0.116896
0.116944
0.116937
0.116927
0.116924
0.116942
0.116946
0.116913
0.116906
0.116895
0.116889
0.116889
0.116914
0.116904
0.116901
0.116875
0.11686
0.116847
0.116834
0.116802
0.116815
0.116828
0.116822
0.116819
0.116831
0.116804
0.116805
0.116808
0.116834
0.116871
0.11687
0.116864
0.116881
0.116859
0.116835
0.116831
0.116844
0.116852
0.116838
0.116825
0.116807
0.116812
0.116789
0.116763
0.116747
0.116724
0.116719
0.11672
0.116696
0.116695
0.116682
0.116669
0.116661
0.116663
0.116682
0.116675
0.11666
0.116641
0.116634
0.116664
0.116656
0.116661
0.116657
0.116649
0.116665
0.116646
0.116637
0.116624
0.116622
0.116634
0.116654
0.116643
0.116661
0.116659
0.116662
0.116665
0.116663
0.116639
0.11663
0.116625
0.116615
0.116602
0.116592
0.116581
0.116573
0.116575
0.116568
0.116546
0.11656
0.116551
0.116572
0.116563
0.116559
0.116543
0.116533
0.11656
0.116559
0.116578
0.116568
0.116577
0.116584
0.116566
0.116567
0.116539
0.116519
0.11651
0.116509
0.116508
0.11652
0.116515
0.116509
0.116513
0.116508
0.11648
0.116465
0.116462
0.116462
0.116468
0.116518
0.116521
0.116522
0.116541
0.116544
0.116558
0.116561
0.116551
0.116538
0.116539
0.116531
0.116516
0.116503
0.116518
0.116526
0.116519
0.116513
0.116523
0.116534
0.116522
0.116515
0.116516
0.116517
0.116501
0.116526
0.116545
0.11654
0.116557
0.116553
0.116589
0.116583
0.116587
0.116609
0.116596
0.116598
0.116601
0.116594
0.116607
0.116638
0.116655
0.116656
0.11665
0.116649
0.116633
0.116615
0.11662
0.116622
0.116631
0.116626
0.116628
0.116625
0.116601
0.116602
0.1166
0.116611
0.116614
0.116635
0.116651
0.116668
0.116676
0.116659
0.116639
0.116639
0.116624
0.116605
0.116579
0.116556
0.116538
0.116506
0.116492
0.116483
0.116508
0.116529
0.116512
0.116541
0.116543
0.116533
0.116531
0.116509
0.116505
0.116508
0.116522
0.116509
0.116485
0.116478
0.116476
0.116478
0.116471
0.116466
0.116479
0.116461
0.116448
0.116438
0.116438
0.116445
0.116436
0.116431
0.116435
0.116438
0.116455
0.116471
0.116484
0.116501
0.116513
0.116546
0.116554
0.116548
0.116552
0.116549
0.116543
0.116565
0.116583
0.116577
0.11656
0.116587
0.116564
0.116562
0.116569
0.116564
0.116571
0.116569
0.116586
0.116612
0.116609
0.116649
0.116646
0.116668
0.116683
0.116713
0.116699
0.116689
0.11668
0.116693
0.116679
0.116695
0.116701
0.116713
0.116719
0.116711
0.116712
0.116736
0.116746
0.116724
0.116704
0.116715
0.116712
0.116721
0.116712
0.116682
0.116689
0.116689
0.116687
0.116676
0.116666
0.116653
0.116647
0.116632
0.116623
0.116599
0.116618
0.116614
0.116628
0.116635
0.116641
0.116637
0.116644
0.116645
0.11665
0.116649
0.116655
0.116653
0.116675
0.116648
0.116646
0.116635
0.116621
0.116598
0.116583
0.116582
0.116572
0.116568
0.116585
0.116598
0.116587
0.116602
0.116608
0.116598
0.116588
0.116574
0.116583
0.116573
0.116589
0.11658
0.116562
0.116558
0.116557
0.11654
0.116548
0.116545
0.11653
0.116547
0.116563
0.116568
0.116566
0.116573
0.116581
0.116586
0.116582
0.116575
0.116544
0.116528
0.116532
0.116519
0.116539
0.116546
0.116554
0.116541
0.116546
0.116533
0.116531
0.116539
0.116576
0.116551
0.116542
0.116535
0.116563
0.116591
0.116601
0.116597
0.1166
0.116599
0.116606
0.116585
0.116561
0.116573
0.116559
0.11657
0.116552
0.116558
0.116552
0.116573
0.116559
0.116549
0.11655
0.116532
0.116524
0.116508
0.116527
0.116521
0.116523
0.116522
0.116507
0.1165
0.116485
0.116473
0.116466
0.116489
0.116465
0.116451
0.116435
0.116445
0.116466
0.11646
0.11648
0.116482
0.116488
0.116476
0.116481
0.11649
0.116518
0.116519
0.116517
0.116501
0.116489
0.116486
0.116475
0.116466
0.11648
0.116468
0.116479
0.116465
0.116469
0.116466
0.116467
0.116467
0.116462
0.11646
0.116447
0.116467
0.116455
0.116469
0.116461
0.116466
0.116458
0.116462
0.11648
0.116508
0.116508
0.116512
0.116507
0.116509
0.116504
0.116509
0.116543
0.116556
0.116551
0.116557
0.116559
0.116563
0.116585
0.116624
0.116636
0.116611
0.116597
0.116605
0.116599
0.116605
0.116592
0.116573
0.116578
0.116594
0.116595
0.116591
0.116581
0.116574
0.116568
0.116561
0.116557
0.116554
0.116577
0.116577
0.116573
0.116578
0.116584
0.116574
0.116578
0.116581
0.116589
0.116571
0.116581
0.116582
0.11658
0.11657
0.116575
0.116606
0.116608
0.116626
0.116605
0.116626
0.116638
0.116638
0.116646
0.116636
0.116635
0.11664
0.11664
0.116619
0.116605
0.116595
0.116595
0.116615
0.116613
0.116589
0.116573
0.116566
0.116562
0.116556
0.116565
0.11656
0.116571
0.116582
0.116581
0.116565
0.116559
0.116562
0.116574
0.116602
0.116592
0.116603
0.11659
0.116592
0.116609
0.116608
0.116621
0.116623
0.116652
0.116636
0.116647
0.116649
0.116664
0.116655
0.116644
0.11666
0.116645
0.116629
0.11666
0.116647
0.11664
0.116654
0.116663
0.116651
0.116644
0.116634
0.116632
0.116623
0.116631
0.116634
0.116633
0.116613
0.116635
0.11663
0.116636
0.116641
0.116637
0.11663
0.116655
0.116637
0.116637
0.116631
0.116607
0.116597
0.116598
0.116594
0.116606
0.116599
0.116597
0.116584
0.116578
0.116583
0.11658
0.116576
0.116579
0.116579
0.116592
0.116612
0.116607
0.116624
0.116636
0.116658
0.116666
0.116671
0.116652
0.116641
0.116625
0.116616
0.116619
0.116625
0.116628
0.116612
0.116606
0.116588
0.116573
0.116588
0.116577
0.116605
0.116616
0.116596
0.11658
0.116564
0.116564
0.116541
0.116538
0.116522
0.116539
0.116526
0.116528
0.116543
0.116538
0.116551
0.116546
0.116534
0.116527
0.116531
0.116521
0.116517
0.116529
0.116555
0.116552
0.116535
0.116512
0.11651
0.116518
0.116512
0.116496
0.116491
0.116489
0.116501
0.11653
0.116551
0.116565
0.116574
0.116618
0.11663
0.116615
0.116605
0.116602
0.116623
0.116627
0.116613
0.116637
0.116634
0.11662
0.116625
0.116628
0.11663
0.116622
0.11662
0.11661
0.1166
0.116588
0.116613
0.116619
0.116627
0.116641
0.116654
0.116648
0.116656
0.116682
0.116674
0.116672
0.11667
0.116668
0.116661
0.11665
0.116645
0.116643
0.116655
0.116655
0.116669
0.116659
0.116661
0.116643
0.116648
0.116642
0.116642
0.116645
0.116634
0.116639
0.116624
0.116609
0.11662
0.116628
0.116624
0.116631
0.116632
0.116638
0.116656
0.116646
0.116685
0.116713
0.116709
0.116685
0.116717
0.116726
0.116725
0.116729
0.116734
0.116734
0.116731
0.116766
0.116767
0.116781
0.116766
0.11675
0.11673
0.116698
0.116708
0.116706
0.116701
0.116717
0.116715
0.116725
0.116713
0.116695
0.116713
0.116702
0.1167
0.116709
0.116743
0.116735
0.11673
0.116729
0.116741
0.116724
0.116712
0.116713
0.11669
0.116673
0.116671
0.116676
0.116684
0.116672
0.116667
0.116676
0.116682
0.116671
0.116683
0.11667
0.11666
0.116672
0.116661
0.116649
0.116631
0.116647
0.116646
0.11664
0.116668
0.116679
0.116689
0.11668
0.116672
0.116674
0.116659
0.116651
0.116665
0.116675
0.116668
0.116648
0.116662
0.116666
0.116654
0.116646
0.116636
0.116624
0.116637
0.116629
0.116609
0.116607
0.116597
0.116592
0.116643
0.116637
0.116621
0.116616
0.116636
0.11664
0.116641
0.116659
0.116676
0.11668
0.116667
0.116643
0.116647
0.11665
0.116663
0.116665
0.116676
0.116659
0.116678
0.116685
0.116704
0.116734
0.116742
0.11676
0.1168
0.116823
0.116808
0.116796
0.116784
0.116784
0.116787
0.116794
0.116816
0.116815
0.116819
0.116794
0.116778
0.116781
0.116779
0.116768
0.116753
0.116753
0.116749
0.116766
0.11677
0.116757
0.116752
0.116756
0.116769
0.116771
0.116778
0.116782
0.11678
0.116787
0.116785
0.116786
0.116798
0.116788
0.11679
0.116783
0.116805
0.116805
0.116788
0.116794
0.116787
0.116783
0.116799
0.116797
0.116807
0.116823
0.116836
0.116817
0.116804
0.116805
0.1168
0.11681
0.116835
0.116836
0.116818
0.116829
0.116815
0.116813
0.116811
0.116806
0.116811
0.116795
0.116813
0.116804
0.116801
0.116795
0.11679
0.116777
0.116778
0.11678
0.116768
0.116764
0.116768
0.116768
0.116784
0.116773
0.116757
0.116767
0.116762
0.11674
0.116745
0.116746
0.116743
0.116737
0.116756
0.116766
0.116767
0.116755
0.116748
0.116737
0.116727
0.116714
0.116725
0.116714
0.11672
0.116715
0.116724
0.116723
0.116713
0.116731
0.116751
0.116736
0.116746
0.11674
0.116733
0.116737
0.116738
0.116738
0.11673
0.116737
0.116721
0.116705
0.11669
0.116711
0.116736
0.116744
0.116741
0.11672
0.116713
0.116762
0.116794
0.116804
0.116796
0.116801
0.116784
0.116763
0.116775
0.116776
0.116771
0.116767
0.116793
0.116773
0.116798
0.1168
0.116797
0.116794
0.116802
0.116795
0.116782
0.116788
0.116784
0.116771
0.116778
0.116783
0.116773
0.116781
0.116774
0.116776
0.116784
0.116785
0.116799
0.11682
0.116835
0.11684
0.116839
0.116828
0.116814
0.11681
0.116815
0.116834
0.116832
0.116809
0.116804
0.116788
0.116792
0.116794
0.116808
0.116816
0.116831
0.116842
0.116849
0.116826
0.116822
0.116842
0.116848
0.116857
0.116873
0.116874
0.116873
0.116876
0.116884
0.116914
0.116913
0.116891
0.116882
0.116882
0.116886
0.11689
0.116893
0.116905
0.116898
0.11691
0.116904
0.116884
0.116894
0.116902
0.116893
0.11691
0.116889
0.116896
0.116897
0.116899
0.116892
0.116886
0.116874
0.116864
0.116874
0.116868
0.116859
0.116883
0.116892
0.116891
0.116913
0.116914
0.116912
0.1169
0.116895
0.116894
0.116878
0.116875
0.116883
0.116902
0.116899
0.116899
0.116923
0.116939
0.116942
0.116947
0.116952
0.116944
0.116943
0.116951
0.116945
0.116948
0.116927
0.116923
0.116921
0.11696
0.116957
0.116946
0.116941
0.116927
0.116931
0.116938
0.116943
0.116954
0.11696
0.116947
0.116953
0.116946
0.116941
0.116935
0.116927
0.11694
0.116941
0.116936
0.116929
0.116927
0.116946
0.116946
0.116947
0.116953
0.116947
0.116958
0.116938
0.116934
0.116929
0.116945
0.116935
0.116923
0.116926
0.116921
0.116908
0.116882
0.116856
0.116857
0.116843
0.116835
0.116844
0.116834
0.116848
0.116832
0.116829
0.116841
0.116836
0.116828
0.116835
0.116841
0.116845
0.116836
0.116833
0.116838
0.116836
0.116827
0.116828
0.116826
0.116815
0.116828
0.116812
0.116814
0.116805
0.116803
0.116784
0.116786
0.116778
0.116772
0.116764
0.116777
0.116779
0.116765
0.116749
0.11675
0.116734
0.116725
0.11673
0.116729
0.116719
0.116704
0.116708
0.1167
0.116699
0.116695
0.116702
0.116692
0.116685
0.116688
0.116684
0.116675
0.116696
0.116698
0.116691
0.116722
0.116708
0.116716
0.116725
0.116726
0.116747
0.116753
0.116777
0.116792
0.116801
0.116796
0.116799
0.11679
0.1168
0.116787
0.116807
0.116791
0.116796
0.1168
0.116799
0.116783
0.116786
0.116779
0.116775
0.116766
0.116757
0.116749
0.116749
0.116747
0.116736
0.116734
0.116755
0.116779
0.116777
0.116768
0.116798
0.116833
0.116828
0.116822
0.116829
0.116835
0.116829
0.116815
0.116798
0.116786
0.116791
0.116814
0.116811
0.116813
0.116832
0.116813
0.116822
0.116828
0.116814
0.116816
0.116801
0.116797
0.116794
0.116802
0.1168
0.116792
0.116813
0.116819
0.116811
0.116799
0.116794
0.116774
0.116755
0.116748
0.116735
0.116743
0.11673
0.116713
0.116707
0.11672
0.116723
0.116708
0.11671
0.116708
0.116699
0.116702
0.116711
0.116709
0.116712
0.116728
0.116751
0.116749
0.116749
0.116753
0.11674
0.116753
0.116757
0.116763
0.116763
0.116767
0.11677
0.116755
0.116756
0.116756
0.116763
0.11679
0.116803
0.116805
0.116816
0.116819
0.116829
0.116822
0.116821
0.116825
0.116831
0.116851
0.116846
0.116865
0.116875
0.116881
0.116886
0.116889
0.116877
0.116883
0.116882
0.116888
0.116891
0.116909
0.116925
0.116922
0.116922
0.11691
0.116915
0.116914
0.116904
0.116919
0.116926
0.116926
0.116951
0.116939
0.116938
0.116958
0.116948
0.116949
0.116946
0.116964
0.11696
0.116947
0.116939
0.11692
0.116927
0.116949
0.116949
0.11697
0.117001
0.116993
0.116992
0.117004
0.117002
0.116996
0.117
0.117016
0.117024
0.117026
0.117022
0.117024
0.117027
0.117025
0.117013
0.117032
0.117042
0.117045
0.117066
0.117067
0.117068
0.117048
0.117058
0.117055
0.117055
0.117066
0.117078
0.117077
0.117088
0.117095
0.117105
0.117128
0.117134
0.117123
0.117118
0.117113
0.117127
0.117148
0.117132
0.117137
0.117135
0.117138
0.117149
0.117166
0.117175
0.11718
0.117204
0.117198
0.117195
0.117211
0.117223
0.117201
0.117228
0.117229
0.117226
0.117222
0.117227
0.117225
0.117229
0.117232
0.117225
0.117224
0.117227
0.117229
0.117231
0.117221
0.117209
0.117213
0.117216
0.117233
0.117248
0.117248
0.117235
0.11723
0.117229
0.117205
0.117205
0.117192
0.11719
0.117215
0.117231
0.117217
0.117195
0.117206
0.117235
0.117222
0.117209
0.117221
0.117234
0.117219
0.117216
0.117216
0.117216
0.117253
0.117259
0.117264
0.117247
0.11725
0.117242
0.117235
0.117238
0.11725
0.117271
0.117259
0.117274
0.117294
0.117283
0.117273
0.117259
0.117257
0.117254
0.11724
0.117244
0.117253
0.117245
0.117232
0.117257
0.117275
0.117269
0.117271
0.117286
0.117276
0.117279
0.117286
0.117297
0.117298
0.117298
0.117289
0.117282
0.117268
0.117248
0.117246
0.117249
0.117255
0.117242
0.117232
0.117225
0.117224
0.117211
0.117217
0.117232
0.117246
0.117248
0.117254
0.117238
0.117243
0.117234
0.117227
0.117213
0.117221
0.11723
0.11723
0.117231
0.117256
0.117248
0.117248
0.117246
0.117256
0.117263
0.117279
0.11728
0.117272
0.117275
0.117274
0.117258
0.117278
0.117282
0.117301
0.117296
0.117282
0.117265
0.117269
0.117266
0.117264
0.117276
0.117284
0.117299
0.117288
0.117279
0.117304
0.1173
0.117301
0.117304
0.117299
0.117289
0.117291
0.117292
0.117278
0.11727
0.117269
0.117261
0.117249
0.117247
0.117241
0.117251
0.117248
0.117239
0.11723
0.117221
0.117226
0.117235
0.117239
0.117259
0.117247
0.117256
0.117244
0.117247
0.117265
0.11726
0.117243
0.117249
0.117259
0.117263
0.117271
0.117274
0.117267
0.11727
0.117285
0.117296
0.117283
0.117289
0.117296
0.117299
0.117297
0.117301
0.117304
0.117315
0.117298
0.117284
0.117275
0.117265
0.117258
0.11727
0.117278
0.117269
0.117268
0.11727
0.117287
0.11728
0.117279
0.117282
0.117283
0.117277
0.117278
0.117294
0.117272
0.117269
0.117262
0.117264
0.117262
0.117262
0.117243
0.117227
0.117228
0.11723
0.117249
0.117268
0.117283
0.117274
0.117305
0.117293
0.117281
0.117267
0.117265
0.117271
0.117253
0.11725
0.117241
0.11722
0.117212
0.117206
0.117211
0.117213
0.117211
0.117207
0.117209
0.11721
0.117195
0.117197
0.117176
0.117168
0.117155
0.117155
0.117144
0.117136
0.117122
0.117133
0.117137
0.117145
0.117137
0.117126
0.117111
0.117101
0.117088
0.117091
0.117089
0.117115
0.117143
0.117156
0.117141
0.117128
0.117117
0.117122
0.117125
0.11713
0.117131
0.117119
0.117106
0.1171
0.11712
0.117114
0.117117
0.117115
0.117122
0.117132
0.117117
0.117132
0.117131
0.117117
0.117115
0.117115
0.117117
0.117112
0.117093
0.117063
0.117053
0.117061
0.117056
0.117061
0.117073
0.117076
0.117071
0.117084
0.117082
0.117078
0.117081
0.117091
0.117095
0.117095
0.117077
0.117089
0.1171
0.117095
0.117093
0.11709
0.117084
0.1171
0.117091
0.117081
0.117097
0.117073
0.117075
0.11707
0.117057
0.117042
0.117032
0.117028
0.117025
0.117025
0.117034
0.117049
0.11705
0.117036
0.117059
0.117062
0.117065
0.117069
0.117118
0.117131
0.117133
0.117131
0.117114
0.117106
0.117114
0.117119
0.117116
0.117104
0.117098
0.117099
0.11709
0.117079
0.117078
0.117101
0.117088
0.117098
0.1171
0.117107
0.117107
0.117105
0.117113
0.117101
0.11709
0.117085
0.11708
0.117072
0.11706
0.117076
0.117079
0.117099
0.117112
0.117099
0.117102
0.117109
0.117132
0.117132
0.117132
0.117139
0.117145
0.117163
0.117159
0.117171
0.117178
0.117199
0.117214
0.117223
0.11723
0.117223
0.117236
0.117247
0.117237
0.117251
0.117244
0.117261
0.117247
0.117234
0.117246
0.117245
0.117259
0.11726
0.117255
0.117264
0.117276
0.117268
0.117271
0.117266
0.117266
0.117253
0.117253
0.117282
0.117267
0.117269
0.11726
0.117261
0.11728
0.117259
0.117253
0.117258
0.117266
0.117283
0.117269
0.117284
0.117295
0.117311
0.117306
0.117287
0.117291
0.117302
0.117289
0.117297
0.117294
0.117289
0.117284
0.117287
0.117278
0.117269
0.117278
0.117276
0.117278
0.117267
0.117257
0.11726
0.117262
0.117275
0.117278
0.117284
0.117288
0.117288
0.117293
0.117286
0.117257
0.117252
0.117242
0.117225
0.117205
0.117197
0.117206
0.117195
0.117193
0.117191
0.11719
0.117196
0.117178
0.117167
0.117163
0.117152
0.117145
0.117167
0.117151
0.117144
0.117126
0.117126
0.117124
0.117113
0.117111
0.117094
0.117088
0.117096
0.117093
0.117098
0.117101
0.117133
0.117142
0.117125
0.117114
0.117117
0.11711
0.117103
0.117095
0.117112
0.117112
0.117115
0.117107
0.117102
0.117086
0.117082
0.117078
0.117088
0.117084
0.117069
0.117075
0.117056
0.11705
0.11706
0.117061
0.117052
0.117046
0.117048
0.117043
0.117042
0.117045
0.117062
0.117065
0.117059
0.117105
0.117125
0.11714
0.117147
0.117149
0.117144
0.117139
0.117136
0.11713
0.117124
0.117137
0.117133
0.117128
0.117124
0.117128
0.117137
0.117133
0.117154
0.117167
0.117163
0.117156
0.117162
0.117148
0.117137
0.117139
0.117132
0.117131
0.117139
0.117138
0.117135
0.117155
0.117165
0.117164
0.11717
0.117162
0.117181
0.117183
0.117175
0.117157
0.117144
0.117133
0.117132
0.117133
0.117137
0.117126
0.117138
0.117132
0.117127
0.11712
0.117149
0.117144
0.117134
0.117122
0.117136
0.117141
0.117142
0.117138
0.11714
0.117143
0.117151
0.11717
0.117163
0.117167
0.117166
0.117167
0.117161
0.117164
0.117171
0.117181
0.117174
0.117165
0.117166
0.117178
0.11717
0.117159
0.11715
0.117135
0.117144
0.117152
0.117156
0.117147
0.117146
0.117137
0.117142
0.117138
0.117128
0.117116
0.11712
0.117139
0.117145
0.117145
0.117148
0.11714
0.117137
0.117129
0.117144
0.117151
0.117142
0.117146
0.117155
0.117151
0.11715
0.117139
0.117135
0.117128
0.11712
0.117128
0.117127
0.117141
0.11713
0.117137
0.117135
0.117151
0.117149
0.117159
0.117179
0.117199
0.117201
0.117203
0.117208
0.11721
0.117208
0.117219
0.117225
0.117218
0.117204
0.117192
0.117187
0.117175
0.117175
0.117178
0.117192
0.117176
0.117164
0.117158
0.117164
0.117165
0.117172
0.117174
0.11717
0.117162
0.117165
0.117162
0.117173
0.117162
0.117179
0.117191
0.117198
0.117185
0.117185
0.117169
0.117167
0.117166
0.11716
0.11716
0.117165
0.117181
0.117178
0.117184
0.117187
0.117189
0.117197
0.117185
0.11718
0.117172
0.11718
0.117182
0.117186
0.117189
0.117179
0.117171
0.117174
0.117179
0.117182
0.117178
0.117193
0.117217
0.117218
0.11721
0.117204
0.117206
0.117197
0.117203
0.117194
0.117189
0.11718
0.117173
0.117184
0.11719
0.117187
0.117169
0.117177
0.117179
0.117169
0.117168
0.117193
0.117189
0.117192
0.117207
0.117189
0.11718
0.117168
0.117173
0.117184
0.117189
0.117193
0.117201
0.117192
0.117185
0.117197
0.117211
0.117214
0.117217
0.117203
0.117187
0.11718
0.117191
0.117195
0.117188
0.117191
0.117183
0.117173
0.117187
0.117183
0.117185
0.117186
0.117203
0.117214
0.117232
0.117229
0.117231
0.117233
0.117238
0.117243
0.117251
0.117257
0.117259
0.11726
0.117254
0.117272
0.117266
0.11726
0.117271
0.117272
0.117274
0.117264
0.117249
0.117252
0.117256
0.117241
0.117225
0.117222
0.117214
0.117195
0.117205
0.11721
0.117216
0.117223
0.117248
0.11725
0.11725
0.117252
0.117266
0.117262
0.117249
0.117235
0.117248
0.117242
0.117229
0.117226
0.11722
0.117212
0.117199
0.117184
0.117181
0.117169
0.117155
0.11714
0.117125
0.117111
0.117112
0.1171
0.117097
0.117104
0.117102
0.1171
0.117098
0.117079
0.117087
0.117086
0.117084
0.117094
0.117096
0.117094
0.117098
0.117109
0.117122
0.117134
0.11712
0.117113
0.117103
0.117099
0.117082
0.117083
0.117074
0.117074
0.117084
0.11708
0.117107
0.117126
0.117122
0.117123
0.117118
0.117107
0.117117
0.117128
0.117123
0.117124
0.117112
0.117091
0.11709
0.117099
0.117101
0.117089
0.117091
0.117089
0.117098
0.117099
0.117111
0.11712
0.117128
0.117108
0.117126
0.117117
0.117118
0.117118
0.117121
0.117121
0.117108
0.117103
0.1171
0.117101
0.117088
0.117073
0.117066
0.117054
0.11705
0.117055
0.117066
0.117069
0.117058
0.117058
0.117069
0.117071
0.11707
0.117071
0.117069
0.117084
0.117076
0.117071
0.117058
0.117057
0.117054
0.117046
0.117042
0.117041
0.117061
0.117062
0.117055
0.117064
0.117063
0.117066
0.117059
0.117071
0.117071
0.117076
0.117077
0.117073
0.11708
0.117074
0.117079
0.117077
0.117077
0.117085
0.11709
0.117073
0.117074
0.117072
0.117069
0.117051
0.117045
0.117051
0.117048
0.117061
0.117068
0.117067
0.117048
0.117046
0.117039
0.117049
0.117067
0.117084
0.117092
0.117102
0.1171
0.117103
0.117108
0.117099
0.117091
0.117093
0.117092
0.117086
0.117076
0.117075
0.117074
0.117068
0.117057
0.117058
0.117065
0.117065
0.11706
0.117062
0.117079
0.117075
0.117098
0.117098
0.117101
0.117089
0.117084
0.117087
0.117082
0.117082
0.117083
0.11706
0.117053
0.117055
0.117066
0.117046
0.117057
0.117074
0.117082
0.117091
0.117091
0.117091
0.117078
0.117081
0.117076
0.11709
0.117075
0.117089
0.117099
0.117102
0.117098
0.117091
0.117089
0.117078
0.117072
0.117071
0.117086
0.117091
0.117077
0.117075
0.117073
0.117096
0.117094
0.117091
0.117079
0.117075
0.11706
0.117047
0.117046
0.117044
0.117035
0.117049
0.117042
0.117034
0.11703
0.117038
0.117035
0.117024
0.117034
0.117026
0.11702
0.117018
0.117013
0.117005
0.117009
0.117013
0.117008
0.117019
0.117032
0.117044
0.117047
0.117056
0.11706
0.117076
0.117076
0.117066
0.117073
0.117081
0.117097
0.117104
0.11713
0.117135
0.117125
0.117113
0.117106
0.117103
0.1171
0.117087
0.117106
0.117099
0.1171
0.117094
0.1171
0.117116
0.117118
0.117127
0.11713
0.117144
0.117143
0.117143
0.117151
0.117144
0.117144
0.117148
0.117157
0.117158
0.117155
0.117159
0.117168
0.117174
0.117174
0.117166
0.117176
0.117163
0.117154
0.11716
0.117172
0.117187
0.117177
0.117182
0.117169
0.117172
0.117165
0.11716
0.117162
0.117177
0.117176
0.117182
0.117171
0.117165
0.117178
0.117173
0.11716
0.117156
0.117169
0.117177
0.117169
0.117163
0.117151
0.117154
0.117173
0.117167
0.117161
0.117146
0.117149
0.117142
0.117131
0.117123
0.117103
0.117095
0.117089
0.117081
0.117086
0.117071
0.117062
0.117048
0.117046
0.117037
0.117041
0.117047
0.117037
0.117033
0.117033
0.117025
0.117026
0.117018
0.117016
0.117024
0.117023
0.117028
0.117021
0.117034
0.117052
0.11706
0.117067
0.117064
0.117071
0.117085
0.117092
0.117095
0.117108
0.117094
0.117092
0.117089
0.117097
0.117094
0.11709
0.117102
0.117102
0.117104
0.117103
0.117103
0.117102
0.117091
0.117076
0.117073
0.117061
0.117041
0.117044
0.117038
0.117036
0.117037
0.117038
0.117042
0.117027
0.11702
0.117009
0.117019
0.11703
0.117044
0.117066
0.117078
0.117078
0.117067
0.117062
0.117057
0.117067
0.117059
0.117051
0.117069
0.117067
0.117073
0.117081
0.117106
0.117108
0.117118
0.117123
0.117118
0.117123
0.117117
0.11712
0.117119
0.117113
0.11711
0.117118
0.117112
0.117103
0.117102
0.117106
0.117118
0.117102
0.117099
0.117103
0.117094
0.117075
0.117091
0.117098
0.117098
0.117096
0.117111
0.117117
0.117119
0.117126
0.117121
0.117114
0.117108
0.117125
0.11712
0.117119
0.117115
0.117131
0.117142
0.117141
0.117153
0.117153
0.117144
0.117147
0.117138
0.117157
0.11716
0.117158
0.117176
0.117193
0.117186
0.117194
0.117201
0.117202
0.117207
0.117198
0.117211
0.11721
0.117201
0.117199
0.117195
0.117189
0.11719
0.117181
0.117184
0.117185
0.117199
0.117204
0.117214
0.117217
0.117209
0.117224
0.117217
0.117203
0.117188
0.117176
0.117205
0.117206
0.117198
0.117201
0.11719
0.117178
0.117176
0.11717
0.11719
0.117199
0.117207
0.117213
0.117217
0.117208
0.11723
0.117221
0.117217
0.117231
0.117232
0.117235
0.117236
0.117239
0.117241
0.11725
0.11725
0.117249
0.117242
0.117236
0.117251
0.117251
0.117244
0.11725
0.117261
0.117258
0.11726
0.117263
0.117267
0.117273
0.117269
0.117274
0.117283
0.117275
0.117273
0.11728
0.117306
0.117304
0.117309
0.117303
0.117317
0.117332
0.117336
0.117332
0.11732
0.11732
0.117328
0.117334
0.117335
0.11733
0.117333
0.117334
0.117355
0.117353
0.117352
0.117371
0.117385
0.11739
0.117388
0.117381
0.117405
0.117416
0.117416
0.117413
0.117419
0.11741
0.117408
0.117404
0.117398
0.117387
0.117384
0.117376
0.117356
0.117361
0.11737
0.117377
0.117401
0.117388
0.117387
0.117384
0.117382
0.11738
0.117388
0.117381
0.117389
0.117383
0.117378
0.117369
0.117369
0.117376
0.117387
0.117389
0.117382
0.117377
0.117377
0.117381
0.117381
0.117388
0.117387
0.117375
0.117365
0.117364
0.117362
0.117353
0.117341
0.117342
0.117329
0.11733
0.117353
0.117356
0.117358
0.117361
0.117351
0.117339
0.117324
0.117315
0.117323
0.117314
0.117309
0.117303
0.117296
0.117288
0.11728
0.117273
0.117288
0.117289
0.117289
0.117277
0.117283
0.117279
0.117296
0.117298
0.117311
0.117331
0.117321
0.117344
0.117343
0.117335
0.11734
0.117359
0.117351
0.117354
0.117349
0.117358
0.11737
0.117378
0.117377
0.117371
0.117368
0.117384
0.117384
0.117397
0.117387
0.117398
0.117393
0.117395
0.117396
0.117391
0.117391
0.117389
0.117379
0.117368
0.117381
0.117388
0.117397
0.11739
0.117388
0.117388
0.117391
0.117382
0.117368
0.117358
0.117348
0.117338
0.117327
0.117336
0.117337
0.11734
0.117349
0.117337
0.117354
0.117359
0.117355
0.117349
0.117336
0.117344
0.117345
0.117353
0.117344
0.117333
0.117336
0.117328
0.11732
0.117327
0.117344
0.117352
0.11737
0.117361
0.117362
0.117361
0.117362
0.117367
0.117379
0.117366
0.117367
0.117386
0.117383
0.117387
0.117378
0.117371
0.117365
0.117381
0.117387
0.11741
0.11741
0.117409
0.117404
0.117404
0.117392
0.117389
0.117379
0.117386
0.117394
0.117397
0.1174
0.117401
0.11739
0.117376
0.117364
0.117357
0.11736
0.117354
0.117364
0.11736
0.117363
0.117353
0.117349
0.117357
0.117384
0.117384
0.117388
0.117395
0.117406
0.11741
0.11742
0.117425
0.117434
0.117449
0.117457
0.117437
0.117448
0.117461
0.117478
0.117479
0.117483
0.117477
0.117482
0.117487
0.117476
0.117477
0.117471
0.117462
0.117465
0.117466
0.117462
0.117458
0.117455
0.117452
0.117456
0.11745
0.117444
0.117458
0.117456
0.117453
0.117461
0.117459
0.117468
0.117476
0.117491
0.117496
0.117492
0.117488
0.117478
0.117507
0.117504
0.117493
0.117485
0.117486
0.117488
0.117488
0.117503
0.1175
0.117502
0.117519
0.117525
0.117526
0.117525
0.117536
0.117525
0.117527
0.117538
0.117541
0.117543
0.117533
0.117531
0.117517
0.117509
0.117519
0.117503
0.117503
0.117499
0.117487
0.117482
0.117473
0.117487
0.117491
0.117478
0.117483
0.1175
0.117496
0.117492
0.117493
0.117484
0.117505
0.117506
0.117497
0.117497
0.117487
0.117488
0.117487
0.117477
0.117484
0.117489
0.117492
0.117482
0.117468
0.11746
0.117457
0.117463
0.117451
0.117465
0.117462
0.117467
0.117493
0.117501
0.117506
0.1175
0.117491
0.117484
0.117476
0.117471
0.11748
0.117491
0.117501
0.117503
0.117492
0.117486
0.117473
0.117479
0.117481
0.117467
0.117462
0.117456
0.117447
0.117441
0.117429
0.117428
0.117431
0.117433
0.117431
0.117418
0.117415
0.117408
0.117401
0.117405
0.117401
0.117397
0.117398
0.117404
0.117393
0.117382
0.117395
0.117393
0.117394
0.117408
0.117402
0.117404
0.117408
0.11741
0.117409
0.117436
0.117433
0.117416
0.117414
0.117424
0.117431
0.117423
0.117425
0.117418
0.117407
0.117409
0.117399
0.117409
0.117396
0.11739
0.117377
0.117364
0.117357
0.117366
0.117358
0.117362
0.11737
0.117384
0.117384
0.11738
0.117383
0.117386
0.11739
0.117393
0.117403
0.117397
0.117396
0.117394
0.117381
0.117387
0.117382
0.117369
0.117359
0.11736
0.117351
0.117366
0.117357
0.117359
0.117355
0.117343
0.117347
0.117352
0.117344
0.117345
0.117343
0.117346
0.117337
0.117337
0.117329
0.117321
0.117314
0.117308
0.1173
0.117294
0.117293
0.117303
0.117308
0.117309
0.117313
0.117327
0.117326
0.117327
0.11733
0.117318
0.117324
0.117347
0.117332
0.117328
0.117329
0.117325
0.117324
0.117327
0.117324
0.11734
0.117341
0.117334
0.117337
0.11733
0.117334
0.117336
0.117355
0.11735
0.117347
0.117338
0.117328
0.117344
0.117343
0.117351
0.117369
0.117393
0.117393
0.117396
0.117386
0.117375
0.117373
0.117372
0.117374
0.117364
0.117369
0.117369
0.117371
0.117368
0.117363
0.117354
0.11736
0.117363
0.117366
0.117362
0.117368
0.117391
0.117397
0.117387
0.117382
0.117374
0.117376
0.117373
0.117377
0.117382
0.117396
0.117403
0.117397
0.117389
0.117396
0.117411
0.117423
0.117415
0.117415
0.117413
0.117409
0.117408
0.117414
0.117417
0.117416
0.117412
0.11742
0.117425
0.117411
0.117417
0.117419
0.117423
0.117422
0.117422
0.117431
0.117444
0.117428
0.117442
0.117442
0.117436
0.117431
0.11743
0.117441
0.117429
0.117424
0.117423
0.11743
0.117435
0.117448
0.117468
0.117459
0.117455
0.117462
0.117482
0.11748
0.117489
0.117495
0.1175
0.117506
0.117501
0.1175
0.117495
0.117505
0.117506
0.117498
0.117491
0.117506
0.117509
0.117511
0.117507
0.117492
0.117505
0.117508
0.117494
0.1175
0.117491
0.117485
0.117489
0.117504
0.117501
0.117504
0.117497
0.117503
0.117502
0.117501
0.117501
0.117492
0.117485
0.117479
0.117477
0.11748
0.117465
0.117468
0.117466
0.117458
0.117464
0.117477
0.117463
0.11746
0.117457
0.117468
0.11749
0.11749
0.117497
0.117497
0.117491
0.117503
0.117504
0.117491
0.117482
0.117488
0.117491
0.117488
0.117494
0.117488
0.117487
0.117487
0.117475
0.117467
0.11746
0.117455
0.117444
0.117459
0.117474
0.11748
0.117465
0.117468
0.117458
0.117451
0.117447
0.117441
0.117433
0.117421
0.117436
0.11744
0.117438
0.117426
0.117407
0.11739
0.117392
0.117399
0.117397
0.11741
0.117401
0.117415
0.117437
0.11744
0.117438
0.117443
0.117437
0.117442
0.117442
0.117441
0.117443
0.117426
0.117432
0.117435
0.117433
0.117433
0.117425
0.117412
0.11741
0.117405
0.117414
0.117416
0.117411
0.117411
0.117422
0.117429
0.117427
0.117425
0.117424
0.117427
0.117433
0.117441
0.117432
0.117446
0.117439
0.117451
0.11744
0.117459
0.117454
0.117459
0.117463
0.117475
0.117478
0.117495
0.1175
0.117502
0.117488
0.117509
0.117505
0.117523
0.117514
0.117525
0.117502
0.1175
0.1175
0.117491
0.117484
0.117476
0.117472
0.117483
0.117494
0.117492
0.117501
0.117499
0.117505
0.117498
0.117487
0.117477
0.117473
0.117486
0.117489
0.117489
0.117486
0.117492
0.117497
0.117505
0.117517
0.11752
0.117509
0.117516
0.117512
0.117525
0.117527
0.117523
0.117518
0.117506
0.117499
0.117494
0.117489
0.117484
0.117493
0.117496
0.1175
0.117493
0.117479
0.117493
0.117486
0.117474
0.117472
0.117475
0.11748
0.11748
0.117486
0.117496
0.117507
0.117518
0.117516
0.117523
0.117517
0.117524
0.117529
0.117536
0.117528
0.117529
0.117529
0.117524
0.117516
0.117526
0.117531
0.117528
0.117526
0.117521
0.117526
0.117541
0.117541
0.117529
0.117528
0.117543
0.117546
0.117555
0.117553
0.117548
0.117542
0.117543
0.11756
0.117555
0.117554
0.117561
0.117573
0.117581
0.117587
0.117582
0.117574
0.117576
0.117574
0.117563
0.117569
0.117566
0.117563
0.117564
0.11757
0.117583
0.117586
0.117605
0.1176
0.117596
0.117599
0.117611
0.11761
0.117614
0.117625
0.117616
0.117618
0.117607
0.117614
0.117608
0.117601
0.117604
0.117601
0.117609
0.117613
0.117626
0.117624
0.117621
0.117621
0.117613
0.117604
0.117601
0.117596
0.117591
0.117588
0.117588
0.117584
0.11757
0.117566
0.117551
0.117548
0.117542
0.11754
0.117546
0.117548
0.117554
0.117553
0.117555
0.117547
0.11755
0.117558
0.117558
0.117549
0.117543
0.117546
0.117547
0.117534
0.117533
0.117535
0.117524
0.117523
0.117528
0.117522
0.117526
0.117524
0.117532
0.117543
0.117562
0.117556
0.117554
0.117553
0.117559
0.117555
0.117547
0.117543
0.117547
0.117541
0.117545
0.117548
0.117542
0.11754
0.117534
0.117535
0.117528
0.117519
0.117536
0.117529
0.117536
0.117544
0.117536
0.117534
0.117535
0.117542
0.117546
0.117555
0.117555
0.11755
0.117546
0.117537
0.11753
0.117525
0.117528
0.117542
0.117546
0.11753
0.117523
0.117532
0.117532
0.117542
0.117537
0.117533
0.11753
0.117516
0.117508
0.117504
0.117512
0.117511
0.117514
0.117518
0.117515
0.117509
0.117498
0.117493
0.117487
0.117494
0.117511
0.117495
0.117486
0.117483
0.117477
0.117481
0.11747
0.117474
0.11746
0.117448
0.117442
0.117433
0.117432
0.117424
0.117421
0.11744
0.117454
0.117449
0.117447
0.117439
0.117435
0.117453
0.117467
0.117469
0.117465
0.117451
0.117435
0.11743
0.11743
0.117428
0.117449
0.117452
0.117455
0.117445
0.117463
0.117459
0.117464
0.117469
0.11747
0.117473
0.117475
0.117478
0.11749
0.117493
0.117501
0.117505
0.1175
0.117501
0.117503
0.117502
0.117514
0.117533
0.117542
0.11754
0.117534
0.117547
0.117559
0.117549
0.117551
0.117547
0.117565
0.117556
0.11755
0.117549
0.117542
0.117544
0.117548
0.117539
0.117544
0.117541
0.117551
0.117544
0.117537
0.117547
0.117546
0.117539
0.117528
0.117535
0.117557
0.117557
0.117552
0.117547
0.117545
0.117542
0.117544
0.117553
0.117569
0.117573
0.117583
0.117571
0.117575
0.117579
0.117591
0.117603
0.117601
0.117593
0.11759
0.117608
0.117606
0.117602
0.117598
0.117607
0.117617
0.117607
0.117593
0.117597
0.117597
0.117607
0.117599
0.117594
0.117591
0.117586
0.117591
0.117586
0.11758
0.11757
0.117562
0.117554
0.117539
0.11753
0.117544
0.117548
0.117547
0.117554
0.117567
0.117575
0.117574
0.117567
0.117569
0.117569
0.117576
0.117565
0.117562
0.117579
0.117574
0.117567
0.117574
0.117571
0.117576
0.117564
0.117565
0.117583
0.117585
0.11758
0.117568
0.117567
0.117575
0.117579
0.117575
0.117577
0.117578
0.117588
0.117586
0.117595
0.117592
0.117581
0.117574
0.117561
0.11756
0.117552
0.117546
0.117547
0.117552
0.117558
0.117568
0.117564
0.11757
0.117578
0.117572
0.117571
0.117562
0.117566
0.117556
0.117548
0.117551
0.117547
0.117568
0.117564
0.117565
0.117584
0.117577
0.117587
0.117591
0.1176
0.117596
0.117602
0.117608
0.117605
0.117617
0.11761
0.117601
0.117614
0.117617
0.117618
0.117641
0.117651
0.117666
0.117652
0.117654
0.117655
0.117665
0.117669
0.11767
0.117679
0.117681
0.117686
0.117682
0.117672
0.11766
0.117663
0.117658
0.117654
0.11766
0.117661
0.117661
0.117667
0.117673
0.117671
0.117672
0.117671
0.117672
0.117673
0.117679
0.117689
0.117686
0.117692
0.117694
0.117682
0.117673
0.117667
0.117655
0.117658
0.117657
0.11766
0.117646
0.117639
0.117642
0.117639
0.117642
0.117638
0.117642
0.117632
0.117625
0.117624
0.117626
0.11762
0.117615
0.117612
0.117614
0.11762
0.117632
0.117623
0.117608
0.117605
0.117623
0.117638
0.117647
0.117654
0.117662
0.117663
0.117651
0.117636
0.11763
0.117626
0.11762
0.117621
0.117621
0.117623
0.117637
0.117648
0.117648
0.117646
0.117654
0.117645
0.11765
0.117646
0.117637
0.117627
0.117637
0.117641
0.117642
0.117645
0.117654
0.117656
0.117649
0.117639
0.117639
0.117633
0.117619
0.117623
0.117612
0.117606
0.117605
0.117616
0.117619
0.117615
0.117627
0.117633
0.117631
0.117642
0.117635
0.117641
0.117654
0.117662
0.117671
0.117676
0.117669
0.117668
0.117681
0.117674
0.117691
0.117692
0.117688
0.117696
0.117699
0.1177
0.11771
0.117708
0.11771
0.117705
0.117702
0.117688
0.117696
0.117689
0.117702
0.117705
0.117696
0.117701
0.117697
0.117694
0.1177
0.117706
0.117706
0.1177
0.117709
0.117707
0.117699
0.1177
0.117693
0.117678
0.117693
0.117692
0.117684
0.117686
0.11768
0.117686
0.117682
0.117685
0.117682
0.117694
0.117689
0.117689
0.117695
0.117695
0.11769
0.117695
0.117698
0.117692
0.117704
0.117704
0.117716
0.117729
0.117725
0.117731
0.117731
0.117728
0.117745
0.117752
0.117761
0.117763
0.117765
0.11777
0.11777
0.117775
0.117763
0.117768
0.117765
0.11776
0.117758
0.117759
0.117755
0.117753
0.117758
0.117756
0.117759
0.117761
0.117763
0.117769
0.11777
0.117768
0.117765
0.117758
0.117755
0.117753
0.117749
0.117738
0.117737
0.11774
0.117733
0.117723
0.11771
0.117706
0.117701
0.117703
0.117708
0.117703
0.117704
0.11771
0.117715
0.117711
0.117706
0.117695
0.117692
0.117696
0.117694
0.117694
0.117689
0.117686
0.117685
0.117688
0.117672
0.117662
0.117656
0.117655
0.117656
0.117646
0.117633
0.117626
0.117642
0.117646
0.117648
0.117641
0.117642
0.117643
0.117647
0.117645
0.11764
0.117631
0.117629
0.11763
0.117633
0.117648
0.117648
0.117642
0.11764
0.117643
0.117644
0.117641
0.117659
0.117661
0.117674
0.117683
0.117683
0.117678
0.117675
0.117681
0.117692
0.117693
0.1177
0.117693
0.117685
0.117674
0.117667
0.117683
0.117678
0.117687
0.117698
0.117704
0.117705
0.117716
0.117716
0.117714
0.117709
0.117701
0.117696
0.117696
0.117688
0.117689
0.117686
0.117695
0.1177
0.117692
0.117689
0.117684
0.117688
0.117697
0.117691
0.11769
0.117691
0.117685
0.117688
0.117686
0.117677
0.11769
0.11769
0.117688
0.117685
0.117682
0.117687
0.117684
0.117677
0.117674
0.117664
0.117658
0.117683
0.117677
0.117668
0.117666
0.117663
0.117662
0.117657
0.117647
0.117634
0.117645
0.11764
0.117638
0.117641
0.117628
0.11764
0.11764
0.117656
0.117652
0.117652
0.117649
0.117658
0.11766
0.117663
0.117668
0.117683
0.117695
0.117696
0.117699
0.117699
0.11771
0.117721
0.117721
0.117741
0.117748
0.117749
0.117743
0.117748
0.117747
0.117763
0.117768
0.117778
0.117789
0.117789
0.117787
0.117784
0.117776
0.117773
0.117769
0.117786
0.117784
0.117791
0.117788
0.117785
0.117792
0.117795
0.117803
0.117811
0.117814
0.117815
0.11781
0.117816
0.117829
0.117823
0.117826
0.117824
0.117829
0.117831
0.117841
0.117852
0.11786
0.117866
0.11788
0.117885
0.117881
0.117881
0.117879
0.117867
0.117877
0.117867
0.117864
0.117866
0.117864
0.117861
0.117856
0.117856
0.117857
0.117853
0.117855
0.117849
0.117847
0.11783
0.117817
0.117829
0.117816
0.117809
0.117806
0.117803
0.117797
0.117789
0.117798
0.117791
0.117789
0.117786
0.117777
0.117779
0.117773
0.117766
0.117754
0.117762
0.117762
0.117759
0.117774
0.117774
0.117761
0.11776
0.117748
0.117768
0.117774
0.117782
0.117783
0.11779
0.117787
0.117792
0.117788
0.1178
0.117805
0.117799
0.117786
0.117788
0.117798
0.117801
0.117802
0.117814
0.117806
0.117805
0.117809
0.117802
0.117796
0.117801
0.117799
0.117792
0.117797
0.11779
0.117792
0.117795
0.117799
0.117795
0.117787
0.117785
0.11778
0.117777
0.11778
0.117786
0.117783
0.117785
0.11778
0.117777
0.117764
0.11777
0.117762
0.117759
0.117764
0.117769
0.117769
0.11779
0.117792
0.117797
0.117803
0.117809
0.117807
0.117804
0.117794
0.117789
0.117792
0.117791
0.117783
0.117778
0.11777
0.117765
0.117777
0.117779
0.117802
0.117794
0.1178
0.117803
0.117799
0.117787
0.117795
0.117798
0.1178
0.117806
0.11781
0.11781
0.117814
0.117816
0.117816
0.117808
0.117809
0.117803
0.117812
0.117814
0.117832
0.117841
0.117852
0.117853
0.117866
0.117862
0.117861
0.117853
0.117844
0.117837
0.117825
0.117818
0.117818
0.11782
0.117841
0.117838
0.117846
0.117854
0.117848
0.117839
0.117841
0.117839
0.117845
0.117846
0.117844
0.117842
0.117853
0.117851
0.117838
0.117838
0.117844
0.117832
0.117829
0.117834
0.117841
0.117844
0.117859
0.117864
0.11786
0.117869
0.117867
0.117868
0.117864
0.117866
0.117865
0.117859
0.117864
0.117864
0.117862
0.117848
0.117836
0.117826
0.117821
0.117819
0.117813
0.117817
0.117821
0.117818
0.11782
0.117821
0.117818
0.117816
0.117811
0.117805
0.1178
0.1178
0.11781
0.117808
0.117818
0.117824
0.117823
0.117821
0.117811
0.1178
0.117789
0.117781
0.117787
0.117783
0.117771
0.117764
0.117757
0.117766
0.117762
0.117761
0.117771
0.117775
0.117783
0.117783
0.117779
0.117779
0.117784
0.117771
0.117776
0.117783
0.117794
0.117785
0.117774
0.117769
0.117773
0.11777
0.117783
0.117788
0.117804
0.117802
0.117806
0.117813
0.117805
0.117812
0.117815
0.117812
0.117808
0.117806
0.117818
0.117811
0.117813
0.117812
0.117809
0.117801
0.11781
0.117803
0.117792
0.117815
0.117835
0.117821
0.117825
0.117819
0.117811
0.117805
0.117812
0.117807
0.117807
0.117816
0.117827
0.117839
0.117843
0.117841
0.117845
0.117855
0.117858
0.117861
0.117861
0.117866
0.117872
0.117879
0.117881
0.117874
0.117877
0.117861
0.117852
0.117859
0.117864
0.117862
0.117859
0.117847
0.117841
0.117838
0.117834
0.117819
0.117811
0.117809
0.117799
0.117791
0.117785
0.117777
0.117785
0.117796
0.117801
0.117803
0.117804
0.117816
0.117827
0.117831
0.117827
0.117828
0.117817
0.117835
0.117827
0.117824
0.117816
0.117812
0.117807
0.117813
0.117809
0.117809
0.117806
0.117815
0.117842
0.117842
0.117837
0.117835
0.117826
0.117829
0.117833
0.11783
0.117827
0.117832
0.117831
0.117831
0.11785
0.117852
0.117848
0.117845
0.117845
0.117849
0.117844
0.117843
0.117839
0.117831
0.117819
0.117811
0.117815
0.117822
0.117826
0.11784
0.117847
0.117858
0.117856
0.117869
0.117866
0.117857
0.117862
0.117855
0.117864
0.117872
0.117879
0.117878
0.117879
0.117882
0.11789
0.11788
0.117905
0.117912
0.117904
0.117914
0.117912
0.117914
0.117914
0.117909
0.117906
0.1179
0.117899
0.117907
0.11792
0.117917
0.117916
0.117919
0.117919
0.117902
0.1179
0.117891
0.117904
0.117908
0.117917
0.11791
0.117908
0.117911
0.117912
0.117927
0.117932
0.117922
0.117931
0.117929
0.117938
0.117937
0.117933
0.117928
0.117929
0.117936
0.117947
0.117947
0.11797
0.117962
0.11796
0.117949
0.117952
0.117958
0.117951
0.117947
0.117938
0.117936
0.117959
0.117963
0.117964
0.117967
0.117972
0.117974
0.117981
0.11799
0.117987
0.117973
0.117977
0.11798
0.117977
0.117978
0.117975
0.117969
0.117974
0.117992
0.117991
0.118008
0.118008
0.118016
0.118006
0.118021
0.118027
0.118038
0.118041
0.118041
0.118035
0.118023
0.118013
0.118009
0.118001
0.117998
0.118005
0.117998
0.118004
0.117999
0.118006
0.118001
0.118002
0.117997
0.118012
0.118003
0.118005
0.118011
0.118013
0.11801
0.118016
0.118019
0.118018
0.11802
0.118026
0.118036
0.11803
0.118026
0.118033
0.118039
0.118042
0.118039
0.118026
0.118023
0.118014
0.118006
0.118005
0.118013
0.118018
0.118008
0.118004
0.118007
0.118008
0.118005
0.118001
0.117991
0.117995
0.117985
0.117978
0.117978
0.117994
0.117999
0.117995
0.118007
0.118012
0.118028
0.118025
0.118019
0.118016
0.118009
0.118013
0.118008
0.118015
0.118025
0.118027
0.118029
0.118029
0.118032
0.118032
0.118025
0.118021
0.118021
0.118022
0.118016
0.118014
0.118004
0.118012
0.118007
0.117994
0.117993
0.117983
0.117981
0.117985
0.117984
0.117975
0.11797
0.117975
0.117982
0.117992
0.117988
0.117991
0.117998
0.117999
0.117991
0.117993
0.117985
0.11798
0.117966
0.117961
0.117962
0.117958
0.117965
0.117968
0.11796
0.117949
0.117964
0.117956
0.11795
0.11795
0.117949
0.117941
0.11795
0.117965
0.117964
0.117977
0.11797
0.117975
0.117981
0.117979
0.117975
0.117978
0.117981
0.117978
0.117983
0.117976
0.11797
0.117963
0.11796
0.117952
0.117965
0.117962
0.117979
0.117975
0.117974
0.117962
0.117971
0.117962
0.117971
0.117971
0.117971
0.117975
0.117979
0.117974
0.117976
0.117977
0.117977
0.117968
0.117967
0.117956
0.117949
0.117942
0.117936
0.117939
0.117938
0.117937
0.117931
0.117931
0.117929
0.117931
0.117926
0.117925
0.117916
0.117924
0.117936
0.117932
0.117926
0.117924
0.11793
0.11792
0.117925
0.11795
0.117947
0.117947
0.117948
0.11795
0.117942
0.117945
0.117944
0.11795
0.117962
0.117966
0.117967
0.117967
0.11798
0.117976
0.117977
0.117974
0.117975
0.117978
0.117977
0.117974
0.117972
0.117968
0.11796
0.11796
0.117962
0.117972
0.117985
0.117983
0.117982
0.117986
0.11799
0.117986
0.117991
0.118004
0.118005
0.11801
0.118008
0.118017
0.118029
0.118037
0.118029
0.118023
0.118022
0.118013
0.118009
0.118
0.118013
0.118006
0.117993
0.11798
0.117985
0.117976
0.117966
0.117958
0.117959
0.117947
0.117938
0.117942
0.117947
0.11796
0.117966
0.117972
0.117976
0.11797
0.11797
0.117961
0.117952
0.117945
0.117938
0.11794
0.117934
0.117937
0.117929
0.11793
0.117929
0.117944
0.117939
0.117938
0.117949
0.117957
0.11797
0.117969
0.117963
0.117968
0.117991
0.117985
0.117973
0.117981
0.117972
0.117968
0.117969
0.117962
0.117962
0.117963
0.11795
0.117946
0.117937
0.117929
0.117925
0.117919
0.117927
0.117925
0.117921
0.117922
0.11793
0.117938
0.117929
0.11794
0.117938
0.117947
0.117954
0.117945
0.117955
0.11796
0.117956
0.117976
0.117978
0.117971
0.117981
0.117978
0.117975
0.117971
0.117964
0.117973
0.117967
0.117969
0.117984
0.117995
0.117994
0.11799
0.117987
0.117991
0.117999
0.11799
0.117984
0.11798
0.117986
0.117989
0.11799
0.117996
0.118002
0.117997
0.117986
0.117987
0.117981
0.11798
0.117982
0.11798
0.118004
0.118003
0.117995
0.118002
0.118008
0.118002
0.117995
0.117996
0.117993
0.117987
0.117984
0.117976
0.117965
0.117971
0.11797
0.117977
0.117981
0.117986
0.117988
0.11799
0.11799
0.11798
0.11798
0.117998
0.117996
0.118
0.118
0.117997
0.118004
0.118008
0.118003
0.118005
0.118001
0.11799
0.117985
0.117987
0.118003
0.118
0.117996
0.117982
0.117987
0.117996
0.117998
0.118
0.118
0.11799
0.117988
0.117988
0.11798
0.117978
0.117981
0.117977
0.11798
0.117989
0.117981
0.117982
0.117984
0.11799
0.117984
0.117984
0.117993
0.117992
0.117996
0.11799
0.117988
0.117994
0.117993
0.11799
0.117998
0.117991
0.117991
0.117985
0.117989
0.117991
0.117988
0.117987
0.117983
0.117986
0.117978
0.117985
0.117978
0.117977
0.11797
0.117973
0.117966
0.117963
0.117964
0.117971
0.117978
0.117972
0.117989
0.117982
0.117983
0.117972
0.117983
0.117985
0.117992
0.117989
0.117974
0.117977
0.117975
0.117981
0.117979
0.117987
0.117985
0.117985
0.11799
0.117989
0.117991
0.118004
0.118004
0.118007
0.11801
0.118013
0.118014
0.118009
0.118003
0.117999
0.117997
0.117988
0.117982
0.117977
0.117968
0.117961
0.117961
0.117958
0.117964
0.117967
0.117955
0.117952
0.117949
0.117952
0.117955
0.117948
0.117964
0.117969
0.117964
0.11796
0.117958
0.117958
0.117946
0.117957
0.117958
0.117962
0.117973
0.117975
0.11797
0.11797
0.117968
0.11796
0.117969
0.117961
0.117952
0.117945
0.117948
0.117946
0.117947
0.117959
0.117953
0.117942
0.117943
0.117956
0.11796
0.117965
0.117975
0.117976
0.11798
0.117991
0.117995
0.117993
0.117992
0.117987
0.117989
0.117984
0.117984
0.117977
0.117973
0.11798
0.117977
0.117967
0.117959
0.117959
0.117957
0.117955
0.117961
0.117958
0.11795
0.117943
0.117944
0.117953
0.117953
0.117945
0.117941
0.117938
0.117932
0.117928
0.11792
0.117925
0.117912
0.117898
0.117904
0.117902
0.117892
0.117891
0.117893
0.117889
0.11789
0.117887
0.11788
0.117887
0.117886
0.117886
0.117883
0.117883
0.117882
0.11789
0.117885
0.117888
0.117891
0.117893
0.1179
0.117902
0.117896
0.117889
0.117897
0.117902
0.117906
0.117904
0.117903
0.117902
0.117902
0.117901
0.117905
0.117909
0.117919
0.11792
0.117913
0.117906
0.117912
0.117911
0.11791
0.117904
0.117902
0.1179
0.117907
0.117914
0.117919
0.117917
0.117915
0.11791
0.117908
0.117905
0.11791
0.117904
0.117906
0.117929
0.117946
0.117946
0.117953
0.117948
0.117947
0.117943
0.117947
0.117949
0.117942
0.117932
0.117934
0.117942
0.117942
0.117962
0.117967
0.11798
0.118
0.118
0.118002
0.118008
0.118017
0.118018
0.11801
0.118016
0.118024
0.118019
0.118017
0.118012
0.118009
0.117999
0.117996
0.117993
0.118005
0.118008
0.118002
0.117997
0.117998
0.117991
0.117988
0.117988
0.117979
0.117971
0.117964
0.117953
0.117945
0.117936
0.117937
0.117941
0.117933
0.117927
0.117935
0.11793
0.11795
0.117947
0.117946
0.11795
0.117959
0.117962
0.117956
0.117972
0.117963
0.11797
0.117964
0.117964
0.117958
0.117972
0.117978
0.117976
0.117973
0.117979
0.117976
0.117981
0.117981
0.117977
0.117971
0.117969
0.117966
0.11797
0.117972
0.117966
0.117965
0.117951
0.117938
0.117935
0.117933
0.11792
0.117919
0.117909
0.117911
0.117908
0.117905
0.117901
0.117902
0.117906
0.117899
0.117902
0.117908
0.117904
0.117911
0.117904
0.117905
0.117906
0.117917
0.11792
0.117915
0.11791
0.1179
0.117896
0.117889
0.117889
0.117882
0.117877
0.117874
0.117867
0.117867
0.117863
0.117851
0.117849
0.117851
0.117862
0.117855
0.117856
0.117855
0.117864
0.117857
0.117852
0.117845
0.117842
0.117838
0.117844
0.117854
0.11786
0.117859
0.117857
0.117858
0.117857
0.117843
0.117842
0.117844
0.117843
0.117831
0.117834
0.117835
0.117832
0.117833
0.117843
0.117843
0.117844
0.117842
0.117838
0.117827
0.117831
0.117853
0.117863
0.117877
0.117872
0.117876
0.117897
0.117893
0.117895
0.117902
0.117904
0.117901
0.117897
0.117898
0.117916
0.117921
0.117933
0.117932
0.117939
0.117938
0.117931
0.117924
0.117914
0.11791
0.117914
0.117905
0.117905
0.117904
0.117895
0.117889
0.117887
0.117889
0.117887
0.117883
0.117878
0.117883
0.117882
0.117883
0.117893
0.117894
0.117881
0.117889
0.117883
0.11788
0.117877
0.117883
0.117894
0.117888
0.117893
0.117884
0.117886
0.117884
0.117882
0.117896
0.117889
0.117889
0.117893
0.117882
0.117878
0.117875
0.117884
0.117873
0.117861
0.117859
0.117856
0.117856
0.117853
0.117851
0.117845
0.117839
0.117844
0.117837
0.117829
0.11783
0.117823
0.117815
0.117816
0.117811
0.117813
0.117811
0.11781
0.117808
0.11781
0.117805
0.117804
0.117811
0.117805
0.117792
0.117791
0.117789
0.117783
0.117779
0.117774
0.11779
0.117784
0.117777
0.117773
0.117766
0.117769
0.117768
0.117765
0.117756
0.11775
0.117744
0.117747
0.117751
0.117757
0.11777
0.117761
0.117758
0.117751
0.117744
0.117738
0.117739
0.117734
0.117725
0.117718
0.117712
0.117703
0.117691
0.117683
0.117689
0.117693
0.117686
0.117677
0.117675
0.11768
0.117679
0.117678
0.117663
0.117654
0.11765
0.117662
0.117663
0.117671
0.117679
0.117681
0.117682
0.117674
0.117667
0.117661
0.117665
0.117671
0.117675
0.117672
0.117671
0.117675
0.117676
0.11768
0.117685
0.117685
0.117681
0.117688
0.117699
0.117696
0.11771
0.117706
0.117704
0.117698
0.117704
0.117715
0.117712
0.117716
0.117709
0.117694
0.117692
0.117688
0.117695
0.117685
0.117682
0.117676
0.117673
0.117673
0.11767
0.117675
0.117656
0.117655
0.11766
0.117654
0.117653
0.117661
0.117664
0.117662
0.117677
0.117675
0.11768
0.117679
0.117673
0.117681
0.117684
0.117686
0.117682
0.117689
0.11769
0.11769
0.117692
0.117697
0.117706
0.117702
0.117693
0.117709
0.117717
0.117723
0.117723
0.117726
0.11773
0.117735
0.117728
0.117723
0.117719
0.117715
0.117714
0.117716
0.117708
0.117704
0.117695
0.117692
0.117685
0.117682
0.117673
0.117675
0.117668
0.117662
0.117669
0.117668
0.117682
0.11768
0.117677
0.117671
0.117668
0.117662
0.117658
0.11766
0.117662
0.117672
0.117662
0.117656
0.117655
0.117654
0.117649
0.117647
0.11764
0.117639
0.11765
0.117658
0.117663
0.117659
0.117654
0.117664
0.117659
0.117652
0.117647
0.117652
0.117655
0.117656
0.117662
0.117665
0.117671
0.11767
0.117655
0.11766
0.117668
0.117668
0.117672
0.117676
0.117675
0.117671
0.117677
0.117683
0.117691
0.117701
0.117712
0.117701
0.117699
0.117706
0.117709
0.117709
0.117708
0.117712
0.117699
0.117699
0.117697
0.117697
0.117695
0.117697
0.117704
0.117702
0.117701
0.1177
0.117688
0.117682
0.117688
0.117681
0.117681
0.117675
0.117676
0.11767
0.117672
0.117684
0.117681
0.117693
0.117694
0.11769
0.117706
0.117701
0.117702
0.1177
0.117694
0.117679
0.117675
0.117671
0.117657
0.117655
0.117642
0.117649
0.117656
0.117664
0.117683
0.117689
0.117685
0.11769
0.117684
0.117675
0.117667
0.117665
0.117665
0.117662
0.117653
0.117652
0.117648
0.117647
0.117653
0.117646
0.117652
0.117649
0.117646
0.117644
0.117656
0.117651
0.117653
0.117655
0.117657
0.117656
0.117659
0.117662
0.117657
0.117666
0.117662
0.117662
0.117648
0.117656
0.11766
0.117659
0.117656
0.117654
0.117661
0.117656
0.117659
0.117647
0.117655
0.11766
0.117664
0.117665
0.117671
0.117666
0.11767
0.117668
0.11766
0.11766
0.117649
0.117642
0.117639
0.117639
0.117637
0.117634
0.117629
0.117637
0.117638
0.117631
0.117633
0.117626
0.117625
0.11762
0.117638
0.117632
0.117632
0.117631
0.117626
0.117624
0.117625
0.117629
0.117628
0.117622
0.11761
0.117614
0.117617
0.117617
0.117616
0.117618
0.117634
0.11763
0.117629
0.117623
0.117614
0.117609
0.117606
0.117605
0.117606
0.117611
0.11761
0.117609
0.117611
0.117619
0.117623
0.117621
0.117619
0.117619
0.117615
0.117617
0.117617
0.117612
0.117609
0.117614
0.117626
0.117628
0.117643
0.117641
0.117649
0.117648
0.117655
0.117665
0.117667
0.117676
0.117674
0.11768
0.117673
0.11768
0.117688
0.1177
0.117706
0.117702
0.117708
0.117722
0.11773
0.117726
0.11773
0.117732
0.117724
0.117718
0.117718
0.117722
0.117723
0.117724
0.117735
0.117734
0.11773
0.117732
0.117724
0.117729
0.117724
0.117726
0.117721
0.117736
0.117739
0.117743
0.117742
0.117742
0.117736
0.117734
0.117737
0.117732
0.117728
0.117715
0.117706
0.117706
0.1177
0.117711
0.117714
0.117715
0.117718
0.117716
0.117714
0.11772
0.117721
0.117718
0.117726
0.117724
0.117744
0.117772
0.117776
0.117777
0.117771
0.117775
0.117775
0.117772
0.117776
0.11777
0.11776
0.117763
0.117756
0.117747
0.117738
0.117738
0.117735
0.117736
0.117725
0.117716
0.117711
0.117709
0.117699
0.117699
0.11769
0.117693
0.117699
0.1177
0.117691
0.117692
0.117692
0.117684
0.117685
0.117701
0.117697
0.117701
0.117702
0.117698
0.117698
0.117714
0.117704
0.117721
0.117716
0.117718
0.117709
0.117712
0.117719
0.117727
0.117726
0.117719
0.117725
0.117714
0.117716
0.117725
0.117718
0.117717
0.117726
0.117724
0.117717
0.117722
0.117718
0.117715
0.117714
0.117722
0.117735
0.117741
0.117752
0.117752
0.117757
0.117764
0.117756
0.11776
0.117763
0.117771
0.117771
0.11777
0.117766
0.117772
0.11777
0.117762
0.11776
0.117752
0.117746
0.117751
0.117743
0.117743
0.117742
0.117739
0.117731
0.117726
0.117728
0.117734
0.117732
0.117727
0.117729
0.117729
0.117729
0.117729
0.117731
0.117725
0.117719
0.117722
0.117733
0.117738
0.117753
0.117755
0.117756
0.117755
0.117744
0.117754
0.117754
0.117747
0.117743
0.117746
0.117754
0.117752
0.117758
0.117766
0.117766
0.117761
0.117768
0.11776
0.117753
0.117745
0.117735
0.117736
0.117735
0.117748
0.117741
0.117745
0.117745
0.117745
0.117754
0.117761
0.117763
0.117771
0.117779
0.117786
0.117782
0.117785
0.117781
0.117777
0.117781
0.117789
0.117782
0.117783
0.117779
0.117773
0.117765
0.11776
0.117763
0.117758
0.117768
0.117768
0.117779
0.117774
0.117772
0.117772
0.117771
0.11776
0.117756
0.117747
0.117735
0.117723
0.117722
0.117721
0.117723
0.117721
0.11772
0.117711
0.1177
0.117694
0.117688
0.117699
0.11771
0.117709
0.117711
0.117703
0.117694
0.11769
0.117697
0.117701
0.117701
0.117707
0.117705
0.117699
0.117694
0.117687
0.117686
0.117675
0.117668
0.117662
0.117657
0.11765
0.117652
0.117643
0.117641
0.117648
0.117658
0.117653
0.117658
0.117653
0.117651
0.11765
0.117652
0.117654
0.117649
0.117658
0.117663
0.117657
0.117669
0.117678
0.117683
0.117676
0.117668
0.117666
0.117669
0.117663
0.117664
0.11766
0.117667
0.117673
0.117663
0.117663
0.117652
0.117648
0.117652
0.117652
0.117651
0.117653
0.117656
0.117657
0.117659
0.117654
0.117653
0.117645
0.117656
0.117645
0.117653
0.117652
0.117669
0.117666
0.117669
0.117676
0.117681
0.117674
0.117679
0.117669
0.117668
0.117663
0.117659
0.117652
0.117646
0.117647
0.117633
0.117632
0.117638
0.117642
0.117646
0.117634
0.11763
0.117629
0.117629
0.11763
0.117627
0.11762
0.117615
0.117614
0.117621
0.117611
0.117612
0.117615
0.117616
0.117614
0.117609
0.117611
0.117617
0.117617
0.117622
0.117621
0.117631
0.117646
0.117657
0.11765
0.117652
0.117648
0.117661
0.117655
0.117666
0.117669
0.117664
0.117664
0.117668
0.11767
0.117675
0.117672
0.117671
0.117673
0.117676
0.117681
0.117677
0.117671
0.11767
0.117676
0.117679
0.117672
0.117669
0.117664
0.117667
0.117672
0.117675
0.117672
0.11767
0.117661
0.117664
0.117663
0.117658
0.117656
0.117657
0.117654
0.117645
0.117651
0.117649
0.117639
0.117638
0.117639
0.117638
0.117651
0.117644
0.117646
0.117645
0.117646
0.117639
0.117648
0.117645
0.117641
0.117642
0.117639
0.117633
0.117642
0.117642
0.117637
0.117643
0.117631
0.117633
0.117632
0.117627
0.117617
0.11762
0.117615
0.117612
0.11761
0.117605
0.117598
0.117594
0.117593
0.117598
0.117598
0.117605
0.117602
0.117599
0.117592
0.117589
0.117578
0.117572
0.117564
0.117567
0.117562
0.117562
0.117554
0.117548
0.117544
0.117541
0.117532
0.117527
0.117539
0.117537
0.11754
0.117537
0.117536
0.117537
0.117543
0.117539
0.117533
0.117528
0.11752
0.117517
0.117528
0.117536
0.117546
0.117543
0.11754
0.117543
0.117533
0.11753
0.117528
0.117532
0.117529
0.117528
0.117518
0.117509
0.117508
0.11751
0.117503
0.117512
0.117525
0.117527
0.117523
0.117513
0.117512
0.117524
0.117526
0.11753
0.117534
0.117534
0.117527
0.117525
0.117525
0.11752
0.117526
0.117536
0.117545
0.117551
0.117556
0.117559
0.117564
0.117564
0.117571
0.117578
0.11758
0.117581
0.117574
0.117566
0.117562
0.11756
0.117558
0.11756
0.117561
0.117558
0.117558
0.117546
0.117539
0.11753
0.117527
0.117521
0.117518
0.117514
0.117509
0.117507
0.117506
0.11751
0.117518
0.117521
0.117515
0.117511
0.117515
0.117507
0.117529
0.117534
0.11753
0.11753
0.117526
0.117524
0.117524
0.117522
0.117531
0.117529
0.11752
0.117514
0.117512
0.117515
0.117517
0.117521
0.117519
0.11751
0.117519
0.117511
0.117502
0.117517
0.11752
0.117516
0.117508
0.117507
0.117522
0.117529
0.117519
0.117515
0.117519
0.117524
0.117527
0.117529
0.117534
0.11753
0.117528
0.117531
0.117537
0.117545
0.117547
0.117552
0.117562
0.117569
0.117567
0.11756
0.117562
0.117561
0.117555
0.117556
0.117556
0.117548
0.117534
0.117528
0.117525
0.117532
0.117538
0.117537
0.117544
0.11755
0.117553
0.117557
0.117552
0.117555
0.117553
0.117552
0.117568
0.11756
0.117558
0.117556
0.117566
0.11757
0.117564
0.11756
0.11756
0.117555
0.117559
0.117573
0.117574
0.117571
0.117567
0.117558
0.117562
0.117561
0.11756
0.117561
0.11756
0.117561
0.117572
0.117579
0.11758
0.117576
0.117583
0.117584
0.117594
0.117591
0.117584
0.117581
0.117598
0.117594
0.117596
0.117594
0.117595
0.117598
0.117602
0.117606
0.117612
0.117622
0.117623
0.117625
0.117632
0.117647
0.117648
0.11765
0.117658
0.117665
0.117674
0.117674
0.117673
0.117666
0.117666
0.117655
0.117651
0.117653
0.117649
0.117649
0.117647
0.117643
0.117638
0.117632
0.117632
0.117623
0.117619
0.117616
0.117615
0.117605
0.117599
0.117595
0.117586
0.117596
0.117598
0.117595
0.117596
0.117605
0.117606
0.117602
0.117601
0.117599
0.117601
0.117604
0.117599
0.11759
0.117588
0.117581
0.117579
0.117586
0.117589
0.117594
0.117591
0.117593
0.11759
0.117589
0.1176
0.11761
0.117614
0.117605
0.117595
0.117594
0.117587
0.117587
0.117592
0.117594
0.117588
0.11759
0.117599
0.117603
0.117612
0.117605
0.117622
