0.905063
0.651256
0.548064
0.508798
0.485944
0.468085
0.463968
0.45752
0.456168
0.45
0.451194
0.450732
0.450646
0.452342
0.454574
0.459371
0.459872
0.457664
0.457233
0.455032
0.455573
0.456669
0.456646
0.456414
0.455992
0.457149
0.458722
0.459536
0.459739
0.459937
0.461063
0.461137
0.46165
0.462926
0.462929
0.461975
0.462937
0.464608
0.465346
0.466964
0.466921
0.467966
0.467924
0.467535
0.468361
0.469716
0.470943
0.470635
0.471079
0.471608
0.471316
0.472176
0.472036
0.472715
0.472719
0.472437
0.472815
0.472971
0.473414
0.473524
0.473375
0.474204
0.475053
0.474854
0.475224
0.476029
0.477068
0.477791
0.47859
0.47882
0.479289
0.479192
0.479688
0.479273
0.479619
0.479226
0.47976
0.479909
0.480105
0.480871
0.481013
0.481949
0.482892
0.483294
0.483658
0.484159
0.484372
0.48487
0.48536
0.485827
0.486178
0.486184
0.486138
0.486111
0.486326
0.486642
0.486624
0.487372
0.487248
0.487405
0.487682
0.488327
0.488464
0.488523
0.488442
0.488403
0.488306
0.488724
0.489493
0.489973
0.490502
0.490918
0.49129
0.491345
0.491653
0.491642
0.492106
0.492403
0.492504
0.492769
0.493381
0.493808
0.49396
0.494252
0.494358
0.494778
0.494866
0.495068
0.495031
0.495327
0.495534
0.495758
0.495858
0.496212
0.496429
0.496808
0.496582
0.496711
0.496907
0.496882
0.497018
0.497514
0.497689
0.497549
0.497719
0.497834
0.497815
0.498099
0.498414
0.498757
0.498829
0.499164
0.499274
0.499707
0.49975
0.500031
0.499897
0.500316
0.500183
0.500353
0.500351
0.500359
0.500268
0.500276
0.500304
0.500692
0.500629
0.500857
0.500871
0.501066
0.50159
0.501524
0.501786
0.50186
0.501914
0.502051
0.501967
0.502465
0.50237
0.502681
0.502694
0.502599
0.502851
0.502941
0.503075
0.503329
0.503486
0.503391
0.503674
0.503767
0.503859
0.503629
0.503754
0.503568
0.503532
0.503747
0.503893
0.503957
0.50406
0.5043
0.504454
0.504499
0.50466
0.504561
0.504896
0.50489
0.504898
0.504993
0.505093
0.505148
0.505169
0.505117
0.505208
0.505147
0.505061
0.505099
0.505227
0.505189
0.505289
0.505361
0.505601
0.505577
0.505699
0.505907
0.506184
0.506187
0.506343
0.50654
0.506465
0.506424
0.506453
0.506631
0.506843
0.507026
0.506846
0.50685
0.506995
0.507302
0.507341
0.507566
0.507654
0.507535
0.507645
0.507846
0.507884
0.507934
0.508082
0.508195
0.508356
0.508534
0.508781
0.50882
0.508884
0.508875
0.509226
0.509288
0.509341
0.509331
0.509376
0.509422
0.509512
0.509542
0.509737
0.50983
0.509918
0.509931
0.510043
0.510244
0.510351
0.510443
0.510587
0.510585
0.510519
0.510648
0.510707
0.51088
0.510842
0.510906
0.511062
0.511052
0.510944
0.510719
0.510913
0.510964
0.511095
0.511016
0.511147
0.51131
0.511403
0.511344
0.51141
0.511535
0.51149
0.511563
0.511631
0.511688
0.511709
0.511713
0.51168
0.511606
0.511611
0.511538
0.51157
0.511516
0.511515
0.511551
0.511574
0.511506
0.511648
0.511636
0.511856
0.512114
0.51208
0.512126
0.51225
0.512323
0.51248
0.512468
0.512614
0.512599
0.512647
0.512614
0.512654
0.51275
0.512667
0.512687
0.51273
0.512858
0.512846
0.512742
0.512833
0.512871
0.512904
0.513039
0.512888
0.512904
0.512926
0.51283
0.512742
0.512747
0.512805
0.512807
0.512779
0.512897
0.51291
0.512954
0.513188
0.512999
0.51295
0.513027
0.513117
0.513335
0.513469
0.513538
0.513585
0.513704
0.51382
0.51384
0.513775
0.513924
0.513925
0.51391
0.513908
0.513955
0.513927
0.513981
0.513993
0.513824
0.513884
0.513967
0.514154
0.514047
0.514044
0.513981
0.514097
0.514092
0.514093
0.514172
0.514242
0.51439
0.514538
0.51466
0.514608
0.514613
0.514629
0.514749
0.514802
0.514767
0.514792
0.514865
0.514853
0.514777
0.514905
0.514944
0.514946
0.515056
0.515014
0.515106
0.515133
0.515203
0.515262
0.515363
0.515404
0.515379
0.515524
0.515471
0.515509
0.51541
0.515533
0.515601
0.515645
0.515644
0.515657
0.515701
0.515729
0.515679
0.515627
0.515607
0.515679
0.515666
0.515699
0.515686
0.515788
0.515926
0.515905
0.515904
0.515939
0.516059
0.516158
0.516211
0.516233
0.516378
0.516513
0.516505
0.516643
0.516619
0.516687
0.516742
0.516814
0.516938
0.517061
0.517191
0.517317
0.517283
0.517346
0.51732
0.517235
0.517339
0.517331
0.51743
0.517548
0.517524
0.517537
0.517658
0.517604
0.517699
0.517886
0.517904
0.517952
0.518031
0.517989
0.518092
0.517981
0.517981
0.518105
0.51809
0.518167
0.518298
0.518387
0.518467
0.518383
0.518418
0.518547
0.518564
0.518569
0.51863
0.518678
0.518764
0.518731
0.518736
0.518742
0.518878
0.518938
0.518995
0.519009
0.519062
0.518986
0.519008
0.519094
0.519211
0.519199
0.519243
0.519293
0.519324
0.519366
0.519425
0.519465
0.519549
0.519566
0.519497
0.519445
0.519426
0.519458
0.519575
0.519654
0.519635
0.519652
0.519652
0.519693
0.519761
0.519864
0.519945
0.51998
0.520072
0.520145
0.520158
0.520214
0.520306
0.520363
0.520374
0.52029
0.520337
0.520266
0.520347
0.520369
0.520253
0.52023
0.520321
0.520256
0.520295
0.52031
0.520369
0.520428
0.520492
0.520424
0.520534
0.520556
0.520634
0.520553
0.520618
0.520677
0.520691
0.520668
0.520644
0.520527
0.520566
0.520647
0.520709
0.520812
0.520901
0.5209
0.520974
0.521022
0.520944
0.520949
0.521003
0.520998
0.521017
0.521089
0.521152
0.521309
0.521296
0.521271
0.521355
0.521369
0.521402
0.521498
0.521463
0.521512
0.521541
0.521505
0.521562
0.521602
0.521638
0.521626
0.5216
0.521605
0.521712
0.521772
0.521827
0.52191
0.521873
0.521932
0.521989
0.521977
0.52196
0.521917
0.521872
0.521864
0.521823
0.521886
0.521965
0.521948
0.522026
0.522057
0.522099
0.522205
0.52223
0.522282
0.522302
0.522281
0.522335
0.522319
0.522419
0.522404
0.522432
0.522494
0.522559
0.522568
0.522606
0.522654
0.522703
0.522761
0.522838
0.522936
0.523025
0.522941
0.522928
0.523037
0.523039
0.523032
0.523102
0.523103
0.52319
0.523175
0.523214
0.523201
0.523208
0.523277
0.523274
0.523292
0.523214
0.52326
0.523284
0.523312
0.523226
0.523257
0.523301
0.52337
0.52331
0.523333
0.523276
0.523428
0.523457
0.523483
0.523478
0.523563
0.523525
0.523563
0.523548
0.523618
0.523711
0.523681
0.523666
0.523654
0.523668
0.523703
0.523711
0.523729
0.52373
0.523644
0.523636
0.523678
0.523806
0.52384
0.523859
0.523844
0.52386
0.523863
0.523869
0.523847
0.523833
0.523797
0.523822
0.52386
0.523927
0.523971
0.523953
0.52402
0.524064
0.524071
0.524074
0.524082
0.524128
0.524143
0.524169
0.524291
0.52437
0.524324
0.524352
0.524394
0.524455
0.524515
0.524558
0.524569
0.524481
0.524513
0.524595
0.524592
0.524659
0.524735
0.524728
0.524783
0.524757
0.524795
0.5248
0.524783
0.524764
0.524765
0.524766
0.52472
0.524674
0.524711
0.524698
0.524707
0.524724
0.524723
0.524735
0.524747
0.524763
0.524765
0.52474
0.524684
0.52466
0.524707
0.524685
0.524673
0.524664
0.524668
0.524695
0.524742
0.524742
0.524748
0.524823
0.524837
0.524866
0.524843
0.524915
0.524978
0.525057
0.525068
0.525026
0.525056
0.525116
0.525093
0.525132
0.525203
0.525214
0.525205
0.525187
0.525236
0.525277
0.525314
0.525376
0.525343
0.525448
0.525467
0.525482
0.525474
0.525449
0.525432
0.525469
0.525468
0.525526
0.525573
0.525613
0.525663
0.525717
0.525746
0.52577
0.525798
0.525833
0.525896
0.525978
0.526052
0.526038
0.526065
0.526039
0.526031
0.526052
0.52608
0.526095
0.526116
0.526177
0.526184
0.526283
0.526291
0.526336
0.526334
0.526242
0.526298
0.526357
0.52637
0.526383
0.526344
0.526372
0.526317
0.526255
0.526292
0.526273
0.526288
0.5263
0.526317
0.526296
0.526341
0.526343
0.526431
0.526474
0.526481
0.526522
0.526511
0.52657
0.526607
0.526625
0.526609
0.526571
0.52662
0.52662
0.526653
0.526674
0.526721
0.526747
0.526788
0.526825
0.52681
0.52679
0.52677
0.52679
0.526824
0.526902
0.526998
0.527026
0.527053
0.527039
0.527114
0.527087
0.527133
0.527168
0.527223
0.527235
0.527211
0.527168
0.527183
0.527196
0.527218
0.527246
0.527287
0.527239
0.527272
0.527243
0.527194
0.527209
0.527231
0.527283
0.52729
0.527281
0.527284
0.527255
0.52724
0.527239
0.527228
0.527285
0.527331
0.527384
0.527419
0.527428
0.527408
0.527397
0.527354
0.527377
0.527437
0.527399
0.527403
0.527356
0.527361
0.527305
0.527298
0.527288
0.527272
0.527234
0.527223
0.527177
0.527179
0.527218
0.527307
0.527268
0.527337
0.527376
0.527347
0.527376
0.527393
0.527404
0.527375
0.527387
0.527359
0.527401
0.527448
0.527477
0.527497
0.527479
0.527493
0.527509
0.527487
0.527459
0.527452
0.52746
0.527499
0.527494
0.527565
0.527618
0.527655
0.527657
0.5276
0.527621
0.527623
0.527588
0.527607
0.527595
0.527667
0.527668
0.527708
0.527714
0.527753
0.527801
0.527866
0.527881
0.527905
0.527851
0.5279
0.527888
0.527913
0.527933
0.527953
0.527875
0.527874
0.527881
0.527837
0.527812
0.527795
0.527765
0.527767
0.527798
0.527812
0.527882
0.527912
0.527898
0.527873
0.527868
0.527946
0.52799
0.52797
0.528002
0.528019
0.52804
0.527995
0.528029
0.528071
0.527985
0.528041
0.528057
0.528052
0.528061
0.528109
0.52812
0.5281
0.528067
0.528015
0.528027
0.528054
0.528025
0.528066
0.528063
0.528046
0.528082
0.528068
0.52809
0.528027
0.52805
0.528089
0.528094
0.528068
0.528079
0.528044
0.528036
0.528073
0.528116
0.528159
0.528149
0.528176
0.528181
0.528172
0.528188
0.52821
0.528197
0.528201
0.528241
0.528244
0.528247
0.528274
0.528258
0.528294
0.528286
0.528352
0.528388
0.528391
0.528376
0.528411
0.528389
0.528366
0.528374
0.528366
0.528374
0.528303
0.528274
0.528254
0.52825
0.528277
0.528234
0.528243
0.528257
0.528193
0.528161
0.528123
0.528061
0.528119
0.528085
0.528018
0.528042
0.528068
0.528115
0.528126
0.528149
0.528122
0.528131
0.528137
0.528174
0.528185
0.528161
0.528159
0.528184
0.528201
0.528154
0.528185
0.528198
0.52814
0.52817
0.528221
0.528255
0.528308
0.528315
0.528304
0.528301
0.52828
0.528303
0.528298
0.528276
0.528324
0.528348
0.528335
0.528378
0.528378
0.528364
0.528333
0.528344
0.528334
0.528353
0.528337
0.528318
0.528359
0.528403
0.528417
0.528459
0.528472
0.52852
0.528517
0.528511
0.528559
0.52857
0.528573
0.528616
0.528551
0.528565
0.528573
0.528594
0.528609
0.528643
0.528719
0.528768
0.528781
0.528786
0.528802
0.528785
0.528795
0.528816
0.528802
0.528807
0.528811
0.528814
0.528774
0.52877
0.528789
0.528765
0.528731
0.528721
0.528736
0.528722
0.528727
0.528744
0.528723
0.528773
0.528847
0.528852
0.528824
0.528895
0.528941
0.529003
0.528996
0.529055
0.529081
0.529116
0.529093
0.529105
0.529134
0.529131
0.529136
0.529168
0.529195
0.529206
0.529183
0.529185
0.529171
0.529154
0.529164
0.529238
0.529245
0.529258
0.529277
0.529277
0.529302
0.529299
0.529299
0.529341
0.52936
0.529306
0.529338
0.529374
0.529393
0.529404
0.529377
0.529332
0.529325
0.529367
0.529365
0.529365
0.529395
0.529362
0.529382
0.529408
0.529444
0.529479
0.529449
0.529489
0.52949
0.529476
0.529438
0.529419
0.529421
0.529461
0.529458
0.529455
0.529423
0.52947
0.529504
0.529488
0.529507
0.529506
0.52953
0.52949
0.52947
0.529472
0.529449
0.529433
0.529473
0.529478
0.529468
0.529476
0.529438
0.529472
0.529475
0.529493
0.5295
0.52952
0.529512
0.529518
0.529516
0.529515
0.529513
0.529521
0.529526
0.529539
0.529563
0.529554
0.529526
0.529539
0.529475
0.529476
0.52951
0.529515
0.529506
0.52956
0.529582
0.529619
0.52963
0.529616
0.529644
0.529668
0.529686
0.52969
0.529683
0.529704
0.529689
0.529687
0.529683
0.529696
0.529679
0.529671
0.529667
0.529644
0.529629
0.529659
0.529682
0.529705
0.529676
0.529675
0.529708
0.529696
0.529663
0.529699
0.529691
0.529694
0.529693
0.529674
0.529676
0.529661
0.529697
0.529708
0.529712
0.529708
0.5297
0.529696
0.529707
0.52972
0.529745
0.52975
0.52976
0.529763
0.529757
0.529805
0.52982
0.529808
0.529799
0.529766
0.52978
0.529853
0.529828
0.529835
0.529885
0.529902
0.529903
0.529885
0.529924
0.529941
0.529931
0.529882
0.529871
0.529882
0.52989
0.52989
0.529932
0.529941
0.529862
0.529859
0.529857
0.529899
0.529912
0.529956
0.529956
0.529954
0.529952
0.529916
0.529964
0.529928
0.529966
0.529963
0.529972
0.53001
0.530003
0.53002
0.530016
0.53002
0.530028
0.530007
0.530005
0.530029
0.530025
0.53003
0.530031
0.530046
0.530049
0.53006
0.53009
0.530085
0.53008
0.530086
0.530094
0.530085
0.530081
0.530085
0.53005
0.530041
0.530048
0.530067
0.5301
0.53013
0.530121
0.530096
0.5301
0.530088
0.530107
0.530129
0.530165
0.530164
0.530184
0.530223
0.53022
0.530211
0.530217
0.530221
0.530268
0.530242
0.530241
0.530237
0.530239
0.530225
0.530249
0.53027
0.530241
0.530224
0.530239
0.53024
0.530263
0.530231
0.530252
0.530249
0.530236
0.530258
0.530277
0.530254
0.53023
0.530259
0.530222
0.530258
0.530253
0.530282
0.530283
0.530307
0.530278
0.530273
0.530272
0.530287
0.530318
0.530352
0.530318
0.530289
0.530349
0.530339
0.530317
0.530315
0.530311
0.53035
0.530347
0.530351
0.530374
0.530404
0.530384
0.530378
0.530354
0.53034
0.53036
0.530381
0.530394
0.530388
0.53036
0.530334
0.53033
0.530337
0.530279
0.530285
0.530289
0.530316
0.530309
0.530305
0.530322
0.530346
0.530374
0.530401
0.530371
0.530387
0.530384
0.530394
0.530405
0.530423
0.530429
0.530411
0.530442
0.530487
0.530489
0.530496
0.530472
0.530449
0.530469
0.530485
0.530489
0.530478
0.530531
0.530546
0.530518
0.530539
0.530538
0.530524
0.530524
0.530564
0.530584
0.530572
0.530583
0.530597
0.530633
0.530607
0.530635
0.53062
0.530621
0.530625
0.530647
0.530637
0.530682
0.530671
0.530661
0.530644
0.53068
0.530673
0.530678
0.53067
0.530658
0.530638
0.530643
0.530637
0.530679
0.530676
0.530662
0.530659
0.530681
0.530723
0.530728
0.530722
0.530719
0.530725
0.530722
0.530726
0.530716
0.530723
0.530699
0.530698
0.530695
0.53072
0.530696
0.530695
0.530666
0.530665
0.530669
0.530678
0.530681
0.530675
0.530688
0.530672
0.530687
0.530685
0.530714
0.530713
0.530728
0.530739
0.530749
0.530751
0.530739
0.530723
0.530729
0.53074
0.530758
0.530765
0.530765
0.530755
0.530757
0.53073
0.530742
0.530761
0.530744
0.530762
0.530745
0.530763
0.530766
0.530766
0.530773
0.530778
0.530782
0.530796
0.530762
0.530763
0.530806
0.530809
0.530798
0.530811
0.530819
0.530849
0.530857
0.53089
0.5309
0.530908
0.530937
0.530953
0.530955
0.530958
0.530961
0.530954
0.530961
0.530968
0.53098
0.530995
0.530975
0.530958
0.530991
0.531
0.530988
0.531003
0.531017
0.531016
0.531016
0.53101
0.53103
0.531019
0.531021
0.531042
0.53103
0.531038
0.531051
0.531072
0.53109
0.531106
0.531086
0.531094
0.531095
0.531098
0.531103
0.53113
0.53116
0.531167
0.531152
0.531167
0.531167
0.531193
0.531224
0.531209
0.531211
0.531213
0.531216
0.531245
0.531255
0.531252
0.531231
0.531233
0.531229
0.531229
0.531215
0.531222
0.531263
0.531278
0.531316
0.531317
0.531349
0.531374
0.531396
0.531399
0.531395
0.531409
0.531412
0.531391
0.531385
0.531371
0.531372
0.531391
0.531377
0.53138
0.531365
0.531375
0.531391
0.531408
0.531406
0.531377
0.531385
0.531367
0.531356
0.531393
0.531399
0.531406
0.531405
0.531388
0.531368
0.531363
0.531364
0.531365
0.53138
0.531359
0.531372
0.531344
0.531361
0.531358
0.531351
0.531353
0.531352
0.531364
0.531403
0.53139
0.531389
0.531372
0.531394
0.531417
0.531418
0.53142
0.531432
0.531409
0.531432
0.53144
0.531437
0.531442
0.531447
0.531458
0.531412
0.531392
0.531435
0.531439
0.531447
0.531438
0.531452
0.531469
0.531491
0.531502
0.531524
0.531519
0.531522
0.531498
0.53151
0.531519
0.531504
0.531508
0.531508
0.531477
0.53148
0.531459
0.53144
0.531455
0.531445
0.531448
0.531455
0.531492
0.531451
0.531475
0.531463
0.531468
0.531446
0.531436
0.531426
0.531432
0.531437
0.531408
0.531379
0.531382
0.531364
0.531382
0.53137
0.531382
0.531387
0.531398
0.531402
0.531406
0.531429
0.531415
0.531398
0.531384
0.531381
0.531379
0.531393
0.531388
0.531397
0.53141
0.531417
0.531411
0.53142
0.531409
0.5314
0.531418
0.53145
0.53142
0.531471
0.531473
0.531488
0.531486
0.531515
0.531508
0.531505
0.531501
0.531518
0.531514
0.531568
0.531541
0.531525
0.531507
0.531521
0.531506
0.531491
0.531513
0.531502
0.531511
0.531533
0.531515
0.531507
0.53151
0.531535
0.53154
0.531542
0.531551
0.53157
0.531595
0.531614
0.5316
0.531606
0.531624
0.531647
0.531641
0.53164
0.53166
0.531668
0.531663
0.531701
0.53169
0.531705
0.531696
0.531704
0.531698
0.531723
0.531751
0.531779
0.53178
0.531794
0.531808
0.531805
0.531816
0.531796
0.531807
0.531794
0.531822
0.531845
0.531842
0.531861
0.531847
0.531854
0.531855
0.531848
0.531849
0.531832
0.531848
0.531888
0.531906
0.531901
0.531904
0.531924
0.531915
0.531887
0.531882
0.53188
0.531862
0.531869
0.531864
0.531851
0.531841
0.531828
0.53182
0.53181
0.531796
0.531802
0.531832
0.531836
0.531858
0.531862
0.531855
0.531857
0.531878
0.531898
0.53192
0.53193
0.531947
0.531959
0.531965
0.53197
0.532
0.532004
0.532004
0.532001
0.532003
0.532021
0.532014
0.532045
0.532039
0.532006
0.531997
0.532015
0.532022
0.532023
0.53204
0.532032
0.532067
0.532071
0.532073
0.532067
0.532059
0.532038
0.532042
0.532052
0.532052
0.532045
0.532063
0.532071
0.532079
0.532083
0.532098
0.532091
0.532054
0.532027
0.532037
0.532009
0.532004
0.532022
0.532048
0.532069
0.532062
0.532048
0.532077
0.5321
0.532078
0.532073
0.532032
0.532039
0.532038
0.532019
0.532044
0.53204
0.532057
0.532055
0.532048
0.532068
0.532078
0.532086
0.532095
0.532096
0.532082
0.5321
0.532127
0.532116
0.532116
0.532111
0.532118
0.532133
0.532148
0.532171
0.532185
0.532173
0.532153
0.532151
0.532153
0.53215
0.532139
0.532148
0.532125
0.532127
0.532138
0.532159
0.532169
0.532202
0.532174
0.53219
0.532176
0.532172
0.532168
0.532175
0.532169
0.532155
0.532168
0.532177
0.532173
0.532215
0.532238
0.532234
0.532258
0.532288
0.5323
0.532284
0.532295
0.532303
0.532284
0.532267
0.532275
0.532281
0.532281
0.532263
0.532264
0.532269
0.532271
0.532266
0.532259
0.532272
0.532276
0.532266
0.532287
0.532299
0.532314
0.532302
0.532319
0.532326
0.532341
0.53233
0.532321
0.532328
0.532345
0.532348
0.532337
0.532335
0.532347
0.532346
0.532382
0.532371
0.532361
0.532346
0.532355
0.532352
0.532378
0.532365
0.532375
0.532371
0.53235
0.532374
0.532367
0.532383
0.5324
0.532413
0.532441
0.532439
0.532434
0.532436
0.53246
0.532485
0.532457
0.532463
0.532448
0.532458
0.532458
0.532439
0.532421
0.532439
0.532429
0.532398
0.532397
0.532402
0.532417
0.532419
0.532407
0.532421
0.532452
0.532446
0.532436
0.532451
0.532448
0.532469
0.532459
0.53246
0.532448
0.532437
0.532444
0.532437
0.532442
0.532461
0.532444
0.532448
0.532444
0.532444
0.53244
0.532446
0.532438
0.53244
0.53245
0.53246
0.53245
0.532429
0.532434
0.532451
0.532469
0.53246
0.532467
0.532456
0.532488
0.532481
0.53248
0.532505
0.532517
0.53252
0.532503
0.532522
0.532532
0.532562
0.53255
0.532548
0.532548
0.532532
0.532532
0.532537
0.532523
0.532556
0.532524
0.532497
0.532499
0.532496
0.532494
0.532498
0.532508
0.532506
0.532501
0.532505
0.532501
0.532519
0.532516
0.532507
0.532519
0.532525
0.532514
0.532525
0.532518
0.532508
0.532518
0.532505
0.532501
0.532503
0.53253
0.53254
0.532548
0.532579
0.532558
0.532543
0.532581
0.53258
0.532573
0.532561
0.532565
0.53258
0.532578
0.532595
0.532589
0.532596
0.532604
0.532594
0.532597
0.532627
0.532635
0.532653
0.532648
0.532648
0.532647
0.532679
0.532666
0.53267
0.532674
0.532673
0.532671
0.532677
0.532676
0.532677
0.532708
0.532702
0.532712
0.532689
0.532675
0.532691
0.532709
0.532709
0.532718
0.532709
0.532721
0.532727
0.532711
0.532727
0.532728
0.532703
0.532701
0.532702
0.532689
0.53271
0.532743
0.532762
0.532745
0.532757
0.532745
0.532731
0.532708
0.532724
0.532724
0.532724
0.532722
0.532741
0.532754
0.532749
0.532752
0.532756
0.532753
0.532758
0.532742
0.532722
0.532721
0.532748
0.532733
0.532721
0.53273
0.532723
0.532726
0.532729
0.532753
0.532772
0.532763
0.532747
0.532788
0.53277
0.532774
0.532748
0.532739
0.532745
0.532761
0.532773
0.532766
0.532767
0.532771
0.532784
0.532798
0.532807
0.532799
0.532799
0.532784
0.532801
0.53277
0.532772
0.532795
0.532778
0.532762
0.532777
0.532746
0.532752
0.532748
0.532752
0.532764
0.532763
0.532772
0.532764
0.532758
0.532766
0.53277
0.532763
0.532762
0.532756
0.532738
0.532738
0.532743
0.532769
0.532764
0.532754
0.532749
0.532755
0.532782
0.532801
0.532792
0.532788
0.532801
0.532813
0.532803
0.532826
0.53284
0.532852
0.532877
0.532874
0.532894
0.532898
0.532889
0.532909
0.532897
0.532889
0.532897
0.532909
0.532917
0.532931
0.532921
0.532898
0.532908
0.532896
0.532891
0.532907
0.532927
0.532922
0.532952
0.532964
0.532996
0.533002
0.532987
0.532995
0.533013
0.533007
0.533009
0.533019
0.533031
0.533024
0.533034
0.533033
0.533031
0.533028
0.533012
0.53303
0.533015
0.533016
0.533019
0.533035
0.53304
0.533061
0.533066
0.53309
0.533087
0.533096
0.533081
0.533099
0.533086
0.533085
0.533073
0.533115
0.533108
0.533107
0.53314
0.533154
0.533144
0.533156
0.533161
0.533168
0.533159
0.533137
0.533133
0.533138
0.533142
0.533136
0.53313
0.533121
0.533111
0.533136
0.533133
0.533143
0.533136
0.533137
0.533134
0.533137
0.533136
0.533125
0.533128
0.533121
0.533132
0.533162
0.533167
0.533161
0.533164
0.53319
0.533202
0.533211
0.533211
0.533193
0.533174
0.533194
0.533213
0.533196
0.533218
0.533226
0.533228
0.533217
0.533222
0.533229
0.533214
0.533219
0.533232
0.533208
0.533222
0.533225
0.533242
0.533265
0.533268
0.533275
0.533276
0.533264
0.533272
0.533271
0.533281
0.533278
0.533283
0.533297
0.533279
0.533269
0.533273
0.53325
0.533255
0.533266
0.533256
0.533257
0.533263
0.533256
0.533238
0.533209
0.533209
0.533189
0.533199
0.533205
0.533203
0.533202
0.533203
0.533199
0.533203
0.53323
0.533238
0.533229
0.533239
0.533225
0.533242
0.533277
0.533295
0.533292
0.53331
0.533317
0.533307
0.533307
0.533303
0.533311
0.533311
0.533309
0.533319
0.533317
0.533314
0.533323
0.533336
0.533335
0.533329
0.533349
0.53337
0.533383
0.533389
0.53341
0.533433
0.533428
0.533434
0.533438
0.533419
0.53342
0.533411
0.533395
0.533387
0.533377
0.533387
0.533399
0.533379
0.533386
0.533378
0.533361
0.533346
0.533347
0.533342
0.533354
0.533363
0.533367
0.533363
0.533356
0.533347
0.533337
0.53335
0.533344
0.533362
0.533342
0.533359
0.533363
0.533369
0.533373
0.533341
0.533341
0.533325
0.533333
0.53336
0.533358
0.533358
0.533369
0.533359
0.533378
0.533385
0.533404
0.533403
0.533392
0.533385
0.533385
0.533371
0.53337
0.533394
0.533404
0.533423
0.533404
0.533401
0.533393
0.533402
0.533396
0.533379
0.533382
0.533368
0.533363
0.533353
0.533355
0.533333
0.53333
0.533322
0.53332
0.533334
0.533353
0.53335
0.533333
0.533342
0.533324
0.533324
0.533336
0.533349
0.53334
0.533335
0.53333
0.533329
0.533327
0.53332
0.533309
0.533322
0.533314
0.533323
0.533348
0.533366
0.53337
0.533372
0.533386
0.533394
0.533409
0.533413
0.533394
0.533392
0.533382
0.533383
0.533374
0.533394
0.533416
0.533405
0.533404
0.533394
0.533392
0.533389
0.533369
0.533389
0.533374
0.533366
0.533367
0.533367
0.533383
0.533397
0.533417
0.533409
0.533434
0.533418
0.533411
0.533396
0.533368
0.53338
0.533397
0.533393
0.533393
0.533397
0.533391
0.533397
0.533405
0.533399
0.533394
0.533398
0.533404
0.533397
0.533394
0.53339
0.533375
0.533361
0.533366
0.533358
0.533364
0.533367
0.533359
0.53337
0.533382
0.533375
0.533396
0.533405
0.53341
0.533395
0.533395
0.533393
0.533383
0.53338
0.533376
0.533377
0.53335
0.533351
0.533359
0.533373
0.533385
0.533401
0.533397
0.533402
0.533396
0.533398
0.533389
0.533399
0.53341
0.533426
0.533416
0.533423
0.533417
0.533418
0.533424
0.53344
0.533442
0.533464
0.533458
0.533468
0.533478
0.533479
0.533473
0.533474
0.533466
0.533466
0.533503
0.53352
0.533509
0.533499
0.5335
0.533487
0.533455
0.533473
0.533496
0.53352
0.53352
0.533526
0.533528
0.533531
0.533522
0.533538
0.533528
0.533526
0.53352
0.533538
0.53355
0.533559
0.53356
0.533539
0.533545
0.53354
0.533524
0.53352
0.533515
0.533514
0.53352
0.533541
0.533536
0.533538
0.53354
0.533534
0.53354
0.53354
0.533557
0.533565
0.533567
0.533568
0.533577
0.533554
0.533545
0.533543
0.533553
0.533544
0.53353
0.533542
0.533544
0.53354
0.533534
0.533532
0.533535
0.53354
0.533537
0.533531
0.533541
0.533542
0.533545
0.533549
0.533549
0.533551
0.533561
0.533552
0.533567
0.533578
0.533588
0.533609
0.533619
0.533631
0.533625
0.533634
0.533652
0.533656
0.533656
0.533647
0.533679
0.533676
0.533667
0.533675
0.533656
0.533665
0.533674
0.533683
0.533691
0.533695
0.533692
0.533711
0.533734
0.533733
0.533741
0.533741
0.533742
0.533763
0.533766
0.533771
0.533787
0.533799
0.533793
0.533791
0.5338
0.533805
0.533791
0.533791
0.533795
0.533783
0.533788
0.533779
0.533789
0.533778
0.533774
0.533765
0.533778
0.533783
0.533798
0.533798
0.533817
0.533828
0.533841
0.533823
0.533814
0.533807
0.533801
0.53379
0.53379
0.533774
0.533776
0.533786
0.533779
0.533778
0.533768
0.533769
0.533786
0.533811
0.53383
0.53383
0.533844
0.533872
0.533859
0.533861
0.533864
0.533843
0.533849
0.533829
0.53384
0.533837
0.533827
0.533843
0.533838
0.533815
0.533812
0.533803
0.533796
0.533814
0.533817
0.533822
0.533816
0.533826
0.533821
0.533827
0.533825
0.53383
0.533823
0.533813
0.533806
0.533811
0.533831
0.533828
0.533828
0.53383
0.533842
0.533844
0.533846
0.533833
0.533832
0.533846
0.533842
0.533863
0.533865
0.533873
0.533879
0.533892
0.533904
0.533903
0.533894
0.53389
0.533878
0.533855
0.533855
0.533866
0.533869
0.533861
0.533875
0.533874
0.533872
0.533895
0.533896
0.5339
0.533907
0.533898
0.533883
0.533876
0.533882
0.533865
0.533864
0.533843
0.533829
0.533839
0.533837
0.533821
0.533816
0.533813
0.533803
0.533807
0.533808
0.533798
0.533804
0.533804
0.533789
0.533781
0.533785
0.533798
0.533789
0.533767
0.533763
0.533751
0.533765
0.533747
0.533757
0.533768
0.533742
0.533736
0.533747
0.533745
0.533741
0.533768
0.533776
0.533752
0.533756
0.533759
0.533772
0.533772
0.533783
0.53378
0.533793
0.533794
0.533802
0.533818
0.533831
0.533836
0.53385
0.533854
0.53385
0.53387
0.533858
0.53387
0.533877
0.533877
0.533884
0.533885
0.533909
0.533895
0.533891
0.533908
0.533937
0.533945
0.533943
0.53394
0.533962
0.533956
0.533945
0.533955
0.533948
0.533966
0.533976
0.533968
0.533975
0.53396
0.533964
0.533964
0.533973
0.533982
0.533992
0.534005
0.534015
0.534019
0.534027
0.534048
0.534059
0.534054
0.534048
0.534062
0.534068
0.534062
0.534065
0.534081
0.534076
0.534068
0.534069
0.534076
0.534067
0.534071
0.534058
0.534046
0.534042
0.534056
0.534076
0.534098
0.534098
0.534097
0.534102
0.534117
0.534105
0.534114
0.534112
0.534103
0.534104
0.534111
0.534125
0.534145
0.534133
0.534133
0.534132
0.534149
0.53414
0.53414
0.534144
0.534135
0.534142
0.53413
0.534146
0.534159
0.534176
0.53417
0.534174
0.534177
0.534186
0.534182
0.534172
0.534165
0.534149
0.534142
0.534139
0.53414
0.534141
0.534161
0.534166
0.53417
0.534173
0.534176
0.534177
0.534187
0.534177
0.53417
0.534168
0.53418
0.53418
0.534166
0.534172
0.534176
0.534176
0.534178
0.534188
0.534173
0.534167
0.534157
0.534159
0.534159
0.534152
0.534158
0.534166
0.534165
0.534156
0.534161
0.534175
0.534173
0.534165
0.534162
0.534155
0.534173
0.534162
0.534151
0.534162
0.534166
0.534177
0.534163
0.53417
0.534172
0.534166
0.534166
0.534173
0.534175
0.534191
0.534211
0.534203
0.534189
0.534168
0.534177
0.534182
0.53419
0.534186
0.534184
0.534163
0.534176
0.534185
0.534174
0.534164
0.534164
0.534153
0.534149
0.534143
0.534146
0.534159
0.534165
0.534152
0.53416
0.534163
0.534165
0.53415
0.534164
0.534187
0.534188
0.534199
0.534193
0.534198
0.534206
0.534219
0.534224
0.534218
0.534213
0.534216
0.534219
0.534226
0.534235
0.534256
0.534254
0.534256
0.534259
0.534254
0.534258
0.534263
0.534259
0.534267
0.534261
0.534264
0.534258
0.534263
0.534265
0.534252
0.534237
0.53423
0.534216
0.534206
0.534206
0.534196
0.534206
0.534188
0.534211
0.534207
0.534221
0.534222
0.534228
0.534254
0.53424
0.534252
0.534255
0.534252
0.534245
0.534261
0.534247
0.534258
0.534254
0.534254
0.53425
0.534277
0.534279
0.534272
0.534278
0.534288
0.534285
0.534295
0.534295
0.534315
0.534323
0.534312
0.53432
0.534327
0.534322
0.534308
0.534315
0.534317
0.534311
0.534303
0.534299
0.534282
0.534292
0.534314
0.534326
0.534342
0.534321
0.534322
0.534339
0.534338
0.534338
0.534326
0.534327
0.534341
0.534337
0.534341
0.534342
0.534349
0.534348
0.53436
0.534378
0.534383
0.534385
0.534399
0.534396
0.534398
0.534419
0.534418
0.534407
0.534409
0.534409
0.534408
0.534412
0.534417
0.534414
0.534415
0.534415
0.534418
0.534411
0.534409
0.534397
0.534399
0.534413
0.534408
0.534413
0.534406
0.534407
0.534415
0.534418
0.534417
0.534414
0.534418
0.5344
0.534399
0.534399
0.534407
0.53442
0.534414
0.534408
0.534405
0.534422
0.534415
0.534423
0.534421
0.534427
0.53445
0.534464
0.534463
0.534481
0.534488
0.534496
0.534505
0.534499
0.53451
0.534498
0.534501
0.534527
0.534521
0.534523
0.534526
0.534531
0.53453
0.534523
0.534519
0.534506
0.534499
0.534502
0.534497
0.534509
0.534532
0.534539
0.534535
0.53453
0.534544
0.534545
0.534553
0.534553
0.534559
0.534549
0.534566
0.534564
0.534559
0.534568
0.534557
0.534567
0.53456
0.534552
0.534543
0.534543
0.534538
0.534535
0.534547
0.534532
0.534544
0.534569
0.534581
0.534591
0.534586
0.534575
0.534585
0.534588
0.534586
0.534592
0.534588
0.534603
0.534593
0.534586
0.534597
0.534589
0.534588
0.534597
0.534593
0.534599
0.534588
0.534588
0.534583
0.534603
0.534595
0.534604
0.534615
0.534619
0.534625
0.534617
0.534609
0.53461
0.534599
0.534608
0.534605
0.534593
0.534587
0.534594
0.534602
0.5346
0.534604
0.534605
0.53461
0.534607
0.534591
0.534586
0.534587
0.534594
0.534607
0.534605
0.534617
0.534623
0.534611
0.534621
0.53463
0.534618
0.534613
0.534612
0.534614
0.534618
0.534616
0.534624
0.53461
0.534615
0.534607
0.534599
0.53457
0.534573
0.534574
0.53457
0.534568
0.534567
0.534562
0.534564
0.534564
0.534555
0.534553
0.534548
0.534547
0.534548
0.534548
0.534541
0.534538
0.534537
0.534537
0.534553
0.534545
0.534546
0.534532
0.534537
0.534531
0.53453
0.534543
0.534552
0.534592
0.534598
0.534592
0.5346
0.534599
0.534597
0.534595
0.534587
0.53459
0.534588
0.534592
0.534594
0.534595
0.53461
0.534619
0.534607
0.534598
0.534605
0.534594
0.534593
0.534599
0.534594
0.534585
0.534596
0.534602
0.53461
0.534611
0.534601
0.534608
0.534596
0.534603
0.53459
0.534593
0.534609
0.534611
0.534592
0.534596
0.534606
0.5346
0.534617
0.534614
0.534611
0.534608
0.534603
0.534609
0.534592
0.53459
0.534614
0.534617
0.534608
0.534606
0.534615
0.534619
0.534628
0.534628
0.534627
0.534628
0.534632
0.534636
0.534657
0.534656
0.534665
0.534673
0.534692
0.534694
0.534681
0.534683
0.534675
0.534663
0.534682
0.534677
0.534667
0.534676
0.534687
0.534679
0.534684
0.534692
0.534704
0.534709
0.534716
0.534716
0.534713
0.534715
0.534717
0.534716
0.534707
0.534702
0.534684
0.534695
0.534708
0.534705
0.534703
0.534693
0.534701
0.534696
0.534683
0.534675
0.534672
0.534685
0.534672
0.534673
0.534687
0.534691
0.534691
0.534693
0.534695
0.5347
0.53471
0.5347
0.534695
0.534689
0.534714
0.534705
0.534716
0.534705
0.534698
0.534717
0.534707
0.534722
0.534726
0.534735
0.534747
0.534752
0.534758
0.534749
0.534757
0.534743
0.534743
0.534735
0.534747
0.53474
0.534754
0.53476
0.534754
0.534757
0.534751
0.534751
0.534748
0.53474
0.534741
0.534743
0.534739
0.534735
0.534725
0.534731
0.534729
0.534729
0.53474
0.534734
0.534749
0.534757
0.534744
0.534748
0.534743
0.534746
0.534752
0.534759
0.534744
0.534747
0.534748
0.534746
0.534752
0.534757
0.534759
0.53477
0.534774
0.534774
0.534782
0.534778
0.534782
0.534785
0.534795
0.534794
0.534805
0.534816
0.534812
0.534813
0.534802
0.5348
0.534795
0.534812
0.534808
0.534796
0.534797
0.534802
0.534812
0.53482
0.53482
0.53483
0.534832
0.534841
0.534842
0.534835
0.534836
0.534844
0.534835
0.534839
0.534842
0.534841
0.53484
0.534831
0.534824
0.534829
0.534833
0.534845
0.534857
0.53485
0.534855
0.534845
0.534846
0.53485
0.534856
0.534856
0.534865
0.534843
0.534845
0.53484
0.534849
0.53484
0.534831
0.534833
0.534823
0.534818
0.534812
0.534815
0.534814
0.534808
0.534823
0.534809
0.534813
0.534809
0.534804
0.534792
0.534792
0.534777
0.534782
0.534773
0.534766
0.534762
0.534769
0.534779
0.534773
0.534777
0.53478
0.534771
0.53476
0.534764
0.53477
0.534774
0.534767
0.534773
0.534775
0.534781
0.534786
0.534795
0.534798
0.53479
0.534786
0.534789
0.534783
0.534793
0.534806
0.534803
0.53479
0.534808
0.534827
0.534829
0.534819
0.534808
0.534815
0.534814
0.534828
0.53483
0.534831
0.534847
0.534835
0.53482
0.53483
0.534824
0.534821
0.534811
0.534813
0.53482
0.534819
0.534815
0.53482
0.534814
0.534826
0.534829
0.534844
0.534848
0.534857
0.53487
0.534861
0.534859
0.534848
0.534849
0.534854
0.534859
0.53486
0.534849
0.534858
0.534856
0.534855
0.534849
0.534846
0.534846
0.534846
0.534835
0.534824
0.534835
0.534842
0.534842
0.534834
0.534842
0.53484
0.534842
0.534842
0.534869
0.534867
0.534864
0.534855
0.534841
0.534832
0.53483
0.534814
0.534805
0.53481
0.53482
0.534814
0.534817
0.53482
0.534833
0.534828
0.534834
0.534828
0.534831
0.534832
0.534822
0.534827
0.534818
0.534812
0.534814
0.534804
0.534817
0.534828
0.534834
0.534837
0.534841
0.534847
0.534849
0.534836
0.534841
0.534835
0.534844
0.534847
0.53485
0.53485
0.534856
0.534861
0.53486
0.534864
0.534861
0.534865
0.534859
0.534859
0.534862
0.534853
0.534837
0.53485
0.534847
0.534853
0.534848
0.534852
0.534842
0.534832
0.534825
0.534813
0.534823
0.53483
0.534822
0.534812
0.534818
0.534811
0.53482
0.534815
0.534813
0.534811
0.534797
0.534802
0.534793
0.534795
0.534791
0.534778
0.534773
0.53478
0.534791
0.534799
0.534801
0.534793
0.534804
0.534809
0.534799
0.534778
0.534776
0.53477
0.534783
0.534776
0.534764
0.534763
0.534762
0.534762
0.534765
0.53476
0.534758
0.534761
0.534776
0.534756
0.534754
0.534753
0.534761
0.534774
0.534781
0.534781
0.534773
0.534773
0.534768
0.534784
0.534795
0.534786
0.534789
0.53479
0.534808
0.534811
0.534819
0.534826
0.534828
0.534839
0.534842
0.534831
0.534833
0.534832
0.534839
0.534832
0.53483
0.534823
0.534825
0.534834
0.534843
0.534847
0.534841
0.534841
0.534847
0.534848
0.53484
0.534837
0.534828
0.534823
0.534816
0.534811
0.534809
0.534828
0.534823
0.534832
0.534829
0.534836
0.53485
0.534857
0.534871
0.534886
0.534877
0.534879
0.534877
0.534882
0.534867
0.534872
0.534887
0.534893
0.53489
0.534893
0.5349
0.534904
0.534899
0.53489
0.534904
0.534903
0.534905
0.534914
0.53493
0.534932
0.534939
0.534938
0.53495
0.534951
0.534944
0.534934
0.534927
0.534919
0.534916
0.534918
0.534904
0.534904
0.534903
0.534913
0.534918
0.534924
0.534917
0.534919
0.534925
0.534931
0.534935
0.534947
0.534947
0.534949
0.53494
0.534941
0.534932
0.534948
0.534959
0.534955
0.53496
0.534974
0.53497
0.534976
0.534987
0.53499
0.534998
0.535001
0.535005
0.535007
0.535001
0.535002
0.535012
0.535001
0.535016
0.535008
0.535012
0.535008
0.535008
0.53501
0.535006
0.535015
0.535027
0.535032
0.535042
0.535042
0.535037
0.535042
0.535037
0.535034
0.535026
0.535028
0.535024
0.535024
0.535028
0.53502
0.535011
0.535005
0.535022
0.535015
0.535013
0.535024
0.535029
0.535035
0.535029
0.535025
0.535034
0.535041
0.535038
0.53503
0.535025
0.535037
0.535031
0.535032
0.535028
0.535024
0.535019
0.535017
0.535016
0.535
0.534996
0.534997
0.534999
0.53501
0.535006
0.535006
0.535006
0.535011
0.535016
0.535014
0.535019
0.535018
0.535026
0.535029
0.535038
0.53503
0.535024
0.535025
0.535039
0.535043
0.535046
0.535043
0.535047
0.535035
0.535032
0.535039
0.535036
0.535035
0.535029
0.535034
0.535052
0.535052
0.535054
0.535054
0.535059
0.53505
0.53506
0.535055
0.535059
0.535062
0.535065
0.535062
0.535057
0.535062
0.535062
0.535052
0.535059
0.53506
0.535058
0.535055
0.535046
0.535056
0.535053
0.535053
0.535048
0.53504
0.535051
0.535062
0.53506
0.535059
0.535069
0.535064
0.535067
0.535063
0.535067
0.535076
0.53507
0.535083
0.535087
0.535085
0.535088
0.535091
0.535098
0.535095
0.535097
0.535098
0.535105
0.535094
0.535105
0.535104
0.535112
0.535119
0.535124
0.535132
0.535114
0.535115
0.535123
0.535125
0.535118
0.53512
0.535111
0.53511
0.5351
0.535102
0.535098
0.535099
0.535111
0.535109
0.53511
0.53512
0.53512
0.535121
0.535113
0.535128
0.535125
0.535124
0.535121
0.535123
0.535124
0.535123
0.535136
0.535142
0.535137
0.535152
0.535149
0.535142
0.535154
0.535153
0.535143
0.535149
0.535144
0.535151
0.535148
0.535145
0.535138
0.535137
0.53512
0.535118
0.535126
0.535138
0.535143
0.535153
0.535153
0.535162
0.535163
0.535159
0.535171
0.535147
0.535145
0.535138
0.53515
0.535153
0.53516
0.535151
0.535153
0.535154
0.535154
0.535164
0.535159
0.535146
0.535134
0.53513
0.535128
0.535136
0.535145
0.535139
0.535145
0.535146
0.53514
0.535143
0.535148
0.535154
0.535159
0.53516
0.535168
0.53517
0.535169
0.535174
0.535175
0.535176
0.535172
0.53517
0.535163
0.535163
0.53517
0.535157
0.535157
0.535157
0.535162
0.535156
0.535152
0.535153
0.535163
0.535164
0.535159
0.53514
0.535152
0.535145
0.535144
0.535155
0.53517
0.535171
0.535185
0.535186
0.535179
0.535172
0.535186
0.535192
0.535191
0.535187
0.535192
0.535201
0.535212
0.535222
0.535225
0.535238
0.535246
0.535249
0.535253
0.535251
0.535244
0.535237
0.535238
0.535229
0.535236
0.535236
0.535231
0.535229
0.535237
0.535238
0.535234
0.535232
0.535226
0.53522
0.535219
0.535218
0.535212
0.535216
0.535205
0.535203
0.535195
0.535194
0.535189
0.535187
0.535193
0.535193
0.535193
0.535193
0.535194
0.535201
0.535206
0.535207
0.535209
0.535209
0.535211
0.535204
0.535209
0.535207
0.535207
0.535198
0.535202
0.535207
0.535204
0.535203
0.535204
0.535203
0.535198
0.535194
0.535192
0.535193
0.535196
0.535199
0.535205
0.535218
0.535218
0.535234
0.535231
0.535224
0.535227
0.535227
0.535236
0.535233
0.535237
0.535232
0.53523
0.535222
0.535225
0.535223
0.535226
0.535225
0.535221
0.535233
0.535229
0.535236
0.535235
0.535231
0.535235
0.535242
0.535242
0.535244
0.535246
0.535239
0.535241
0.535226
0.535238
0.53523
0.535235
0.535244
0.535237
0.535248
0.535253
0.535249
0.535258
0.535264
0.535264
0.53527
0.535269
0.535263
0.53526
0.53526
0.53526
0.535259
0.535253
0.535243
0.535239
0.535248
0.535246
0.535248
0.53525
0.535246
0.535238
0.53524
0.535241
0.535246
0.535246
0.535254
0.535261
0.535266
0.53527
0.535275
0.535281
0.535289
0.535282
0.53528
0.53528
0.535291
0.535297
0.535302
0.535306
0.535313
0.53531
0.535309
0.535304
0.535306
0.535321
0.535325
0.53533
0.535328
0.535335
0.53534
0.535338
0.535342
0.535344
0.535349
0.535345
0.535349
0.535343
0.535342
0.535345
0.535356
0.535363
0.535362
0.535358
0.535356
0.53536
0.535371
0.535369
0.535387
0.535384
0.535372
0.535369
0.535352
0.535334
0.535338
0.53535
0.535345
0.53534
0.535345
0.535351
0.53535
0.535343
0.535358
0.535361
0.535363
0.535361
0.535358
0.535373
0.535375
0.53537
0.535376
0.535378
0.535371
0.535369
0.535364
0.535366
0.535375
0.535372
0.535376
0.535386
0.535379
0.535385
0.535381
0.535386
0.535377
0.535385
0.535378
0.535376
0.535367
0.535371
0.535386
0.535402
0.535397
0.535398
0.535393
0.535398
0.53541
0.535414
0.535413
0.535413
0.535406
0.535413
0.535423
0.53542
0.535422
0.535427
0.535425
0.535429
0.535438
0.535438
0.53545
0.535447
0.535454
0.535461
0.535467
0.535467
0.535467
0.535458
0.535454
0.535458
0.535465
0.535456
0.535455
0.535457
0.53545
0.535458
0.53546
0.53546
0.535464
0.535463
0.535466
0.535473
0.535481
0.535482
0.535479
0.53547
0.535469
0.535468
0.53547
0.535474
0.53548
0.535482
0.535503
0.535496
0.535484
0.535474
0.535477
0.535497
0.535498
0.535504
0.535514
0.535517
0.535514
0.535524
0.535523
0.535519
0.535511
0.535512
0.535514
0.53552
0.535527
0.535515
0.535512
0.535507
0.535503
0.535489
0.5355
0.535504
0.5355
0.535488
0.535479
0.535478
0.535475
0.535479
0.535472
0.535472
0.535462
0.535463
0.535461
0.53547
0.535472
0.535477
0.535475
0.53547
0.535485
0.535497
0.535497
0.535492
0.535488
0.535475
0.535482
0.535471
0.535475
0.535484
0.535484
0.535485
0.535487
0.53549
0.535485
0.535489
0.53549
0.535493
0.535499
0.535501
0.535498
0.535496
0.535497
0.535494
0.535498
0.535501
0.535509
0.535505
0.535501
0.535521
0.53553
0.535528
0.535527
0.535524
0.535531
0.535525
0.535529
0.535522
0.535531
0.535534
0.535542
0.535545
0.535549
0.535546
0.535544
0.535549
0.535556
0.535547
0.535541
0.535537
0.535539
0.535535
0.535535
0.535531
0.53553
0.535542
0.535535
0.535535
0.535524
0.535512
0.535514
0.535514
0.535516
0.535523
0.535523
0.535522
0.535523
0.535508
0.535517
0.535513
0.535513
0.535511
0.53551
0.535492
0.535498
0.535502
0.5355
0.535499
0.535505
0.535503
0.535508
0.535502
0.535498
0.535499
0.535511
0.535508
0.535502
0.535502
0.535499
0.535505
0.535505
0.535511
0.535521
0.535526
0.53553
0.535522
0.535535
0.535543
0.535537
0.535537
0.535532
0.535521
0.535527
0.53553
0.535519
0.535511
0.535504
0.535507
0.535501
0.535504
0.535505
0.535502
0.535499
0.535499
0.535499
0.535506
0.535506
0.535498
0.53549
0.535497
0.535508
0.535506
0.535502
0.535488
0.535487
0.535497
0.535494
0.535504
0.535498
0.535497
0.535498
0.535509
0.535505
0.535512
0.535507
0.535504
0.535504
0.535485
0.535489
0.535491
0.535489
0.535492
0.535485
0.535485
0.53548
0.535467
0.535458
0.535447
0.535448
0.535449
0.535449
0.535453
0.535452
0.535444
0.535447
0.53544
0.535438
0.535441
0.535436
0.535435
0.535428
0.535427
0.535426
0.535434
0.535431
0.53544
0.535447
0.535441
0.535445
0.535436
0.535431
0.535431
0.535425
0.53543
0.535427
0.535424
0.535426
0.535433
0.535433
0.535446
0.535451
0.535457
0.53547
0.535469
0.535468
0.535465
0.53546
0.535461
0.53546
0.535475
0.535473
0.535465
0.535462
0.535462
0.535464
0.53546
0.535451
0.535448
0.535448
0.535446
0.535453
0.535439
0.535447
0.53545
0.535456
0.535466
0.535463
0.535458
0.535456
0.535448
0.53544
0.535436
0.535443
0.535451
0.535462
0.535464
0.535456
0.535469
0.535466
0.535477
0.535481
0.535478
0.535491
0.535485
0.535482
0.535482
0.535482
0.535485
0.535482
0.535472
0.535475
0.535486
0.535486
0.535495
0.535498
0.535495
0.535482
0.535489
0.53549
0.535488
0.535485
0.535484
0.535481
0.535468
0.535464
0.535455
0.535443
0.535444
0.535458
0.53546
0.535466
0.535462
0.535458
0.535447
0.535455
0.535452
0.535461
0.535463
0.535465
0.535471
0.535468
0.53547
0.535471
0.535479
0.535473
0.535484
0.53549
0.535487
0.535495
0.535484
0.535478
0.535479
0.535479
0.535469
0.535471
0.535471
0.535471
0.535476
0.535461
0.535462
0.535461
0.535467
0.535465
0.535469
0.535468
0.535466
0.535468
0.535475
0.535473
0.535471
0.535476
0.535479
0.535481
0.535468
0.535474
0.535473
0.535473
0.535479
0.53548
0.53548
0.535487
0.535489
0.535492
0.535492
0.535494
0.535486
0.5355
0.535495
0.535491
0.535491
0.535492
0.535488
0.53549
0.535498
0.535506
0.535501
0.535493
0.5355
0.535498
0.535493
0.535493
0.535505
0.535514
0.535506
0.535514
0.535507
0.535513
0.535512
0.535508
0.535521
0.535517
0.535522
0.535525
0.535515
0.535511
0.535515
0.535521
0.535522
0.535511
0.535513
0.535504
0.53551
0.535519
0.535522
0.535521
0.535513
0.535522
0.535518
0.535523
0.535516
0.535504
0.535497
0.535503
0.535506
0.535499
0.535494
0.535491
0.535503
0.535505
0.535512
0.535508
0.535512
0.535513
0.53551
0.535501
0.535497
0.53551
0.535497
0.535504
0.535496
0.535491
0.53549
0.535499
0.5355
0.535495
0.535498
0.535502
0.535495
0.5355
0.535494
0.535491
0.535499
0.535504
0.535506
0.5355
0.535498
0.535502
0.535505
0.535509
0.535515
0.535524
0.535516
0.535522
0.535518
0.535522
0.535521
0.535527
0.535534
0.535535
0.535536
0.535527
0.535537
0.535534
0.535531
0.535531
0.535525
0.535537
0.535535
0.535532
0.535535
0.535542
0.535545
0.535552
0.535567
0.535571
0.535567
0.53557
0.535582
0.535588
0.535597
0.535599
0.535611
0.535613
0.53562
0.535623
0.535621
0.53562
0.535627
0.535623
0.535627
0.535618
0.535609
0.535612
0.535608
0.535608
0.535604
0.535614
0.535609
0.535612
0.535606
0.535607
0.535611
0.535611
0.535609
0.535617
0.535624
0.535631
0.535637
0.535634
0.535636
0.535636
0.53564
0.535638
0.535636
0.535646
0.535637
0.535633
0.535631
0.53563
0.535626
0.535628
0.535633
0.535629
0.535634
0.535631
0.535618
0.535612
0.535614
0.535613
0.53562
0.535624
0.535615
0.535611
0.535605
0.5356
0.535604
0.535604
0.535597
0.535594
0.535588
0.53559
0.535592
0.535595
0.535599
0.535588
0.535591
0.535586
0.535583
0.535586
0.5356
0.535609
0.535618
0.53562
0.535627
0.53562
0.535621
0.535625
0.535619
0.53561
0.53562
0.535613
0.535603
0.535597
0.535594
0.535596
0.535599
0.535601
0.535601
0.535591
0.535599
0.535585
0.535584
0.535578
0.535565
0.53556
0.535557
0.535552
0.535549
0.535541
0.53553
0.535535
0.535536
0.535551
0.535544
0.535557
0.535552
0.53555
0.535543
0.535552
0.535545
0.535539
0.535542
0.535535
0.535546
0.535542
0.535542
0.535552
0.535552
0.535554
0.535562
0.535564
0.535558
0.535555
0.535559
0.535561
0.535559
0.535565
0.535564
0.53556
0.535553
0.535553
0.535554
0.535548
0.535545
0.535542
0.535536
0.535538
0.535535
0.535537
0.535537
0.535544
0.535541
0.535548
0.535559
0.535566
0.53556
0.535559
0.535568
0.535569
0.535568
0.535561
0.535561
0.535546
0.535551
0.535547
0.535541
0.535532
0.535526
0.535528
0.53553
0.535539
0.535533
0.535538
0.535536
0.535533
0.535526
0.535536
0.53553
0.535522
0.535526
0.535531
0.535533
0.535543
0.535543
0.53554
0.535546
0.535546
0.535549
0.535541
0.535543
0.535536
0.535548
0.53553
0.535526
0.535527
0.535525
0.535522
0.53552
0.535518
0.535523
0.535524
0.535524
0.53553
0.535545
0.535544
0.535562
0.53557
0.535579
0.535575
0.535577
0.535584
0.535593
0.535602
0.535603
0.535607
0.535602
0.535602
0.535602
0.535606
0.535603
0.535612
0.535606
0.5356
0.535605
0.535607
0.535609
0.535616
0.535614
0.535601
0.5356
0.535586
0.53559
0.535576
0.535586
0.535581
0.53558
0.535584
0.53559
0.535593
0.535594
0.535591
0.535587
0.535589
0.535586
0.535575
0.535584
0.535589
0.535589
0.535594
0.535595
0.535599
0.5356
0.535588
0.535585
0.535584
0.535584
0.535588
0.535574
0.535572
0.535568
0.53557
0.535579
0.535583
0.53558
0.535567
0.535572
0.535566
0.535555
0.53555
0.535561
0.53555
0.535553
0.535548
0.535541
0.535555
0.535563
0.535547
0.535554
0.535561
0.535557
0.535554
0.535551
0.535552
0.535554
0.535552
0.535556
0.535562
0.535567
0.535564
0.535563
0.535575
0.535582
0.535585
0.535581
0.535582
0.535578
0.535578
0.535578
0.535581
0.535586
0.535589
0.53559
0.535585
0.535578
0.535587
0.535587
0.535596
0.535607
0.535612
0.535609
0.535612
0.535622
0.53562
0.535613
0.535616
0.535616
0.535609
0.535602
0.535602
0.535604
0.535603
0.535598
0.535608
0.535614
0.53562
0.535618
0.535616
0.535616
0.535611
0.535604
0.535598
0.535598
0.535597
0.535596
0.535599
0.535599
0.535602
0.535596
0.535596
0.535599
0.535591
0.535594
0.535594
0.535605
0.53561
0.535613
0.535611
0.535618
0.535621
0.535619
0.535627
0.53562
0.535621
0.535619
0.535614
0.535615
0.535621
0.535622
0.535615
0.53561
0.535615
0.535608
0.535605
0.535603
0.535607
0.535606
0.535608
0.535608
0.53561
0.535615
0.535621
0.535617
0.535627
0.535636
0.535635
0.535623
0.535625
0.535626
0.535633
0.535623
0.535625
0.535626
0.535618
0.535613
0.535611
0.535608
0.535621
0.535619
0.535621
0.535619
0.53562
0.535614
0.535619
0.535611
0.535612
0.535619
0.535623
0.535629
0.535627
0.53563
0.53563
0.535634
0.535633
0.535646
0.535656
0.535658
0.535656
0.535657
0.535659
0.535658
0.535652
0.535647
0.535652
0.535651
0.535649
0.535644
0.535637
0.535652
0.535654
0.535653
0.535649
0.535649
0.535647
0.535643
0.535634
0.535613
0.535616
0.535619
0.535624
0.535621
0.535624
0.535625
0.535618
0.535629
0.535624
0.53563
0.535631
0.535636
0.535636
0.535632
0.535633
0.535643
0.535646
0.535643
0.535646
0.535644
0.535638
0.535639
0.535637
0.535641
0.535638
0.53564
0.535648
0.53563
0.535618
0.535616
0.535617
0.535606
0.535613
0.535608
0.535612
0.535609
0.53561
0.535598
0.535596
0.5356
0.535594
0.535589
0.535594
0.535589
0.535587
0.535585
0.535584
0.535575
0.535574
0.535576
0.535585
0.535587
0.535587
0.535591
0.535593
0.535595
0.535599
0.535598
0.535608
0.535609
0.535603
0.535601
0.535601
0.535613
0.53562
0.535618
0.535623
0.535619
0.535615
0.53562
0.535615
0.535612
0.535606
0.535614
0.535616
0.535608
0.535605
0.535612
0.535608
0.535607
0.535613
0.535614
0.53562
0.535621
0.53562
0.53562
0.53562
0.535624
0.535621
0.535621
0.53563
0.535634
0.535636
0.53564
0.535646
0.535647
0.535646
0.535646
0.535657
0.535663
0.535664
0.53567
0.535673
0.535672
0.535665
0.53566
0.535663
0.535665
0.535671
0.535674
0.535671
0.535681
0.535678
0.53568
0.53568
0.535676
0.535679
0.535686
0.535688
0.535692
0.535688
0.535677
0.535681
0.535676
0.535677
0.535675
0.535687
0.535687
0.535683
0.535671
0.535677
0.535681
0.535669
0.535672
0.535668
0.535657
0.535653
0.535658
0.535659
0.535661
0.535658
0.535663
0.535672
0.535678
0.535671
0.535673
0.535678
0.535683
0.535688
0.535682
0.535686
0.535677
0.535676
0.535677
0.535685
0.535687
0.535686
0.535682
0.535685
0.535687
0.535685
0.535685
0.535681
0.535671
0.535678
0.535678
0.535676
0.535675
0.535678
0.535681
0.535676
0.535683
0.53569
0.535689
0.535682
0.535679
0.535672
0.535688
0.535692
0.535689
0.535685
0.535692
0.53569
0.535684
0.53568
0.535676
0.535683
0.535689
0.535682
0.535684
0.535691
0.535696
0.535703
0.535699
0.53571
0.535705
0.535708
0.535707
0.53571
0.535705
0.5357
0.535704
0.535705
0.535706
0.535701
0.535702
0.535701
0.535701
0.535702
0.535706
0.535705
0.535701
0.535706
0.535706
0.535696
0.535689
0.535691
0.535697
0.535696
0.535705
0.535719
0.535725
0.535724
0.535726
0.535728
0.535727
0.535725
0.535723
0.535717
0.535724
0.535724
0.535721
0.535731
0.535725
0.535729
0.535736
0.535736
0.535741
0.535733
0.535736
0.53574
0.535739
0.535739
0.535734
0.535735
0.535739
0.535742
0.535741
0.535734
0.535739
0.535739
0.535746
0.535746
0.535751
0.53575
0.535747
0.535752
0.535748
0.53574
0.535737
0.535732
0.535731
0.535735
0.535735
0.535745
0.535742
0.535734
0.535729
0.535732
0.535729
0.535729
0.53573
0.53573
0.535724
0.535742
0.535753
0.535743
0.535752
0.535749
0.535753
0.535752
0.535745
0.535752
0.53575
0.53575
0.535755
0.53576
0.535758
0.535757
0.535756
0.535759
0.535758
0.535754
0.535752
0.535754
0.535755
0.535748
0.535756
0.535753
0.535752
0.535747
0.535752
0.535749
0.53575
0.53576
0.535749
0.535751
0.535747
0.535743
0.535739
0.535746
0.535748
0.535747
0.535748
0.535749
0.535746
0.535747
0.535751
0.535748
0.535748
0.535752
0.535742
0.535744
0.535751
0.535754
0.535759
0.535759
0.535753
0.535746
0.535741
0.535735
0.535737
0.535724
0.535727
0.535726
0.53573
0.535736
0.535729
0.535732
0.535729
0.53573
0.535741
0.535734
0.53573
0.535736
0.53574
0.535736
0.535734
0.535727
0.535733
0.535738
0.53574
0.535741
0.53574
0.535738
0.535745
0.535743
0.535747
0.535746
0.535752
0.535758
0.535761
0.535765
0.535764
0.535777
0.53578
0.53578
0.535774
0.535782
0.535782
0.535782
0.535773
0.535776
0.535778
0.535778
0.535782
0.535783
0.535788
0.53579
0.535794
0.535799
0.535797
0.535794
0.535798
0.535804
0.535802
0.5358
0.535798
0.535803
0.535799
0.535803
0.535804
0.535817
0.535819
0.53582
0.535813
0.535815
0.535819
0.535822
0.535826
0.535819
0.53582
0.535815
0.535804
0.535803
0.535788
0.535779
0.535779
0.535779
0.535776
0.535781
0.535788
0.535785
0.535786
0.535785
0.535791
0.535796
0.5358
0.535793
0.535796
0.535799
0.535796
0.535793
0.535793
0.535791
0.535791
0.5358
0.535799
0.535798
0.535795
0.535794
0.535791
0.535802
0.535805
0.535805
0.535803
0.535799
0.535795
0.535788
0.535786
0.535792
0.53578
0.535785
0.535794
0.535797
0.535802
0.535807
0.535812
0.535822
0.535817
0.53583
0.535835
0.53584
0.535849
0.535847
0.535846
0.535844
0.535843
0.535837
0.535833
0.535831
0.535834
0.535833
0.535824
0.535827
0.53583
0.535832
0.535833
0.535841
0.535841
0.535843
0.535848
0.535852
0.535855
0.535852
0.535862
0.535867
0.535864
0.535858
0.535858
0.535855
0.53585
0.535848
0.535852
0.53585
0.535845
0.535852
0.535851
0.535861
0.535861
0.535863
0.535858
0.535863
0.53587
0.535868
0.535867
0.535864
0.535865
0.535866
0.53586
0.535861
0.535857
0.53586
0.535862
0.535852
0.535845
0.535843
0.535844
0.535852
0.535857
0.53585
0.535851
0.535856
0.535851
0.535854
0.535868
0.53587
0.535875
0.535889
0.535893
0.535886
0.535886
0.535883
0.535879
0.535876
0.535872
0.535867
0.535865
0.53586
0.53586
0.535868
0.53587
0.535867
0.535873
0.535876
0.535885
0.53588
0.535884
0.535883
0.535893
0.535892
0.535892
0.535896
0.535885
0.535891
0.535882
0.535875
0.535883
0.535886
0.53589
0.535898
0.5359
0.535899
0.535892
0.5359
0.535903
0.535913
0.535915
0.53591
0.535917
0.535905
0.535905
0.535909
0.535908
0.535903
0.5359
0.535897
0.535902
0.535897
0.535901
0.535897
0.5359
0.535905
0.535897
0.535895
0.535888
0.535885
0.535885
0.535895
0.5359
0.535897
0.5359
0.535895
0.535893
0.535898
0.535893
0.535892
0.535893
0.535899
0.535901
0.535908
0.535906
0.535898
0.535891
0.535901
0.535899
0.535897
0.535895
0.535905
0.53591
0.535912
0.535923
0.535925
0.535918
0.535921
0.535909
0.535907
0.535903
0.535904
0.535907
0.535913
0.535922
0.535924
0.535933
0.535936
0.535937
0.535941
0.535938
0.53594
0.535937
0.535937
0.535946
0.535942
0.535948
0.535956
0.535947
0.535941
0.535941
0.535946
0.53595
0.535957
0.535949
0.535953
0.535957
0.535961
0.535961
0.535964
0.535962
0.535956
0.535954
0.535959
0.535969
0.53597
0.535969
0.535971
0.535971
0.535977
0.535979
0.535977
0.535972
0.535968
0.535958
0.535966
0.535969
0.53598
0.535974
0.535971
0.535965
0.535954
0.535953
0.535957
0.535949
0.535939
0.535939
0.535942
0.535944
0.535941
0.535949
0.535956
0.535965
0.535962
0.535959
0.535962
0.535961
0.535963
0.535964
0.535971
0.53597
0.535966
0.535973
0.535969
0.535963
0.535957
0.535954
0.535956
0.535964
0.535964
0.53596
0.535959
0.535958
0.535955
0.535965
0.535967
0.535962
0.53596
0.535973
0.535968
0.535965
0.535965
0.535969
0.535965
0.535967
0.535965
0.535971
0.535973
0.535972
0.535979
0.535978
0.535987
0.535992
0.535983
0.535979
0.535986
0.535982
0.535981
0.535982
0.535982
0.535978
0.535983
0.535981
0.535973
0.535975
0.535973
0.535975
0.535975
0.535984
0.535977
0.535981
0.535978
0.535977
0.53598
0.535979
0.53598
0.535983
0.535981
0.535986
0.535983
0.535984
0.53598
0.535979
0.535978
0.535976
0.535979
0.535977
0.535969
0.535971
0.53597
0.535979
0.535972
0.535972
0.535976
0.535976
0.535974
0.535976
0.535977
0.535976
0.535973
0.535978
0.535978
0.535988
0.535985
0.535984
0.535984
0.535989
0.535993
0.535994
0.53599
0.535989
0.535986
0.53599
0.535986
0.535987
0.535985
0.535977
0.535975
0.535979
0.535986
0.535993
0.535999
0.536001
0.535998
0.536006
0.536006
0.536003
0.536006
0.536005
0.536018
0.53602
0.536014
0.536011
0.536015
0.53601
0.536007
0.535997
0.535997
0.535998
0.535997
0.536002
0.536008
0.536007
0.536006
0.536009
0.53601
0.536009
0.536009
0.536007
0.53601
0.536007
0.536006
0.536008
0.536007
0.536007
0.53601
0.536016
0.53602
0.536022
0.536024
0.536027
0.536035
0.536034
0.536033
0.536039
0.536036
0.536032
0.536036
0.536038
0.536038
0.536033
0.536032
0.536029
0.536028
0.536032
0.536027
0.536027
0.536024
0.536033
0.536025
0.536027
0.536025
0.536025
0.536022
0.536026
0.536018
0.536021
0.536024
0.53602
0.536025
0.536025
0.536038
0.536046
0.536045
0.536043
0.536041
0.536038
0.536031
0.536031
0.53603
0.53604
0.536038
0.536031
0.536038
0.536035
0.53604
0.536042
0.536044
0.536041
0.536039
0.536034
0.536032
0.536031
0.536025
0.536023
0.536025
0.536012
0.536012
0.536015
0.536023
0.53603
0.536024
0.536025
0.536034
0.536032
0.536041
0.536044
0.536043
0.536038
0.536033
0.536031
0.536029
0.536032
0.536033
0.536036
0.536032
0.53603
0.536029
0.536035
0.536039
0.536035
0.536031
0.536031
0.536033
0.53603
0.53603
0.536034
0.536032
0.536034
0.536036
0.536029
0.536028
0.536032
0.536037
0.536035
0.536034
0.536033
0.536038
0.536041
0.536043
0.536044
0.536037
0.536037
0.53604
0.536033
0.536027
0.536025
0.536025
0.536018
0.536012
0.536011
0.536007
0.536007
0.536011
0.536015
0.536008
0.536002
0.535995
0.535997
0.535991
0.536002
0.536002
0.536012
0.536009
0.536004
0.536
0.535999
0.535999
0.536001
0.536
0.536004
0.535996
0.535993
0.535998
0.535998
0.536
0.536004
0.536004
0.536
0.535996
0.535997
0.536006
0.535999
0.535998
0.536002
0.536007
0.536007
0.536009
0.536001
0.536009
0.536011
0.536005
0.536
0.535999
0.536006
0.536009
0.53601
0.536009
0.536015
0.536016
0.536013
0.536004
0.536003
0.535999
0.535996
0.535994
0.535994
0.535992
0.535986
0.535975
0.535974
0.535971
0.535971
0.535969
0.535968
0.535969
0.53597
0.53597
0.535964
0.535968
0.535974
0.535977
0.535977
0.535974
0.53598
0.535981
0.535985
0.535982
0.535975
0.535977
0.535985
0.535985
0.535987
0.535984
0.535984
0.535982
0.535984
0.535983
0.535987
0.535987
0.535986
0.535983
0.53599
0.535987
0.535986
0.535988
0.535987
0.535989
0.535991
0.535995
0.535992
0.535996
0.535996
0.535991
0.535995
0.535998
0.536004
0.536005
0.536006
0.536004
0.536011
0.536017
0.536026
0.536017
0.536024
0.536025
0.536022
0.536019
0.536018
0.536022
0.536025
0.53603
0.536018
0.536019
0.536015
0.536022
0.536021
0.53602
0.53602
0.536021
0.536028
0.536028
0.53603
0.536019
0.536018
0.536021
0.536022
0.536026
0.536018
0.536021
0.536023
0.536026
0.536018
0.536018
0.53602
0.536028
0.536022
0.536028
0.536032
0.536039
0.536045
0.536043
0.536046
0.536046
0.536046
0.536045
0.536047
0.536052
0.536053
0.536056
0.536062
0.536068
0.536076
0.536072
0.536076
0.536074
0.536077
0.536078
0.536073
0.536071
0.536078
0.536072
0.536067
0.536065
0.536054
0.536048
0.536041
0.536046
0.536043
0.536045
0.536047
0.536053
0.536055
0.536057
0.536055
0.536062
0.536066
0.536075
0.536072
0.536071
0.536071
0.536068
0.536066
0.53607
0.536066
0.536064
0.536066
0.536075
0.536073
0.53607
0.536068
0.536069
0.536071
0.536074
0.536065
0.536074
0.536082
0.536084
0.53608
0.536079
0.536092
0.536098
0.5361
0.536097
0.536095
0.536088
0.53608
0.536081
0.536085
0.536093
0.536087
0.536087
0.536091
0.536093
0.536087
0.536085
0.536088
0.536091
0.536083
0.536074
0.536074
0.536073
0.536078
0.536077
0.536066
0.536063
0.53607
0.536065
0.536065
0.536058
0.536059
0.536054
0.536055
0.536058
0.536059
0.536067
0.53607
0.536076
0.536077
0.536082
0.536083
0.536081
0.536091
0.53609
0.536087
0.53609
0.536096
0.536095
0.536092
0.536088
0.536088
0.53608
0.536079
0.53609
0.536093
0.536099
0.536105
0.536108
0.536111
0.536118
0.536125
0.536132
0.536142
0.536135
0.536134
0.536137
0.536139
0.536134
0.536141
0.536145
0.536143
0.536138
0.536137
0.536149
0.536145
0.536155
0.536154
0.536154
0.536147
0.536153
0.536161
0.536161
0.536163
0.536167
0.536173
0.536169
0.536169
0.536171
0.536176
0.536175
0.536185
0.536185
0.536193
0.536191
0.536187
0.536193
0.536194
0.536195
0.536184
0.536184
0.536179
0.536176
0.536172
0.536174
0.536172
0.536173
0.536178
0.536179
0.536187
0.536188
0.536188
0.536191
0.536199
0.536196
0.536192
0.536208
0.536215
0.536209
0.536212
0.536222
0.53622
0.536224
0.536227
0.536231
0.536231
0.536231
0.536223
0.536221
0.536221
0.536224
0.536224
0.536234
0.536239
0.536238
0.536242
0.536242
0.536237
0.536235
0.536233
0.536235
0.536239
0.536243
0.536242
0.536245
0.536247
0.536248
0.53625
0.536259
0.536259
0.536261
0.536257
0.536263
0.53626
0.536261
0.536268
0.536267
0.536263
0.53626
0.53626
0.536257
0.536255
0.536254
0.536252
0.536249
0.536254
0.536245
0.536246
0.536245
0.536241
0.536233
0.53623
0.53623
0.536228
0.536236
0.536231
0.536238
0.536233
0.536228
0.536232
0.536229
0.536228
0.536218
0.536215
0.536212
0.536217
0.536212
0.536205
0.536206
0.536201
0.536202
0.536199
0.536207
0.536199
0.536198
0.536202
0.536204
0.536205
0.536208
0.536214
0.536211
0.536213
0.536217
0.536213
0.536225
0.536218
0.536222
0.536217
0.536219
0.536211
0.536212
0.53621
0.536214
0.536211
0.536215
0.536216
0.536216
0.53622
0.536221
0.536221
0.536218
0.536213
0.536214
0.536213
0.536212
0.536214
0.536221
0.53622
0.536216
0.53622
0.536222
0.53622
0.536211
0.536209
0.536213
0.536218
0.536216
0.53621
0.536203
0.536208
0.536203
0.536199
0.536199
0.536196
0.536201
0.536199
0.536208
0.536214
0.53621
0.536213
0.536209
0.536206
0.536206
0.536205
0.536203
0.536201
0.536212
0.536215
0.536213
0.536208
0.536201
0.53621
0.536212
0.536209
0.536212
0.536212
0.536203
0.53621
0.536213
0.536216
0.536209
0.536219
0.536207
0.536206
0.536205
0.536203
0.536209
0.536212
0.536215
0.536215
0.536215
0.536214
0.53621
0.536213
0.536216
0.536214
0.536206
0.536205
0.536204
0.536202
0.536204
0.536204
0.536201
0.536206
0.536208
0.536205
0.536215
0.536215
0.536214
0.536212
0.536203
0.536203
0.536198
0.536198
0.536194
0.536197
0.536196
0.536203
0.536211
0.536217
0.536208
0.536197
0.5362
0.536195
0.536198
0.536201
0.536203
0.536195
0.536192
0.536198
0.536201
0.536194
0.536193
0.536194
0.5362
0.536197
0.536199
0.536205
0.536211
0.536212
0.536216
0.536221
0.536222
0.536223
0.536218
0.536218
0.536219
0.536216
0.536218
0.536217
0.536219
0.536216
0.53621
0.536209
0.5362
0.536197
0.536197
0.536194
0.536195
0.536198
0.536199
0.536206
0.536209
0.536216
0.536218
0.536217
0.536226
0.536221
0.53622
0.53622
0.536224
0.536229
0.536235
0.53624
0.536244
0.536241
0.536236
0.536235
0.536243
0.536243
0.53624
0.536244
0.536243
0.536242
0.536241
0.536242
0.536245
0.53624
0.536243
0.536245
0.536238
0.536238
0.536236
0.536234
0.536238
0.536236
0.536243
0.536241
0.53625
0.53625
0.536254
0.536265
0.536265
0.536273
0.536273
0.536269
0.536264
0.536266
0.536264
0.536261
0.536266
0.536269
0.536268
0.536273
0.536272
0.536269
0.536264
0.536265
0.53627
0.536269
0.536269
0.536269
0.53627
0.536274
0.536267
0.536274
0.536288
0.536275
0.536279
0.536271
0.536265
0.536267
0.53626
0.536259
0.53626
0.536262
0.536263
0.536246
0.536239
0.536246
0.536238
0.536235
0.536232
0.536236
0.536233
0.536231
0.536232
0.536232
0.536234
0.536236
0.536236
0.536229
0.53623
0.536225
0.536221
0.536226
0.536226
0.536227
0.536233
0.536232
0.536225
0.536222
0.536219
0.536218
0.536217
0.536217
0.536222
0.536219
0.53622
0.536218
0.536209
0.536216
0.536218
0.536219
0.536219
0.536217
0.536222
0.536228
0.536234
0.536227
0.536229
0.536235
0.536236
0.536236
0.536234
0.536242
0.536239
0.536237
0.536234
0.536235
0.536238
0.536241
0.536251
0.536249
0.536249
0.536239
0.53624
0.536245
0.536244
0.536246
0.536253
0.536256
0.53626
0.536258
0.536259
0.536257
0.536257
0.536257
0.536251
0.53625
0.536245
0.536243
0.536245
0.536247
0.536257
0.536257
0.536253
0.536256
0.536252
0.536245
0.536247
0.536246
0.536243
0.536245
0.53624
0.536247
0.536255
0.536254
0.53626
0.536258
0.536268
0.536273
0.536264
0.536258
0.536259
0.536257
0.536255
0.53625
0.536252
0.536248
0.536249
0.53625
0.536244
0.536249
0.536252
0.536253
0.536251
0.53625
0.536256
0.536256
0.536261
0.536257
0.536253
0.536254
0.536251
0.536253
0.536247
0.536253
0.536263
0.536264
0.536261
0.536267
0.536265
0.536265
0.536265
0.536268
0.536266
0.536268
0.536266
0.536268
0.536269
0.536261
0.536262
0.536259
0.536258
0.536263
0.536263
0.536261
0.536247
0.53624
0.536232
0.53623
0.53624
0.53624
0.536244
0.536244
0.536243
0.53624
0.536246
0.536249
0.53625
0.536248
0.536244
0.536248
0.536254
0.536252
0.536241
0.536236
0.536236
0.536233
0.536225
0.536217
0.536209
0.536214
0.536217
0.536212
0.536202
0.536194
0.536197
0.536193
0.536195
0.536196
0.536199
0.5362
0.536185
0.536184
0.536185
0.536192
0.536192
0.536193
0.536186
0.536191
0.536187
0.53619
0.536187
0.536188
0.536183
0.536184
0.536187
0.53618
0.536173
0.536167
0.536168
0.536168
0.536164
0.536163
0.536164
0.536155
0.53615
0.536149
0.536146
0.536142
0.536147
0.53615
0.536154
0.536158
0.53616
0.536161
0.536152
0.536147
0.536149
0.536153
0.536158
0.536159
0.536161
0.536165
0.536166
0.536166
0.536163
0.536164
0.536172
0.536171
0.536171
0.53617
0.536169
0.536172
0.536172
0.536172
0.536178
0.536174
0.536172
0.536173
0.536175
0.536177
0.536169
0.536176
0.53618
0.536186
0.536181
0.536184
0.536184
0.536189
0.53619
0.536189
0.536184
0.536187
0.536182
0.53618
0.536186
0.536188
0.536187
0.536188
0.536184
0.536189
0.536189
0.536192
0.536189
0.536193
0.536194
0.536197
0.536196
0.536197
0.536194
0.536201
0.536196
0.536202
0.536202
0.536205
0.536209
0.536213
0.536219
0.536222
0.536218
0.536217
0.536213
0.536218
0.536222
0.536219
0.536219
0.536217
0.536212
0.536208
0.536209
0.536208
0.536215
0.536216
0.536214
0.536221
0.536219
0.536218
0.536219
0.536224
0.536233
0.536232
0.536228
0.536227
0.536221
0.536222
0.536222
0.536219
0.536218
0.536224
0.536225
0.536224
0.536218
0.536219
0.536212
0.53622
0.536219
0.536215
0.536216
0.536207
0.536204
0.536205
0.536202
0.536197
0.536198
0.5362
0.536199
0.536205
0.536209
0.536203
0.536204
0.536202
0.536197
0.536187
0.53619
0.536184
0.536188
0.536182
0.53618
0.536179
0.536174
0.536179
0.536176
0.536178
0.53618
0.536188
0.536182
0.536182
0.536183
0.536189
0.536188
0.536182
0.536187
0.536182
0.536181
0.536185
0.536191
0.536193
0.536193
0.536191
0.536193
0.536202
0.536203
0.536201
0.536205
0.536207
0.536204
0.536203
0.5362
0.536206
0.536208
0.53621
0.536207
0.536212
0.53621
0.536203
0.536208
0.536212
0.536213
0.536216
0.53622
0.536225
0.53622
0.53622
0.536222
0.536224
0.53623
0.536227
0.536229
0.536228
0.536229
0.536232
0.536232
0.536226
0.536237
0.536238
0.536246
0.536249
0.536244
0.53624
0.53624
0.536245
0.536245
0.536245
0.536238
0.536236
0.536242
0.536246
0.536252
0.536259
0.53626
0.536265
0.536265
0.536267
0.536274
0.536274
0.536272
0.536275
0.536268
0.536263
0.536261
0.536259
0.536258
0.53626
0.536263
0.536261
0.536259
0.536254
0.536256
0.536255
0.53626
0.536267
0.536265
0.536264
0.536266
0.536265
0.536266
0.536274
0.536277
0.536275
0.536264
0.536265
0.536264
0.536272
0.536275
0.536271
0.536266
0.536265
0.53626
0.536251
0.536254
0.536256
0.536258
0.536264
0.536265
0.536268
0.536277
0.536275
0.536276
0.536279
0.536271
0.536267
0.536267
0.536273
0.536274
0.536278
0.536278
0.53628
0.536281
0.536283
0.536284
0.53628
0.536275
0.536268
0.536272
0.536266
0.536262
0.53626
0.536265
0.536259
0.536266
0.536262
0.53625
0.536247
0.536244
0.536245
0.536244
0.536249
0.536248
0.536261
0.536264
0.536262
0.536262
0.536261
0.53626
0.536261
0.53627
0.536275
0.536274
0.536275
0.536275
0.536274
0.536277
0.536275
0.536278
0.536275
0.536279
0.536272
0.536277
0.536277
0.536283
0.536281
0.536284
0.536288
0.536284
0.536295
0.536296
0.536302
0.536301
0.536299
0.536295
0.536295
0.536303
0.536302
0.536306
0.536308
0.536314
0.536315
0.536319
0.536318
0.536312
0.536314
0.536316
0.536314
0.536315
0.536319
0.536325
0.536327
0.536323
0.536318
0.536322
0.536319
0.536321
0.536323
0.536319
0.536319
0.536319
0.536313
0.536316
0.536313
0.536314
0.536316
0.536321
0.536316
0.536316
0.536312
0.536315
0.536317
0.536322
0.536318
0.53632
0.536317
0.536316
0.536312
0.536311
0.536309
0.53631
0.536311
0.536305
0.536301
0.536295
0.536291
0.536297
0.536296
0.536299
0.536294
0.536295
0.536291
0.536289
0.536285
0.536284
0.536289
0.536287
0.536283
0.536288
0.53629
0.536287
0.536278
0.53628
0.53628
0.536284
0.536291
0.536299
0.536292
0.536296
0.536295
0.536297
0.536298
0.536303
0.536304
0.536303
0.536306
0.536302
0.536302
0.536304
0.536304
0.53631
0.536317
0.53632
0.536316
0.536311
0.536317
0.536318
0.536316
0.536317
0.536308
0.536309
0.536306
0.536302
0.536301
0.536306
0.536306
0.536309
0.53631
0.536301
0.536295
0.536296
0.536301
0.536308
0.5363
0.536301
0.536303
0.536301
0.536303
0.536305
0.536297
0.536301
0.536305
0.536301
0.536294
0.536296
0.536297
0.536298
0.5363
0.536302
0.536304
0.536308
0.536302
0.536294
0.536297
0.536298
0.536295
0.536291
0.536297
0.536297
0.536297
0.536291
0.536294
0.536291
0.536284
0.53628
0.536277
0.536279
0.536272
0.536275
0.536276
0.536277
0.536281
0.536285
0.536286
0.536282
0.53628
0.536281
0.536274
0.536267
0.536273
0.536281
0.53628
0.536277
0.536279
0.536281
0.536277
0.536277
0.536274
0.53627
0.536275
0.53627
0.536273
0.53627
0.536271
0.536276
0.536282
0.536289
0.536288
0.536287
0.536293
0.536294
0.536294
0.536292
0.536292
0.536296
0.536302
0.536301
0.536302
0.536309
0.536312
0.536306
0.536311
0.536314
0.53631
0.536312
0.53631
0.536319
0.536326
0.536327
0.536325
0.536328
0.536334
0.536335
0.536332
0.536329
0.536332
0.536336
0.536338
0.536333
0.53634
0.536342
0.536337
0.536337
0.536333
0.536332
0.536335
0.536333
0.536329
0.536331
0.53632
0.536313
0.536311
0.536319
0.536318
0.536321
0.536324
0.536319
0.536321
0.536319
0.536322
0.536321
0.536317
0.536315
0.536313
0.536317
0.536316
0.536319
0.536326
0.536324
0.536326
0.536328
0.536328
0.536322
0.536324
0.536326
0.536332
0.536323
0.536319
0.536317
0.536312
0.536313
0.536315
0.536316
0.536321
0.536321
0.536312
0.536313
0.536318
0.536318
0.536322
0.536325
0.536328
0.536328
0.536326
0.536326
0.536321
0.536319
0.536316
0.536315
0.536309
0.536306
0.536305
0.536312
0.536306
0.536303
0.536306
0.536299
0.536293
0.536301
0.536299
0.5363
0.536297
0.536293
0.536299
0.536299
0.536303
0.536303
0.536293
0.536294
0.536298
0.536299
0.536307
0.536303
0.536303
0.536306
0.536307
0.536312
0.53631
0.536307
0.536307
0.536309
0.536311
0.536318
0.536323
0.53632
0.536324
0.536325
0.536327
0.536331
0.536339
0.536339
0.536343
0.536339
0.536338
0.53634
0.536345
0.536343
0.536343
0.536342
0.536342
0.536345
0.536345
0.53634
0.536347
0.536352
0.53635
0.536358
0.536361
0.536369
0.536367
0.536366
0.536371
0.536375
0.536378
0.536379
0.536376
0.53638
0.536382
0.536381
0.53638
0.536384
0.536381
0.536382
0.536378
0.536384
0.536383
0.536381
0.536385
0.536391
0.53639
0.53639
0.536392
0.536392
0.53639
0.53639
0.536385
0.536382
0.536385
0.536389
0.536392
0.536389
0.53639
0.536395
0.536395
0.536398
0.536396
0.536395
0.536393
0.536396
0.536391
0.536393
0.53639
0.536391
0.536396
0.536401
0.536402
0.536392
0.536387
0.536389
0.536383
0.536384
0.536396
0.536393
0.536396
0.536393
0.536396
0.536393
0.536395
0.5364
0.536401
0.536404
0.536395
0.536394
0.536394
0.536395
0.536391
0.536384
0.536387
0.536382
0.536382
0.536382
0.53638
0.53638
0.536378
0.536384
0.536384
0.53638
0.53638
0.536383
0.536382
0.536384
0.536382
0.536385
0.536382
0.536383
0.536381
0.53637
0.536365
0.536373
0.536376
0.536376
0.536373
0.536367
0.536363
0.536361
0.536365
0.536367
0.536366
0.536373
0.536366
0.536364
0.536363
0.536368
0.536369
0.536365
0.536368
0.536375
0.536378
0.53637
0.53637
0.536373
0.536376
0.536375
0.53638
0.536384
0.536389
0.536391
0.536385
0.53638
0.536384
0.536386
0.536385
0.536383
0.536382
0.536386
0.536387
0.536384
0.536385
0.536386
0.536385
0.536387
0.536392
0.536395
0.536395
0.536392
0.536391
0.536395
0.536396
0.536391
0.536391
0.536396
0.536393
0.536394
0.536386
0.536378
0.536381
0.536382
0.536384
0.536384
0.536382
0.536375
0.536374
0.536379
0.536372
0.536378
0.536375
0.536378
0.536383
0.536386
0.536396
0.536395
0.536394
0.536393
0.536393
0.536393
0.536391
0.536392
0.536393
0.536392
0.536397
0.536403
0.536404
0.536405
0.536398
0.536398
0.5364
0.536404
0.536404
0.536405
0.536412
0.536414
0.536415
0.536418
0.536416
0.536415
0.536421
0.536426
0.536429
0.536429
0.536432
0.536426
0.536423
0.53643
0.536432
0.536433
0.536432
0.536433
0.536432
0.536427
0.536425
0.536425
0.536424
0.536428
0.536432
0.536437
0.536442
0.536436
0.536438
0.536435
0.536435
0.536436
0.536436
0.53644
0.536435
0.536434
0.536425
0.53642
0.536414
0.536417
0.536417
0.536416
0.536417
0.536417
0.536418
0.536415
0.536418
0.536418
0.536426
0.536426
0.536419
0.536417
0.53642
0.53642
0.536418
0.536417
0.536417
0.536423
0.536429
0.536422
0.536424
0.536419
0.536421
0.536417
0.536411
0.53641
0.536408
0.5364
0.536396
0.536399
0.536389
0.536381
0.536384
0.536378
0.536379
0.536378
0.536381
0.536381
0.53638
0.53638
0.536379
0.536385
0.536386
0.536382
0.536383
0.536379
0.536376
0.536377
0.536374
0.536373
0.536371
0.536375
0.53638
0.53638
0.536387
0.536385
0.536392
0.536393
0.536396
0.536398
0.536393
0.536391
0.53639
0.536391
0.53639
0.536395
0.536397
0.536402
0.536407
0.53641
0.53641
0.536409
0.536411
0.536415
0.536416
0.536409
0.536408
0.536407
0.536416
0.536421
0.536423
0.536422
0.536425
0.536428
0.536431
0.536437
0.53644
0.536438
0.536438
0.536446
0.53644
0.536441
0.536442
0.536447
0.536448
0.536453
0.536453
0.536455
0.536465
0.536464
0.536461
0.536458
0.536464
0.536458
0.53646
0.536458
0.536457
0.536456
0.536463
0.536463
0.536464
0.536464
0.536458
0.536458
0.536456
0.536453
0.536446
0.53644
0.536437
0.536443
0.536447
0.536449
0.536446
0.536444
0.536444
0.536444
0.536444
0.536438
0.53644
0.536439
0.536444
0.536439
0.536434
0.536433
0.536438
0.53643
0.536434
0.536433
0.536432
0.536432
0.536434
0.536432
0.536436
0.536439
0.536436
0.536442
0.536437
0.536439
0.536445
0.536454
0.536451
0.536449
0.53645
0.536454
0.536453
0.536453
0.536451
0.536448
0.536452
0.53645
0.536444
0.536442
0.536439
0.536432
0.536433
0.536438
0.536443
0.536436
0.536434
0.536435
0.536435
0.536442
0.536442
0.53644
0.536444
0.536447
0.536446
0.536441
0.536437
0.536442
0.536439
0.536436
0.536435
0.536437
0.536439
0.536438
0.536432
0.536423
0.536418
0.536422
0.536424
0.536429
0.536433
0.536441
0.536435
0.53644
0.536441
0.536442
0.536442
0.536446
0.536441
0.536441
0.536438
0.536441
0.53644
0.536439
0.536441
0.536445
0.536441
0.53645
0.536452
0.536456
0.536463
0.536462
0.53646
0.536459
0.536461
0.536456
0.536457
0.53645
0.536453
0.536456
0.536459
0.536459
0.536458
0.536454
0.536456
0.536451
0.536451
0.536451
0.536459
0.536468
0.536465
0.536466
0.536458
0.536466
0.536467
0.536465
0.536468
0.536469
0.536474
0.536477
0.536475
0.536473
0.536472
0.53647
0.536469
0.536465
0.536469
0.536475
0.536475
0.536476
0.536477
0.536472
0.536475
0.536467
0.536463
0.536462
0.536459
0.536461
0.53646
0.536468
0.536474
0.536479
0.536477
0.536472
0.536475
0.536478
0.536477
0.536478
0.536479
0.536487
0.536479
0.536476
0.536472
0.536469
0.536468
0.536469
0.536474
0.536472
0.536475
0.536479
0.536481
0.536485
0.53649
0.536492
0.536492
0.536488
0.536484
0.536489
0.53649
0.536488
0.536485
0.536481
0.536478
0.536476
0.536481
0.536482
0.536485
0.536485
0.536487
0.536486
0.536488
0.53649
0.536494
0.536493
0.536492
0.536493
0.536492
0.536493
0.53649
0.53649
0.536491
0.536488
0.53649
0.536491
0.536496
0.536496
0.536496
0.536499
0.536492
0.536489
0.536485
0.536479
0.536476
0.536479
0.536481
0.536481
0.536478
0.536481
0.536482
0.536488
0.536488
0.536485
0.536489
0.536486
0.536483
0.536483
0.536483
0.536478
0.536481
0.536474
0.536473
0.536477
0.536479
0.536474
0.536478
0.53648
0.536481
0.536485
0.536493
0.536492
0.536492
0.536499
0.536495
0.536497
0.536492
0.536496
0.536499
0.536498
0.536497
0.536494
0.536489
0.536487
0.536491
0.536492
0.53649
0.536492
0.536492
0.536485
0.536488
0.536494
0.536489
0.536483
0.53649
0.536484
0.536484
0.536482
0.536481
0.536481
0.536484
0.536486
0.536482
0.53648
0.536475
0.536473
0.536468
0.536464
0.536465
0.536464
0.536469
0.536461
0.53646
0.536462
0.536462
0.536457
0.536463
0.536469
0.536473
0.536476
0.536472
0.53647
0.536465
0.536466
0.536465
0.536463
0.536462
0.536461
0.536459
0.536463
0.536459
0.536456
0.536458
0.536455
0.536457
0.536458
0.536452
0.536451
0.536452
0.536454
0.536458
0.53646
0.536462
0.536461
0.536464
0.53646
0.536463
0.53646
0.536461
0.536459
0.536463
0.536467
0.536467
0.536466
0.536469
0.536471
0.536467
0.536463
0.536467
0.536462
0.536463
0.536465
0.53646
0.536465
0.536462
0.536468
0.536468
0.53647
0.53647
0.53647
0.536473
0.536469
0.536468
0.536463
0.536454
0.536455
0.536459
0.536461
0.536458
0.536459
0.536459
0.536459
0.536458
0.536453
0.536459
0.536456
0.536452
0.536454
0.536456
0.536454
0.536454
0.536451
0.536454
0.536458
0.536458
0.536462
0.53646
0.536461
0.536464
0.536458
0.536461
0.536464
0.536463
0.536462
0.536452
0.536445
0.536443
0.536446
0.536442
0.536442
0.536448
0.536447
0.536449
0.536456
0.536457
0.536456
0.536459
0.536463
0.536464
0.536464
0.536466
0.536468
0.536466
0.536471
0.536478
0.536479
0.536483
0.53649
0.536484
0.536486
0.536487
0.536493
0.536491
0.536496
0.5365
0.536499
0.536499
0.536503
0.5365
0.536499
0.536496
0.536497
0.536498
0.536498
0.536501
0.536498
0.536498
0.5365
0.536505
0.536504
0.536505
0.536505
0.536508
0.536499
0.536504
0.536501
0.536503
0.536505
0.536507
0.536508
0.53651
0.536509
0.536512
0.536514
0.536515
0.536513
0.536513
0.536514
0.536515
0.536515
0.536514
0.536521
0.536516
0.536514
0.536512
0.53651
0.536516
0.53652
0.536523
0.536529
0.536524
0.536526
0.53653
0.536528
0.536526
0.536523
0.536523
0.536528
0.536533
0.536536
0.536533
0.536532
0.536533
0.536531
0.536531
0.536527
0.536522
0.536524
0.536525
0.536531
0.536531
0.536529
0.536528
0.536525
0.536526
0.536523
0.536523
0.536526
0.536526
0.53653
0.536533
0.536536
0.536537
0.536532
0.536528
0.536525
0.536524
0.536524
0.536522
0.536523
0.536524
0.536526
0.53653
0.536528
0.536529
0.536529
0.536529
0.536532
0.536522
0.536524
0.536526
0.536527
0.53653
0.536533
0.536528
0.536524
0.536523
0.536523
0.536528
0.536527
0.536526
0.536526
0.536528
0.536531
0.53653
0.536526
0.536523
0.536523
0.536514
0.536514
0.536511
0.536513
0.536517
0.536521
0.536519
0.536519
0.536528
0.536528
0.53653
0.536526
0.536527
0.536525
0.536526
0.536531
0.536532
0.53653
0.536531
0.536532
0.536535
0.536538
0.536544
0.53655
0.536548
0.536548
0.536546
0.536547
0.536552
0.536549
0.53655
0.536543
0.53655
0.536549
0.536546
0.536544
0.536544
0.536544
0.536541
0.536535
0.536534
0.536535
0.536533
0.536534
0.536534
0.536535
0.536541
0.53654
0.53654
0.536543
0.536545
0.536551
0.536555
0.536561
0.536563
0.536562
0.536563
0.536567
0.536568
0.536569
0.53657
0.536563
0.536567
0.536563
0.536564
0.536564
0.536568
0.536561
0.536557
0.536562
0.536558
0.536562
0.536559
0.536557
0.536559
0.536563
0.536561
0.536564
0.536568
0.53657
0.536576
0.536577
0.536582
0.536582
0.536586
0.536588
0.536585
0.536582
0.536578
0.536572
0.536576
0.536577
0.536578
0.536585
0.536583
0.536582
0.536584
0.536582
0.536584
0.536583
0.536579
0.536581
0.536582
0.536583
0.53659
0.53659
0.536589
0.536584
0.536585
0.536577
0.536577
0.536573
0.536571
0.53657
0.536575
0.536577
0.536577
0.536579
0.536581
0.536584
0.536583
0.536587
0.536588
0.536587
0.536591
0.536589
0.536588
0.536587
0.536588
0.536592
0.53659
0.536588
0.536591
0.536595
0.536602
0.5366
0.536603
0.536604
0.536608
0.536604
0.536608
0.536606
0.536606
0.536602
0.536603
0.536605
0.5366
0.536599
0.536599
0.536598
0.536602
0.536598
0.536595
0.536598
0.5366
0.536596
0.536591
0.536593
0.536589
0.536582
0.536583
0.536579
0.536579
0.536578
0.536583
0.536579
0.536579
0.536581
0.536579
0.536574
0.536579
0.536579
0.536579
0.536578
0.536583
0.536582
0.536583
0.536585
0.53659
0.536594
0.536595
0.536591
0.536594
0.536597
0.536599
0.536595
0.536591
0.536591
0.536589
0.536596
0.536597
0.536595
0.536599
0.536597
0.536593
0.53659
0.536589
0.536595
0.536596
0.536595
0.536599
0.536594
0.536594
0.536596
0.536597
0.536596
0.536596
0.536596
0.536598
0.536597
0.536597
0.536597
0.536598
0.536596
0.5366
0.536595
0.536598
0.536601
0.536601
0.536604
0.536608
0.536606
0.536607
0.536606
0.536613
0.536608
0.536609
0.536611
0.53661
0.536612
0.536615
0.536606
0.536603
0.536602
0.536599
0.536602
0.536601
0.536601
0.536606
0.53661
0.536606
0.536607
0.53661
0.536607
0.536608
0.536608
0.536611
0.536612
0.53661
0.536611
0.536612
0.536612
0.536616
0.536618
0.536614
0.536617
0.536624
0.536623
0.536625
0.536624
0.536625
0.536627
0.536625
0.536626
0.536621
0.536618
0.536615
0.536614
0.536616
0.536618
0.536622
0.536625
0.536628
0.536629
0.536635
0.536634
0.536642
0.536639
0.53664
0.536639
0.53664
0.53664
0.536638
0.536636
0.536641
0.536644
0.53664
0.536642
0.536638
0.53664
0.536645
0.536646
0.536652
0.536656
0.53666
0.53666
0.536666
0.536667
0.536672
0.536679
0.536682
0.536686
0.536689
0.536691
0.536684
0.536682
0.536686
0.536689
0.53669
0.536689
0.53669
0.536691
0.536694
0.536696
0.536691
0.536692
0.536693
0.536693
0.536695
0.536696
0.536698
0.536695
0.536692
0.536691
0.536686
0.536684
0.536688
0.536687
0.536687
0.536691
0.5367
0.536699
0.536696
0.536696
0.536693
0.536693
0.536687
0.536685
0.536681
0.536678
0.536676
0.536674
0.536675
0.536674
0.536679
0.536681
0.536677
0.536683
0.536682
0.536683
0.536682
0.536683
0.536682
0.536679
0.536678
0.536678
0.536678
0.536675
0.536674
0.536675
0.536671
0.536675
0.536672
0.536668
0.536666
0.536669
0.53667
0.536671
0.536674
0.536669
0.536676
0.536677
0.536677
0.536676
0.536677
0.536678
0.536675
0.536672
0.536668
0.536668
0.536674
0.536674
0.536667
0.536669
0.536673
0.536673
0.536668
0.536667
0.536672
0.536669
0.536667
0.536665
0.536659
0.536657
0.536657
0.536661
0.536662
0.536658
0.536657
0.536657
0.53666
0.536659
0.536658
0.536657
0.53666
0.53666
0.536665
0.53667
0.536669
0.536675
0.536665
0.536667
0.536669
0.536669
0.536668
0.536666
0.536665
0.536668
0.536663
0.536664
0.53666
0.53666
0.536658
0.53666
0.536667
0.53667
0.536669
0.536667
0.536665
0.536667
0.536664
0.536662
0.536669
0.536662
0.536666
0.536662
0.536661
0.536659
0.536665
0.536661
0.536661
0.536667
0.536662
0.536666
0.536664
0.536666
0.536668
0.536677
0.53668
0.536678
0.536673
0.536673
0.536674
0.536671
0.536675
0.536677
0.536676
0.536674
0.536673
0.536671
0.536669
0.536668
0.536667
0.536672
0.536672
0.536672
0.536671
0.536673
0.536679
0.536675
0.536671
0.536675
0.536677
0.536682
0.536675
0.536675
0.536674
0.536673
0.53667
0.536674
0.536673
0.536673
0.536674
0.536676
0.536673
0.536672
0.536679
0.536676
0.536677
0.536673
0.536677
0.536676
0.536677
0.536676
0.536678
0.536677
0.536675
0.536677
0.536672
0.536669
0.536666
0.53667
0.536668
0.536665
0.536665
0.536666
0.536665
0.536663
0.536667
0.536662
0.536668
0.536665
0.536661
0.536662
0.536662
0.536663
0.536655
0.536659
0.536658
0.536654
0.53665
0.536651
0.536656
0.536655
0.536656
0.536655
0.536652
0.536649
0.536649
0.536643
0.536642
0.536644
0.536648
0.536646
0.536645
0.536646
0.53665
0.536652
0.536654
0.536656
0.536657
0.536655
0.536652
0.536649
0.536651
0.536653
0.536653
0.536661
0.536657
0.536654
0.536654
0.536648
0.53665
0.536655
0.536661
0.53666
0.536664
0.536671
0.536669
0.53667
0.536668
0.536666
0.536666
0.536674
0.536673
0.536669
0.536673
0.53667
0.536677
0.536673
0.536677
0.53667
0.536667
0.536666
0.536662
0.536662
0.536663
0.536666
0.536667
0.536668
0.536675
0.536676
0.53667
0.536675
0.536673
0.536676
0.536675
0.536673
0.536669
0.536667
0.536665
0.536667
0.536667
0.536672
0.536675
0.536672
0.536668
0.536668
0.536672
0.536672
0.53667
0.536667
0.536669
0.536669
0.536665
0.536666
0.53667
0.536673
0.536676
0.536678
0.536675
0.53667
0.536668
0.536665
0.536663
0.536666
0.536659
0.536663
0.536664
0.536664
0.536665
0.536666
0.536666
0.536663
0.536658
0.536661
0.53666
0.536662
0.536662
0.536656
0.536659
0.536662
0.536666
0.536668
0.536669
0.536668
0.536665
0.53667
0.536673
0.536677
0.536678
0.536675
0.536676
0.536679
0.53668
0.536674
0.536669
0.536663
0.536652
0.53665
0.536646
0.536647
0.536646
0.536645
0.536638
0.536639
0.536643
0.536646
0.536641
0.53664
0.536641
0.536639
0.536631
0.536636
0.536637
0.536642
0.536641
0.536642
0.53664
0.536637
0.536638
0.536639
0.536639
0.536636
0.536641
0.53664
0.536643
0.536641
0.536644
0.536642
0.536646
0.536646
0.536639
0.536638
0.536634
0.536633
0.536629
0.536633
0.53663
0.536631
0.536624
0.536628
0.536631
0.536629
0.536626
0.536626
0.536624
0.536617
0.536617
0.536616
0.536616
0.53662
0.536615
0.536616
0.536615
0.53661
0.53661
0.536608
0.536609
0.53661
0.536612
0.536609
0.536603
0.536594
0.536597
0.536598
0.536597
0.536596
0.536596
0.5366
0.536598
0.536601
0.536604
0.536602
0.536604
0.5366
0.536598
0.536596
0.536593
0.53659
0.536592
0.536589
0.53659
0.53659
0.536587
0.536586
0.536586
0.536582
0.536587
0.536588
0.536587
0.536591
0.536601
0.536598
0.536594
0.536591
0.536593
0.536594
0.536593
0.536593
0.536592
0.536591
0.536589
0.536587
0.536588
0.536588
0.53659
0.536594
0.536599
0.536601
0.536599
0.536597
0.536595
0.536597
0.536596
0.536596
0.536598
0.536596
0.536598
0.536598
0.536602
0.536599
0.536599
0.536603
0.536597
0.536595
0.536594
0.536587
0.536588
0.536591
0.536586
0.536594
0.536592
0.53659
0.536597
0.536599
0.536597
0.536591
0.53659
0.536585
0.536586
0.536585
0.536583
0.536582
0.536581
0.536585
0.536582
0.536582
0.536585
0.536585
0.536584
0.536583
0.536579
0.536578
0.536579
0.536582
0.536584
0.536584
0.536586
0.536587
0.536588
0.536586
0.536591
0.536589
0.536587
0.53659
0.536595
0.536591
0.53659
0.536593
0.536594
0.536592
0.536585
0.536586
0.536582
0.536588
0.53659
0.536587
0.536591
0.536594
0.536597
0.536601
0.536601
0.5366
0.536601
0.536601
0.536608
0.53661
0.536612
0.536608
0.536605
0.5366
0.536601
0.536602
0.536604
0.536605
0.536602
0.536603
0.536603
0.536603
0.536593
0.536596
0.536603
0.536603
0.536603
0.536597
0.536594
0.536593
0.536597
0.536598
0.536601
0.536598
0.536595
0.536595
0.536591
0.536594
0.536598
0.536595
0.536597
0.536593
0.536597
0.536599
0.536599
0.536605
0.536603
0.536598
0.536595
0.53659
0.536593
0.536591
0.536592
0.536594
0.536589
0.53659
0.536594
0.536597
0.536598
0.536601
0.536601
0.536603
0.536603
0.5366
0.5366
0.5366
0.536603
0.536606
0.536608
0.536612
0.536607
0.536613
0.536613
0.536612
0.536612
0.536612
0.536603
0.536611
0.536615
0.536617
0.536616
0.536619
0.536616
0.536608
0.53661
0.536609
0.536606
0.53661
0.536613
0.536618
0.53661
0.536616
0.536614
0.536608
0.536607
0.536605
0.536604
0.5366
0.536595
0.536594
0.536596
0.536596
0.536596
0.536597
0.536597
0.536593
0.536593
0.53659
0.536589
0.536593
0.536591
0.536586
0.536585
0.536587
0.536589
0.536589
0.536591
0.536599
0.536598
0.536594
0.536593
0.536593
0.536589
0.53659
0.53659
0.536591
0.536587
0.536589
0.536587
0.536588
0.536588
0.536589
0.536593
0.536591
0.536592
0.53659
0.53659
0.536588
0.536588
0.536584
0.536589
0.536597
0.536597
0.536593
0.536596
0.5366
0.5366
0.536594
0.5366
0.536599
0.536599
0.536598
0.536596
0.536602
0.536607
0.536606
0.53661
0.536613
0.536617
0.536621
0.536619
0.536625
0.536627
0.536628
0.536624
0.536621
0.536621
0.536619
0.536619
0.536615
0.536613
0.536615
0.536613
0.53661
0.53661
0.536612
0.536613
0.536611
0.536615
0.536613
0.536614
0.536617
0.53662
0.536624
0.536624
0.536623
0.536624
0.536624
0.536626
0.536628
0.536629
0.536631
0.536634
0.536638
0.536628
0.536628
0.536624
0.536622
0.536623
0.536627
0.536627
0.536628
0.536626
0.536627
0.536629
0.536627
0.536627
0.536625
0.536628
0.536629
0.536627
0.53663
0.536631
0.536633
0.536629
0.536635
0.53664
0.53664
0.536637
0.536633
0.536633
0.536629
0.536627
0.536625
0.536623
0.536623
0.536626
0.536627
0.536628
0.536633
0.536632
0.53663
0.536628
0.536625
0.536622
0.53662
0.536624
0.536618
0.536618
0.53662
0.53662
0.536623
0.536627
0.536627
0.536632
0.536629
0.536623
0.53662
0.536618
0.53662
0.53662
0.536625
0.536621
0.536618
0.536618
0.536617
0.536617
0.536615
0.536611
0.536614
0.536608
0.536609
0.536612
0.536611
0.53661
0.536612
0.53661
0.536615
0.53661
0.536604
0.536606
0.536606
0.536607
0.5366
0.536599
0.536601
0.536607
0.536603
0.536606
0.536603
0.536609
0.536609
0.536605
0.536605
0.536602
0.5366
0.536602
0.536603
0.536604
0.536599
0.536597
0.536593
0.536603
0.536607
0.536612
0.536613
0.536614
0.536614
0.536613
0.536611
0.536615
0.536617
0.536617
0.536621
0.536622
0.536625
0.536624
0.536622
0.536619
0.536614
0.536614
0.536613
0.536605
0.536603
0.536602
0.536603
0.5366
0.536599
0.536596
0.536599
0.536597
0.536596
0.536603
0.536599
0.536602
0.536602
0.536603
0.536599
0.536601
0.536605
0.536604
0.536605
0.536605
0.536604
0.536607
0.536606
0.536605
0.536612
0.536613
0.53661
0.536611
0.53661
0.536613
0.536617
0.536611
0.536613
0.536616
0.536614
0.536613
0.536608
0.536605
0.536604
0.536608
0.536608
0.536609
0.536603
0.536605
0.536609
0.536608
0.536608
0.53661
0.536617
0.536619
0.536618
0.536614
0.536616
0.536617
0.536619
0.536621
0.536626
0.536627
0.536622
0.536627
0.536625
0.536627
0.536626
0.536626
0.536621
0.536625
0.536626
0.536625
0.536626
0.536625
0.536626
0.53663
0.536629
0.536632
0.536627
0.536625
0.536626
0.536622
0.536622
0.536624
0.536631
0.536627
0.536622
0.536622
0.536617
0.536623
0.536619
0.536622
0.536621
0.536621
0.536623
0.536629
0.536628
0.53663
0.536635
0.536635
0.536632
0.536633
0.536627
0.536626
0.536625
0.536623
0.536624
0.536621
0.536625
0.536625
0.536625
0.536621
0.536625
0.536625
0.536626
0.536623
0.536625
0.536626
0.536625
0.536625
0.536623
0.536625
0.536629
0.536634
0.536634
0.536636
0.536636
0.536634
0.536632
0.536634
0.536634
0.536633
0.536631
0.536627
0.536626
0.536628
0.536628
0.536628
0.536631
0.536631
0.536636
0.53663
0.536628
0.536621
0.536618
0.536615
0.536614
0.536616
0.536616
0.536616
0.536614
0.536617
0.536619
0.536617
0.536616
0.536617
0.536617
0.536614
0.536617
0.536617
0.536617
0.536623
0.536622
0.536622
0.536631
0.536637
0.536638
0.536637
0.536643
0.536642
0.53664
0.536641
0.536643
0.536641
0.536639
0.536639
0.536637
0.536638
0.536644
0.536645
0.536642
0.53664
0.536641
0.536637
0.53663
0.536631
0.536632
0.53663
0.536632
0.536633
0.536634
0.536634
0.536633
0.536631
0.536632
0.536635
0.536641
0.53664
0.536636
0.53664
0.53664
0.536638
0.536637
0.536636
0.536636
0.536639
0.536637
0.536631
0.53664
0.536639
0.536645
0.536648
0.536653
0.536656
0.536652
0.53665
0.536654
0.536656
0.536651
0.536653
0.536651
0.536658
0.536656
0.536654
0.53666
0.536658
0.536662
0.536664
0.536661
0.53666
0.536658
0.536657
0.536658
0.53666
0.536656
0.536656
0.536655
0.536654
0.536657
0.536657
0.536658
0.536657
0.536654
0.536657
0.536651
0.536654
0.536659
0.53666
0.536659
0.536662
0.536661
0.536661
0.53666
0.536661
0.536659
0.53666
0.536664
0.536667
0.536667
0.53667
0.536669
0.536669
0.536673
0.536672
0.536674
0.536673
0.536673
0.536673
0.53667
0.53667
0.536671
0.53667
0.536672
0.536673
0.536676
0.536672
0.536672
0.536666
0.536666
0.536663
0.536665
0.536667
0.536662
0.536664
0.536659
0.536659
0.536657
0.536654
0.53666
0.536661
0.536661
0.536659
0.536663
0.536656
0.536659
0.536659
0.536659
0.536665
0.536664
0.536665
0.536658
0.536659
0.536658
0.53666
0.536659
0.536657
0.536654
0.536654
0.536656
0.536658
0.536662
0.536663
0.536667
0.53667
0.536672
0.536673
0.536673
0.53668
0.536684
0.536688
0.53669
0.536687
0.536689
0.536688
0.536689
0.536698
0.536699
