cos_gwtheta	cos_gwtheta_ll	cos_gwtheta_ul	cos_inc	cos_inc_ll	cos_inc_ul	gwphi	gwphi_ll	gwphi_ul	log10_Mc	log10_Mc_ll	log10_Mc_ul	log10_fgw	log10_fgw_ll	log10_fgw_ul	log10_h	log10_h_ll	log10_h_ul	phase0	phase0_ll	phase0_ul	psi	psi_ll	psi_ul
0.0284754288142397	0.012535177473655845	0.04783144829923436	-0.03345417699004671	-0.05480956824370209	-0.013718151897806008	1.921632596039319	1.8908748215457039	1.9500923758868596	8.168902204070218	nan	nan	-7.719756001126639	-7.733096863012289	-7.706248378467418	-12.136890237118742	-12.177885762067042	-12.136890237118742	1.0548888994915666	nan	nan	0.9168829936565253	0.9059383547501607	0.929021593170857
0.65261745821221	0.6432357479867598	0.65261745821221	-0.0011296065672906086	-0.007358581226366734	0.004831866112561423	0.8706801539086684	0.6368344568138558	1.0820766640823791	9.086468417851593	nan	nan	-7.8889163481379665	-7.892180863301001	-7.884777409270548	-12.080611251215103	-12.112432594396306	-12.080611251215103	5.336642780372487	nan	nan	1.7795053978473434	1.7795053978473434	1.7927903920704582
0.9818115626977789	0.9542676345966573	0.9926931145401973	-0.004518213162861384	-0.1061149519600455	0.06827331999833952	6.275037919552069	nan	nan	9.220208055604292	nan	nan	-7.747064464579785	-7.747064464579785	-7.727406755372231	-12.451774082459941	-12.555718117635383	-12.451774082459941	0.019788999373170083	nan	nan	2.6805483842889624	nan	nan
-0.21447960627905097	-0.22951088561276425	-0.19609675790471243	-0.012287670325550781	-0.040674360046419444	0.013551495958829651	1.5298457079411274	1.5024080145686791	1.5610941920597488	9.497501896395406	nan	nan	-6.507520830430237	-6.508359153282476	-6.507520830430237	-11.005501250265404	-11.040103716504692	-11.005501250265404	2.4002015834869743	nan	nan	0.36089917712819286	0.36089917712819286	0.39501121217726615
0.6607009251853226	0.6401562761740143	0.6607009251853226	-0.0009007162530653636	-0.0009007162530653636	0.013897187447888563	1.3521204378090044	1.3521204378090044	1.4253250669802169	8.006572298908058	nan	nan	-7.2968590450528135	-7.30180038959296	-7.291849544036252	-11.328715288614914	-11.39585720748681	-11.328715288614914	5.083697894567246	nan	nan	2.998475666210606	2.985177673275284	2.998475666210606
0.9996874689845261	nan	nan	-0.0005909568132456133	-0.01606561928331221	0.011885996173090801	4.497201181694111	nan	nan	9.181953858629454	nan	nan	-6.51879791299659	-6.536639209406919	-6.51879791299659	-11.13741560077132	nan	nan	3.996156153360098	nan	nan	2.983047661518361	2.9049544300586896	3.0633275034589036
0.03194546761476677	0.017555492305472153	0.03194546761476677	0.008956109397469936	-0.01718391285487486	0.03277257411627277	1.9250351952649705	1.9152604087791465	1.9335612204816803	8.006497041132977	nan	nan	-8.16231795773717	-8.169445641851793	-8.15623846246293	-12.386336323619787	-12.415944730941845	-12.386336323619787	4.223830572864111	nan	nan	0.9176910488559191	0.9086858503139839	0.9283607153747998
-0.19860989006160323	-0.20969200283478096	-0.18988953902697164	-0.011436363409209045	-0.011436363409209045	-0.00026749645901857563	1.546409977996369	1.546409977996369	1.5582389854866585	9.344392302292988	8.534570046734665	9.994198132783946	-6.854481736513307	-6.854481736513307	-6.849843370495452	-11.15160936069086	-11.17114648510592	-11.15160936069086	0.017177677964214547	0.017177677964214547	0.1547792175374072	0.374697243500453	0.3631522362850411	0.393685742210012
-0.20267762129380618	-0.2181892499206488	-0.18531240182476216	0.0001994490497866097	-0.004647986790373315	0.00644294641191262	1.5426085946740575	1.539770148376775	1.5450270667742931	8.637387680315483	nan	nan	-7.368179152050697	-7.381457272515237	-7.368179152050697	-11.81340191854005	-11.827476788625988	-11.803446522625606	3.634633958058271	nan	nan	1.9351960837923277	1.9036540071563666	1.9682767983129699
0.03256026204314405	0.0196721923434372	0.04802594568279228	0.0018699317700786033	nan	nan	1.941014213568527	1.8763510701917854	1.993513003240733	8.417429601791147	nan	nan	-6.864768115250104	-6.868412173402055	-6.864768115250104	-11.719639796476516	nan	nan	0.7230849372185959	nan	nan	2.465669675339913	2.456660194095492	2.4732288498474277
0.5575377714794091	nan	nan	-0.0022342375843201756	-0.020263060492410334	0.017212582631147916	0.9997965739429409	nan	nan	8.37926027099705	nan	nan	-6.509491811783542	-6.513769904500717	-6.509491811783542	-13.517595225037459	nan	nan	6.266597837315661	nan	nan	1.7155743174941342	nan	nan
0.037853773855627534	0.02819819938204937	0.037853773855627534	-0.0071193908301509234	nan	nan	1.9352778669952029	1.9191139822366805	1.9352778669952029	9.430759803801827	nan	nan	-7.0788132738883025	-7.0788132738883025	-7.069632790575618	-11.328482537717292	-11.381811485034257	-11.263841389454305	3.4391359214601267	nan	nan	2.487704654294458	2.4677690646138886	2.505168230854637
-0.20057320173333654	-0.21853728152481	-0.18295238461303776	0.010395931433832495	-8.234283713418056e-05	0.020594785057573395	1.5357066744050845	1.5357066744050845	1.5669790083722102	9.96583359849543	nan	nan	-7.17364201962182	-7.178729539292467	-7.17364201962182	-11.504585853168766	-11.534740011847093	-11.504585853168766	4.227371095465648	nan	nan	1.9418211070552531	1.9379457262232278	1.9599062176047044
0.6550553371054141	0.6499289827911029	0.6550553371054141	0.002481924546091613	-0.0019151309014227014	0.002481924546091613	0.8616871614856847	nan	nan	8.197656139151494	8.00636639997822	9.449390970851878	-6.865491717756029	-6.865491717756029	-6.860652542693822	-11.063227354405456	-11.114687358702193	-11.027128545421176	1.1314938806190027	nan	nan	0.21218036558629622	0.19967797371030085	0.22572462345195785
-0.2698755825777633	-0.2847231213676674	-0.254868392833129	-0.042671677071564496	-0.06920696725274489	-0.019417113676420936	1.4274946764763028	1.4047093084325666	1.4477550169268014	9.994650358595187	nan	nan	-7.657962110282639	-7.6583099877467715	-7.657440745875356	-12.64959101123737	-12.694725967171877	-12.608520340434406	6.266643506833516	5.552051712868387	6.266643506833516	0.19492936162178856	0.12428520356721212	0.24929464847248434
0.6592303851644725	0.6343906866903468	0.6718473748656157	-0.0006244058589536655	-0.012553892364578711	-0.0006244058589536655	1.37570625654832	1.352382609330976	1.37570625654832	8.818936772860006	nan	nan	-8.370245850475069	-8.408809248363136	-8.334824655377881	-12.458161522928355	-12.503389028838159	-12.458161522928355	0.01972728354958833	0.01972728354958833	0.17777292425021776	1.3984965025212333	1.3984965025212333	1.4190269387001426
0.2380317559306236	nan	nan	-0.04990728360760155	nan	nan	5.165096282565237	5.101641817009643	5.165096282565237	8.00639630454874	nan	nan	-7.652772078599817	-7.652772078599817	-7.645364514518705	-13.353086339680882	nan	nan	1.934984591794708	1.6560873278363035	3.392222795977371	1.0382685337821267	nan	nan
0.32788451386837947	0.26557136256919744	0.392020353322565	-0.2579799533080863	-0.5117114225894116	-0.1546078732305094	4.6402801334175905	4.577485315078616	4.707864387053605	9.86071545115492	nan	nan	-7.654623395948309	-7.655428692358597	-7.65411064234575	-13.910575445014727	-14.048386428051858	-13.754940328524842	4.494672792802514	nan	nan	2.756704853284829	2.516447026678139	2.7917328824985193
0.23494200313850203	0.1941435631399009	0.2838407879513709	0.19671329071912091	nan	nan	5.177030757140914	5.149425983279341	5.212335810027031	9.822431740382926	nan	nan	-7.658940529604405	-7.673444414932334	-7.644436644276477	-13.838662750926964	nan	nan	0.019289227933696248	0.019289227933696248	0.6302213366323637	2.978052750717189	2.771494054554462	3.135130719663533
0.03233138521112894	0.017299123419689588	0.04507874321026953	0.0008589181760164655	nan	nan	1.9328697621734758	1.8505255437376016	1.9918689702280457	9.908603027311795	nan	nan	-7.274109614003673	-7.283909281995749	-7.274109614003673	-11.4165639827641	-11.45057450846346	-11.4165639827641	4.50179373870495	nan	nan	2.488408423075396	2.4678267190868772	2.509938592685505
0.6649468956556162	0.6389539627586422	0.6649468956556162	-0.006904647384095932	-0.0221515997437719	-0.006904647384095932	1.3557717710150494	1.204059784191442	1.5466352383092652	9.50700403431464	nan	nan	-7.647751631992844	nan	nan	-11.832686651498832	-11.891460146060288	-11.832686651498832	3.2934669517584814	nan	nan	2.982207182468839	2.9366642249015538	2.982207182468839
0.9801693347474848	0.9537877219818298	0.9801693347474848	-0.004063308534271282	-0.037799314851022836	0.03190757517254894	6.280139002745926	6.258339158338025	6.280139002745926	8.044850432763962	nan	nan	-7.7147297414335725	-7.7147297414335725	-7.713159293740936	-12.402393663313369	-12.43978319273486	-12.402393663313369	5.325175414560654	nan	nan	1.1118671401132192	1.0932090655371225	1.1576891762045156
-0.19528762702827585	-0.2125594848815071	-0.18362756414540848	-0.04527291719609916	nan	nan	1.5536987401730928	nan	nan	8.493888505942369	nan	nan	-7.662235889201733	-7.664578018545868	-7.658348605081954	-12.020136643090101	-12.11529074251324	-11.925692648886539	4.266842222818626	3.5487633303237223	5.285936959501305	1.9594065746074143	1.9230961302383913	1.995970938167829
0.6532744164857958	0.650424764722739	0.6566421867512263	-0.002062221684537213	-0.004921878753920611	-0.002062221684537213	0.8781894547455853	0.8629647279414658	0.8941920872988205	8.417298414535422	nan	nan	-7.924878140036666	-7.926197481005045	-7.923566381487647	-12.51174691368978	-12.544358808226379	-12.51174691368978	2.298267443899669	2.101298834015704	3.020192572090451	0.2105350218779175	0.1996622638994865	0.22136247669810505
0.521151717168407	0.5192607961978497	0.5233852882477231	-0.0005923474544466539	-0.0029331071009302545	0.0018466258834978072	6.282818354553221	6.281140842053695	6.282818354553221	8.006325421788844	nan	nan	-8.470646752440054	-8.474686738922824	-8.467336207961118	-13.0043922789394	-13.035627433999258	-13.0043922789394	5.0978687334989585	4.923378839111338	5.550302913208935	0.6533252229749523	0.6517653498915739	0.6548414632448096
0.6586796925504514	0.6366473759732982	0.6586796925504514	-0.0037629883419648506	-0.013467405737366876	0.02049805514654021	1.3500669830725207	1.3500669830725207	1.3890817183812618	8.493680912216941	nan	nan	-7.066386332782185	-7.073221613031952	-7.060975069251121	-11.165830055278267	-11.216366404564932	-11.165830055278267	1.8652139307182802	nan	nan	2.990199822840335	2.9621806978901515	3.01526040664671
0.4495384774980993	0.42737405382325677	0.46790328568582595	-0.0033663986714074796	-0.013066059837383211	0.019064067774911396	1.02118464150944	1.0021487486723535	1.0381496840797309	9.315897711973788	nan	nan	-7.22463826408264	nan	nan	-11.425928294626008	-11.471364871932316	-11.425928294626008	3.035063405930906	nan	nan	1.727041783150638	1.7141431799648188	1.7418554627919935
0.9975882836695602	0.9765234486867455	0.9975882836695602	-0.014294162507738505	-0.02263146731478627	-0.014294162507738505	3.0775189333007646	nan	nan	8.474606290875201	nan	nan	-7.6664604441964155	-7.6664604441964155	-7.657570005726702	-12.605293926128432	-12.634733157911443	-12.555361660206717	6.266540680194956	5.722531495703326	6.266540680194956	2.8476457813213547	nan	nan
0.6502583446612166	0.6232351698826549	0.6502583446612166	-0.0015975888139597855	-0.010014982622788084	0.008383035273650905	0.868317845967582	nan	nan	9.47857907354754	nan	nan	-6.596099979713069	-6.598895013703109	-6.593304945723028	-11.196006103395915	-11.36414138320455	-11.075654552872518	3.984199535703355	nan	nan	0.21140872608697653	0.21140872608697653	0.23816658816096498
0.65371479735155	nan	nan	0.001249585103546445	-0.027652804119772	0.001249585103546445	0.8628584785178507	nan	nan	8.006447225261349	nan	nan	-7.658405181415065	-7.661968364803781	-7.647580889019931	-12.067201544804872	nan	nan	6.267429531661463	5.90058472078367	6.267429531661463	1.7804579883256544	nan	nan
-0.2001760213905443	-0.21182818460624248	-0.18514641956160033	-0.0145482004698258	-0.01976309472005011	-0.007514157062546434	1.550366760553905	1.5399902477010943	1.5608863977219272	9.994710556403927	nan	nan	-7.905917645482662	-7.9066073423025856	-7.9053018447505865	-12.246434999743151	-12.2922394202517	-12.203360644033124	0.26184949453163137	nan	nan	0.3693298561729875	0.3693298561729875	0.39241620611235634
-0.2103197557396977	nan	nan	0.02012527386883689	nan	nan	1.5356690263411656	1.4154173956934692	1.7426793837984418	8.00632686375791	nan	nan	-7.0837501429213	-7.085228029458583	-7.0824856410712185	-11.481504456708167	-11.552962421967411	-11.481504456708167	0.01687940999929617	nan	nan	0.3348354635708792	0.3348354635708792	0.3619677457733208
0.9954683398520774	0.9518391443268674	0.9954683398520774	-0.010812092024583109	nan	nan	6.280129441423419	nan	nan	9.975450032082843	8.55173166514551	9.994536327743504	-7.6581206987095936	nan	nan	-11.958895565451503	nan	nan	3.113512034921285	nan	nan	1.1113747673629408	1.1113747673629408	1.1492207149951512
0.972477756801553	nan	nan	-0.007576592815115163	-0.007576592815115163	0.010788657551573613	6.281220451680955	6.269630827992898	6.281220451680955	9.277546156584688	nan	nan	-6.784848830401331	-6.784848830401331	-6.779096175875811	-11.401791105239287	-11.450508711171786	-11.401791105239287	0.7108043390022306	nan	nan	1.116181126984265	1.0745225213829692	1.1527669134532998
0.6529606519956044	0.5421447220351616	0.7095081123995834	0.001159803712384	nan	nan	1.34867747992525	nan	nan	8.895211568428415	nan	nan	-7.6478562764997875	nan	nan	-11.78658722614264	-11.844089083128837	-11.78658722614264	1.6719485311619824	nan	nan	1.4245020579617338	1.4060747761979517	1.434477729292503
0.6592616818354742	0.6310610449351791	0.6857268949265204	0.0012924975238143288	-0.020826067066873177	0.02077306817249311	1.3011005118777663	1.3011005118777663	1.3332894274171576	9.44027145885764	nan	nan	-6.52600120865386	-6.527188163514991	-6.524876725101211	-11.47948978669522	-11.529650051950837	-11.423704071130562	0.4102232880752092	nan	nan	1.4594070002565118	1.4328370553690633	1.4594070002565118
0.03310737655741641	nan	nan	0.0016744719411417863	nan	nan	1.9374760386990033	nan	nan	8.188299825312097	nan	nan	-6.765448035813559	nan	nan	-11.006688735094215	-11.064482044540501	-11.006688735094215	5.485590568199557	nan	nan	2.4828135773966302	nan	nan
-0.20117878794808536	-0.2305734379283597	-0.16792297631785974	0.006834924033484922	-0.014590425469349085	0.02597212941465704	1.541123037614797	1.4435306198103213	1.6342424696032343	9.401888414257472	nan	nan	-7.245347594458036	-7.253345887077382	-7.241449949323735	-11.541041075468133	-11.598288746931944	-11.541041075468133	2.0036710315531137	nan	nan	1.9425555604082259	1.9287471296661374	1.9596130336778648
0.45289151494641244	0.4470461344677095	0.45289151494641244	0.00016838940812797555	-0.009365549953472843	0.007865059205253638	1.0208561615246197	1.0124860153703739	1.02988894424941	8.589743980585176	nan	nan	-7.405006085961461	-7.416894790978105	-7.392447594746698	-11.59588719853968	-11.625299475046624	-11.570115055263793	0.019015428612855004	0.019015428612855004	0.19237242729349963	1.7288175374951837	1.7271532078159253	1.7310289651658937
0.982337402726879	0.9499473218657715	0.9961571705609513	0.004091142747621457	-0.023724909065782174	0.030800088021188055	5.245164424987528	5.06211844255198	5.4094684979586845	9.296986369554299	nan	nan	-6.712755084050253	-6.7260506858359035	-6.699416032585564	-11.293459041559611	-11.463569056667389	-11.097759827598015	1.8173471134941033	nan	nan	1.1188072856961704	nan	nan
0.03739234890505516	0.030058521520600456	0.04394525948468368	0.015431220795036449	0.00476119663709107	0.02581859530641384	1.938837398006008	1.938837398006008	1.971461099774527	8.26444438561873	nan	nan	-7.5169666566064155	-7.523475537116277	-7.513225024696554	-11.751166325912429	-11.763045504779287	-11.735741123503226	0.7660904814842782	nan	nan	2.492803461362981	2.4485841878018024	2.528020008570387
0.6513256704118355	0.6459997805744413	0.6565460970841328	0.0005436445847942175	0.0005436445847942175	0.005092797942545995	1.3717692233247154	1.3641099266027494	1.3799812527998128	9.51671818050716	nan	nan	-8.377124571365549	-8.38036507740297	-8.372165343893917	-12.482849806153322	-12.522885563754945	-12.482849806153322	6.2758859209181335	6.177485696989342	6.2758859209181335	1.4013486748752313	1.3840951702803137	1.4172749868090015
0.6622843422748319	0.6378607020039793	0.6622843422748319	0.0004048337291344753	nan	nan	1.3387487612070412	nan	nan	9.344591015074396	nan	nan	-6.775795932081233	-6.779299145061626	-6.775795932081233	-11.790355586729506	nan	nan	2.211614864183065	nan	nan	3.001165436957684	nan	nan
0.9763872311813924	0.9519003878446841	0.996308730845155	-0.016663652033439558	nan	nan	6.279708361758519	6.256581991157068	6.279708361758519	8.95270273481969	nan	nan	-7.64852108776433	-7.651120639398539	-7.64597284307027	-12.5235965250067	-12.595600963523175	-12.5235965250067	4.124020322839693	nan	nan	1.0995357197055595	1.0995357197055595	1.138001999255078
0.03505410839496506	nan	nan	0.006631588547797884	nan	nan	1.9383142563695448	1.8937490886197021	1.9782515028530574	8.006457843034262	nan	nan	-7.706047276716894	-7.7174091892071095	-7.694685364226678	-11.949120094592011	-11.987054817635086	-11.949120094592011	6.149784925536704	nan	nan	0.9188266411296947	0.8589733697811659	0.9784336027195875
