3.179681211055503697e-09	-8.837253337021762116e-15	8.452032178244091672e-15	1.000000000000000000e+00
6.359362422111006567e-09	-9.663833458961810986e-15	1.460603957405185966e-14	1.000000000000000000e+00
9.539043633166510678e-09	-3.776436458796680984e-13	2.322172581054318739e-13	1.000000000000000000e+00
1.271872484422201313e-08	-1.514078115757212640e-14	2.932538741820191998e-13	1.000000000000000000e+00
1.589840605527751724e-08	-6.819852140295311364e-14	2.245857753880811344e-13	1.000000000000000000e+00
1.907808726633302136e-08	5.814121217361232341e-16	1.389511373008926475e-13	1.000000000000000000e+00
2.225776847738852216e-08	3.210239601481349243e-12	7.323453605041182489e-13	1.000000000000000000e+00
2.543744968844402627e-08	-6.056596004184768042e-15	6.992510960342814817e-15	1.000000000000000000e+00
2.861713089949953038e-08	1.094259473156845849e-16	4.391025534195153515e-15	1.000000000000000000e+00
3.179681211055503449e-08	-2.592532173859473134e-15	2.487373913166080733e-15	1.000000000000000000e+00
3.497649332161053860e-08	-3.728544039090269063e-17	1.847379041415260867e-15	1.000000000000000000e+00
3.815617453266604271e-08	-1.140194359049829365e-15	1.516264902168490094e-15	1.000000000000000000e+00
4.133585574372154020e-08	-1.493409511122265308e-15	1.202037807463622768e-15	1.000000000000000000e+00
4.451553695477704431e-08	-1.767880887081410764e-15	9.770582105031203704e-16	1.000000000000000000e+00
4.769521816583254842e-08	-9.926778863873866112e-16	1.036402450570203642e-15	1.000000000000000000e+00
5.087489937688805254e-08	-4.742158706116164783e-16	1.149843227927374442e-15	1.000000000000000000e+00
5.405458058794355665e-08	-3.263304339890778956e-16	6.775630378291499001e-16	1.000000000000000000e+00
5.723426179899906076e-08	-3.724647111744754248e-16	1.031292866646629123e-15	1.000000000000000000e+00
6.041394301005456487e-08	-6.174176102547050610e-16	5.829000767084520879e-16	1.000000000000000000e+00
6.359362422111006898e-08	-8.493358998032058388e-17	5.865191886189425553e-16	1.000000000000000000e+00
