3.179681211055445794e-09	-2.950582321099927979e-15	7.740967434364093415e-15	1.000000000000000000e+00
6.359362422110891589e-09	-1.288576954392248032e-15	1.709023996937502239e-14	1.000000000000000000e+00
9.539043633166336970e-09	3.523813902880421452e-13	2.117651543992394415e-13	1.000000000000000000e+00
1.271872484422178318e-08	5.586533151206023302e-13	3.582747524064601647e-13	1.000000000000000000e+00
1.589840605527722939e-08	-2.799730429290121110e-14	2.123079386975422015e-13	1.000000000000000000e+00
1.907808726633267394e-08	5.463595753878009927e-14	1.057644289976902403e-13	1.000000000000000000e+00
2.225776847738811849e-08	3.208566288407199236e-12	8.304486755764099885e-13	1.000000000000000000e+00
2.543744968844356636e-08	-1.819048023863105700e-15	6.914565278898725646e-15	1.000000000000000000e+00
2.861713089949901091e-08	2.667107604869177380e-15	4.729924784396572760e-15	1.000000000000000000e+00
3.179681211055445877e-08	-1.112931083060041075e-15	2.500206701048138045e-15	1.000000000000000000e+00
3.497649332160990332e-08	-1.202240201118691293e-15	1.573633262771135731e-15	1.000000000000000000e+00
3.815617453266534788e-08	-6.735514383828001449e-16	1.706274280545638555e-15	1.000000000000000000e+00
4.133585574372079243e-08	6.029999697767110888e-16	1.333577636766462797e-15	1.000000000000000000e+00
4.451553695477623699e-08	-9.199876301805726466e-16	1.029749047135699097e-15	1.000000000000000000e+00
4.769521816583168816e-08	6.448246135509227183e-16	1.104887950791539943e-15	1.000000000000000000e+00
5.087489937688713271e-08	-1.045735887331952027e-16	8.168865883001886228e-16	1.000000000000000000e+00
5.405458058794257726e-08	-7.372613440144251182e-16	7.607227909769498533e-16	1.000000000000000000e+00
5.723426179899802182e-08	1.029178211306848687e-15	7.155296393479657160e-16	1.000000000000000000e+00
6.041394301005346637e-08	8.138372964798106836e-16	7.788320076485508010e-16	1.000000000000000000e+00
6.359362422110891754e-08	-3.637567050967987255e-16	5.329030505979424502e-16	1.000000000000000000e+00
